tree
version=v4
num_class=1
num_tree_per_iteration=1
label_index=0
max_feature_idx=14
objective=regression
feature_names=Column_0 Column_1 Column_2 Column_3 Column_4 Column_5 Column_6 Column_7 Column_8 Column_9 Column_10 Column_11 Column_12 Column_13 Column_14
feature_infos=[1995.7175999999999:6988.0407999999998] [-4381.8038999999999:3772.5299999999997] [-992.53369999999995:679.22440000000006] [-400.74499999999989:666.52229999999963] [-158.15577916666643:35.305790972222894] [0:1] [0:1] [0:1] [0:1] [0:1] [0:1] [-1:1] [-1:1] [-1:1] [-1:1]
tree_sizes=766 770 772 777 773 778 776 775 772 775 768 775 773 773 772 772 777 779 778 775 769 771 768 680 777 775 772 766 598 762 590 765 594 768 770 675 766 781 680 773 778 681 773 768 672 757 583 768 762 759 762 749 755 581 765 659 764 758 759 752 751 752 749 749 580 668 749 739 757 735 750 670 653 584 750 736 759 730 751 754 755 589 663 752 759 733 751 754 733 746 750 663 499 757 760 583 755 750 750 753

Tree=0
num_leaves=7
num_cat=0
split_feature=3 1 3 3 4 4
split_gain=3.56053e+07 1.02206e+07 5.75468e+06 5.24971e+06 3.74923e+06 1.91041e+06
threshold=-30.034262500000064 33.638100000000129 -144.99785000000017 45.158262500000099 -36.53851840277752 -78.39448611111105
decision_type=2 2 2 2 2 2
left_child=2 4 -1 -3 -2 -4
right_child=1 3 5 -5 -6 -7
leaf_value=-27.510266483197839 -20.922912856850857 -15.794555929782502 -24.924292600136241 -11.161596308412049 -16.000743212342382 -20.265511785793148
leaf_weight=401 458 881 255 2001 2461 1607
leaf_count=401 458 881 255 2001 2461 1607
internal_value=-16.7638 -14.6886 -22.0818 -12.577 -16.7742 -20.9076
internal_weight=8064 5801 2263 2882 2919 1862
internal_count=8064 5801 2263 2882 2919 1862
is_linear=0
shrinkage=1


Tree=1
num_leaves=7
num_cat=0
split_feature=3 1 3 3 4 4
split_gain=3.21386e+07 9.22492e+06 5.22184e+06 4.75645e+06 3.38436e+06 1.5144e+06
threshold=-30.034262500000064 33.638100000000129 -128.1734749999998 60.929412499999678 -36.53851840277752 -19.732270138889131
decision_type=2 2 2 2 2 2
left_child=2 4 5 -3 -2 -1
right_child=1 3 -4 -5 -6 -7
leaf_value=-13.727380194874849 -3.9516313993025061 1.3027870019995715 -3.7140052520323312 5.5205060654323903 0.72489823251599517 -7.7016368656584424
leaf_weight=146 458 1055 1729 1827 2461 388
leaf_count=146 458 1055 1729 1827 2461 388
internal_value=-0.000119271 1.97141 -5.0526 3.97753 -0.00996554 -9.3717
internal_weight=8064 5801 2263 2882 2919 534
internal_count=8064 5801 2263 2882 2919 534
is_linear=0
shrinkage=0.05


Tree=2
num_leaves=7
num_cat=0
split_feature=3 1 3 3 4 3
split_gain=2.90102e+07 8.33136e+06 4.79033e+06 4.35283e+06 3.31446e+06 2.0448e+06
threshold=-30.034262500000064 15.724350000000415 -165.57943750000001 50.483275000000056 -36.53851840277752 -80.362387499999599
decision_type=2 2 2 2 2 2
left_child=2 4 -1 -3 -2 -4
right_child=1 3 5 -5 -6 -7
leaf_value=-11.068009874235742 -4.1292001676758474 0.97644970700583045 -5.664390152852679 4.9711968703282956 0.61940919944753681 -2.4524759459610976
leaf_weight=268 437 1019 931 2064 2281 1064
leaf_count=268 437 1019 931 2064 2281 1064
internal_value=-0.000246845 1.87287 -4.80053 3.65159 -0.14531 -3.95346
internal_weight=8064 5801 2263 3083 2718 1995
internal_count=8064 5801 2263 3083 2718 1995
is_linear=0
shrinkage=0.05


Tree=3
num_leaves=7
num_cat=0
split_feature=3 1 3 11 3 4
split_gain=2.62166e+07 7.01362e+06 5.78514e+06 3.52038e+06 3.04254e+06 2.99689e+06
threshold=-10.12648749999971 1.0000000180025095e-35 -80.362387499999599 -0.27976242230339682 83.151812500000247 -78.39448611111105
decision_type=2 2 2 2 2 2
left_child=2 3 5 -2 -3 -1
right_child=1 4 -4 -5 -6 -7
leaf_value=-12.020438024387268 -2.0285090011379494 1.8298926314377058 -1.940254713718079 1.9466236342887535 5.0211521660651623 -5.3886187102064733
leaf_weight=206 1122 1322 1596 1104 1721 993
leaf_count=206 1122 1322 1596 1104 1721 993
internal_value=-0.00033837 2.07597 -3.91384 -0.0570258 3.6358 -6.5371
internal_weight=8064 5269 2795 2226 3043 1199
internal_count=8064 5269 2795 2226 3043 1199
is_linear=0
shrinkage=0.05


Tree=4
num_leaves=7
num_cat=0
split_feature=3 1 3 3 4 4
split_gain=2.37362e+07 6.90654e+06 4.13381e+06 3.63004e+06 2.76588e+06 1.72577e+06
threshold=-30.034262500000064 33.638100000000129 -165.57943750000001 45.158262500000099 -78.39448611111105 -78.39448611111105
decision_type=2 2 2 2 2 2
left_child=2 4 -1 -3 -2 -4
right_child=1 3 5 -5 -6 -7
leaf_value=-10.164415216351752 -3.9930888943726153 0.75427663162722336 -7.2687619763106888 4.6067380485840363 0.57540941958828995 -2.9706220449739473
leaf_weight=268 380 881 270 2001 2539 1725
leaf_count=268 380 881 270 2001 2539 1725
internal_value=-0.000399407 1.69392 -4.34247 3.42975 -0.0204887 -3.55568
internal_weight=8064 5801 2263 2882 2919 1995
internal_count=8064 5801 2263 2882 2919 1995
is_linear=0
shrinkage=0.05


Tree=5
num_leaves=7
num_cat=0
split_feature=3 1 3 2 4 3
split_gain=2.15735e+07 6.64624e+06 4.13055e+06 3.1102e+06 3.02453e+06 1.82109e+06
threshold=-47.966737499999219 1.0000000180025095e-35 45.158262500000099 -234.91114999999988 -26.406796180555371 -128.1734749999998
decision_type=2 2 2 2 2 2
left_child=3 4 -3 -1 -2 -5
right_child=1 2 -4 5 -6 -7
leaf_value=-11.027837964370427 -3.9259287212148308 0.51288341204371046 4.1538754667159195 -6.7058925866953336 0.37005745386561145 -3.0313665963203302
leaf_weight=176 499 1195 2238 467 2268 1221
leaf_count=176 499 1195 2238 467 2268 1221
internal_value=-0.000493899 1.41762 2.88699 -4.71561 -0.405818 -4.05132
internal_weight=8064 6200 3433 1864 2767 1688
internal_count=8064 6200 3433 1864 2767 1688
is_linear=0
shrinkage=0.05


Tree=6
num_leaves=7
num_cat=0
split_feature=3 1 3 11 8 2
split_gain=1.96569e+07 5.2418e+06 4.45612e+06 3.26824e+06 2.83445e+06 2.52257e+06
threshold=-10.12648749999971 72.685950000000062 -80.362387499999599 -0.27976242230339682 1.0000000180025095e-35 -216.66479999999976
decision_type=2 2 2 2 2 2
left_child=2 3 5 -2 -3 -1
right_child=1 4 -4 -5 -6 -7
leaf_value=-11.677103104103695 -1.3045355088482917 4.805963001557112 -1.6572281849835915 2.0159899502137448 1.06447665074155 -4.8057666771092524
leaf_weight=153 1437 1552 1596 1528 752 1046
leaf_count=153 1437 1552 1596 1528 752 1046
internal_value=-0.000591069 1.79729 -3.38931 0.406786 3.58578 -5.69159
internal_weight=8064 5269 2795 2965 2304 1199
internal_count=8064 5269 2795 2965 2304 1199
is_linear=0
shrinkage=0.05


Tree=7
num_leaves=7
num_cat=0
split_feature=3 3 1 11 4 8
split_gain=1.79988e+07 5.26408e+06 4.64698e+06 3.06799e+06 2.42816e+06 2.03731e+06
threshold=13.562149999999749 -80.362387499999599 62.423149999999858 -0.27976242230339682 -78.39448611111105 1.0000000180025095e-35
decision_type=2 2 2 2 2 2
left_child=1 4 3 -2 -1 -4
right_child=2 -3 5 -5 -6 -7
leaf_value=-10.34161287288447 -1.1856382082633932 -1.3058288649969838 4.7364370950881902 2.3404014948761986 -4.3747749866201913 1.3617063653232819
leaf_weight=206 1246 2249 1514 1220 993 636
leaf_count=206 1246 2249 1514 1220 993 636
internal_value=-0.000633182 -2.73336 2.04077 0.559035 -5.4077 3.73924
internal_weight=8064 3448 4616 2466 1199 2150
internal_count=8064 3448 4616 2466 1199 2150
is_linear=0
shrinkage=0.05


Tree=8
num_leaves=7
num_cat=0
split_feature=3 2 1 3 11 8
split_gain=1.62461e+07 4.9594e+06 4.19423e+06 3.31136e+06 2.79263e+06 1.83873e+06
threshold=13.562149999999749 -284.9438499999996 62.423149999999858 -115.78308750000018 1.0000000180025095e-35 1.0000000180025095e-35
decision_type=2 2 2 2 2 2
left_child=1 -1 4 -3 -2 -4
right_child=2 3 5 -5 -6 -7
leaf_value=-10.3646215680641 -0.84218218398634481 -5.431352371102987 4.4997716763306403 -1.361707371052665 2.591197683335317 1.2937279096273837
leaf_weight=193 1480 616 1514 2639 986 636
leaf_count=193 1480 616 1514 2639 986 636
internal_value=-0.000655845 -2.59692 1.93881 -2.13331 0.531107 3.55242
internal_weight=8064 3448 4616 3255 2466 2150
internal_count=8064 3448 4616 3255 2466 2150
is_linear=0
shrinkage=0.05


Tree=9
num_leaves=7
num_cat=0
split_feature=3 1 3 4 1 4
split_gain=1.48188e+07 4.72407e+06 3.03832e+06 2.6903e+06 2.64305e+06 2.48715e+06
threshold=-47.966737499999219 1.0000000180025095e-35 83.151812500000247 -26.406796180555371 -202.8299999999999 -78.39448611111105
decision_type=2 2 2 2 2 2
left_child=4 3 -3 -2 5 -1
right_child=1 2 -4 -5 -6 -7
leaf_value=-12.234136076941587 -3.6825855273604393 0.92122725326297683 3.8964640361599252 0.36908072367205452 -2.5919273106750857 -4.7811564225035665
leaf_weight=148 499 1712 1721 2268 1254 462
leaf_count=148 499 1712 1721 2268 1254 462
internal_value=-0.000682668 1.17464 2.41345 -0.362662 -3.90854 -6.60648
internal_weight=8064 6200 3433 2767 1864 610
internal_count=8064 6200 3433 2767 1864 610
is_linear=0
shrinkage=0.05


Tree=10
num_leaves=7
num_cat=0
split_feature=3 2 11 4 3 3
split_gain=1.35047e+07 4.28732e+06 3.73019e+06 6.70406e+06 2.78585e+06 2.45564e+06
threshold=13.562149999999749 -284.9438499999996 -0.2376293295203116 -78.39448611111105 -115.78308750000018 119.39883750000037
decision_type=2 2 2 2 2 2
left_child=1 -1 3 -2 -3 -4
right_child=2 4 5 -5 -6 -7
leaf_value=-9.5900228715434519 -7.2762890252725105 -4.9618631335102155 2.0599177228550607 1.2901847581269603 -1.22910032866438 5.528794843411486
leaf_weight=193 257 616 1626 1989 2639 744
leaf_count=193 257 616 1626 1989 2639 744
internal_value=-0.000760752 -2.36786 1.76752 0.307158 -1.93682 3.15075
internal_weight=8064 3448 4616 2246 3255 2370
internal_count=8064 3448 4616 2246 3255 2370
is_linear=0
shrinkage=0.05


Tree=11
num_leaves=7
num_cat=0
split_feature=3 1 4 3 3 1
split_gain=1.23271e+07 4.19871e+06 3.11114e+06 2.8751e+06 2.34641e+06 1.01741e+06
threshold=-47.966737499999219 -74.437100000000086 -26.406796180555371 83.151812500000247 -165.57943750000001 -162.78059999999979
decision_type=2 2 2 2 2 2
left_child=4 2 -2 -3 -1 -6
right_child=1 3 -4 -5 5 -7
leaf_value=-7.8878718687865375 -4.8022447064103959 0.71847643133349348 0.15948927690893733 3.329481721527467 -4.541468893400336 -1.8983478103067442
leaf_weight=268 394 2219 1578 2009 564 1032
leaf_count=268 394 2219 1578 2009 564 1032
internal_value=-0.000810651 1.07115 -0.833783 1.95963 -3.56502 -2.83464
internal_weight=8064 6200 1972 4228 1864 1596
internal_count=8064 6200 1972 4228 1864 1596
is_linear=0
shrinkage=0.05


Tree=12
num_leaves=7
num_cat=0
split_feature=3 2 11 4 3 3
split_gain=1.12046e+07 3.78573e+06 3.37981e+06 5.82689e+06 2.30613e+06 2.12412e+06
threshold=13.562149999999749 -284.9438499999996 -0.2376293295203116 -78.39448611111105 -67.657549999999887 119.39883750000037
decision_type=2 2 2 2 2 2
left_child=1 -1 3 -2 -3 -4
right_child=2 4 5 -5 -6 -7
leaf_value=-8.9434340685759626 -6.8501509509114333 -3.3152604667177799 1.9119417915248942 1.1362479981227811 -0.61890476006046224 5.1381648248954113
leaf_weight=193 257 1367 1626 1989 1888 744
leaf_count=193 257 1367 1626 1989 1888 744
internal_value=-0.000862611 -2.15698 1.6098 0.219757 -1.75196 2.92647
internal_weight=8064 3448 4616 2246 3255 2370
internal_count=8064 3448 4616 2246 3255 2370
is_linear=0
shrinkage=0.05


Tree=13
num_leaves=7
num_cat=0
split_feature=3 2 11 4 3 3
split_gain=1.02114e+07 4.94372e+06 3.3101e+06 4.54075e+06 2.70652e+06 1.42627e+06
threshold=31.156862499999765 -320.09270000000009 -0.2376293295203116 -78.39448611111105 -80.362387499999599 152.17875000000006
decision_type=2 2 2 2 2 2
left_child=1 -1 3 -2 -3 -4
right_child=2 4 5 -5 -6 -7
leaf_value=-10.420705236736687 -6.1974946066856074 -3.4983325888397001 2.4475439689188017 1.1812500396927768 -0.58050556681877608 5.5757585220521086
leaf_weight=159 234 1130 1540 1848 2675 478
leaf_count=159 234 1130 1540 1848 2675 478
internal_value=-0.000891037 -1.81018 1.7484 0.349362 -1.44773 3.19091
internal_weight=8064 3964 4100 2082 3805 2018
internal_count=8064 3964 4100 2082 3805 2018
is_linear=0
shrinkage=0.05


Tree=14
num_leaves=7
num_cat=0
split_feature=3 1 3 4 4 3
split_gain=9.29152e+06 3.89073e+06 2.23121e+06 2.11101e+06 1.82453e+06 566158
threshold=-60.771387500000166 -18.639650000000071 83.151812500000247 -26.406796180555371 -78.39448611111105 -144.99785000000017
decision_type=2 2 2 2 2 2
left_child=4 3 -3 -2 -1 -6
right_child=1 2 -4 -5 5 -7
leaf_value=-7.2408057702455482 -3.5234798931281563 0.7177698284608065 3.1581639221798885 0.065382853005677866 -4.5064786516106619 -2.087293824298083
leaf_weight=260 502 1959 1795 2210 318 1020
leaf_count=260 502 1959 1795 2210 318 1020
internal_value=-0.000917746 0.842917 1.88519 -0.599981 -3.41372 -2.66519
internal_weight=8064 6466 3754 2712 1598 1338
internal_count=8064 6466 3754 2712 1598 1338
is_linear=0
shrinkage=0.05


Tree=15
num_leaves=7
num_cat=0
split_feature=3 2 11 4 3 3
split_gain=8.51948e+06 4.35235e+06 2.98278e+06 3.95635e+06 2.17333e+06 1.25112e+06
threshold=31.156862499999765 -320.09270000000009 -0.2376293295203116 -78.39448611111105 -67.657549999999887 152.17875000000006
decision_type=2 2 2 2 2 2
left_child=1 -1 3 -2 -3 -4
right_child=2 4 5 -5 -6 -7
leaf_value=-9.7326498996000748 -5.8422018135608518 -2.8896281526704932 2.2699837076773242 1.045360099030483 -0.40755625853424382 5.199766060756617
leaf_weight=159 234 1388 1540 1848 2417 478
leaf_count=159 234 1388 1540 1848 2417 478
internal_value=-0.000955026 -1.65357 1.59685 0.268821 -1.3135 2.96619
internal_weight=8064 3964 4100 2082 3805 2018
internal_count=8064 3964 4100 2082 3805 2018
is_linear=0
shrinkage=0.05


Tree=16
num_leaves=7
num_cat=0
split_feature=3 1 1 11 8 11
split_gain=7.74323e+06 2.80287e+06 2.46954e+06 1.99737e+06 1.95808e+06 1.88373e+06
threshold=-10.12648749999971 84.573049999999981 -202.8299999999999 -0.59116893267988335 1.0000000180025095e-35 -0.36235178784537908
decision_type=2 2 2 2 2 2
left_child=2 5 3 -1 -3 -2
right_child=1 4 -4 -5 -6 -7
leaf_value=-8.8961726012918145 -1.21696659113372 3.5599974281357256 -1.1872031315967246 -3.0553213701285298 0.41599555286575129 1.2728622289622233
leaf_weight=193 1383 1451 1997 605 752 1683
leaf_count=193 1383 1451 1997 605 752 1683
internal_value=-0.000971475 1.12743 -2.12783 -4.47732 2.48746 0.149729
internal_weight=8064 5269 2795 798 2203 3066
internal_count=8064 5269 2795 798 2203 3066
is_linear=0
shrinkage=0.05


Tree=17
num_leaves=7
num_cat=0
split_feature=3 2 1 3 11 8
split_gain=7.14145e+06 4.40676e+06 2.59381e+06 2.1109e+06 1.78142e+06 1.49008e+06
threshold=45.158262500000099 -320.09270000000009 127.64289999999984 -80.362387499999599 1.0000000180025095e-35 1.0000000180025095e-35
decision_type=2 2 2 2 2 2
left_child=1 -1 4 -3 -2 -4
right_child=2 3 5 -5 -6 -7
leaf_value=-9.0803819283340754 -0.44419019767317619 -2.8910144302272673 4.6035400907046071 -0.36110716122794401 2.410662637123469 1.1702684765387914
leaf_weight=177 1489 1130 862 3044 862 500
leaf_count=177 1489 1130 862 3044 862 500
internal_value=-0.000979361 -1.37537 1.60951 -1.04654 0.603129 3.34494
internal_weight=8064 4351 3713 4174 2351 1362
internal_count=8064 4351 3713 4174 2351 1362
is_linear=0
shrinkage=0.05


Tree=18
num_leaves=7
num_cat=0
split_feature=3 2 11 4 1 1
split_gain=6.46009e+06 3.4198e+06 2.40183e+06 3.51296e+06 1.73789e+06 1.67251e+06
threshold=31.156862499999765 -320.09270000000009 -0.72219205899833561 -78.39448611111105 -109.22845000000028 127.64289999999984
decision_type=2 2 2 2 2 2
left_child=1 -1 3 -2 -3 -4
right_child=2 4 5 -5 -6 -7
leaf_value=-8.6014532242715358 -7.5437737439023822 -2.4832392522374782 1.2635114147676167 0.55393975678279328 -0.28949816337050266 3.7800450943907289
leaf_weight=159 151 1472 1769 1126 2333 1054
leaf_count=159 151 1472 1769 1126 2333 1054
internal_value=-0.000958881 -1.44003 1.39039 -0.408735 -1.1386 2.20409
internal_weight=8064 3964 4100 1277 3805 2823
internal_count=8064 3964 4100 1277 3805 2823
is_linear=0
shrinkage=0.05


Tree=19
num_leaves=7
num_cat=0
split_feature=3 1 10 3 3 12
split_gain=6.06076e+06 2.79153e+06 2.57484e+06 1.74259e+06 1.52849e+06 586752
threshold=-60.771387500000166 -74.437100000000086 1.0000000180025095e-35 119.39883750000037 -165.57943750000001 -0.5554380223489348
decision_type=2 2 2 2 2 2
left_child=4 2 -2 -3 -1 -6
right_child=1 3 -4 -5 5 -7
leaf_value=-6.196604757769844 -2.4203936526877765 0.69495091650659224 1.1012268123460776 2.8140757593521766 -0.67205422656158365 -2.8551513186582733
leaf_weight=268 1142 2922 950 1452 485 845
leaf_count=268 1142 2922 950 1452 485 845
internal_value=-0.000993514 0.680524 -0.821425 1.3989 -2.75733 -2.06016
internal_weight=8064 6466 2092 4374 1598 1330
internal_count=8064 6466 2092 4374 1598 1330
is_linear=0
shrinkage=0.05


Tree=20
num_leaves=7
num_cat=0
split_feature=3 1 10 3 4 3
split_gain=5.47091e+06 2.51953e+06 2.32402e+06 1.57282e+06 1.45301e+06 429517
threshold=-60.771387500000166 -74.437100000000086 1.0000000180025095e-35 119.39883750000037 -36.53851840277752 -115.78308750000018
decision_type=2 2 2 2 2 2
left_child=4 2 -2 -3 -1 -6
right_child=1 3 -4 -5 5 -7
leaf_value=-5.9654527226973464 -2.2994798379817412 0.66021526340819614 1.0462233665551046 2.673468858618302 -3.02104449597587 -1.1902305247517406
leaf_weight=269 1142 2922 950 1452 542 787
leaf_count=269 1142 2922 950 1452 542 787
internal_value=-0.000990529 0.646515 -0.780386 1.329 -2.61976 -1.93859
internal_weight=8064 6466 2092 4374 1598 1329
internal_count=8064 6466 2092 4374 1598 1329
is_linear=0
shrinkage=0.05


Tree=21
num_leaves=7
num_cat=0
split_feature=3 2 11 3 1 3
split_gain=4.97937e+06 3.48834e+06 2.1227e+06 2.68347e+06 1.50161e+06 871552
threshold=45.158262500000099 -320.09270000000009 -0.15208718494349127 276.66791250000057 -148.10065000000006 152.17875000000006
decision_type=2 2 2 2 2 2
left_child=1 -1 3 -2 -3 -4
right_child=2 4 5 -5 -6 -7
leaf_value=-8.0038164297181567 -0.65831373670896265 -2.2943021325448991 1.9911035793898737 3.7065801902609836 -0.23079967435992607 4.601841819177479
leaf_weight=177 1631 1264 1197 448 2910 437
leaf_count=177 1631 1264 1197 448 2910 437
internal_value=-0.000991207 -1.14863 1.34379 0.283599 -0.856084 2.69171
internal_weight=8064 4351 3713 2079 4174 1634
internal_count=8064 4351 3713 2079 4174 1634
is_linear=0
shrinkage=0.05


Tree=22
num_leaves=7
num_cat=0
split_feature=1 10 1 3 1 3
split_gain=4.66905e+06 4.16335e+06 6.62727e+06 2.23661e+06 939828 858065
threshold=-109.22845000000028 1.0000000180025095e-35 -361.16749999999996 45.158262500000099 127.64289999999984 26.987787500000199
decision_type=2 2 2 2 2 2
left_child=1 2 -1 -2 -5 -3
right_child=3 5 -4 4 -6 -7
leaf_value=-12.196166927978476 -0.1919511516404574 -1.0580059637480836 -2.1852179038298361 0.92538073995427073 2.7751192431795797 1.714367728223203
leaf_weight=188 2655 478 1326 1387 1362 668
leaf_count=188 2655 478 1326 1387 1362 668
internal_value=-0.000947157 -1.71542 -3.43555 0.843126 1.84251 0.558088
internal_weight=8064 2660 1514 5404 2749 1146
internal_count=8064 2660 1514 5404 2749 1146
is_linear=0
shrinkage=0.05


Tree=23
num_leaves=6
num_cat=0
split_feature=3 2 3 3 12
split_gain=4.3327e+06 2.15384e+06 1.89803e+06 1.24616e+06 509814
threshold=-60.771387500000166 -372.4107000000003 185.41219999999979 -165.57943750000001 -0.5554380223489348
decision_type=2 2 2 2 2
left_child=3 -2 -3 -1 -5
right_child=1 2 -4 4 -6
leaf_value=-5.4366203115886034 -4.405781984499523 0.34412321587080047 2.6468722536505758 -0.40879644174052121 -2.4431077707164768
leaf_weight=268 209 5176 1081 485 845
leaf_count=268 209 5176 1081 485 845
internal_value=-0.000963132 0.575263 0.74232 -2.33145 -1.70214
internal_weight=8064 6466 6257 1598 1330
internal_count=8064 6466 6257 1598 1330
is_linear=0
shrinkage=0.05


Tree=24
num_leaves=7
num_cat=0
split_feature=1 4 11 3 10 11
split_gain=4.06486e+06 3.00443e+06 5.6496e+06 1.75801e+06 1.50024e+06 738500
threshold=-74.437100000000086 -26.406796180555371 -0.51864980417341167 83.151812500000247 1.0000000180025095e-35 -0.1950438958025166
decision_type=2 2 2 2 2 2
left_child=1 2 -1 -2 -3 -5
right_child=3 4 -4 5 -6 -7
leaf_value=-10.351315684795381 0.10907962158338494 -1.6796886773390634 -0.67135493298136972 1.188708343479403 0.84277140953869323 3.1269909044939448
leaf_weight=249 2996 1427 380 1148 1003 861
leaf_count=249 2996 1427 380 1148 1003 861
internal_value=-0.000975129 -1.43662 -4.51367 0.876589 -0.638607 2.02054
internal_weight=8064 3059 629 5005 2430 2009
internal_count=8064 3059 629 5005 2430 2009
is_linear=0
shrinkage=0.05


Tree=25
num_leaves=7
num_cat=0
split_feature=3 1 11 4 8 12
split_gain=3.74738e+06 1.98404e+06 1.4242e+06 1.1256e+06 1.10227e+06 220691
threshold=-80.362387499999599 -18.639650000000071 0.21643961393810304 -78.39448611111105 1.0000000180025095e-35 -0.065387565056497052
decision_type=2 2 2 2 2 2
left_child=3 2 -2 -1 -3 -5
right_child=1 4 -4 5 -6 -7
leaf_value=-5.9349574398375369 -1.3950056068904544 1.6796262338717434 0.8444271845904544 -1.1925488170882435 -0.26662260964263196 -2.6926026621796439
leaf_weight=206 1817 2915 1164 541 969 452
leaf_count=206 1817 2915 1164 541 969 452
internal_value=-0.000972475 0.449578 -0.520578 -2.57887 1.19412 -1.87737
internal_weight=8064 6865 2981 1199 3884 993
internal_count=8064 6865 2981 1199 3884 993
is_linear=0
shrinkage=0.05


Tree=26
num_leaves=7
num_cat=0
split_feature=3 2 1 4 11 3
split_gain=3.46104e+06 1.87844e+06 1.49747e+06 1.3657e+06 2.9167e+06 497520
threshold=-30.034262500000064 -372.4107000000003 127.64289999999984 -78.39448611111105 1.0000000180025095e-35 -115.78308750000018
decision_type=2 2 2 2 2 2
left_child=3 -2 -3 4 -1 -5
right_child=1 2 -4 5 -6 -7
leaf_value=-9.5498845351647734 -4.2174040857469661 0.23889910881828635 1.9760276172179367 -2.4240581237656231 -0.25134748452967343 -0.63825471468986339
leaf_weight=157 191 3759 1851 543 181 1382
leaf_count=157 191 3759 1851 543 181 1382
internal_value=-0.000979377 0.646005 0.812309 -1.65902 -4.58592 -1.14299
internal_weight=8064 5801 5610 2263 338 1925
internal_count=8064 5801 5610 2263 338 1925
is_linear=0
shrinkage=0.05


Tree=27
num_leaves=7
num_cat=0
split_feature=1 10 1 3 3 11
split_gain=3.2331e+06 3.19112e+06 5.37791e+06 1.57233e+06 696888 665320
threshold=-109.22845000000028 1.0000000180025095e-35 -361.16749999999996 119.39883750000037 31.156862499999765 -0.72219205899833561
decision_type=2 2 2 2 2 2
left_child=1 2 -1 -2 -3 -5
right_child=3 4 -4 5 -6 -7
leaf_value=-10.825239717250779 0.17155513588732535 -0.84038058668076998 -1.8074789411528003 0.75245371608652623 1.6444082112913883 2.9114436122970546
leaf_weight=188 3900 499 1326 584 647 920
leaf_count=188 3900 499 1326 584 647 920
internal_value=-0.00102257 -1.4277 -2.93366 0.701362 0.562673 2.07417
internal_weight=8064 2660 1514 5404 1146 1504
internal_count=8064 2660 1514 5404 1146 1504
is_linear=0
shrinkage=0.05


Tree=28
num_leaves=5
num_cat=0
split_feature=2 3 1 1
split_gain=2.95045e+06 2.67592e+06 1.45423e+06 1.04889e+06
threshold=-372.4107000000003 45.158262500000099 127.64289999999984 -162.78059999999979
decision_type=2 2 2 2
left_child=-1 3 -3 -2
right_child=1 2 -4 -5
leaf_value=-5.1894658848530844 -1.9113807320081566 0.4044621903846049 2.4928612068043772 -0.17383216714811198
leaf_weight=264 1218 2229 1331 3022
leaf_count=264 1218 2229 1331 3022
internal_value=-0.001021 0.175231 1.18575 -0.673301
internal_weight=8064 7800 3560 4240
internal_count=8064 7800 3560 4240
is_linear=0
shrinkage=0.05


Tree=29
num_leaves=7
num_cat=0
split_feature=3 3 11 4 3 11
split_gain=2.76496e+06 1.73346e+06 2.65039e+06 923036 260430 214966
threshold=-67.657549999999887 276.66791250000057 1.0000000180025095e-35 -26.406796180555371 -144.99785000000017 -0.6913484944011038
decision_type=2 2 2 2 2 2
left_child=3 2 -2 -1 -5 -3
right_child=1 5 -4 4 -6 -7
leaf_value=-4.6875404662427274 -0.87078010964554453 2.3759922478348017 1.2162635384146578 -2.6147737674555689 -0.94603900680650121 4.4826087195896411
leaf_weight=256 2964 307 3123 317 892 205
leaf_count=256 2964 307 3123 317 892 205
internal_value=-0.000997088 0.435298 0.200024 -1.96522 -1.38538 3.22656
internal_weight=8064 6599 6087 1465 1209 512
internal_count=8064 6599 6087 1465 1209 512
is_linear=0
shrinkage=0.05


Tree=30
num_leaves=5
num_cat=0
split_feature=2 3 1 3
split_gain=2.62521e+06 2.30717e+06 1.23572e+06 828352
threshold=-372.4107000000003 31.156862499999765 127.64289999999984 -128.1734749999998
decision_type=2 2 2 2
left_child=-1 3 -3 -2
right_child=1 2 -4 -5
leaf_value=-4.8950770972359861 -2.5908872215523577 0.34729667820072074 2.18869112836465 -0.41874303648248318
leaf_weight=264 504 2506 1431 3359
leaf_count=264 504 2506 1431 3359
internal_value=-0.000953703 0.1653 1.01698 -0.702737
internal_weight=8064 7800 3937 3863
internal_count=8064 7800 3937 3863
is_linear=0
shrinkage=0.05


Tree=31
num_leaves=7
num_cat=0
split_feature=1 10 1 3 11 11
split_gain=2.45254e+06 2.68961e+06 4.60047e+06 1.21705e+06 571379 566832
threshold=-109.22845000000028 1.0000000180025095e-35 -361.16749999999996 127.0780625 0.27976242230339698 -0.1950438958025166
decision_type=2 2 2 2 2 2
left_child=1 2 -1 4 -2 -5
right_child=3 -3 -4 5 -6 -7
leaf_value=-9.9249248449133844 -0.42747778842430784 0.58372267899302399 -1.5845704948084292 1.1530354109493703 0.76805261222215226 3.2723787403741316
leaf_weight=188 2015 1146 1326 930 1981 478
leaf_count=188 2015 1146 1326 930 1981 478
internal_value=-0.000939304 -1.24352 -2.6261 0.61081 0.165245 1.87434
internal_weight=8064 2660 1514 5404 3996 1408
internal_count=8064 2660 1514 5404 3996 1408
is_linear=0
shrinkage=0.05


Tree=32
num_leaves=5
num_cat=0
split_feature=2 3 3 12
split_gain=2.23338e+06 1.96558e+06 1.07097e+06 607999
threshold=-372.4107000000003 -30.034262500000064 308.07742500000001 0.62577451934763018
decision_type=2 2 2 2
left_child=-1 3 -3 -2
right_child=1 2 -4 -5
leaf_value=-4.5150688445118243 -0.62386080840731917 0.46708399419637497 3.2827166966536705 -2.5240846583236713
leaf_weight=264 1622 5250 360 568
leaf_count=264 1622 5250 360 568
internal_value=-0.00093053 0.152415 0.648319 -1.11763
internal_weight=8064 7800 5610 2190
internal_count=8064 7800 5610 2190
is_linear=0
shrinkage=0.05


Tree=33
num_leaves=7
num_cat=0
split_feature=1 10 1 3 8 12
split_gain=2.13811e+06 2.35592e+06 4.08145e+06 1.04263e+06 546635 545135
threshold=-109.22845000000028 1.0000000180025095e-35 -361.16749999999996 127.0780625 1.0000000180025095e-35 -0.44218343748786698
decision_type=2 2 2 2 2 2
left_child=1 2 -1 4 -2 -5
right_child=3 -3 -4 5 -6 -7
leaf_value=-9.3298415819488518 0.47386424254623627 0.54903418487481903 -1.4740760038782981 3.451364480776979 -0.92378969796504673 1.1729848160093019
leaf_weight=188 3093 1146 1326 349 903 1059
leaf_count=188 3093 1146 1326 349 903 1059
internal_value=-0.000908265 -1.1611 -2.45508 0.570282 0.157876 1.73977
internal_weight=8064 2660 1514 5404 3996 1408
internal_count=8064 2660 1514 5404 3996 1408
is_linear=0
shrinkage=0.05


Tree=34
num_leaves=7
num_cat=0
split_feature=3 11 4 3 12 1
split_gain=1.93889e+06 1.41923e+06 3.65699e+06 1.22014e+06 687852 983124
threshold=-80.362387499999599 -0.6913484944011038 -78.39448611111105 111.70968750000021 -0.19504389580251641 -298.36100000000027
decision_type=2 2 2 2 2 2
left_child=4 2 -2 -3 -1 -6
right_child=1 3 -4 -5 5 -7
leaf_value=-0.63270100201835866 -7.0073674375913759 0.30529655426235724 -0.056533480103157265 2.0981791267263832 -6.4280807901032366 -1.8416198279896936
leaf_weight=588 213 3747 1635 1270 157 454
leaf_count=588 213 3747 1635 1270 157 454
internal_value=-0.000900549 0.323183 -0.861041 0.759473 -1.8552 -3.02872
internal_weight=8064 6865 1848 5017 1199 611
internal_count=8064 6865 1848 5017 1199 611
is_linear=0
shrinkage=0.05


Tree=35
num_leaves=6
num_cat=0
split_feature=3 2 11 11 3
split_gain=1.84761e+06 2.56631e+06 1.19374e+06 572362 664291
threshold=185.41219999999979 -372.4107000000003 0.27976242230339698 0.34202014332566882 308.07742500000001
decision_type=2 2 2 2 2
left_child=1 -1 -3 4 -2
right_child=3 2 -4 -5 -6
leaf_value=-5.979474768319081 0.43622752461611758 -0.76502698066043884 0.57135287130288637 4.7347265650431316 3.1031324282369099
leaf_weight=193 634 3608 3111 149 369
leaf_count=193 634 3608 3111 149 369
internal_value=-0.000939601 -0.309988 -0.14627 1.85201 1.41949
internal_weight=8064 6912 6719 1152 1003
internal_count=8064 6912 6719 1152 1003
is_linear=0
shrinkage=0.05


Tree=36
num_leaves=7
num_cat=0
split_feature=1 10 1 3 11 3
split_gain=1.78713e+06 2.00504e+06 3.42935e+06 883190 496190 449417
threshold=-109.22845000000028 1.0000000180025095e-35 -361.16749999999996 35.596762500000075 -0.72219205899833561 31.156862499999765
decision_type=2 2 2 2 2 2
left_child=1 2 -1 -2 -5 -3
right_child=3 5 -4 4 -6 -7
leaf_value=-8.5570006936946239 -0.17661955989680095 -0.61074413490295409 -1.3560875291146548 0.1036801154397685 1.5273399401806882 1.3847229618855099
leaf_weight=188 2465 499 1326 869 2070 647
leaf_count=188 2465 499 1326 869 2070 647
internal_value=-0.000879602 -1.06158 -2.25531 0.521328 1.10657 0.516067
internal_weight=8064 2660 1514 5404 2939 1146
internal_count=8064 2660 1514 5404 2939 1146
is_linear=0
shrinkage=0.05


Tree=37
num_leaves=7
num_cat=0
split_feature=1 8 1 11 4 2
split_gain=1.63436e+06 1.23177e+06 1.65366e+06 1.13582e+06 3.51634e+06 895104
threshold=-18.639650000000071 1.0000000180025095e-35 189.79850000000036 -0.36235178784537908 -26.406796180555371 -172.28039999999984
decision_type=2 2 2 2 2 2
left_child=3 2 -2 4 -1 -3
right_child=1 5 -4 -5 -6 -7
leaf_value=-6.5050968189853471 0.60994790518950071 -4.0307442498344903 3.477979779901565 -0.057574568233388961 -0.57101142243751946 -0.12831564131540799
leaf_weight=315 2428 172 633 2350 1190 976
leaf_count=315 2428 172 633 2350 1190 976
internal_value=-0.000883261 0.680266 1.20399 -0.744565 -1.81652 -0.715999
internal_weight=8064 4209 3061 3855 1505 1148
internal_count=8064 4209 3061 3855 1505 1148
is_linear=0
shrinkage=0.05


Tree=38
num_leaves=6
num_cat=0
split_feature=3 3 11 12 4
split_gain=1.58652e+06 1.33812e+06 2.00256e+06 569820 229688
threshold=-144.99785000000017 276.66791250000057 1.0000000180025095e-35 -0.32136297141497067 -11.511051041667086
decision_type=2 2 2 2 2
left_child=3 2 -2 -1 -3
right_child=1 4 -4 -5 -6
leaf_value=-1.0278101295392144 -0.89964965166343058 4.1608022874378303 0.77593347404551682 -4.8101897597588881 1.8869341495478975
leaf_weight=186 3385 165 3766 215 347
leaf_count=186 3385 165 3766 215 347
internal_value=-0.000883762 0.159717 -0.0172361 -3.06269 2.62641
internal_weight=8064 7663 7151 401 512
internal_count=8064 7663 7151 401 512
is_linear=0
shrinkage=0.05


Tree=39
num_leaves=7
num_cat=0
split_feature=3 2 11 3 12 3
split_gain=1.48978e+06 1.26727e+06 1.15538e+06 1.45932e+06 572368 432032
threshold=45.158262500000099 -320.09270000000009 -0.15208718494349127 276.66791250000057 0.19504389580251646 152.17875000000006
decision_type=2 2 2 2 2 2
left_child=1 -1 3 -2 -3 -4
right_child=2 4 5 -5 -6 -7
leaf_value=-4.7603833388579027 -0.74178812154956786 0.011312299381787728 1.2361445517763334 2.4770405416876775 -1.1915834341499192 3.0737585790404314
leaf_weight=177 1631 2566 1197 448 1608 437
leaf_count=177 1631 2566 1197 448 1608 437
internal_value=-0.000839044 -0.628577 0.734734 -0.0473111 -0.452268 1.72918
internal_weight=8064 4351 3713 2079 4174 1634
internal_count=8064 4351 3713 2079 4174 1634
is_linear=0
shrinkage=0.05


Tree=40
num_leaves=7
num_cat=0
split_feature=1 10 1 2 1 8
split_gain=1.40916e+06 2.56514e+06 2.16432e+06 822126 1.48299e+06 1.25668e+06
threshold=-162.78059999999979 1.0000000180025095e-35 -361.16749999999996 -34.399049999999981 72.685950000000062 1.0000000180025095e-35
decision_type=2 2 2 2 2 2
left_child=1 2 -1 5 -5 -2
right_child=3 -3 -4 4 -6 -7
leaf_value=-7.7886272199885553 1.75494498634362 0.50257715836245287 -1.8310622318915486 -1.2112513488598085 0.82293696344348621 -1.0601604629944725
leaf_weight=188 1795 1146 794 1601 2032 508
leaf_count=188 1795 1146 794 1601 2032 508
internal_value=-0.000796443 -1.10441 -2.97838 0.394958 -0.0735811 1.13379
internal_weight=8064 2128 982 5936 3633 2303
internal_count=8064 2128 982 5936 3633 2303
is_linear=0
shrinkage=0.05


Tree=41
num_leaves=6
num_cat=0
split_feature=3 3 11 12 11
split_gain=1.31917e+06 1.08984e+06 1.48701e+06 489144 449917
threshold=-144.99785000000017 185.41219999999979 -0.65918890865109969 -0.32136297141497067 0.34202014332566882
decision_type=2 2 2 2 2
left_child=3 2 -2 -1 -3
right_child=1 4 -4 -5 -6
leaf_value=-0.9077190716716057 -1.4984617168113994 1.1791460914047531 0.30444752421634769 -4.4117705208973756 4.1181295457879701
leaf_weight=186 1479 1003 5032 215 149
leaf_count=186 1479 1003 5032 215 149
internal_value=-0.000811251 0.145635 -0.105258 -2.79275 1.56252
internal_weight=8064 7663 6511 401 1152
internal_count=8064 7663 6511 401 1152
is_linear=0
shrinkage=0.05


Tree=42
num_leaves=7
num_cat=0
split_feature=1 8 1 11 4 2
split_gain=1.25767e+06 1.01964e+06 1.39368e+06 917247 2.49896e+06 782260
threshold=-18.639650000000071 1.0000000180025095e-35 189.79850000000036 0.21643961393810304 -26.406796180555371 -123.57999999999946
decision_type=2 2 2 2 2 2
left_child=3 2 -2 4 -1 -5
right_child=1 -3 -4 5 -6 -7
leaf_value=-4.5518938181941699 0.52790625038184458 -0.67360581372539519 3.1608261771229822 1.9499250097246841 -0.4493198666976625 -0.46009676366423569
leaf_weight=468 2428 1148 633 479 1781 1127
leaf_count=468 2428 1148 633 479 1781 1127
internal_value=-0.000778221 0.59674 1.07324 -0.653151 -1.30468 0.259474
internal_weight=8064 4209 3061 3855 2249 1606
internal_count=8064 4209 3061 3855 2249 1606
is_linear=0
shrinkage=0.05


Tree=43
num_leaves=7
num_cat=0
split_feature=12 4 11 0 0 11
split_gain=1.23092e+06 2.36856e+06 5.42015e+06 1.57551e+06 845761 693675
threshold=-0.15208718494349094 -78.39448611111105 -1.0000000180025095e-35 6449.6750000000011 2615.0570500000003 0.34202014332566882
decision_type=2 2 2 2 2 2
left_child=3 2 -2 -1 -3 -5
right_child=1 4 -4 5 -6 -7
leaf_value=1.1606549613071022 -8.6186316031106092 1.8648284021971073 1.2692481293797071 -4.6128222837941406 -0.39793542917147873 -0.67948180945736303
leaf_weight=3000 273 469 280 144 3402 496
leaf_count=3000 273 469 280 144 3402 496
internal_value=-0.000742393 -0.561029 -3.61886 0.680188 -0.123374 -1.5703
internal_weight=8064 4424 553 3640 3871 640
internal_count=8064 4424 553 3640 3871 640
is_linear=0
shrinkage=0.05


Tree=44
num_leaves=6
num_cat=0
split_feature=3 2 11 11 3
split_gain=1.17936e+06 1.51553e+06 755827 381498 476943
threshold=185.41219999999979 -372.4107000000003 0.27976242230339698 0.34202014332566882 308.07742500000001
decision_type=2 2 2 2 2
left_child=1 -1 -3 4 -2
right_child=3 2 -4 -5 -6
leaf_value=-4.6045144414471597 0.29356055934832792 -0.61421962979227207 0.44915571407364702 3.8330463717778525 2.5531493208255318
leaf_weight=193 634 3608 3111 149 369
leaf_count=193 634 3608 3111 149 369
internal_value=-0.000767353 -0.247681 -0.121867 1.47965 1.12657
internal_weight=8064 6912 6719 1152 1003
internal_count=8064 6912 6719 1152 1003
is_linear=0
shrinkage=0.05


Tree=45
num_leaves=7
num_cat=0
split_feature=3 0 12 12 4 11
split_gain=1.13594e+06 907226 1.47701e+06 546618 835481 483349
threshold=-60.771387500000166 6449.6750000000011 -0.36235178784537897 -0.15208718494349094 -26.406796180555371 0.65918890865110003
decision_type=2 2 2 2 2 2
left_child=3 2 -2 -1 -5 -3
right_child=1 5 -4 4 -6 -7
leaf_value=-0.26164659343481594 1.5601158822359054 -3.7516706853056676 -0.099907060469734868 -5.4928023486304411 -1.3420074519664502 -0.30711708756429812
leaf_weight=793 1999 198 4060 148 657 209
leaf_count=793 1999 198 4060 148 657 209
internal_value=-0.000717137 0.29433 0.447939 -1.19401 -2.111 -1.98793
internal_weight=8064 6466 6059 1598 805 407
internal_count=8064 6466 6059 1598 805 407
is_linear=0
shrinkage=0.05


Tree=46
num_leaves=5
num_cat=0
split_feature=3 3 11 2
split_gain=1.07398e+06 932606 1.36729e+06 240285
threshold=-165.57943750000001 276.66791250000057 1.0000000180025095e-35 -115.02305
decision_type=2 2 2 2
left_child=-1 2 -2 -3
right_child=1 3 -4 -5
leaf_value=-3.1069165716550167 -0.76113346862947218 3.7918056108717679 0.61070541615374851 1.4397432302553836
leaf_weight=268 3448 157 3836 355
leaf_count=268 3448 157 3836 355
internal_value=-0.000741393 0.106423 -0.0386922 2.16697
internal_weight=8064 7796 7284 512
internal_count=8064 7796 7284 512
is_linear=0
shrinkage=0.05


Tree=47
num_leaves=7
num_cat=0
split_feature=12 4 11 0 2 3
split_gain=1.04254e+06 1.97011e+06 4.82145e+06 1.29133e+06 798782 566950
threshold=-0.19504389580251641 -78.39448611111105 -1.0000000180025095e-35 6449.6750000000011 -34.399049999999981 104.72972499999993
decision_type=2 2 2 2 2 2
left_child=3 2 -2 5 -3 -1
right_child=1 4 -4 -5 -6 -7
leaf_value=0.6793023579849623 -7.9121344588511349 0.72717112948795648 1.2977957715590795 -1.3983915307155745 -0.710086911229176 2.2804294450931102
leaf_weight=2150 280 1663 287 634 2306 744
leaf_count=2150 280 1663 287 634 2306 744
internal_value=-0.000692084 -0.502028 -3.25624 0.643843 -0.107848 1.09157
internal_weight=8064 4536 567 3528 3969 2894
internal_count=8064 4536 567 3528 3969 2894
is_linear=0
shrinkage=0.05


Tree=48
num_leaves=7
num_cat=0
split_feature=3 11 3 2 12 2
split_gain=1.01257e+06 810330 1.02762e+06 718693 438014 332896
threshold=45.158262500000099 -0.15208718494349127 276.66791250000057 -320.09270000000009 0.19504389580251646 -27.091000000000118
decision_type=2 2 2 2 2 2
left_child=3 2 -2 -1 -5 -3
right_child=1 5 -4 4 -6 -7
leaf_value=-3.6297956151908704 -0.6319642374297153 2.2371814917762745 2.0691271887756137 0.020107591015631046 -1.0321752388919359 0.79982065724147544
leaf_weight=177 1631 725 448 2566 1608 909
leaf_count=177 1631 725 448 2566 1608 909
internal_value=-0.000688699 0.605736 -0.0491959 -0.518212 -0.385426 1.43855
internal_weight=8064 3713 2079 4351 4174 1634
internal_count=8064 3713 2079 4351 4174 1634
is_linear=0
shrinkage=0.05


Tree=49
num_leaves=7
num_cat=0
split_feature=3 12 11 0 11 0
split_gain=929637 806482 1.40093e+06 1.04905e+06 347086 90353.8
threshold=-115.78308750000018 -0.4026508470528945 0.27976242230339698 6449.6750000000011 -0.51864980417341167 3730.2681000000007
decision_type=2 2 2 2 2 2
left_child=4 3 -3 -2 -1 -6
right_child=1 2 -4 -5 5 -7
leaf_value=-3.6865852532918844 1.3288072754906299 -0.96686776883098968 0.7769903502381178 -1.2092702062603482 -0.18285981133154461 -1.6012375241883523
leaf_weight=176 2175 2733 1989 500 174 317
leaf_count=176 2175 2733 1989 500 174 317
internal_value=-0.000655302 0.160643 -0.232311 0.854126 -1.78701 -1.09999
internal_weight=8064 7397 4722 2675 667 491
internal_count=8064 7397 4722 2675 667 491
is_linear=0
shrinkage=0.05


Tree=50
num_leaves=7
num_cat=0
split_feature=3 11 4 12 9 11
split_gain=940161 1.16925e+06 4.37744e+06 927375 380648 282392
threshold=185.41219999999979 -0.65918890865109969 -24.486523263888554 0.75166088996455105 1.0000000180025095e-35 0.15208718494349097
decision_type=2 2 2 2 2 2
left_child=1 2 -1 -3 5 -2
right_child=4 3 -4 -5 -6 -7
leaf_value=-7.5154675810567797 0.57118403030722176 0.54683435347906373 -0.27908146224551855 -0.9155224367843231 3.6020444943935055 2.7946929044806201
leaf_weight=247 823 3824 1329 1512 157 172
leaf_count=247 823 3824 1329 1512 157 172
internal_value=-0.000656889 -0.221114 -1.41726 0.132369 1.32113 0.957969
internal_weight=8064 6912 1576 5336 1152 995
internal_count=8064 6912 1576 5336 1152 995
is_linear=0
shrinkage=0.05


Tree=51
num_leaves=7
num_cat=0
split_feature=3 11 12 1 11 0
split_gain=881089 686654 653145 623523 797541 598792
threshold=45.158262500000099 -0.72219205899833561 0.38268343236509 -202.8299999999999 -0.59116893267988335 4328.5131500000016
decision_type=2 2 2 2 2 2
left_child=3 5 -3 4 -1 -2
right_child=1 2 -4 -5 -6 -7
leaf_value=-3.8130737012709588 0.78999417270068084 1.834702609794125 0.21830032657158155 -0.13675001810481943 -0.72130549200163263 -1.4369331274687791
leaf_weight=280 559 1268 1232 3259 812 654
leaf_count=280 559 1268 1232 3259 812 654
internal_value=-0.000631455 0.565053 1.03855 -0.483387 -1.51683 -0.410869
internal_weight=8064 3713 2500 4351 1092 1213
internal_count=8064 3713 2500 4351 1092 1213
is_linear=0
shrinkage=0.05


Tree=52
num_leaves=7
num_cat=0
split_feature=3 11 4 12 9 0
split_gain=833341 984789 3.87642e+06 810331 334891 273820
threshold=185.41219999999979 -0.65918890865109969 -24.486523263888554 0.75166088996455105 1.0000000180025095e-35 5050.2930000000006
decision_type=2 2 2 2 2 2
left_child=1 2 -1 -3 5 -2
right_child=4 3 -4 -5 -6 -7
leaf_value=-7.0445385404171494 0.38928595682200506 0.50365990006937078 -0.23488041765343648 -0.86330328437364912 3.3832595209532146 2.2423324748987121
leaf_weight=247 720 3824 1329 1512 157 275
leaf_count=247 720 3824 1329 1512 157 275
internal_value=-0.000620127 -0.208175 -1.30592 0.11623 1.24381 0.903172
internal_weight=8064 6912 1576 5336 1152 995
internal_count=8064 6912 1576 5336 1152 995
is_linear=0
shrinkage=0.05


Tree=53
num_leaves=5
num_cat=0
split_feature=3 3 11 0
split_gain=798031 708298 877393 174586
threshold=-165.57943750000001 308.07742500000001 0.065387565056497135 4259.4412500000008
decision_type=2 2 2 2
left_child=-1 2 -2 -3
right_child=1 3 -4 -5
leaf_value=-2.6781545740521087 -0.55826811794330156 3.1009132604034644 0.52959799416282471 0.93977675136291627
leaf_weight=268 3723 220 3689 164
leaf_count=268 3723 220 3689 164
internal_value=-0.000599189 0.0917778 -0.0168318 2.18277
internal_weight=8064 7796 7412 384
internal_count=8064 7796 7412 384
is_linear=0
shrinkage=0.05


Tree=54
num_leaves=7
num_cat=0
split_feature=3 11 4 12 3 12
split_gain=768882 720258 1.45201e+06 584964 418005 301698
threshold=-10.12648749999971 -0.72219205899833561 -78.39448611111105 0.38268343236509 -165.57943750000001 0.19504389580251646
decision_type=2 2 2 2 2 2
left_child=4 2 -2 -3 -1 -6
right_child=1 3 -4 -5 5 -7
leaf_value=-2.5447446429970433 -4.8241430982694791 1.2838189663754094 -0.0027187387212639297 0.030673814004048214 -0.025897231519614396 -1.1412885714658307
leaf_weight=268 176 2084 1326 1683 1519 1008
leaf_count=268 176 2084 1326 1683 1519 1008
internal_value=-0.000560957 0.355016 -0.570513 0.724102 -0.670765 -0.471093
internal_weight=8064 5269 1502 3767 2795 2527
internal_count=8064 5269 1502 3767 2795 2527
is_linear=0
shrinkage=0.05


Tree=55
num_leaves=6
num_cat=0
split_feature=3 2 0 9 0
split_gain=720772 832663 557418 298772 250467
threshold=185.41219999999979 -372.4107000000003 6449.6750000000011 1.0000000180025095e-35 5050.2930000000006
decision_type=2 2 2 2 2
left_child=1 -1 -3 4 -2
right_child=3 2 -4 -5 -6
leaf_value=-3.4230211280055887 0.34359881750794957 0.047263110809693337 -1.5051435376632616 3.1774982271126557 2.1157970704462219
leaf_weight=193 720 6081 638 157 275
leaf_count=193 720 6081 638 157 275
internal_value=-0.000577696 -0.193606 -0.100347 1.15676 0.835035
internal_weight=8064 6912 6719 1152 995
internal_count=8064 6912 6719 1152 995
is_linear=0
shrinkage=0.05


Tree=56
num_leaves=7
num_cat=0
split_feature=12 0 12 0 3 11
split_gain=718516 1.51657e+06 1.51583e+06 1.02134e+06 694556 521728
threshold=-0.15208718494349094 4704.1764500000008 0.065387565056496968 6449.6750000000011 308.07742500000001 0.34202014332566882
decision_type=2 2 2 2 2 2
left_child=3 4 -3 -1 -2 -5
right_child=1 2 -4 5 -6 -7
leaf_value=0.90654860149643213 -0.29841641761989351 -0.64991247910373628 -6.4317597248446408 -3.9307975565976108 2.2392523741599208 -0.51985321349297586
leaf_weight=3000 3672 264 198 144 290 496
leaf_count=3000 3672 264 198 144 290 496
internal_value=-0.000544128 -0.428612 -3.13639 0.519698 -0.112153 -1.29225
internal_weight=8064 4424 462 3640 3962 640
internal_count=8064 4424 462 3640 3962 640
is_linear=0
shrinkage=0.05


Tree=57
num_leaves=7
num_cat=0
split_feature=3 11 3 12 0 2
split_gain=664211 543657 642600 485980 1.01506e+06 407125
threshold=45.158262500000099 -0.27976242230339682 276.66791250000057 0.19504389580251646 3730.2681000000007 -19.713349999999988
decision_type=2 2 2 2 2 2
left_child=3 2 -2 -1 -5 -3
right_child=1 5 -4 4 -6 -7
leaf_value=0.0053524233549523213 -0.58914679715403606 1.9226974661460894 1.6058228032048358 -0.41617794585331869 -3.3251831632448345 0.41463452755803898
leaf_weight=2642 1484 834 429 1322 387 966
leaf_count=2642 1484 834 429 1322 387 966
internal_value=-0.000570769 0.490583 -0.0963319 -0.419722 -1.07648 1.11405
internal_weight=8064 3713 1913 4351 1709 1800
internal_count=8064 3713 1913 4351 1709 1800
is_linear=0
shrinkage=0.05


Tree=58
num_leaves=7
num_cat=0
split_feature=12 4 11 0 2 13
split_gain=625885 1.40248e+06 3.6081e+06 883192 709010 425245
threshold=-0.19504389580251641 -78.39448611111105 -1.0000000180025095e-35 6449.6750000000011 -34.399049999999981 -0.76604444311897835
decision_type=2 2 2 2 2 2
left_child=3 2 -2 -1 -3 -5
right_child=1 4 -4 5 -6 -7
leaf_value=0.869134389138837 -6.740519428295598 0.7302691942975239 1.2264473288475226 -0.36590106337933614 -0.62381637797315093 -3.2237020072389826
leaf_weight=2894 280 1663 287 452 2306 182
leaf_count=2894 280 1663 287 452 2306 182
internal_value=-0.000544596 -0.38899 -2.7128 0.498853 -0.0564172 -1.19006
internal_weight=8064 4536 567 3528 3969 634
internal_count=8064 4536 567 3528 3969 634
is_linear=0
shrinkage=0.05


Tree=59
num_leaves=7
num_cat=0
split_feature=0 12 4 0 12 3
split_gain=620485 877287 1.31506e+06 825582 431140 63629.5
threshold=2615.0570500000003 -0.15208718494349094 -10.190612847222381 6417.1975500000008 0.83127174505093893 83.151812500000247
decision_type=2 2 2 2 2 2
left_child=4 3 -3 -2 -1 -6
right_child=1 2 -4 -5 5 -7
leaf_value=3.5257145841114035 0.83356240933316161 -1.810194001272371 0.079675835025513245 -1.0145283922669781 -0.053620148294749752 1.3433495713513475
leaf_weight=194 2863 1480 2432 765 186 144
leaf_count=194 2863 1480 2432 765 186 144
internal_value=-0.000567756 -0.116278 -0.635585 0.443702 1.66147 0.558183
internal_weight=8064 7540 3912 3628 524 330
internal_count=8064 7540 3912 3628 524 330
is_linear=0
shrinkage=0.05


Tree=60
num_leaves=7
num_cat=0
split_feature=3 11 4 2 9 11
split_gain=594512 710296 1.9221e+06 421607 256370 216561
threshold=185.41219999999979 0.27976242230339698 -26.406796180555371 -142.11400000000023 1.0000000180025095e-35 0.15208718494349097
decision_type=2 2 2 2 2 2
left_child=1 2 -1 -3 5 -2
right_child=4 3 -4 -5 -6 -7
leaf_value=-3.2672396838157307 0.41399311719471321 1.6371941741434011 -0.15375974187612834 0.11283488664657425 2.9223880362661578 2.3609127042265987
leaf_weight=586 823 549 3188 2589 157 172
leaf_count=586 823 549 3188 2589 157 172
internal_value=-0.000521367 -0.17583 -0.637936 0.379962 1.05057 0.752579
internal_weight=8064 6912 3774 3138 1152 995
internal_count=8064 6912 3774 3138 1152 995
is_linear=0
shrinkage=0.05


Tree=61
num_leaves=7
num_cat=0
split_feature=3 0 12 11 11 12
split_gain=573488 536684 799367 315270 302073 124250
threshold=-88.710750000000175 6449.6750000000011 -0.51864980417341189 -0.51864980417341167 0.65918890865110003 0.85470842479866249
decision_type=2 2 2 2 2 2
left_child=3 2 -2 -1 -3 -5
right_child=1 4 -4 5 -6 -7
leaf_value=-2.5757643941803927 1.1581433935588339 -2.6967487483477792 -0.067459180523212967 -0.28925249336753039 -0.16817204351296072 -1.8939850560716682
leaf_weight=264 1860 241 4666 655 231 147
leaf_count=264 1860 241 4666 655 231 147
internal_value=-0.000470334 0.164144 0.281978 -1.08026 -1.46222 -0.585379
internal_weight=8064 6998 6526 1066 472 802
internal_count=8064 6998 6526 1066 472 802
is_linear=0
shrinkage=0.05


Tree=62
num_leaves=7
num_cat=0
split_feature=3 11 4 3 4 3
split_gain=557104 775922 2.13259e+06 649843 253450 66057.1
threshold=276.66791250000057 0.065387565056497135 -26.406796180555371 88.703762499999826 -11.511051041667086 349.16617500000035
decision_type=2 2 2 2 2 2
left_child=1 2 -1 -3 -2 -6
right_child=4 3 -4 -5 5 -7
leaf_value=-3.3604765924483142 3.2016425746145196 0.057869356006001155 -0.099994152031808017 1.6642565365474813 0.11688233634881806 1.4957410018263237
leaf_weight=596 165 3026 3136 794 170 177
leaf_count=596 165 3026 3136 794 170 177
internal_value=-0.000487322 -0.108782 -0.621454 0.392111 1.59396 0.822496
internal_weight=8064 7552 3732 3820 512 347
internal_count=8064 7552 3732 3820 512 347
is_linear=0
shrinkage=0.05


Tree=63
num_leaves=7
num_cat=0
split_feature=0 12 4 0 12 2
split_gain=541253 774845 1.10907e+06 669271 374813 61503.6
threshold=2615.0570500000003 -0.19504389580251641 -10.190612847222381 6417.1975500000008 0.83127174505093893 20.39834999999994
decision_type=2 2 2 2 2 2
left_child=4 3 -3 -2 -1 -6
right_child=1 2 -4 -5 5 -7
leaf_value=3.290062477038457 0.79445366254833361 -1.6461301059690223 0.065452060274860238 -0.88288291932248308 1.1250449585017337 -0.2472309308509304
leaf_weight=194 2761 1522 2500 757 185 145
leaf_count=194 2761 1522 2500 757 185 145
internal_value=-0.000443888 -0.108514 -0.582491 0.433378 1.55186 0.52315
internal_weight=8064 7540 4022 3518 524 330
internal_count=8064 7540 4022 3518 524 330
is_linear=0
shrinkage=0.05


Tree=64
num_leaves=5
num_cat=0
split_feature=3 3 11 0
split_gain=511201 466183 641898 146381
threshold=-165.57943750000001 308.07742500000001 0.065387565056497135 4259.4412500000008
decision_type=2 2 2 2
left_child=-1 2 -2 -3
right_child=1 3 -4 -5
leaf_value=-2.1434179635794632 -0.47769275842930736 2.6102282151647285 0.45279622786208934 0.63365310846856149
leaf_weight=268 3723 220 3689 164
leaf_count=268 3723 220 3689 164
internal_value=-0.000406198 0.0735287 -0.0145838 1.7699
internal_weight=8064 7796 7412 384
internal_count=8064 7796 7412 384
is_linear=0
shrinkage=0.05


Tree=65
num_leaves=6
num_cat=0
split_feature=0 12 0 0 12
split_gain=486423 676631 1.78501e+06 692059 144918
threshold=2565.8291500000005 -0.065387565056497052 4831.9817500000008 6449.6750000000011 0.87651811848133021
decision_type=2 2 2 2 2
left_child=4 3 -3 -2 -1
right_child=1 2 -4 -5 -6
leaf_value=2.9244612009901751 0.68134214677670502 -0.31593422063705479 -5.3508624742482169 -1.1070298766142213 0.94816747498027842
leaf_weight=151 3201 3636 184 650 242
leaf_count=151 3201 3636 184 650 242
internal_value=-0.000379221 -0.0883709 -0.559791 0.379279 1.713
internal_weight=8064 7671 3820 3851 393
internal_count=8064 7671 3820 3851 393
is_linear=0
shrinkage=0.05


Tree=66
num_leaves=7
num_cat=0
split_feature=3 1 2 8 11 4
split_gain=470340 426646 689958 689558 377950 1.14382e+06
threshold=45.158262500000099 127.64289999999984 -115.02305 1.0000000180025095e-35 0.27976242230339698 -36.53851840277752
decision_type=2 2 2 2 2 2
left_child=4 2 -2 -3 5 -1
right_child=1 3 -4 -5 -6 -7
leaf_value=-3.5244366125757964 1.2207559236024437 1.9728089805549986 -0.5980260551207891 -0.36008693245267442 0.11517644689301423 -0.33361625472865059
leaf_weight=330 779 862 1572 500 2165 1856
leaf_count=330 779 862 1572 500 2165 1856
internal_value=-0.000374022 0.412931 0.00488718 1.11675 -0.353089 -0.816696
internal_weight=8064 3713 2351 1362 4351 2186
internal_count=8064 3713 2351 1362 4351 2186
is_linear=0
shrinkage=0.05


Tree=67
num_leaves=7
num_cat=0
split_feature=3 11 4 3 2 2
split_gain=450295 636304 1.77786e+06 529002 242398 193056
threshold=276.66791250000057 0.065387565056497135 -26.406796180555371 88.703762499999826 -115.02305 61.07834999999978
decision_type=2 2 2 2 2 2
left_child=1 2 -1 -3 -2 -6
right_child=4 3 -4 -5 5 -7
leaf_value=-3.0628574859756523 3.0629331575918801 0.05430003610806651 -0.085870067646357642 1.5036565201443697 -0.44982710454199054 1.8769016844741371
leaf_weight=596 157 3026 3136 794 179 176
leaf_count=596 157 3026 3136 794 179 176
internal_value=-0.000364665 -0.0977264 -0.561988 0.355868 1.43311 0.705738
internal_weight=8064 7552 3732 3820 512 355
internal_count=8064 7552 3732 3820 512 355
is_linear=0
shrinkage=0.05


Tree=68
num_leaves=7
num_cat=0
split_feature=12 4 11 2 0 3
split_gain=451946 826882 3.34714e+06 650690 564459 291114
threshold=-0.5554380223489348 -78.39448611111105 -1.0000000180025095e-35 -34.399049999999981 6417.1975500000008 119.39883750000037
decision_type=2 2 2 2 2 2
left_child=4 2 -2 -3 5 -1
right_child=1 3 -4 -5 -6 -7
leaf_value=0.6453309205726544 -5.3700116120538741 0.66536571280832035 1.5715469687837482 -0.50958250058385646 -0.78588593574691701 2.1326157051487278
leaf_weight=1501 343 2014 350 2837 598 421
leaf_count=1501 343 2014 350 2837 598 421
internal_value=-0.000328461 -0.252688 -1.86696 -0.0217402 0.554742 0.972049
internal_weight=8064 5544 693 4851 2520 1922
internal_count=8064 5544 693 4851 2520 1922
is_linear=0
shrinkage=0.05


Tree=69
num_leaves=7
num_cat=0
split_feature=0 8 1 1 12 2
split_gain=426933 698710 1.46332e+06 657444 316319 54860.4
threshold=2615.0570500000003 1.0000000180025095e-35 172.4177 1240.7457000000004 0.83127174505093893 20.39834999999994
decision_type=2 2 2 2 2 2
left_child=4 2 -2 -3 -1 -6
right_child=1 3 -4 -5 5 -7
leaf_value=2.9751092434999276 -0.17298200426796989 -4.1390120583065491 2.2545566264050776 -0.73379846222792344 1.0019961373139454 -0.29378632019235668
leaf_weight=194 5957 176 692 715 185 145
leaf_count=194 5957 176 692 715 185 145
internal_value=-0.000322268 -0.0963034 0.0799671 -1.41032 1.37833 0.43347
internal_weight=8064 7540 6649 891 524 330
internal_count=8064 7540 6649 891 524 330
is_linear=0
shrinkage=0.05


Tree=70
num_leaves=7
num_cat=0
split_feature=12 0 11 0 11 3
split_gain=414545 1.6857e+06 916369 606695 431386 412931
threshold=-0.065387565056497052 4704.1764500000008 -0.75166088996455094 6449.6750000000011 0.34202014332566882 308.07742500000001
decision_type=2 2 2 2 2 2
left_child=3 5 -3 -1 -5 -2
right_child=1 2 -4 4 -6 -7
leaf_value=0.6551742476802378 -0.20502507695483746 -6.5716805407955396 -1.151871988974559 -3.3212406633746241 -0.29856493232501918 1.768802176165831
leaf_weight=3214 3603 156 156 154 496 285
leaf_count=3214 3603 156 156 154 496 285
internal_value=-0.000300629 -0.344116 -3.87411 0.373404 -1.01871 -0.059921
internal_weight=8064 4200 312 3864 650 3888
internal_count=8064 4200 312 3864 650 3888
is_linear=0
shrinkage=0.05


Tree=71
num_leaves=6
num_cat=0
split_feature=3 11 12 2 12
split_gain=395173 398447 657217 343363 248367
threshold=-144.99785000000017 0.27976242230339698 -0.5554380223489348 -142.11400000000023 -0.32136297141497067
decision_type=2 2 2 2 2
left_child=4 2 -2 -3 -1
right_child=1 3 -4 -5 -6
leaf_value=-0.1880930481269398 0.62343093567368568 1.6590707006304084 -0.64769080345556906 0.27434221036547163 -2.6817427581935021
leaf_weight=186 1534 541 3012 2576 215
leaf_count=186 1534 541 3012 2576 215
internal_value=-0.000342163 0.0798108 -0.218721 0.515137 -1.52843
internal_weight=8064 7663 4546 3117 401
internal_count=8064 7663 4546 3117 401
is_linear=0
shrinkage=0.05


Tree=72
num_leaves=6
num_cat=0
split_feature=0 8 1 1 12
split_gain=402370 585853 1.30135e+06 477072 110104
threshold=2565.8291500000005 1.0000000180025095e-35 172.4177 1240.7457000000004 0.89665931010743583
decision_type=2 2 2 2 2
left_child=4 2 -2 -3 -1
right_child=1 3 -4 -5 -6
leaf_value=2.513678620851528 -0.15278354243292319 -3.2012663044387182 2.1195517738852314 -0.60445750081523009 0.82148602982716901
leaf_weight=170 5999 232 703 737 223
leaf_count=170 5999 232 703 737 223
internal_value=-0.000331007 -0.0803599 0.0858516 -1.22885 1.558
internal_weight=8064 7671 6702 969 393
internal_count=8064 7671 6702 969 393
is_linear=0
shrinkage=0.05


Tree=73
num_leaves=5
num_cat=0
split_feature=3 11 4 2
split_gain=384619 474456 889490 417424
threshold=349.16617500000035 0.27976242230339698 -26.406796180555371 -257.38109999999978
decision_type=2 2 2 2
left_child=1 2 -1 -3
right_child=-2 3 -4 -5
leaf_value=-2.0028692425935843 1.9029088829451961 2.9616821700966121 -0.089337722407268838 0.27015819359222054
leaf_weight=722 256 150 3796 3140
leaf_count=722 256 150 3796 3140
internal_value=-0.000305185 -0.0629413 -0.395506 0.393735
internal_weight=8064 7808 4518 3290
internal_count=8064 7808 4518 3290
is_linear=0
shrinkage=0.05


Tree=74
num_leaves=7
num_cat=0
split_feature=3 11 4 2 4 0
split_gain=370467 413178 1.04417e+06 323398 249141 166677
threshold=185.41219999999979 0.27976242230339698 -26.406796180555371 -142.11400000000023 -13.409140277777622 4458.6235000000006
decision_type=2 2 2 2 2 2
left_child=1 2 -1 -3 -2 -6
right_child=4 3 -4 -5 5 -7
leaf_value=-2.4290327273813763 1.8840188700972567 1.386342663930221 -0.13423363873171429 0.051304242639770042 -0.20674627361620224 1.3405321494311435
leaf_weight=586 376 549 3188 2589 514 262
leaf_count=586 376 549 3188 2589 514 262
internal_value=-0.000271059 -0.138659 -0.491103 0.285239 0.829454 0.316713
internal_weight=8064 6912 3774 3138 1152 776
internal_count=8064 6912 3774 3138 1152 776
is_linear=0
shrinkage=0.05


Tree=75
num_leaves=7
num_cat=0
split_feature=0 8 1 1 12 2
split_gain=363098 594423 1.15787e+06 536641 268769 49566.7
threshold=2615.0570500000003 1.0000000180025095e-35 172.4177 1240.7457000000004 0.83127174505093893 20.39834999999994
decision_type=2 2 2 2 2 2
left_child=4 2 -2 -3 -1 -6
right_child=1 3 -4 -5 5 -7
leaf_value=2.7430472111549133 -0.15118256230532534 -3.7660718546496272 2.0081838580157507 -0.68949350028340417 0.94062681225358791 -0.29100436265133833
leaf_weight=194 5957 176 692 715 185 145
leaf_count=194 5957 176 692 715 185 145
internal_value=-0.000245778 -0.088761 0.0738234 -1.30075 1.27117 0.400211
internal_weight=8064 7540 6649 891 524 330
internal_count=8064 7540 6649 891 524 330
is_linear=0
shrinkage=0.05


Tree=76
num_leaves=7
num_cat=0
split_feature=12 4 11 2 0 3
split_gain=356481 640373 2.13085e+06 512125 493492 295066
threshold=-0.36235178784537897 -113.65335972222282 -1.0000000180025095e-35 -34.399049999999981 6417.1975500000008 -15.622074999999766
decision_type=2 2 2 2 2 2
left_child=4 2 -2 -3 5 -1
right_child=1 3 -4 -5 -6 -7
leaf_value=-0.044304763713734374 -5.0815357795751321 0.56540842451366469 1.2261111860785538 -0.521190939657318 -0.7072213758243775 1.1597411887845956
leaf_weight=746 264 1868 270 2582 735 1599
leaf_count=746 264 1868 270 2582 735 1599
internal_value=-0.000228567 -0.261548 -1.89595 -0.0650388 0.422582 0.77685
internal_weight=8064 4984 534 4450 3080 2345
internal_count=8064 4984 534 4450 3080 2345
is_linear=0
shrinkage=0.05


Tree=77
num_leaves=7
num_cat=0
split_feature=0 8 1 12 14 0
split_gain=339529 607540 996304 523579 227771 223709
threshold=2654.2983000000004 1.0000000180025095e-35 172.4177 -0.32136297141497067 0.17364817766693022 2513.8117000000007
decision_type=2 2 2 2 2 2
left_child=4 2 -2 -3 -1 -6
right_child=1 3 -4 -5 5 -7
leaf_value=2.2366369288750136 -0.14553284406692921 -0.23699706934343545 1.8702940563665846 -2.765252701561618 1.31922646200555 -1.0981034553713269
leaf_weight=260 5900 456 683 371 233 161
leaf_count=260 5900 456 683 371 233 161
internal_value=-0.000238236 -0.0966792 0.0638657 -1.37317 1.09094 0.331155
internal_weight=8064 7410 6583 827 654 394
internal_count=8064 7410 6583 827 654 394
is_linear=0
shrinkage=0.05


Tree=78
num_leaves=7
num_cat=0
split_feature=2 1 1 10 8 1
split_gain=346980 513725 426878 880067 592048 281851
threshold=123.91449999999988 210.65774999999988 -162.78059999999979 1.0000000180025095e-35 1.0000000180025095e-35 -361.16749999999996
decision_type=2 2 2 2 2 2
left_child=2 5 3 -1 -4 -2
right_child=1 -3 4 -5 -6 -7
leaf_value=-1.5570017196085661 0.18836792027128851 0.67967808011700126 0.7052381450637476 0.64829941273322689 -0.7202801999713947 -1.6560069758365228
leaf_weight=928 270 509 3683 881 907 886
leaf_count=928 270 509 3683 881 907 886
internal_value=-0.000219004 -0.642974 0.167098 -0.483235 0.423455 -1.22544
internal_weight=8064 1665 6399 1809 4590 1156
internal_count=8064 1665 6399 1809 4590 1156
is_linear=0
shrinkage=0.05


Tree=79
num_leaves=7
num_cat=0
split_feature=12 0 4 0 4 3
split_gain=321998 1.5715e+06 811555 504191 322986 301986
threshold=-0.021809693682668031 4604.6696500000007 -10.190612847222381 6492.3026000000009 3.2585739583328182 104.72972499999993
decision_type=2 2 2 2 2 2
left_child=3 4 -3 5 -2 -1
right_child=1 2 -4 -5 -6 -7
leaf_value=0.26411731659563648 0.32875411536158256 -5.9173070885704071 -0.98822029970586311 -1.1300211371789597 -0.63777022799180116 1.3346681265919376
leaf_weight=2571 2405 176 159 520 1348 885
leaf_count=2571 2405 176 159 520 1348 885
internal_value=-0.000218667 -0.311775 -3.58773 0.320112 -0.0184789 0.538567
internal_weight=8064 4088 335 3976 3753 3456
internal_count=8064 4088 335 3976 3753 3456
is_linear=0
shrinkage=0.05


Tree=80
num_leaves=7
num_cat=0
split_feature=2 1 8 11 1 10
split_gain=321208 541788 598148 569539 488358 590978
threshold=40.446599999999997 -162.78059999999979 1.0000000180025095e-35 -0.10884096748385481 84.573049999999981 1.0000000180025095e-35
decision_type=2 2 2 2 2 2
left_child=1 3 -3 -1 5 -2
right_child=4 2 -4 -5 -6 -7
leaf_value=-1.4390794820822685 -1.5671344796742002 0.936960193955377 -0.69312166864393465 0.47566755217867301 0.27190971495771343 0.56173177607706748
leaf_weight=813 1199 2716 709 742 1438 447
leaf_count=813 1199 2716 709 742 1438 447
internal_value=-0.00024956 0.248066 0.599418 -0.5257 -0.401176 -0.989014
internal_weight=8064 4980 3425 1555 3084 1646
internal_count=8064 4980 3425 1555 3084 1646
is_linear=0
shrinkage=0.05


Tree=81
num_leaves=5
num_cat=0
split_feature=3 12 0 0
split_gain=317860 390358 1.52572e+06 444538
threshold=349.16617500000035 -0.021809693682668031 4604.6696500000007 6449.6750000000011
decision_type=2 2 2 2
left_child=1 3 -3 -1
right_child=-2 2 -4 -5
leaf_value=0.5311176698665403 1.7299299627890381 -0.11510538354661362 -3.7142238041693547 -0.90029857473820452
leaf_weight=3277 256 3562 320 649
leaf_count=3277 256 3562 320 649
internal_value=-0.000246085 -0.0571874 -0.412667 0.294324
internal_weight=8064 7808 3882 3926
internal_count=8064 7808 3882 3926
is_linear=0
shrinkage=0.05


Tree=82
num_leaves=6
num_cat=0
split_feature=0 8 1 2 12
split_gain=310918 431504 870037 383932 79916.3
threshold=2565.8291500000005 1.0000000180025095e-35 189.79850000000036 -172.28039999999984 0.89665931010743583
decision_type=2 2 2 2 2
left_child=4 2 -2 -3 -1
right_child=1 3 -4 -5 -6
leaf_value=2.1839104891781917 -0.10424800422971953 -3.3465101691809567 1.9125052415826216 -0.62326139143988435 0.74183369055057746
leaf_weight=170 6117 153 585 816 223
leaf_count=170 6117 153 585 816 223
internal_value=-0.000249089 -0.0705981 0.0720482 -1.05625 1.36959
internal_weight=8064 7671 6702 969 393
internal_count=8064 7671 6702 969 393
is_linear=0
shrinkage=0.05


Tree=83
num_leaves=7
num_cat=0
split_feature=2 1 1 10 8 1
split_gain=310824 413432 322914 743788 478071 234618
threshold=123.91449999999988 210.65774999999988 -162.78059999999979 1.0000000180025095e-35 1.0000000180025095e-35 -361.16749999999996
decision_type=2 2 2 2 2 2
left_child=2 5 3 -1 -4 -2
right_child=1 -3 4 -5 -6 -7
leaf_value=-1.3946455637568487 0.15886566995529672 0.57800250474144432 0.63430264614284582 0.63271466616515815 -0.6466733570056783 -1.5239281437152907
leaf_weight=928 270 509 3683 881 907 886
leaf_count=928 270 509 3683 881 907 886
internal_value=-0.000231896 -0.608578 0.158128 -0.407498 0.381092 -1.13109
internal_weight=8064 1665 6399 1809 4590 1156
internal_count=8064 1665 6399 1809 4590 1156
is_linear=0
shrinkage=0.05


Tree=84
num_leaves=7
num_cat=0
split_feature=2 1 11 8 1 10
split_gain=294454 444470 585015 456300 407719 510760
threshold=40.446599999999997 -182.15905000000018 0.065387565056497135 1.0000000180025095e-35 84.573049999999981 1.0000000180025095e-35
decision_type=2 2 2 2 2 2
left_child=1 2 -1 -3 5 -2
right_child=4 3 -4 -5 -6 -7
leaf_value=-1.3506240557102371 -1.4586645102441933 0.82421368656987137 0.68775593177322925 -0.5938356451963035 0.23092244931647476 0.52045263435741496
leaf_weight=843 1199 2825 603 709 1438 447
leaf_count=843 1199 2825 603 709 1438 447
internal_value=-0.000229979 0.237519 -0.500706 0.539634 -0.384096 -0.921211
internal_weight=8064 4980 1446 3534 3084 1646
internal_count=8064 4980 1446 3534 3084 1646
is_linear=0
shrinkage=0.05


Tree=85
num_leaves=7
num_cat=0
split_feature=0 8 1 12 1 14
split_gain=289165 469482 730207 449517 198847 157398
threshold=2654.2983000000004 1.0000000180025095e-35 172.4177 -0.32136297141497067 1017.5231000000002 0.42261826174069944
decision_type=2 2 2 2 2 2
left_child=4 2 -2 -3 5 -1
right_child=1 3 -4 -5 -6 -7
leaf_value=1.570396495686502 -0.12736304236858151 -0.15873920032285824 1.5983965261202111 -2.5012073213214516 2.4499272695609502 -0.26956294828153154
leaf_weight=195 5900 456 683 371 174 285
leaf_count=195 5900 456 683 371 174 285
internal_value=-0.000225548 -0.0892267 0.0519037 -1.21134 1.00678 0.479631
internal_weight=8064 7410 6583 827 654 480
internal_count=8064 7410 6583 827 654 480
is_linear=0
shrinkage=0.05


Tree=86
num_leaves=7
num_cat=0
split_feature=4 4 4 1 0 2
split_gain=282443 770843 1.37408e+06 567357 417446 380130
threshold=3.2585739583328182 -7.3467833333327226 -11.511051041667086 107.68290000000003 6261.0643000000009 -83.003900000000371
decision_type=2 2 2 2 2 2
left_child=1 2 -1 5 -3 -2
right_child=3 4 -4 -5 -6 -7
leaf_value=0.23530476850815343 0.15907356641017817 1.4681113876595759 -2.4378936818608796 0.60272879894562337 -0.4810653737352471 -1.3586465675534605
leaf_weight=2880 597 1386 576 950 342 1333
leaf_count=2880 597 1386 576 950 342 1333
internal_value=-0.000198386 0.22035 -0.210805 -0.397124 1.08228 -0.889336
internal_weight=8064 5184 3456 2880 1728 1930
internal_count=8064 5184 3456 2880 1728 1930
is_linear=0
shrinkage=0.05


Tree=87
num_leaves=7
num_cat=0
split_feature=12 11 4 4 0 4
split_gain=286844 501685 1.90264e+06 374399 360071 262374
threshold=-0.5554380223489348 0.27976242230339698 -78.39448611111105 1.925439236111288 6417.1975500000008 -113.65335972222282
decision_type=2 2 2 2 2 2
left_child=4 2 -2 -3 5 -1
right_child=1 3 -4 -5 -6 -7
leaf_value=2.4996091121374961 -3.8717311458505748 0.86171507520037116 -0.15188282258018093 -0.40509471035966976 -0.62873517798760503 0.57705457553025752
leaf_weight=197 392 1419 2744 989 598 1725
leaf_count=197 392 1419 2744 989 598 1725
internal_value=-0.000199704 -0.201247 -0.61795 0.341466 0.44201 0.775309
internal_weight=8064 5544 3136 2408 2520 1922
internal_count=8064 5544 3136 2408 2520 1922
is_linear=0
shrinkage=0.05


Tree=88
num_leaves=7
num_cat=0
split_feature=3 11 12 2 2 2
split_gain=287994 372445 666693 353273 238472 171591
threshold=276.66791250000057 0.27976242230339698 -0.5554380223489348 -257.38109999999978 -115.02305 61.07834999999978
decision_type=2 2 2 2 2 2
left_child=1 2 -1 -3 -2 -6
right_child=4 3 -4 -5 5 -7
leaf_value=0.43055338065187104 2.762349796488504 2.6935049965778988 -0.8627292444317427 0.20934462033316131 -0.66273431726627885 1.5301715485793723
leaf_weight=1579 157 149 2698 3126 179 176
leaf_count=1579 157 149 2698 3126 179 176
internal_value=-0.000196659 -0.0780598 -0.385281 0.323152 1.1462 0.425697
internal_weight=8064 7552 4277 3275 512 355
internal_count=8064 7552 4277 3275 512 355
is_linear=0
shrinkage=0.05


Tree=89
num_leaves=7
num_cat=0
split_feature=2 1 11 8 1 10
split_gain=283918 381631 489430 393778 324070 339308
threshold=40.446599999999997 -182.15905000000018 0.065387565056497135 1.0000000180025095e-35 172.4177 1.0000000180025095e-35
decision_type=2 2 2 2 2 2
left_child=1 2 -1 -3 5 -2
right_child=4 3 -4 -5 -6 -7
leaf_value=-1.2281427283140156 -1.0520592731358909 0.77761499668588185 0.63628742084869294 -0.53971598304703206 0.37930419075040933 0.4982634341743376
leaf_weight=843 1667 2825 603 709 970 447
leaf_count=843 1667 2825 603 709 970 447
internal_value=-0.000149003 0.233308 -0.45075 0.513251 -0.377085 -0.724167
internal_weight=8064 4980 1446 3534 3084 2114
internal_count=8064 4980 1446 3534 3084 2114
is_linear=0
shrinkage=0.05


Tree=90
num_leaves=7
num_cat=0
split_feature=2 1 11 12 0 0
split_gain=271315 343243 289312 263860 983175 395307
threshold=175.55750000000037 269.92405000000014 0.065387565056497135 0.19504389580251646 4604.6696500000007 6417.1975500000008
decision_type=2 2 2 2 2 2
left_child=3 2 -2 5 -5 -1
right_child=1 -3 -4 4 -6 -7
leaf_value=0.60985195115140156 -2.2689606123686774 0.79877835118951912 -0.32073108454805399 -0.012141053584466717 -3.7997627790812611 -0.72030271179504268
leaf_weight=3263 381 262 381 2923 181 673
leaf_count=3263 381 262 381 2923 181 673
internal_value=-0.000144829 -0.760179 -1.29654 0.110498 -0.234157 0.382289
internal_weight=8064 1024 762 7040 3104 3936
internal_count=8064 1024 762 7040 3104 3936
is_linear=0
shrinkage=0.05


Tree=91
num_leaves=6
num_cat=0
split_feature=0 8 1 1 12
split_gain=270307 355512 651469 335523 58540.6
threshold=2565.8291500000005 1.0000000180025095e-35 210.65774999999988 1240.7457000000004 0.89665931010743583
decision_type=2 2 2 2 2
left_child=4 2 -2 -3 -1
right_child=1 3 -4 -5 -6
leaf_value=1.9743732680702768 -0.071170284425852035 -2.6144891643984636 1.8649754208722003 -0.43691341885262069 0.7390646864460515
leaf_weight=170 6236 232 466 737 223
leaf_count=170 6236 232 466 737 223
internal_value=-0.000173007 -0.0657669 0.0637109 -0.960431 1.27708
internal_weight=8064 7671 6702 969 393
internal_count=8064 7671 6702 969 393
is_linear=0
shrinkage=0.05


Tree=92
num_leaves=4
num_cat=0
split_feature=4 0 12
split_gain=264763 370828 350659
threshold=34.257553125000875 2513.8117000000007 0.19504389580251646
decision_type=2 2 2
left_child=1 -1 -3
right_child=-2 2 -4
leaf_value=1.9575694708611633 -2.1174211846035105 0.26566410515829547 -0.41871345643654911
leaf_weight=243 144 4446 3231
leaf_count=243 144 4446 3231
internal_value=-0.00015533 0.0386029 -0.0223852
internal_weight=8064 7920 7677
internal_count=8064 7920 7677
is_linear=0
shrinkage=0.05


Tree=93
num_leaves=7
num_cat=0
split_feature=0 12 11 0 0 10
split_gain=268452 2.07492e+06 400888 531842 328228 280503
threshold=3580.8898500000005 0.85470842479866249 -0.72219205899833561 2732.1800000000007 3922.9150000000004 1.0000000180025095e-35
decision_type=2 2 2 2 2 2
left_child=2 4 3 -1 -2 -4
right_child=1 -3 5 -5 -6 -7
leaf_value=1.2444528373291619 -0.83344040381826923 -5.0520051723914534 0.47560765306349789 -2.0610504028192316 0.19501022053095607 2.3468125497515908
leaf_weight=189 968 212 2248 338 3890 219
leaf_count=189 968 212 2248 338 3890 219
internal_value=-0.000149505 -0.221829 0.375189 -0.875474 -0.0100471 0.642601
internal_weight=8064 5070 2994 527 4858 2467
internal_count=8064 5070 2994 527 4858 2467
is_linear=0
shrinkage=0.05


Tree=94
num_leaves=7
num_cat=0
split_feature=2 1 4 8 1 10
split_gain=265659 467186 654475 480065 321098 384765
threshold=-12.207800000000132 -229.90140000000017 -26.406796180555371 1.0000000180025095e-35 118.49644999999965 1.0000000180025095e-35
decision_type=2 2 2 2 2 2
left_child=1 2 -1 -3 5 -2
right_child=4 3 -4 -5 -6 -7
leaf_value=-2.5513065652126987 -0.96065814221835688 0.93825819629867135 0.18965662179936968 -0.69014232774328088 0.28123246676527897 0.50384632366711013
leaf_weight=306 1969 2328 749 561 1571 580
leaf_count=306 1969 2328 749 561 1571 580
internal_value=-0.000164871 0.293114 -0.607016 0.621918 -0.280918 -0.627358
internal_weight=8064 3944 1055 2889 4120 2549
internal_count=8064 3944 1055 2889 4120 2549
is_linear=0
shrinkage=0.05


Tree=95
num_leaves=5
num_cat=0
split_feature=3 11 12 2
split_gain=253528 286206 495330 329111
threshold=349.16617500000035 0.27976242230339698 -0.36235178784537897 -257.38109999999978
decision_type=2 2 2 2
left_child=1 2 -1 -3
right_child=-2 3 -4 -5
leaf_value=0.31159378220788403 1.545029608777938 2.583818256571297 -0.7505638271041446 0.19395405411750224
leaf_weight=1877 256 150 2641 3140
leaf_count=1877 256 150 2641 3140
internal_value=-0.000170819 -0.0510245 -0.30932 0.303666
internal_weight=8064 7808 4518 3290
internal_count=8064 7808 4518 3290
is_linear=0
shrinkage=0.05


Tree=96
num_leaves=7
num_cat=0
split_feature=4 4 4 1 2 0
split_gain=254780 690660 3.02203e+06 478761 296214 287990
threshold=3.2585739583328182 -10.190612847222381 -11.511051041667086 107.68290000000003 -83.003900000000371 6261.0643000000009
decision_type=2 2 2 2 2 2
left_child=1 2 -1 4 -2 -3
right_child=3 5 -4 -5 -6 -7
leaf_value=0.23798033891530845 0.096274917375258978 1.2278736837461066 -5.1252961163122244 0.54135766734695212 -1.2435541551820224 -0.27559423028897279
leaf_weight=2880 597 1620 288 950 1333 396
leaf_count=2880 597 1620 288 950 1333 396
internal_value=-0.000138201 0.209331 -0.251054 -0.377125 -0.829274 0.932559
internal_weight=8064 5184 3168 2880 1930 2016
internal_count=8064 5184 3168 2880 1930 2016
is_linear=0
shrinkage=0.05


Tree=97
num_leaves=7
num_cat=0
split_feature=0 12 0 11 0 0
split_gain=250032 1.43878e+06 725723 326383 517008 357564
threshold=3489.9146500000006 0.85470842479866249 3601.0430500000007 -0.90630778703664994 2732.1800000000007 3076.4860500000004
decision_type=2 2 2 2 2 2
left_child=3 -2 -3 4 -1 -5
right_child=1 2 -4 5 -6 -7
leaf_value=1.0583139846114074 0.037268421300851923 -1.2000635798282036 -5.5030098656813307 -0.019705983226100791 -3.0269545150127137 1.265353651677066
leaf_weight=146 5191 226 173 1062 163 1103
leaf_count=146 5191 226 173 1062 163 1103
internal_value=-0.000159444 -0.185377 -3.07485 0.418244 -1.09951 0.635274
internal_weight=8064 5590 399 2474 309 2165
internal_count=8064 5590 399 2474 309 2165
is_linear=0
shrinkage=0.05


Tree=98
num_leaves=7
num_cat=0
split_feature=2 3 2 1 4 12
split_gain=247843 259440 261222 249709 223157 190054
threshold=123.91449999999988 104.72972499999993 -151.61795000000004 210.65774999999988 -36.53851840277752 0.89665931010743583
decision_type=2 2 2 2 2 2
left_child=1 4 -3 5 -1 -2
right_child=3 2 -4 -5 -6 -7
leaf_value=-0.87497867914536498 -0.68731031980429291 1.6027044856338764 0.27178080041751718 0.37884282555358084 0.089524542552155362 -2.5215545321594588
leaf_weight=709 992 511 1319 509 3860 164
leaf_count=709 992 511 1319 509 3860 164
internal_value=-0.000197279 0.141212 0.644094 -0.543425 -0.0603021 -0.949486
internal_weight=8064 6399 1830 1665 4569 1156
internal_count=8064 6399 1830 1665 4569 1156
is_linear=0
shrinkage=0.05


Tree=99
num_leaves=7
num_cat=0
split_feature=4 4 4 1 0 0
split_gain=235581 606829 2.73181e+06 441372 257040 237885
threshold=3.2585739583328182 -10.190612847222381 -11.511051041667086 -74.437100000000086 6261.0643000000009 3580.8898500000005
decision_type=2 2 2 2 2 2
left_child=1 2 -1 5 -3 -2
right_child=3 4 -4 -5 -6 -7
leaf_value=0.23463825663430141 0.18772470956762968 1.1581356003694352 -4.8646048456842932 0.091949590905290896 -0.26224573638562293 -1.6275864778805165
leaf_weight=2880 235 1620 288 1871 396 774
leaf_count=2880 235 1620 288 1871 396 774
internal_value=-0.000198213 0.201224 -0.230318 -0.362703 0.87914 -1.20503
internal_weight=8064 5184 3168 2880 2016 1009
internal_count=8064 5184 3168 2880 2016 1009
is_linear=0
shrinkage=0.05


end of trees

feature_importances:
Column_3=134
Column_1=80
Column_11=76
Column_4=65
Column_0=56
Column_2=56
Column_12=54
Column_8=24
Column_10=16
Column_9=4
Column_14=2
Column_13=1

parameters:
[boosting: gbdt]
[objective: regression]
[metric: l2]
[tree_learner: serial]
[device_type: cpu]
[data_sample_strategy: bagging]
[data: ]
[valid: ]
[num_iterations: 100]
[learning_rate: 0.05]
[num_leaves: 7]
[num_threads: 1]
[seed: 20250911]
[deterministic: 1]
[force_col_wise: 1]
[force_row_wise: 0]
[histogram_pool_size: -1]
[max_depth: 3]
[min_data_in_leaf: 144]
[min_sum_hessian_in_leaf: 0.001]
[bagging_fraction: 1]
[pos_bagging_fraction: 1]
[neg_bagging_fraction: 1]
[bagging_freq: 0]
[bagging_seed: 20250911]
[bagging_by_query: 0]
[feature_fraction: 1]
[feature_fraction_bynode: 1]
[feature_fraction_seed: 20250911]
[extra_trees: 0]
[extra_seed: 26685]
[early_stopping_round: 0]
[early_stopping_min_delta: 0]
[first_metric_only: 0]
[max_delta_step: 0]
[lambda_l1: 0]
[lambda_l2: 1]
[linear_lambda: 0]
[min_gain_to_split: 0]
[drop_rate: 0.1]
[max_drop: 50]
[skip_drop: 0.5]
[xgboost_dart_mode: 0]
[uniform_drop: 0]
[drop_seed: 2504]
[top_rate: 0.2]
[other_rate: 0.1]
[min_data_per_group: 100]
[max_cat_threshold: 32]
[cat_l2: 10]
[cat_smooth: 10]
[max_cat_to_onehot: 4]
[top_k: 20]
[monotone_constraints: ]
[monotone_constraints_method: basic]
[monotone_penalty: 0]
[feature_contri: ]
[forcedsplits_filename: ]
[refit_decay_rate: 0.9]
[cegb_tradeoff: 1]
[cegb_penalty_split: 0]
[cegb_penalty_feature_lazy: ]
[cegb_penalty_feature_coupled: ]
[path_smooth: 0]
[interaction_constraints: ]
[verbosity: -1]
[saved_feature_importance_type: 0]
[use_quantized_grad: 0]
[num_grad_quant_bins: 4]
[quant_train_renew_leaf: 0]
[stochastic_rounding: 1]
[linear_tree: 0]
[max_bin: 63]
[max_bin_by_feature: ]
[min_data_in_bin: 3]
[bin_construct_sample_cnt: 200000]
[data_random_seed: 20250911]
[is_enable_sparse: 1]
[enable_bundle: 1]
[use_missing: 1]
[zero_as_missing: 0]
[feature_pre_filter: 0]
[pre_partition: 0]
[two_round: 0]
[header: 0]
[label_column: ]
[weight_column: ]
[group_column: ]
[ignore_column: ]
[categorical_feature: ]
[forcedbins_filename: ]
[precise_float_parser: 0]
[parser_config_file: ]
[objective_seed: 19683]
[num_class: 1]
[is_unbalance: 0]
[scale_pos_weight: 1]
[sigmoid: 1]
[boost_from_average: 1]
[reg_sqrt: 0]
[alpha: 0.9]
[fair_c: 1]
[poisson_max_delta_step: 0.7]
[tweedie_variance_power: 1.5]
[lambdarank_truncation_level: 30]
[lambdarank_norm: 1]
[label_gain: ]
[lambdarank_position_bias_regularization: 0]
[eval_at: ]
[multi_error_top_k: 1]
[auc_mu_weights: ]
[num_machines: 1]
[local_listen_port: 12400]
[time_out: 120]
[machine_list_filename: ]
[machines: ]
[gpu_platform_id: -1]
[gpu_device_id: -1]
[gpu_device_id_list: ]
[gpu_use_dp: 0]
[num_gpu: 1]

end of parameters

pandas_categorical:null
