tree
version=v4
num_class=1
num_tree_per_iteration=1
label_index=0
max_feature_idx=14
objective=regression
feature_names=Column_0 Column_1 Column_2 Column_3 Column_4 Column_5 Column_6 Column_7 Column_8 Column_9 Column_10 Column_11 Column_12 Column_13 Column_14
feature_infos=[2055.4315000000001:7546.7527] [-4087.7071000000001:3951.0089000000003] [-745.96199999999953:553.97000000000025] [-303.35249999999905:569.23662499999955] [-204.93800347222259:31.102710416666923] [0:1] [0:1] [0:1] [0:1] [0:1] [0:1] [-1:1] [-1:1] [-1:1] [-1:1]
tree_sizes=770 777 776 771 771 773 777 775 771 770 769 774 775 779 780 774 778 767 777 777 778 766 778 785 770 763 778 778 765 782 771 775 763 777 785 770 766 770 778 767 782 768 760 772 761 669 762 757 755 746 757 753 757 748 756 657 749 675 737 755 587 762 755 761 745 676 585 750 743 747 761 667 665 500 762 747 750 748 668 594 759 746 759 752 589 582 671 752 751 663 755 665 751 756 589 756 653 756 747 755

Tree=0
num_leaves=7
num_cat=0
split_feature=3 3 4 11 3 1
split_gain=4.6447e+07 9.86551e+06 8.50811e+06 6.44696e+06 4.75671e+06 4.5094e+06
threshold=29.77946250000014 148.55150000000006 -83.949743402778481 1.0000000180025095e-35 -61.539875000000158 -39.565699999999644
decision_type=2 2 2 2 2 2
left_child=2 5 3 -1 -4 -2
right_child=1 -3 4 -5 -6 -7
leaf_value=-52.619246754948747 -48.888501103749611 -41.867815112599928 -54.151256642999471 -60.780989190795289 -49.489882335144799 -44.959074181123412
leaf_weight=501 1295 1668 822 470 1636 1672
leaf_count=501 1295 1668 822 470 1636 1672
internal_value=-48.2069 -44.9433 -52.6179 -56.5787 -51.0505 -46.6738
internal_weight=8064 4635 3429 971 2458 2967
internal_count=8064 4635 3429 971 2458 2967
is_linear=0
shrinkage=1


Tree=1
num_leaves=7
num_cat=0
split_feature=3 3 3 4 1 4
split_gain=4.19641e+07 8.42976e+06 7.77566e+06 4.71733e+06 4.64166e+06 2.75482e+06
threshold=43.259687500000389 -61.539875000000158 189.67836250000008 -83.949743402778481 -39.565699999999644 -83.949743402778481
decision_type=2 2 2 2 2 2
left_child=1 5 4 -3 -2 -1
right_child=2 3 -4 -5 -6 -7
leaf_value=-10.833098027966123 -0.051508853768135555 -5.7633827279961629 7.2120031394522375 -0.94583020826964681 3.8013961760639958 -5.6475409696360694
leaf_weight=375 1331 689 1024 1930 1893 822
leaf_count=375 1331 689 1024 1930 1893 822
internal_value=-9.49174e-05 -3.80516 3.41811 -2.21494 2.21124 -7.27978
internal_weight=8064 3816 4248 2619 3224 1197
internal_count=8064 3816 4248 2619 3224 1197
is_linear=0
shrinkage=0.05


Tree=2
num_leaves=7
num_cat=0
split_feature=3 3 4 11 3 1
split_gain=3.80254e+07 8.18948e+06 6.93962e+06 5.85485e+06 3.95235e+06 3.68949e+06
threshold=29.77946250000014 148.55150000000006 -83.949743402778481 0.34202014332566882 -48.136674999999961 -39.565699999999644
decision_type=2 2 2 2 2 2
left_child=2 5 3 -1 -4 -2
right_child=1 -3 4 -5 -6 -7
leaf_value=-4.5298302421737313 -0.62718306260361678 5.7548212433214889 -4.9829263262413708 -12.543469888312014 -0.90571085320553613 2.9271027299292367
leaf_weight=604 1295 1668 1006 367 1452 1672
leaf_count=604 1295 1668 1006 367 1452 1672
internal_value=-0.000165979 2.95276 -3.99136 -7.56846 -2.57576 1.37608
internal_weight=8064 4635 3429 971 2458 2967
internal_count=8064 4635 3429 971 2458 2967
is_linear=0
shrinkage=0.05


Tree=3
num_leaves=7
num_cat=0
split_feature=3 3 4 11 1 1
split_gain=3.44688e+07 8.62762e+06 5.65592e+06 5.1513e+06 3.50264e+06 3.48228e+06
threshold=14.419350000000124 129.01706249999964 -83.949743402778481 0.065387565056497135 -39.565699999999644 87.442449999999795
decision_type=2 2 2 2 2 2
left_child=2 4 3 -1 -2 -3
right_child=1 5 -4 -5 -6 -7
leaf_value=-4.0019631580484862 -1.0702361036834884 3.1333214572330426 -2.8152930473381161 -11.655171082639001 2.3801135244521383 7.2677556350694532
leaf_weight=475 1343 1112 2156 411 1624 943
leaf_count=475 1343 1112 2156 411 1624 943
internal_value=-0.000250068 2.54379 -4.19962 -7.56129 0.818493 5.03315
internal_weight=8064 5022 3042 886 2967 2055
internal_count=8064 5022 3042 886 2967 2055
is_linear=0
shrinkage=0.05


Tree=4
num_leaves=7
num_cat=0
split_feature=3 3 1 1 3 4
split_gain=3.13335e+07 7.25594e+06 5.90372e+06 3.35567e+06 2.87742e+06 2.83883e+06
threshold=47.677499999999789 -31.665887499999595 19.798350000000031 -212.53000000000017 189.67836250000008 -83.949743402778481
decision_type=2 2 2 2 2 2
left_child=1 3 5 -1 -4 -2
right_child=2 -3 4 -5 -6 -7
leaf_value=-8.0534807233382395 -2.0975786479114333 -1.1562772451701526 3.6766466800327922 -3.7148083970043895 7.6989504302400835 2.2080941139223174
leaf_weight=744 516 2083 1493 1118 635 1475
leaf_count=744 516 2083 1493 1118 635 1475
internal_value=-0.000279498 -3.18459 3.04955 -5.45181 4.87996 1.09172
internal_weight=8064 3945 4119 1862 2128 1991
internal_count=8064 3945 4119 1862 2128 1991
is_linear=0
shrinkage=0.05


Tree=5
num_leaves=7
num_cat=0
split_feature=3 3 3 4 11 4
split_gain=2.82814e+07 6.79077e+06 5.37834e+06 4.09502e+06 3.402e+06 1.59111e+06
threshold=47.677499999999789 -79.456900000000118 189.67836250000008 -83.949743402778481 -0.15208718494349127 -83.949743402778481
decision_type=2 2 2 2 2 2
left_child=1 5 4 -3 -2 -1
right_child=2 3 -4 -5 -6 -7
leaf_value=-9.7577725560166115 3.6669119628734634 -4.9639288374965522 6.0367769059300791 -0.77298426911952811 0.33895103721992731 -5.3156100647399365
leaf_weight=300 1411 789 1024 2225 1684 631
leaf_count=300 1411 789 1024 2225 1684 631
internal_value=-0.000274439 -3.02553 2.89721 -1.87137 1.85685 -6.75596
internal_weight=8064 3945 4119 3014 3095 931
internal_count=8064 3945 4119 3014 3095 931
is_linear=0
shrinkage=0.05


Tree=6
num_leaves=7
num_cat=0
split_feature=3 3 1 11 1 4
split_gain=2.57573e+07 6.72242e+06 4.84592e+06 3.05037e+06 2.82045e+06 2.72389e+06
threshold=14.419350000000124 129.01706249999964 -114.91770000000018 1.0000000180025095e-35 63.252099999999935 -83.949743402778481
decision_type=2 2 2 2 2 2
left_child=2 3 5 -2 -3 -1
right_child=1 4 -4 -5 -6 -7
leaf_value=-8.2732112369856345 2.1713274860915406 2.5374020543011104 -1.5638084953095206 -1.0417557626973444 6.2453738559594436 -3.9570541193017799
leaf_weight=582 1586 1026 1469 1381 1029 991
leaf_count=582 1586 1026 1469 1381 1029 991
internal_value=-0.000327475 2.19885 -3.63046 0.67594 4.39623 -5.55825
internal_weight=8064 5022 3042 2967 2055 1573
internal_count=8064 5022 3042 2967 2055 1573
is_linear=0
shrinkage=0.05


Tree=7
num_leaves=7
num_cat=0
split_feature=3 3 1 4 1 4
split_gain=2.32918e+07 7.73189e+06 4.36662e+06 3.38036e+06 2.69128e+06 1.75856e+06
threshold=77.471249999999614 -31.665887499999595 63.252099999999935 -83.949743402778481 -212.53000000000017 -83.949743402778481
decision_type=2 2 2 2 2 2
left_child=1 4 5 -3 -1 -2
right_child=2 3 -4 -5 -6 -7
leaf_value=-7.0984336958895602 -1.1549846393783301 -3.6445674740921605 5.1624618183184703 0.35197041469166079 -3.2132531911817193 2.4323394810744041
leaf_weight=744 455 700 1526 2157 1118 1364
leaf_count=744 455 700 1526 2157 1118 1364
internal_value=-0.000335211 -2.26255 3.19084 -0.628163 -4.76863 1.53487
internal_weight=8064 4719 3345 2857 1862 1819
internal_count=8064 4719 3345 2857 1862 1819
is_linear=0
shrinkage=0.05


Tree=8
num_leaves=7
num_cat=0
split_feature=3 3 1 11 4 1
split_gain=2.11557e+07 5.81008e+06 4.1015e+06 3.19751e+06 2.34914e+06 1.76604e+06
threshold=14.419350000000124 162.92573750000022 -114.91770000000018 -0.1950438958025166 -83.949743402778481 87.442449999999795
decision_type=2 2 2 2 2 2
left_child=2 3 4 -2 -1 -3
right_child=1 5 -4 -5 -6 -7
leaf_value=-7.5849601888585063 2.5538211746367363 2.9698350821731818 -1.3890357451997444 -0.43240981536670109 -3.5770321871274184 6.5158918341538445
leaf_weight=582 1647 718 1469 1965 991 692
leaf_count=582 1647 718 1469 1965 991 692
internal_value=-0.000362827 1.99271 -3.29028 0.929582 -5.06382 4.71355
internal_weight=8064 5022 3042 3612 1573 1410
internal_count=8064 5022 3042 3612 1573 1410
is_linear=0
shrinkage=0.05


Tree=9
num_leaves=7
num_cat=0
split_feature=3 1 4 3 3 4
split_gain=1.93644e+07 6.96545e+06 3.40924e+06 2.96064e+06 2.9269e+06 1.9296e+06
threshold=-10.309787500000082 -21.220300000000176 -83.949743402778481 -126.24411250000001 189.67836250000008 -83.949743402778481
decision_type=2 2 2 2 2 2
left_child=3 2 -2 -1 -3 -5
right_child=1 4 -4 5 -6 -7
leaf_value=-7.7014059167727824 -3.2435798331837162 2.3574483990915112 0.80424421001654844 -5.4185464346233543 6.0355588743601531 -1.9871477552963221
leaf_weight=399 721 2393 1860 577 699 1415
leaf_count=399 721 2393 1860 577 699 1415
internal_value=-0.000350516 1.59032 -0.32733 -3.77353 3.19063 -2.9833
internal_weight=8064 5673 2581 2391 3092 1992
internal_count=8064 5673 2581 2391 3092 1992
is_linear=0
shrinkage=0.05


Tree=10
num_leaves=7
num_cat=0
split_feature=3 1 4 1 3 4
split_gain=1.7959e+07 6.0225e+06 3.4005e+06 3.3966e+06 2.44423e+06 1.43814e+06
threshold=77.471249999999614 -138.14195000000015 -83.949743402778481 63.252099999999935 -61.539875000000158 -83.949743402778481
decision_type=2 2 2 2 2 2
left_child=1 2 -1 5 -3 -2
right_child=3 4 -4 -5 -6 -7
leaf_value=-6.7974372170814847 -1.09116245864384 -3.5869884440613107 -2.4899743469175371 4.5406440854336045 0.22873836310018017 2.1528730145446113
leaf_weight=734 455 515 1222 1526 2248 1364
leaf_count=734 455 515 1222 1526 2248 1364
internal_value=-0.00038975 -1.98682 -4.10902 2.80175 -0.483522 1.34126
internal_weight=8064 4719 1956 3345 2763 1819
internal_count=8064 4719 1956 3345 2763 1819
is_linear=0
shrinkage=0.05


Tree=11
num_leaves=7
num_cat=0
split_feature=3 3 1 1 4 12
split_gain=1.62096e+07 5.51802e+06 3.50765e+06 3.07209e+06 1.32454e+06 1.22682e+06
threshold=77.471249999999614 -87.996183333333178 -138.14195000000015 52.279650000000181 -83.949743402778481 -0.27976242230339682
decision_type=2 2 2 2 2 2
left_child=1 5 -3 4 -2 -1
right_child=3 2 -4 -5 -6 -7
leaf_value=-8.3649542527554708 -1.156657072217627 -3.0404717889427637 0.045967392720629191 4.2550205534626482 2.0120647076268803 -4.2314919724204074
leaf_weight=277 439 1475 2446 1588 1318 521
leaf_count=277 439 1475 2446 1588 1318 521
internal_value=-0.00041393 -1.88762 -1.11557 2.66175 1.22013 -5.67496
internal_weight=8064 4719 3921 3345 1757 798
internal_count=8064 4719 3921 3345 1757 798
is_linear=0
shrinkage=0.05


Tree=12
num_leaves=7
num_cat=0
split_feature=3 1 10 3 11 4
split_gain=1.49304e+07 5.62651e+06 2.70173e+06 2.39475e+06 2.3826e+06 3.20431e+06
threshold=-15.644862499999588 -21.220300000000176 1.0000000180025095e-35 189.67836250000008 -0.48087430661751701 -83.949743402778481
decision_type=2 2 2 2 2 2
left_child=4 2 -2 -3 -1 -6
right_child=1 3 -4 -5 5 -7
leaf_value=-1.435958072675803 -1.4269657930480566 2.0349873861771637 1.9991118581353555 5.3543958410152372 -8.3236931727026349 -3.1112628314099418
leaf_weight=892 1826 2441 839 699 431 936
leaf_count=892 1826 2441 839 699 431 936
internal_value=-0.000458219 1.34166 -0.348017 2.7754 -3.44841 -4.75957
internal_weight=8064 5805 2665 3140 2259 1367
internal_count=8064 5805 2665 3140 2259 1367
is_linear=0
shrinkage=0.05


Tree=13
num_leaves=7
num_cat=0
split_feature=3 3 3 11 4 11
split_gain=1.36037e+07 3.94864e+06 3.07731e+06 2.59516e+06 2.43395e+06 1.04194e+06
threshold=47.677499999999789 -98.693937499999933 189.67836250000008 -0.15208718494349127 -116.58611111111166 -0.40265084705289461
decision_type=2 2 2 2 2 2
left_child=1 5 3 -2 -3 -1
right_child=2 4 -4 -5 -6 -7
leaf_value=-3.3269527570686104 2.8031283463406833 -3.7976867516058839 4.3838342934701506 -0.10327021343053183 -0.61631592085780318 -7.3389630981223295
leaf_weight=288 1411 792 1024 1684 2488 377
leaf_count=288 1411 792 1024 1684 2488 377
internal_value=-0.000465747 -2.09863 2.00909 1.22222 -1.38542 -5.60904
internal_weight=8064 3945 4119 3095 3280 665
internal_count=8064 3945 4119 3095 3280 665
is_linear=0
shrinkage=0.05


Tree=14
num_leaves=7
num_cat=0
split_feature=3 1 10 3 3 11
split_gain=1.23955e+07 4.92652e+06 2.73613e+06 2.09931e+06 2.06015e+06 1.71217e+06
threshold=-15.644862499999588 -39.565699999999644 1.0000000180025095e-35 -141.24857500000005 162.92573750000022 -0.36235178784537908
decision_type=2 2 2 2 2 2
left_child=3 2 -2 -1 -3 -5
right_child=1 4 -4 5 -6 -7
leaf_value=-7.3082241689667731 -1.6669306254889098 1.6763824919803936 1.8462916935780751 -0.92629914449415307 4.4101617117314857 -3.8797688015953229
leaf_weight=266 1628 2365 839 876 973 1117
leaf_count=266 1628 2365 839 876 973 1117
internal_value=-0.000492028 1.2224 -0.471858 -3.14214 2.47434 -2.58272
internal_weight=8064 5805 2467 2259 3338 1993
internal_count=8064 5805 2467 2259 3338 1993
is_linear=0
shrinkage=0.05


Tree=15
num_leaves=7
num_cat=0
split_feature=3 1 4 1 3 4
split_gain=1.14563e+07 4.34873e+06 2.58061e+06 2.29512e+06 1.53453e+06 1.10895e+06
threshold=77.471249999999614 -151.29915000000025 -83.949743402778481 63.252099999999935 -61.539875000000158 -83.949743402778481
decision_type=2 2 2 2 2 2
left_child=1 2 -1 5 -3 -2
right_child=3 4 -4 -5 -6 -7
leaf_value=-5.853572070979058 -1.0987040968294248 -2.728685170413411 -2.0117669653953101 3.6669348054146482 0.20372686239976667 1.7497918786375952
leaf_weight=704 455 552 1155 1526 2308 1364
leaf_count=704 455 552 1155 1526 2308 1364
internal_value=-0.000503683 -1.58706 -3.46902 2.23756 -0.363005 1.03706
internal_weight=8064 4719 1859 3345 2860 1819
internal_count=8064 4719 1859 3345 2860 1819
is_linear=0
shrinkage=0.05


Tree=16
num_leaves=7
num_cat=0
split_feature=3 3 11 3 11 3
split_gain=1.03548e+07 3.95421e+06 2.8065e+06 1.94374e+06 1.57052e+06 1.31482e+06
threshold=-10.309787500000082 123.76956249999991 1.0000000180025095e-35 -141.24857500000005 -0.36235178784537908 256.96782500000023
decision_type=2 2 2 2 2 2
left_child=3 2 -2 -1 -5 -3
right_child=1 5 -4 4 -6 -7
leaf_value=-6.7827447763877862 1.4364462646286096 2.2616576968959592 -1.4063866604372648 -0.71261049855036795 -3.4526944434518096 5.484727171181472
leaf_weight=266 1871 1800 1618 931 1194 384
leaf_count=266 1871 1800 1618 931 1194 384
internal_value=-0.000516159 1.16266 0.118077 -2.75966 -2.25312 2.8306
internal_weight=8064 5673 3489 2391 2125 2184
internal_count=8064 5673 3489 2391 2125 2184
is_linear=0
shrinkage=0.05


Tree=17
num_leaves=7
num_cat=0
split_feature=3 4 11 3 1 4
split_gain=9.44e+06 3.82322e+06 5.81216e+06 2.13485e+06 2.02943e+06 977254
threshold=77.471249999999614 -83.949743402778481 0.34202014332566882 -31.665887499999595 74.244399999999828 -83.949743402778481
decision_type=2 2 2 2 2 2
left_child=1 2 -1 -3 5 -2
right_child=4 3 -4 -5 -6 -7
leaf_value=-1.1461280945278705 -1.0240034245769247 -2.1882844115787883 -8.0865577325962246 0.38915636388575692 3.435861731116677 1.6040316220413495
leaf_weight=799 470 1279 484 2157 1453 1422
leaf_count=799 470 1279 484 2157 1453 1422
internal_value=-0.000510012 -1.4407 -3.7686 -0.570615 2.03107 0.950994
internal_weight=8064 4719 1283 3436 3345 1892
internal_count=8064 4719 1283 3436 3345 1892
is_linear=0
shrinkage=0.05


Tree=18
num_leaves=7
num_cat=0
split_feature=3 1 10 3 3 11
split_gain=8.58408e+06 3.7152e+06 2.06613e+06 1.65607e+06 1.53052e+06 1.20803e+06
threshold=-15.644862499999588 -21.220300000000176 1.0000000180025095e-35 -126.24411250000001 256.96782500000023 -0.48087430661751701
decision_type=2 2 2 2 2 2
left_child=3 2 -2 -1 -3 -5
right_child=1 4 -4 5 -6 -7
leaf_value=-5.534963781736792 -1.2993812325895322 1.8273636251693235 1.6967220720551197 -0.41912444869704002 5.6247253981161442 -3.0221097926010514
leaf_weight=399 1826 2848 839 741 292 1119
leaf_count=399 1826 2848 839 741 292 1119
internal_value=-0.000527995 1.01713 -0.35586 -2.61493 2.18217 -1.9859
internal_weight=8064 5805 2665 2259 3140 1860
internal_count=8064 5805 2665 2259 3140 1860
is_linear=0
shrinkage=0.05


Tree=19
num_leaves=7
num_cat=0
split_feature=3 1 4 1 12 8
split_gain=7.92237e+06 3.4936e+06 2.05017e+06 1.68903e+06 1.22882e+06 865009
threshold=77.471249999999614 -151.29915000000025 -83.949743402778481 74.244399999999828 -0.23762932952031213 1.0000000180025095e-35
decision_type=2 2 2 2 2 2
left_child=1 2 -1 -2 -3 -5
right_child=3 4 -4 5 -6 -7
leaf_value=-5.1320007388435096 0.87527059212708791 -1.5725368116890115 -1.7078924100855719 3.9471652004040361 0.57251863221832855 1.2902089213724859
leaf_weight=704 1892 1060 1155 1012 1800 441
leaf_count=704 1892 1060 1155 1012 1800 441
internal_value=-0.000508583 -1.31986 -3.00666 1.86062 -0.222774 3.14219
internal_weight=8064 4719 1859 3345 2860 1453
internal_count=8064 4719 1859 3345 2860 1453
is_linear=0
shrinkage=0.05


Tree=20
num_leaves=7
num_cat=0
split_feature=3 1 10 12 4 3
split_gain=7.26856e+06 3.11163e+06 2.13417e+06 1.51148e+06 1.62039e+06 1.41272e+06
threshold=-15.644862499999588 -39.565699999999644 1.0000000180025095e-35 -0.27976242230339682 -83.949743402778481 256.96782500000023
decision_type=2 2 2 2 2 2
left_child=3 2 -2 4 -1 -3
right_child=1 5 -4 -5 -6 -7
leaf_value=-7.3055238128601392 -1.4659925591422416 1.6065360087993292 1.636791079929542 -1.4076354021760826 -2.5849112070005784 5.1994915953704286
leaf_weight=266 1628 3038 839 1417 576 300
leaf_count=266 1628 3038 839 1417 576 300
internal_value=-0.000493874 0.935948 -0.410534 -2.40624 -4.08312 1.93091
internal_weight=8064 5805 2467 2259 842 3338
internal_count=8064 5805 2467 2259 842 3338
is_linear=0
shrinkage=0.05


Tree=21
num_leaves=7
num_cat=0
split_feature=3 1 4 11 4 3
split_gain=6.65844e+06 2.41183e+06 2.15418e+06 2.59098e+06 1.51319e+06 1.1238e+06
threshold=47.677499999999789 -164.20469999999975 -83.949743402778481 0.15208718494349097 -83.949743402778481 237.56825000000006
decision_type=2 2 2 2 2 2
left_child=1 4 3 -2 -1 -4
right_child=2 -3 5 -5 -6 -7
leaf_value=-4.9518283929073377 1.7151143369688904 -0.46866313232070711 1.6546370147951863 -3.5844249432355584 -1.7537116967539514 4.4263276838101628
leaf_weight=605 502 2386 2771 425 954 421
leaf_count=605 502 2386 2771 425 954 421
internal_value=-0.00049597 -1.4684 1.40541 -0.7158 -2.99718 2.02147
internal_weight=8064 3945 4119 927 1559 3192
internal_count=8064 3945 4119 927 1559 3192
is_linear=0
shrinkage=0.05


Tree=22
num_leaves=7
num_cat=0
split_feature=3 1 10 12 3 11
split_gain=6.17998e+06 3.03283e+06 2.52331e+06 1.37355e+06 1.31744e+06 1.199e+06
threshold=-31.665887499999595 -61.702350000000017 1.0000000180025095e-35 -0.48087430661751701 209.46499999999995 0.40265084705289472
decision_type=2 2 2 2 2 2
left_child=3 2 -2 -1 -3 -5
right_child=1 4 -4 5 -6 -7
leaf_value=-4.6162840384892299 -1.7911024647156486 1.2578799734088089 1.5201257592560662 -0.55572081773819337 3.854863000433371 -3.7481114185511268
leaf_weight=552 1588 3135 901 865 578 445
leaf_count=552 1588 3135 901 865 578 445
internal_value=-0.000489535 0.757983 -0.592333 -2.52588 1.66308 -1.64219
internal_weight=8064 6202 2489 1862 3713 1310
internal_count=8064 6202 2489 1862 3713 1310
is_linear=0
shrinkage=0.05


Tree=23
num_leaves=7
num_cat=0
split_feature=3 1 11 8 11 4
split_gain=5.71001e+06 3.25361e+06 1.67678e+06 1.57024e+06 1.10645e+06 1.18756e+06
threshold=108.33686249999984 -114.91770000000018 1.0000000180025095e-35 1.0000000180025095e-35 -0.10884096748385481 -116.58611111111166
decision_type=2 2 2 2 2 2
left_child=1 2 -1 -3 -2 -6
right_child=4 3 -4 -5 5 -7
leaf_value=-0.97520894963514504 3.2891040195008823 0.82656342288642903 -3.6234077241412255 -1.734381519600197 -1.6679678959631532 1.7969582542572313
leaf_weight=1200 958 2292 1192 809 304 1309
leaf_count=1200 958 2292 1192 809 304 1309
internal_value=-0.000490342 -0.910719 -2.29584 0.158111 1.94383 1.1433
internal_weight=8064 5493 2392 3101 2571 1613
internal_count=8064 5493 2392 3101 2571 1613
is_linear=0
shrinkage=0.05


Tree=24
num_leaves=7
num_cat=0
split_feature=3 4 11 3 3 12
split_gain=5.28439e+06 2.71799e+06 3.95189e+06 1.72247e+06 1.2457e+06 924903
threshold=-31.665887499999595 -83.949743402778481 0.15208718494349097 123.76956249999991 -141.24857500000005 -0.27976242230339682
decision_type=2 2 2 2 2 2
left_child=4 2 -2 -3 -1 -6
right_child=1 3 -4 -5 5 -7
leaf_value=-5.4984275823228819 1.1907281314796956 0.5511305350858382 -4.0787839024209323 2.5228160325733682 -3.375657260329691 -0.88218923561874307
leaf_weight=266 781 3020 652 1749 590 1006
leaf_count=266 781 3020 652 1749 590 1006
internal_value=-0.000478766 0.700886 -1.20802 1.27461 -2.33573 -1.8055
internal_weight=8064 6202 1433 4769 1862 1596
internal_count=8064 6202 1433 4769 1862 1596
is_linear=0
shrinkage=0.05


Tree=25
num_leaves=7
num_cat=0
split_feature=3 2 4 11 3 3
split_gain=4.7701e+06 1.87277e+06 1.83238e+06 2.39263e+06 1.49118e+06 982750
threshold=29.77946250000014 -329.65564999999964 -83.949743402778481 0.15208718494349097 -87.996183333333178 189.67836250000008
decision_type=2 2 2 2 2 2
left_child=1 -1 3 -2 -3 -4
right_child=2 4 5 -5 -6 -7
leaf_value=-5.6741264370083817 1.4075974467658035 -3.0743979129767243 1.125820122537192 -3.388894901210791 -0.50332981573220914 3.0847502123952628
leaf_weight=239 565 731 2756 480 2459 834
leaf_count=239 565 731 2756 480 2459 834
internal_value=-0.000514166 -1.41412 1.04536 -0.79671 -1.09328 1.58164
internal_weight=8064 3429 4635 1045 3190 3590
internal_count=8064 3429 4635 1045 3190 3590
is_linear=0
shrinkage=0.05


Tree=26
num_leaves=7
num_cat=0
split_feature=3 1 10 8 11 3
split_gain=4.4033e+06 2.69954e+06 1.42673e+06 1.34035e+06 937612 1.05771e+06
threshold=108.33686249999984 -114.91770000000018 1.0000000180025095e-35 1.0000000180025095e-35 -0.10884096748385481 237.56825000000006
decision_type=2 2 2 2 2 2
left_child=1 2 -1 -3 -2 -6
right_child=4 3 -4 -5 5 -7
leaf_value=-2.886407378491874 2.9452270950057677 0.79129390638683939 -0.25418440110277085 -1.5747792531936258 0.24487212095884148 3.2299799160575682
leaf_weight=1642 958 2292 750 809 1222 391
leaf_count=1642 958 2292 750 809 1222 391
internal_value=-0.000531998 -0.799853 -2.06154 0.173716 1.70688 0.970031
internal_weight=8064 5493 2392 3101 2571 1613
internal_count=8064 5493 2392 3101 2571 1613
is_linear=0
shrinkage=0.05


Tree=27
num_leaves=7
num_cat=0
split_feature=3 1 10 8 12 4
split_gain=4.1107e+06 2.23659e+06 1.59182e+06 1.15077e+06 1.13324e+06 914304
threshold=-31.665887499999595 -21.220300000000176 1.0000000180025095e-35 1.0000000180025095e-35 -0.27976242230339682 -83.949743402778481
decision_type=2 2 2 2 2 2
left_child=4 2 -2 -3 5 -1
right_child=1 3 -4 -5 -6 -7
leaf_value=-6.3209361022657102 -1.1793530479541394 2.0616195745869859 1.3502606045793404 -0.067764307604559926 -1.1207841918591621 -2.4050714625876188
leaf_weight=221 2002 2442 901 857 1180 461
leaf_count=221 2002 2442 901 857 1180 461
internal_value=-0.00048992 0.618102 -0.394046 1.5086 -2.06014 -3.68139
internal_weight=8064 6202 2903 3299 1862 682
internal_count=8064 6202 2903 3299 1862 682
is_linear=0
shrinkage=0.05


Tree=28
num_leaves=7
num_cat=0
split_feature=3 11 4 3 3 11
split_gain=3.78877e+06 2.91808e+06 4.17749e+06 953536 691764 748284
threshold=123.76956249999991 -0.48087430661751701 -83.949743402778481 -54.722874999999924 256.96782500000023 0.55543802234893513
decision_type=2 2 2 2 2 2
left_child=1 3 -3 -1 5 -2
right_child=4 2 -4 -5 -6 -7
leaf_value=-1.1295471510840851 2.1437297375058542 -4.2830695586766074 -0.49089631769151643 1.3222691535483506 3.7020153022973568 0.031186108670960694
leaf_weight=514 1136 1001 2640 1725 384 664
leaf_count=514 1136 1001 2640 1725 384 664
internal_value=-0.000513048 -0.661039 -1.53435 0.759161 1.77732 1.36489
internal_weight=8064 5880 3641 2239 2184 1800
internal_count=8064 5880 3641 2239 2184 1800
is_linear=0
shrinkage=0.05


Tree=29
num_leaves=7
num_cat=0
split_feature=1 10 1 8 4 1
split_gain=3.58705e+06 2.17641e+06 2.0409e+06 1.74388e+06 1.96561e+06 1.65253e+06
threshold=-61.702350000000017 1.0000000180025095e-35 -228.35499999999976 1.0000000180025095e-35 -43.0850722222226 159.96144999999981
decision_type=2 2 2 2 2 2
left_child=1 2 -1 5 -5 -2
right_child=3 -3 -4 4 -6 -7
leaf_value=-3.9565718349108803 0.93786382700422966 0.66413645556554224 -0.95858844841519986 -4.2734994182363151 0.49644936797127165 3.6056367826655391
leaf_weight=849 2442 1150 1712 287 863 761
leaf_count=849 2442 1150 1712 287 863 761
internal_value=-0.000479359 -1.14244 -1.95361 0.973096 -0.696643 1.57263
internal_weight=8064 3711 2561 4353 1150 3203
internal_count=8064 3711 2561 4353 1150 3203
is_linear=0
shrinkage=0.05


Tree=30
num_leaves=7
num_cat=0
split_feature=3 4 11 3 3 12
split_gain=3.2953e+06 1.84719e+06 2.95164e+06 1.08285e+06 1.00992e+06 722434
threshold=-31.665887499999595 -83.949743402778481 0.15208718494349097 129.01706249999964 -141.24857500000005 -0.27976242230339682
decision_type=2 2 2 2 2 2
left_child=4 2 -2 -3 -1 -6
right_child=1 3 -4 -5 5 -7
leaf_value=-4.6918352233225047 1.0527495627170025 0.47883341115277012 -3.5013080815238391 2.063283956708224 -2.7549652730929473 -0.55166555448715482
leaf_weight=266 781 3122 652 1647 590 1006
leaf_count=266 781 3122 652 1647 590 1006
internal_value=-0.000477001 0.553375 -1.0203 1.02635 -1.84457 -1.36738
internal_weight=8064 6202 1433 4769 1862 1596
internal_count=8064 6202 1433 4769 1862 1596
is_linear=0
shrinkage=0.05


Tree=31
num_leaves=7
num_cat=0
split_feature=1 10 1 8 4 1
split_gain=3.09562e+06 1.89192e+06 1.75999e+06 1.52601e+06 1.74291e+06 1.46518e+06
threshold=-61.702350000000017 1.0000000180025095e-35 -228.35499999999976 1.0000000180025095e-35 -21.311662500000235 127.8814
decision_type=2 2 2 2 2 2
left_child=1 2 -1 5 -5 -2
right_child=3 -3 -4 4 -6 -7
leaf_value=-3.6776771733524174 0.73576333196693333 0.62301218551102155 -0.89364241596327099 -3.1683420218768772 0.84908017662664259 3.03395494915633
leaf_weight=849 2188 1150 1712 431 719 1015
leaf_count=849 2188 1150 1712 431 719 1015
internal_value=-0.000502157 -1.06135 -1.81766 0.903927 -0.658024 1.46476
internal_weight=8064 3711 2561 4353 1150 3203
internal_count=8064 3711 2561 4353 1150 3203
is_linear=0
shrinkage=0.05


Tree=32
num_leaves=7
num_cat=0
split_feature=3 11 4 0 3 11
split_gain=2.84602e+06 2.46819e+06 3.24633e+06 805010 585790 625987
threshold=123.76956249999991 -0.48087430661751701 -83.949743402778481 6172.1687000000011 256.96782500000023 0.55543802234893513
decision_type=2 2 2 2 2 2
left_child=1 3 -3 -1 5 -2
right_child=4 2 -4 -5 -6 -7
leaf_value=1.2283095669189723 1.8732707569629559 -3.7992390305099186 -0.4562990784464529 -1.0801420292524688 3.311364887964416 -0.058811712770309665
leaf_weight=1759 1136 1001 2640 480 384 664
leaf_count=1759 1136 1001 2640 480 384 664
internal_value=-0.000492537 -0.572972 -1.37615 0.733159 1.54035 1.16091
internal_weight=8064 5880 3641 2239 2184 1800
internal_count=8064 5880 3641 2239 2184 1800
is_linear=0
shrinkage=0.05


Tree=33
num_leaves=7
num_cat=0
split_feature=3 11 4 0 3 11
split_gain=2.71407e+06 1.49726e+06 2.18142e+06 1.10536e+06 1.03343e+06 745757
threshold=-10.309787500000082 -0.15208718494349127 -83.949743402778481 6124.5168000000012 -126.24411250000001 0.40265084705289472
decision_type=2 2 2 2 2 2
left_child=4 3 -3 -2 -1 -6
right_child=1 2 -4 -5 5 -7
leaf_value=-3.7326922534741467 2.158349150400058 -2.5016693594888277 0.59402617812577985 -0.28465966513532892 -0.27369230208874107 -2.3370724523892767
leaf_weight=399 1808 735 2508 622 1343 649
leaf_count=399 1808 735 2508 622 1343 649
internal_value=-0.000461596 0.595046 -0.108143 1.53316 -1.41305 -0.946784
internal_weight=8064 5673 3243 2430 2391 1992
internal_count=8064 5673 3243 2430 2391 1992
is_linear=0
shrinkage=0.05


Tree=34
num_leaves=7
num_cat=0
split_feature=1 10 1 8 4 1
split_gain=2.53753e+06 1.62008e+06 1.55009e+06 1.31915e+06 1.50553e+06 1.28368e+06
threshold=-61.702350000000017 1.0000000180025095e-35 -394.77249999999998 1.0000000180025095e-35 -21.311662500000235 159.96144999999981
decision_type=2 2 2 2 2 2
left_child=1 2 -1 5 -5 -2
right_child=3 -3 -4 4 -6 -7
leaf_value=-6.0447780943809351 0.78038257516499698 0.59769626356253513 -1.3150840984718162 -2.9669432221670395 0.76689963276187578 3.1316096118937331
leaf_weight=186 2442 1150 2375 431 719 761
leaf_count=186 2442 1150 2375 431 719 761
internal_value=-0.000478054 -0.960955 -1.66082 0.818376 -0.633842 1.33981
internal_weight=8064 3711 2561 4353 1150 3203
internal_count=8064 3711 2561 4353 1150 3203
is_linear=0
shrinkage=0.05


Tree=35
num_leaves=7
num_cat=0
split_feature=3 11 4 12 0 4
split_gain=2.36885e+06 1.86142e+06 3.21403e+06 1.43682e+06 663190 652571
threshold=108.33686249999984 1.0000000180025095e-35 -83.949743402778481 -0.5554380223489348 3510.3269500000001 -83.949743402778481
decision_type=2 2 2 2 2 2
left_child=1 3 -3 -1 -2 -6
right_child=4 2 -4 -5 5 -7
leaf_value=-1.5745571354860879 2.5780639770108724 -4.4357384207211803 -0.46584510918120192 0.91558592966237962 -1.2221451582766214 1.2007687961773099
leaf_weight=786 689 710 1803 2194 338 1544
leaf_count=786 689 710 1803 2194 338 1544
internal_value=-0.000485458 -0.58676 -1.58878 0.258482 1.25184 0.765205
internal_weight=8064 5493 2513 2980 2571 1882
internal_count=8064 5493 2513 2980 2571 1882
is_linear=0
shrinkage=0.05


Tree=36
num_leaves=7
num_cat=0
split_feature=3 11 4 0 12 1
split_gain=2.29341e+06 1.65189e+06 2.62119e+06 1.60844e+06 643145 496708
threshold=-87.996183333333178 0.21643961393810304 -83.949743402778481 6172.1687000000011 -0.62577451934762995 -339.7808000000004
decision_type=2 2 2 2 2 2
left_child=4 3 -3 -2 -1 -6
right_child=1 2 -4 -5 5 -7
leaf_value=-5.0677968478295954 1.4971622755493028 -3.1255564940485416 0.23370364142189276 -0.82165344127764317 -4.1237018653879991 -0.88175210467140597
leaf_weight=191 3118 765 2400 983 160 447
leaf_count=191 3118 765 2400 983 160 447
internal_value=-0.000479804 0.279082 -0.578981 0.941283 -2.54313 -1.74168
internal_weight=8064 7266 3165 4101 798 607
internal_count=8064 7266 3165 4101 798 607
is_linear=0
shrinkage=0.05


Tree=37
num_leaves=7
num_cat=0
split_feature=3 11 4 12 11 3
split_gain=2.12169e+06 1.80742e+06 2.8174e+06 1.41283e+06 511490 580075
threshold=129.01706249999964 1.0000000180025095e-35 -83.949743402778481 -0.5554380223489348 -0.90630778703664994 280.57297499999964
decision_type=2 2 2 2 2 2
left_child=1 3 -3 -1 -2 -6
right_child=4 2 -4 -5 5 -7
leaf_value=-1.3833962700079752 4.1492452590696276 -3.9956958721334637 -0.42618591998855493 0.9598005467843862 0.81663088489836688 3.3846924488821366
leaf_weight=882 154 764 1994 2369 1648 253
leaf_count=882 154 764 1994 2369 1648 253
internal_value=-0.000532007 -0.474835 -1.41607 0.323859 1.38593 1.16001
internal_weight=8064 6009 2758 3251 2055 1901
internal_count=8064 6009 2758 3251 2055 1901
is_linear=0
shrinkage=0.05


Tree=38
num_leaves=7
num_cat=0
split_feature=3 11 4 12 3 12
split_gain=2.03022e+06 1.42093e+06 1.95548e+06 1.24059e+06 621322 341405
threshold=-48.136674999999961 0.21643961393810304 -83.949743402778481 -0.36235178784537897 -141.24857500000005 -0.87651811848132988
decision_type=2 2 2 2 2 2
left_child=4 3 -3 -2 -1 -6
right_child=1 2 -4 -5 5 -7
leaf_value=-3.8669918484148682 -0.083253617184434803 -2.8123404790207194 0.25901063428190291 1.7814014930683872 -3.2667297458090978 -0.85191300974484785
leaf_weight=266 1503 674 2231 2193 170 1027
leaf_count=266 1503 674 2231 2193 170 1027
internal_value=-0.000483675 0.373063 -0.454308 1.02331 -1.68502 -1.19731
internal_weight=8064 6601 2905 3696 1463 1197
internal_count=8064 6601 2905 3696 1463 1197
is_linear=0
shrinkage=0.05


Tree=39
num_leaves=7
num_cat=0
split_feature=3 11 4 12 0 3
split_gain=1.91299e+06 1.16636e+06 2.0373e+06 1.17046e+06 759228 680010
threshold=67.902487500000021 0.40265084705289472 -83.949743402778481 -0.51864980417341189 2646.4874500000001 221.94678750000006
decision_type=2 2 2 2 2 2
left_child=1 3 -3 -1 -2 -6
right_child=4 2 -4 -5 5 -7
leaf_value=-1.60967229392591 3.5857635714927643 -4.7102226776985132 -0.64172041540528213 0.53777543879071243 0.33306603655622397 2.1937153526524105
leaf_weight=915 237 435 1047 2064 2770 596
leaf_count=915 237 435 1047 2064 2770 596
internal_value=-0.000514301 -0.692545 -1.83829 -0.122132 0.856267 0.663075
internal_weight=8064 4461 1482 2979 3603 3366
internal_count=8064 4461 1482 2979 3603 3366
is_linear=0
shrinkage=0.05


Tree=40
num_leaves=7
num_cat=0
split_feature=1 10 1 8 4 1
split_gain=1.81174e+06 1.23599e+06 1.1555e+06 1.12829e+06 1.21901e+06 1.00442e+06
threshold=-51.670100000000041 1.0000000180025095e-35 -394.77249999999998 1.0000000180025095e-35 -21.311662500000235 159.96144999999981
decision_type=2 2 2 2 2 2
left_child=1 2 -1 5 -5 -2
right_child=3 -3 -4 4 -6 -7
leaf_value=-5.163925684741475 0.69505682943823255 0.58599536145586595 -1.088335393627911 -2.7203048422019629 0.63953514783953636 2.7889667109515415
leaf_weight=186 2310 1150 2507 431 719 761
leaf_count=186 2310 1150 2507 431 719 761
internal_value=-0.000490518 -0.785827 -1.37164 0.714534 -0.620944 1.21467
internal_weight=8064 3843 2693 4221 1150 3071
internal_count=8064 3843 2693 4221 1150 3071
is_linear=0
shrinkage=0.05


Tree=41
num_leaves=7
num_cat=0
split_feature=3 1 10 8 12 1
split_gain=1.7214e+06 1.27053e+06 918458 778350 544493 343159
threshold=-98.693937499999933 -21.220300000000176 1.0000000180025095e-35 1.0000000180025095e-35 -0.62577451934762995 -272.19969999999984
decision_type=2 2 2 2 2 2
left_child=4 2 -2 -3 -1 -6
right_child=1 3 -4 -5 5 -7
leaf_value=-5.0446551793968526 -0.92638231485864253 1.3382813879988467 0.81111591847762698 -0.27544706740091296 -3.3266986752055701 -0.64897557917763216
leaf_weight=153 2667 2625 1063 1044 190 322
leaf_count=153 2667 2625 1063 1044 190 322
internal_value=-0.000492424 0.218638 -0.431134 0.879151 -2.43528 -1.64721
internal_weight=8064 7399 3730 3669 665 512
internal_count=8064 7399 3730 3669 665 512
is_linear=0
shrinkage=0.05


Tree=42
num_leaves=7
num_cat=0
split_feature=3 11 4 0 11 3
split_gain=1.59469e+06 1.41296e+06 2.08266e+06 886961 381542 399398
threshold=148.55150000000006 -0.1950438958025166 -83.949743402778481 6370.9900000000007 -0.10884096748385481 237.56825000000006
decision_type=2 2 2 2 2 2
left_child=1 3 -3 -1 -2 -6
right_child=4 2 -4 -5 5 -7
leaf_value=0.74679656560474983 2.4619429864696816 -3.0892946846702354 -0.30095219955783037 -1.8451858350745249 0.15931835397773447 2.1367784164360089
leaf_weight=2651 544 921 2448 376 733 391
leaf_count=2651 544 921 2448 376 733 391
internal_value=-0.000517851 -0.35962 -1.06391 0.424329 1.37586 0.848495
internal_weight=8064 6396 3369 3027 1668 1124
internal_count=8064 6396 3369 3027 1668 1124
is_linear=0
shrinkage=0.05


Tree=43
num_leaves=7
num_cat=0
split_feature=3 11 4 12 12 1
split_gain=1.52381e+06 1.19064e+06 1.49888e+06 1.34623e+06 452541 283487
threshold=-87.996183333333178 0.51864980417341211 -83.949743402778481 -0.32136297141497067 -0.27976242230339682 -272.19969999999984
decision_type=2 2 2 2 2 2
left_child=4 3 -3 -2 -1 -6
right_child=1 2 -4 -5 5 -7
leaf_value=-3.7031086167092804 -0.2734338094836028 -2.9104607634219222 0.017397770507816681 1.4039055572833496 -2.7937149773259744 -0.34738510190304428
leaf_weight=277 2112 574 1823 2757 181 340
leaf_count=277 2112 574 1823 2757 181 340
internal_value=-0.000490286 0.227387 -0.684646 0.676428 -2.07306 -1.20099
internal_weight=8064 7266 2397 4869 798 521
internal_count=8064 7266 2397 4869 798 521
is_linear=0
shrinkage=0.05


Tree=44
num_leaves=7
num_cat=0
split_feature=3 11 4 12 1 0
split_gain=1.43836e+06 1.19753e+06 1.77027e+06 775995 370440 292174
threshold=148.55150000000006 -0.1950438958025166 -83.949743402778481 -0.75166088996455083 177.34660000000011 6490.7944000000016
decision_type=2 2 2 2 2 2
left_child=1 3 -3 -1 5 -2
right_child=4 2 -4 -5 -6 -7
leaf_value=-1.3986421940431875 1.1738218776788665 -2.8572621210443399 -0.28652731019405747 0.74013803161121683 2.38411018560882 -0.89378757465453385
leaf_weight=509 920 921 2448 2518 539 209
leaf_count=509 920 921 2448 2518 539 209
internal_value=-0.000519134 -0.341566 -0.989941 0.380152 1.30666 0.790615
internal_weight=8064 6396 3369 3027 1668 1129
internal_count=8064 6396 3369 3027 1668 1129
is_linear=0
shrinkage=0.05


Tree=45
num_leaves=6
num_cat=0
split_feature=3 0 3 4 11
split_gain=1.36378e+06 852211 730932 636892 635895
threshold=29.77946250000014 2646.4874500000001 -141.24857500000005 -116.58611111111166 0.21643961393810304
decision_type=2 2 2 2 2
left_child=2 -2 -1 -3 -4
right_child=1 3 4 -5 -6
leaf_value=-3.268763068329529 3.1928453230506015 -0.80635315313943634 0.01855007895249557 0.69157904549534677 -1.4370839878959387
leaf_weight=266 287 892 1941 3456 1222
leaf_count=266 287 892 1941 3456 1222
internal_value=-0.00050023 0.558726 -0.756353 0.384161 -0.544099
internal_weight=8064 4635 3429 4348 3163
internal_count=8064 4635 3429 4348 3163
is_linear=0
shrinkage=0.05


Tree=46
num_leaves=7
num_cat=0
split_feature=3 1 8 10 12 1
split_gain=1.26153e+06 989403 841170 655272 432649 264739
threshold=-98.693937499999933 19.798350000000031 1.0000000180025095e-35 1.0000000180025095e-35 -0.62577451934762995 -301.87024999999966
decision_type=2 2 2 2 2 2
left_child=4 3 -3 -2 -1 -6
right_child=1 2 -4 -5 5 -7
leaf_value=-4.4105556566346831 -0.67430536778029226 1.4245182008193802 -0.3084246429179392 0.75998761649033464 -2.9893254531405824 -0.57753007607996121
leaf_weight=153 3165 2128 1043 1063 170 342
leaf_count=153 3165 2128 1043 1063 170 342
internal_value=-0.000485194 0.187105 0.854604 -0.313602 -2.08482 -1.38259
internal_weight=8064 7399 3171 4228 665 512
internal_count=8064 7399 3171 4228 665 512
is_linear=0
shrinkage=0.05


Tree=47
num_leaves=7
num_cat=0
split_feature=3 11 4 0 0 3
split_gain=1.17963e+06 1.14546e+06 1.5069e+06 764649 300763 224972
threshold=162.92573750000022 -0.1950438958025166 -83.949743402778481 6272.6950000000006 3510.3269500000001 237.56825000000006
decision_type=2 2 2 2 2 2
left_child=1 3 -3 -1 -2 -6
right_child=4 2 -4 -5 5 -7
leaf_value=0.78186487787233272 2.5244305860964542 -2.5928835315230008 -0.26680323335828771 -1.2571351463081584 0.31264443508121831 1.8438305972617064
leaf_weight=2570 375 954 2571 559 658 377
leaf_count=2570 375 954 2571 559 658 377
internal_value=-0.000502941 -0.278925 -0.896886 0.41731 1.31268 0.871622
internal_weight=8064 6654 3525 3129 1410 1035
internal_count=8064 6654 3525 3129 1410 1035
is_linear=0
shrinkage=0.05


Tree=48
num_leaves=7
num_cat=0
split_feature=3 0 11 12 4 11
split_gain=1.11997e+06 817222 627542 523605 455993 451785
threshold=-10.309787500000082 2646.4874500000001 0.51864980417341211 -0.23762932952031213 -83.949743402778481 0.40265084705289472
decision_type=2 2 2 2 2 2
left_child=3 -2 -3 4 -1 -5
right_child=1 2 -4 5 -6 -7
leaf_value=-3.4972719900076399 2.7968525874750183 0.63858284387340514 -0.49048337950519072 0.27456140529001444 -1.0921781831334427 -1.6073527164262675
leaf_weight=286 329 3424 1920 1005 634 466
leaf_count=286 329 3424 1920 1005 634 466
internal_value=-0.000469452 0.382074 0.232914 -0.907891 -1.84283 -0.3223
internal_weight=8064 5673 5344 2391 920 1471
internal_count=8064 5673 5344 2391 920 1471
is_linear=0
shrinkage=0.05


Tree=49
num_leaves=7
num_cat=0
split_feature=3 0 4 12 0 12
split_gain=1.06811e+06 851319 765590 363382 233784 208882
threshold=-98.693937499999933 2709.9345500000004 -116.58611111111166 -0.62577451934762995 4204.6300000000001 0.80625269229011354
decision_type=2 2 2 2 2 2
left_child=3 5 -3 -1 -5 -2
right_child=1 2 -4 4 -6 -7
leaf_value=-4.0498364369009998 3.4808990125487718 -0.96770967915950035 0.30591541662507848 -2.2874025495074415 -0.14902954156525802 1.368180450377986
leaf_weight=153 186 1510 5384 269 243 319
leaf_count=153 186 1510 5384 269 243 319
internal_value=-0.000464433 0.172147 0.0268521 -1.91837 -1.27478 2.15167
internal_weight=8064 7399 6894 665 512 505
internal_count=8064 7399 6894 665 512 505
is_linear=0
shrinkage=0.05


Tree=50
num_leaves=7
num_cat=0
split_feature=3 12 4 11 1 11
split_gain=1.02688e+06 1.14555e+06 996158 954487 232109 196265
threshold=189.67836250000008 -0.27976242230339682 -83.949743402778481 0.55543802234893513 200.61405000000016 -0.10884096748385481
decision_type=2 2 2 2 2 2
left_child=1 2 -1 -3 5 -2
right_child=4 3 -4 -5 -6 -7
leaf_value=-2.5994826868032987 2.3873430189850566 0.8013918390502639 -0.4416824554178182 -0.80366624012706134 2.6009635734014545 0.48104491409416222
leaf_weight=726 181 2936 2026 1352 317 526
leaf_count=726 181 2936 2026 1352 317 526
internal_value=-0.000455465 -0.215706 -1.01167 0.29525 1.47816 0.971761
internal_weight=8064 7040 2752 4288 1024 707
internal_count=8064 7040 2752 4288 1024 707
is_linear=0
shrinkage=0.05


Tree=51
num_leaves=7
num_cat=0
split_feature=1 10 8 4 1 4
split_gain=974923 866419 766788 971318 777572 719683
threshold=-61.702350000000017 1.0000000180025095e-35 1.0000000180025095e-35 -21.311662500000235 257.20885000000004 -148.80892951388861
decision_type=2 2 2 2 2 2
left_child=1 -1 4 -4 -2 -3
right_child=2 5 3 -5 -6 -7
leaf_value=-1.1075815339505115 0.67588863012455702 -2.7501292347394188 -2.473945535778034 0.52522454742756153 3.5595506112773236 1.017809219693889
leaf_weight=2561 2950 144 431 719 253 1006
leaf_count=2561 2950 144 431 719 253 1006
internal_value=-0.000417649 -0.595759 0.507141 -0.599985 0.904704 0.544018
internal_weight=8064 3711 4353 1150 3203 1150
internal_count=8064 3711 4353 1150 3203 1150
is_linear=0
shrinkage=0.05


Tree=52
num_leaves=7
num_cat=0
split_feature=3 11 4 12 12 0
split_gain=924547 759385 1.01221e+06 926614 313762 222966
threshold=-98.693937499999933 0.51864980417341211 -83.949743402778481 -0.36235178784537897 -0.1088409674838548 4204.6300000000001
decision_type=2 2 2 2 2 2
left_child=4 3 -3 -2 -1 -6
right_child=1 2 -4 -5 5 -7
leaf_value=-3.1121185844868755 -0.28409682716650225 -2.3799634505777365 0.0087913915515448315 1.0987792070242184 -1.8735340546706558 0.52627176149044097
leaf_weight=266 2096 582 1853 2868 236 163
leaf_count=266 2096 582 1853 2868 236 163
internal_value=-0.000400201 0.160193 -0.562898 0.514934 -1.78477 -0.894298
internal_weight=8064 7399 2435 4964 665 399
internal_count=8064 7399 2435 4964 665 399
is_linear=0
shrinkage=0.05


Tree=53
num_leaves=7
num_cat=0
split_feature=3 11 12 3 11 0
split_gain=913389 805883 843939 343339 360133 331700
threshold=123.76956249999991 -0.62577451934762984 0.77969889170510653 280.57297499999964 -0.90630778703664994 2769.3972500000004
decision_type=2 2 2 2 2 2
left_child=1 5 -3 4 -2 -1
right_child=3 2 -4 -5 -6 -7
leaf_value=2.5051835596012442 2.84107214891297 -1.2449762241557101 0.29683352400998725 2.5895979600425827 0.430615493323527 0.30261565382985295
leaf_weight=189 169 2649 1334 256 1759 1708
leaf_count=189 169 2649 1334 256 1759 1708
internal_value=-0.000417483 -0.324734 -0.728643 0.872491 0.643269 0.523264
internal_weight=8064 5880 3983 2184 1928 1897
internal_count=8064 5880 3983 2184 1928 1897
is_linear=0
shrinkage=0.05


Tree=54
num_leaves=7
num_cat=0
split_feature=3 12 4 11 12 11
split_gain=838900 581689 643749 458635 449121 681132
threshold=77.471249999999614 -0.23762932952031213 -83.949743402778481 0.40265084705289472 0.55543802234893513 -0.6913484944011038
decision_type=2 2 2 2 2 2
left_child=1 2 -1 -3 5 -2
right_child=4 3 -4 -5 -6 -7
leaf_value=-2.6117147028188792 1.6979709091608723 0.45435928542482196 -0.53616228742620642 -0.89152625805183128 1.5232391193196382 -0.24800749201753014
leaf_weight=520 599 1937 1323 939 952 1794
leaf_count=520 599 1937 1323 939 952 1794
internal_value=-0.000348746 -0.429676 -1.12288 0.0147771 0.605277 0.239603
internal_weight=8064 4719 1843 2876 3345 2393
internal_count=8064 4719 1843 2876 3345 2393
is_linear=0
shrinkage=0.05


Tree=55
num_leaves=6
num_cat=0
split_feature=3 3 11 2 1
split_gain=801631 684208 729267 266871 219236
threshold=-126.24411250000001 209.46499999999995 -0.32136297141497078 -134.6720500000001 257.20885000000004
decision_type=2 2 2 2 2
left_child=3 2 -2 -1 -3
right_child=1 4 -4 -5 -6
leaf_value=-3.8694937892056802 0.56616795842902445 1.074445183662222 -0.47715881959063522 -1.186976307465625 3.1085904074674855
leaf_weight=147 2862 598 4035 252 170
leaf_count=147 2862 598 4035 252 170
internal_value=-0.000335101 0.113526 -0.0441975 -2.18248 1.52817
internal_weight=8064 7665 6897 399 768
internal_count=8064 7665 6897 399 768
is_linear=0
shrinkage=0.05


Tree=56
num_leaves=7
num_cat=0
split_feature=1 10 8 4 1 1
split_gain=758728 724420 650004 860351 664660 634919
threshold=-61.702350000000017 1.0000000180025095e-35 1.0000000180025095e-35 -21.311662500000235 127.8814 -394.77249999999998
decision_type=2 2 2 2 2 2
left_child=1 5 4 -4 -2 -1
right_child=2 -3 3 -5 -6 -7
leaf_value=-3.7991713130856581 0.32257902729990834 0.51666747377384348 -2.3355584541706507 0.48710453776021806 1.8703280316174444 -0.77229742223643061
leaf_weight=186 2188 1150 431 719 1015 2375
leaf_count=186 2188 1150 431 719 1015 2375
internal_value=-0.000323207 -0.525522 0.447435 -0.571891 0.813477 -0.99353
internal_weight=8064 3711 4353 1150 3203 2561
internal_count=8064 3711 4353 1150 3203 2561
is_linear=0
shrinkage=0.05


Tree=57
num_leaves=6
num_cat=0
split_feature=0 4 11 9 13
split_gain=718187 682293 1.26556e+06 1.17717e+06 132269
threshold=2646.4874500000001 -116.58611111111166 -0.32136297141497078 1.0000000180025095e-35 -0.25881904510252018
decision_type=2 2 2 2 2
left_child=4 2 -2 -3 -1
right_child=1 3 -4 -5 -6
leaf_value=1.2075618416213534 0.69545669575024693 0.41381175600965731 -2.0655157571054104 -1.7164617603767902 3.0525246720480665
leaf_weight=208 684 5194 1053 740 185
leaf_count=208 684 5194 1053 740 185
internal_value=-0.00033005 -0.107249 -0.978519 0.147911 2.0816
internal_weight=8064 7671 1737 5934 393
internal_count=8064 7671 1737 5934 393
is_linear=0
shrinkage=0.05


Tree=58
num_leaves=7
num_cat=0
split_feature=3 0 3 14 1 12
split_gain=696256 586809 491241 228816 254021 130562
threshold=-87.996183333333178 2646.4874500000001 209.46499999999995 0.4613091308703498 -212.53000000000017 0.89665931010743583
decision_type=2 2 2 2 2 2
left_child=3 5 -3 4 -1 -2
right_child=1 2 -4 -5 -6 -7
leaf_value=-2.0083850490178174 3.1624451209232216 -0.094607000919867054 1.2914558592828469 -2.6414361963825903 0.15792218972245853 1.2674738785775577
leaf_weight=246 159 6179 712 253 299 216
leaf_count=246 159 6179 712 253 299 216
internal_value=-0.000303711 0.153732 0.048772 -1.40128 -0.821785 2.07722
internal_weight=8064 7266 6891 798 545 375
internal_count=8064 7266 6891 798 545 375
is_linear=0
shrinkage=0.05


Tree=59
num_leaves=7
num_cat=0
split_feature=3 12 4 11 11 3
split_gain=643309 708144 707803 476855 262502 256019
threshold=156.02052500000016 -0.021809693682668031 -83.949743402778481 0.40265084705289472 0.971110916704501 280.57297499999964
decision_type=2 2 2 2 2 2
left_child=1 2 -1 -3 5 -2
right_child=4 3 -4 -5 -6 -7
leaf_value=-2.0086057567050979 0.84872071597642607 0.68865696907379481 -0.30451487529987875 -0.55818419793200846 -0.97383505705653173 2.7251982630816878
leaf_weight=837 1161 2305 2235 1148 163 215
leaf_count=837 1161 2305 2235 1148 163 215
internal_value=-0.000281489 -0.217195 -0.769316 0.274085 0.918927 1.14369
internal_weight=8064 6525 3072 3453 1539 1376
internal_count=8064 6525 3072 3453 1539 1376
is_linear=0
shrinkage=0.05


Tree=60
num_leaves=5
num_cat=0
split_feature=3 12 4 0
split_gain=630405 522015 716782 400551
threshold=-141.24857500000005 0.065387565056496968 -83.949743402778481 4463.1562500000009
decision_type=2 2 2 2
left_child=-1 2 -2 -3
right_child=1 3 -4 -5
leaf_value=-2.3892560008592372 -1.4705517431576096 0.61805826240925832 0.069028885911503066 -1.9786985334273308
leaf_weight=266 1001 3564 3079 154
leaf_count=266 1001 3564 3079 154
internal_value=-0.000264823 0.0815227 -0.308964 0.509997
internal_weight=8064 7798 4080 3718
internal_count=8064 7798 4080 3718
is_linear=0
shrinkage=0.05


Tree=61
num_leaves=7
num_cat=0
split_feature=3 11 12 4 9 1
split_gain=588105 546845 637060 588828 284176 395196
threshold=-48.136674999999961 0.55543802234893513 -0.72219205899833572 -83.949743402778481 1.0000000180025095e-35 -212.53000000000017
decision_type=2 2 2 2 2 2
left_child=4 2 -2 -3 5 -1
right_child=1 3 -4 -5 -6 -7
leaf_value=-1.6414383301990565 -0.34430994819059824 -1.9835292331523935 0.92675439350078159 -0.0045720706209265438 -2.6951017410547471 0.13660308132761892
leaf_weight=551 1461 488 3027 1625 192 720
leaf_count=551 1461 488 3027 1625 192 720
internal_value=-0.000283521 0.200765 0.512994 -0.462337 -0.906925 -0.634892
internal_weight=8064 6601 4488 2113 1463 1271
internal_count=8064 6601 4488 2113 1463 1271
is_linear=0
shrinkage=0.05


Tree=62
num_leaves=7
num_cat=0
split_feature=3 12 4 11 1 1
split_gain=573771 519660 534194 395971 242516 308002
threshold=141.97763750000038 -0.021809693682668031 -83.949743402778481 0.40265084705289472 177.34660000000011 -508.78875000000011
decision_type=2 2 2 2 2 2
left_child=1 2 -1 -3 5 -2
right_child=4 3 -4 -5 -6 -7
leaf_value=-1.8051281325408433 1.8476115605394758 0.58384758682843951 -0.29552072301927312 -0.57729078267464307 1.6384095034113519 -0.039742189877371145
leaf_weight=807 279 2232 2135 1093 570 948
leaf_count=807 279 2232 2135 1093 570 948
internal_value=-0.000304095 -0.226165 -0.710084 0.202097 0.787068 0.390567
internal_weight=8064 6267 2942 3325 1797 1227
internal_count=8064 6267 2942 3325 1797 1227
is_linear=0
shrinkage=0.05


Tree=63
num_leaves=7
num_cat=0
split_feature=1 8 4 2 10 2
split_gain=539206 585133 718170 679749 577448 549077
threshold=-61.702350000000017 1.0000000180025095e-35 -21.311662500000235 31.874999999999776 1.0000000180025095e-35 126.44610000000013
decision_type=2 2 2 2 2 2
left_child=4 3 -3 -2 5 -1
right_child=1 2 -4 -5 -6 -7
leaf_value=-0.67997398611947601 1.4518584989348051 -2.2012503322645056 0.37770428011556056 -0.0046983379277305854 0.48743686547663084 -3.8282378404318886
leaf_weight=2415 1603 431 719 1600 1150 146
leaf_count=2415 1603 431 719 1600 1150 146
internal_value=-0.000280514 0.377186 -0.589916 0.724488 -0.44303 -0.860877
internal_weight=8064 4353 1150 3203 3711 2561
internal_count=8064 4353 1150 3203 3711 2561
is_linear=0
shrinkage=0.05


Tree=64
num_leaves=7
num_cat=0
split_feature=0 9 4 4 12 0
split_gain=523402 669525 2.33894e+06 847063 149162 73099.2
threshold=2769.3972500000004 1.0000000180025095e-35 -18.108898263888701 -116.58611111111166 0.89665931010743583 2646.4874500000001
decision_type=2 2 2 2 2 2
left_child=4 3 -3 -2 5 -1
right_child=1 2 -4 -5 -6 -7
leaf_value=2.799344580544683 -0.99797990811879156 1.1528369236276264 -4.1735587090069863 0.35529251050660926 0.50072675479227957 1.3681757580878129
leaf_weight=166 1495 419 404 5092 288 200
leaf_count=166 1495 419 404 5092 288 200
internal_value=-0.000293745 -0.120034 -1.46371 0.048046 1.35451 2.02314
internal_weight=8064 7410 823 6587 654 366
internal_count=8064 7410 823 6587 654 366
is_linear=0
shrinkage=0.05


Tree=65
num_leaves=6
num_cat=0
split_feature=3 1 8 10 2
split_gain=513061 438666 605502 379935 204712
threshold=-126.24411250000001 19.798350000000031 1.0000000180025095e-35 1.0000000180025095e-35 -91.061399999999807
decision_type=2 2 2 2 2
left_child=4 3 -3 -2 -1
right_child=1 2 -4 -5 -6
leaf_value=-2.9971561358455157 -0.49616890947498132 1.0207149372638871 -0.43243414124088259 0.57464497572286477 -0.71908206446138445
leaf_weight=179 3345 2144 1076 1100 220
leaf_count=179 3345 2144 1076 1100 220
internal_value=-0.000272824 0.0908172 0.535145 -0.231106 -1.74601
internal_weight=8064 7665 3220 4445 399
internal_count=8064 7665 3220 4445 399
is_linear=0
shrinkage=0.05


Tree=66
num_leaves=5
num_cat=0
split_feature=0 3 11 13
split_gain=479174 462814 389542 123673
threshold=2646.4874500000001 -141.24857500000005 -0.15208718494349127 -0.25881904510252018
decision_type=2 2 2 2
left_child=3 -2 -3 -1
right_child=1 2 -4 -5
leaf_value=0.85747208076230652 -2.1569759489019256 0.39380486056145858 -0.33629661777358516 2.6381815476523296
leaf_weight=208 260 3264 4147 185
leaf_count=208 260 3264 4147 185
internal_value=-0.000278089 -0.0876116 -0.0147309 1.70029
internal_weight=8064 7671 7411 393
internal_count=8064 7671 7411 393
is_linear=0
shrinkage=0.05


Tree=67
num_leaves=7
num_cat=0
split_feature=3 12 4 11 1 2
split_gain=475748 576024 444122 394846 146694 186934
threshold=189.67836250000008 -0.27976242230339682 -83.949743402778481 0.59116893267988335 200.61405000000016 -107.80904999999983
decision_type=2 2 2 2 2 2
left_child=1 2 -1 -3 5 -2
right_child=4 3 -4 -5 -6 -7
leaf_value=-1.771401177176583 1.5569438906123976 0.53267947053351528 -0.33058648977776028 -0.50998686096220636 1.8985095402635868 -0.088477093271385435
leaf_weight=726 297 2984 2026 1304 317 410
leaf_count=726 297 2984 2026 1304 317 410
internal_value=-0.000255533 -0.146768 -0.711191 0.215555 1.00618 0.603962
internal_weight=8064 7040 2752 4288 1024 707
internal_count=8064 7040 2752 4288 1024 707
is_linear=0
shrinkage=0.05


Tree=68
num_leaves=7
num_cat=0
split_feature=3 12 4 0 1 2
split_gain=434199 489186 493727 384743 172043 190006
threshold=209.46499999999995 -0.021809693682668031 -83.949743402778481 4463.1562500000009 257.20885000000004 -107.80904999999983
decision_type=2 2 2 2 2 2
left_child=1 2 -1 -3 5 -2
right_child=4 3 -4 -5 -6 -7
leaf_value=-1.5436425270943794 1.8100222372934838 0.41203578755480819 -0.1920732096474852 -1.5428761186497457 2.529219576629282 -0.0047517931411386206
leaf_weight=915 241 3534 2577 270 170 357
leaf_count=915 241 3534 2577 270 170 357
internal_value=-0.00023477 -0.119325 -0.546562 0.272911 1.12981 0.728421
internal_weight=8064 7296 3492 3804 768 598
internal_count=8064 7296 3492 3804 768 598
is_linear=0
shrinkage=0.05


Tree=69
num_leaves=7
num_cat=0
split_feature=3 11 4 4 14 4
split_gain=420433 389648 612717 500755 211424 174803
threshold=-98.693937499999933 0.55543802234893513 -155.49236979166605 -83.949743402778481 0.4613091308703498 -83.949743402778481
decision_type=2 2 2 2 2 2
left_child=4 2 -2 -3 5 -1
right_child=1 3 -4 -5 -6 -7
leaf_value=-1.8866715734655206 -1.3859781344105369 -1.7362294394683708 0.52782154844143914 -0.016890959216216819 -2.4986317797241924 0.15390575436881671
leaf_weight=164 459 555 4608 1777 213 288
leaf_count=164 459 555 4608 1777 213 288
internal_value=-0.000213933 0.108082 0.354219 -0.426651 -1.2035 -0.589011
internal_weight=8064 7399 5067 2332 665 452
internal_count=8064 7399 5067 2332 665 452
is_linear=0
shrinkage=0.05


Tree=70
num_leaves=7
num_cat=0
split_feature=3 12 9 4 11 1
split_gain=403303 419265 385312 1.54529e+06 365993 348416
threshold=43.259687500000389 0.32136297141497122 1.0000000180025095e-35 -18.108898263888701 -0.6913484944011038 -193.33400000000026
decision_type=2 2 2 2 2 2
left_child=2 4 5 -4 -2 -1
right_child=1 -3 3 -5 -6 -7
leaf_value=-0.82901672876419041 0.93996843494442772 0.98201465756978301 1.1844182447638623 -4.1766618974109138 -0.39297729906785972 0.23298065386489439
leaf_weight=1243 695 1574 257 280 1979 2036
leaf_count=1243 695 1574 257 280 1979 2036
internal_value=-0.000245659 0.334854 -0.373271 -1.6135 -0.0463092 -0.16973
internal_weight=8064 4248 3816 537 2674 3279
internal_count=8064 4248 3816 537 2674 3279
is_linear=0
shrinkage=0.05


Tree=71
num_leaves=6
num_cat=0
split_feature=3 11 4 2 0
split_gain=395233 431153 513072 272581 153155
threshold=256.96782500000023 -0.62577451934762984 -116.58611111111166 79.359249999999761 3727.0011000000004
decision_type=2 2 2 2 2
left_child=1 3 -3 -1 -2
right_child=4 2 -4 -5 -6
leaf_value=0.83825139080051558 2.7986847258123912 -1.1952846763328382 -0.050026013397531724 -0.38879282321453096 0.75376272757784424
leaf_weight=1642 151 1280 4134 624 233
leaf_count=1642 151 1280 4134 624 233
internal_value=-0.000246145 -0.0786051 -0.320963 0.500332 1.56307
internal_weight=8064 7680 5414 2266 384
internal_count=8064 7680 5414 2266 384
is_linear=0
shrinkage=0.05


Tree=72
num_leaves=6
num_cat=0
split_feature=0 8 1 4 13
split_gain=386496 374216 907360 760783 108232
threshold=2646.4874500000001 1.0000000180025095e-35 87.442449999999795 -21.311662500000235 -0.25881904510252018
decision_type=2 2 2 2 2
left_child=4 2 -2 -3 -1
right_child=1 3 -4 -5 -6
leaf_value=0.73906666023309153 -0.23378140988842416 -2.8770467356967102 1.2296784697267285 0.051962010644400397 2.4042987044079491
leaf_weight=208 5392 345 1317 617 185
leaf_count=208 5392 345 1317 617 185
internal_value=-0.000216749 -0.0786513 0.0536413 -1.00036 1.52707
internal_weight=8064 7671 6709 962 393
internal_count=8064 7671 6709 962 393
is_linear=0
shrinkage=0.05


Tree=73
num_leaves=4
num_cat=0
split_feature=3 3 11
split_gain=367811 322740 355074
threshold=-141.24857500000005 280.57297499999964 -0.32136297141497078
decision_type=2 2 2
left_child=-1 2 -2
right_child=1 -3 -4
leaf_value=-1.825004472167751 0.42066267041719096 1.804696787987448 -0.27876143590429331
leaf_weight=266 3037 256 4505
leaf_count=266 3037 256 4505
internal_value=-0.000197763 0.0622748 0.00289993
internal_weight=8064 7798 7542
internal_count=8064 7798 7542
is_linear=0
shrinkage=0.05


Tree=74
num_leaves=7
num_cat=0
split_feature=12 4 11 9 3 4
split_gain=362503 485726 1.21858e+06 604124 334339 283001
threshold=0.32136297141497122 -83.949743402778481 -0.51864980417341167 1.0000000180025095e-35 52.841666666666704 -21.952754166666406
decision_type=2 2 2 2 2 2
left_child=1 2 -1 -3 5 -2
right_child=4 3 -4 -5 -6 -7
leaf_value=0.98838743236215643 0.63652605995531175 0.27940430864060056 -2.3114320556411321 -1.5563107093792574 0.97027613259062573 -0.64593527936575634
leaf_weight=434 795 3132 784 522 1462 935
leaf_count=434 795 3132 784 522 1462 935
internal_value=-0.000187121 -0.271517 -1.13579 0.0168053 0.413903 -0.0565688
internal_weight=8064 4872 1218 3654 3192 1730
internal_count=8064 4872 1218 3654 3192 1730
is_linear=0
shrinkage=0.05


Tree=75
num_leaves=7
num_cat=0
split_feature=0 9 4 8 12 2
split_gain=344068 531606 2.01539e+06 528037 138194 56294.3
threshold=2769.3972500000004 1.0000000180025095e-35 -18.108898263888701 1.0000000180025095e-35 0.89665931010743583 -55.687850000000019
decision_type=2 2 2 2 2 2
left_child=4 3 -3 -2 5 -1
right_child=1 2 -4 -5 -6 -7
leaf_value=2.4575405928907514 0.22311762273981817 1.1341390031620506 -3.8100607632342034 -1.1216957334045803 0.27736488204565429 1.194822378541742
leaf_weight=157 5752 419 404 835 288 209
leaf_count=157 5752 419 404 835 288 209
internal_value=-0.000187925 -0.0972714 -1.29458 0.0524982 1.09826 1.7417
internal_weight=8064 7410 823 6587 654 366
internal_count=8064 7410 823 6587 654 366
is_linear=0
shrinkage=0.05


Tree=76
num_leaves=7
num_cat=0
split_feature=3 12 3 0 11 0
split_gain=326132 334988 314427 300344 199120 197628
threshold=156.02052500000016 -0.021809693682668031 -109.84083749999989 4463.1562500000009 0.971110916704501 6058.8700000000008
decision_type=2 2 2 2 2 2
left_child=1 2 -1 -3 5 -2
right_child=4 3 -4 -5 -6 -7
leaf_value=-2.3296357688123144 1.2847979603397213 0.31565778053613702 -0.39171240097081839 -1.4578448039299066 -0.99373551774315727 0.024629097269112325
leaf_weight=225 901 3196 2847 257 163 475
leaf_count=225 901 3196 2847 257 163 475
internal_value=-0.000176324 -0.154622 -0.534362 0.183276 0.654311 0.850117
internal_weight=8064 6525 3072 3453 1539 1376
internal_count=8064 6525 3072 3453 1539 1376
is_linear=0
shrinkage=0.05


Tree=77
num_leaves=7
num_cat=0
split_feature=3 11 4 2 1 2
split_gain=303713 349592 422477 242204 141800 181922
threshold=209.46499999999995 -0.62577451934762984 -116.58611111111166 -31.92530000000033 257.20885000000004 -178.90000000000006
decision_type=2 2 2 2 2 2
left_child=1 3 -3 -1 5 -2
right_child=4 2 -4 -5 -6 -7
leaf_value=0.98790737353483138 2.0427535528779788 -1.1332247385650946 -0.070082242906911799 -0.062635551937934714 2.21521237576217 0.061238434527313201
leaf_weight=1025 156 1232 3860 1179 170 442
leaf_count=1025 156 1232 3860 1179 170 442
internal_value=-0.000189508 -0.0997904 -0.32748 0.42616 0.944918 0.580703
internal_weight=8064 7296 5092 2204 768 598
internal_count=8064 7296 5092 2204 768 598
is_linear=0
shrinkage=0.05


Tree=78
num_leaves=6
num_cat=0
split_feature=0 9 4 4 13
split_gain=301097 318014 1.72562e+06 456428 96025
threshold=2646.4874500000001 1.0000000180025095e-35 -18.108898263888701 -116.58611111111166 -0.25881904510252018
decision_type=2 2 2 2 2
left_child=4 3 -3 -2 -1
right_child=1 2 -4 -5 -6
leaf_value=0.60625541907463354 -0.70864376517397465 1.1962776224959122 -3.0549671538099807 0.2751713885870315 2.1739598128744353
leaf_weight=208 1524 478 475 5194 185
leaf_count=208 1524 478 475 5194 185
internal_value=-0.000154973 -0.069384 -0.923635 0.0519175 1.34788
internal_weight=8064 7671 953 6718 393
internal_count=8064 7671 953 6718 393
is_linear=0
shrinkage=0.05


Tree=79
num_leaves=5
num_cat=0
split_feature=3 1 8 10
split_gain=295850 252311 520185 318091
threshold=-141.24857500000005 19.798350000000031 1.0000000180025095e-35 1.0000000180025095e-35
decision_type=2 2 2 2
left_child=-1 3 -3 -2
right_child=1 2 -4 -5
leaf_value=-1.6367363502860961 -0.42311765107844246 0.8439294111203357 -0.49346687837227343 0.54766040892207912
leaf_weight=266 3431 2152 1097 1118
leaf_count=266 3431 2152 1097 1118
internal_value=-0.000144203 0.0558848 0.392355 -0.184463
internal_weight=8064 7798 3249 4549
internal_count=8064 7798 3249 4549
is_linear=0
shrinkage=0.05


Tree=80
num_leaves=7
num_cat=0
split_feature=12 4 11 4 3 4
split_gain=283306 407214 1.05154e+06 499061 262176 255121
threshold=0.32136297141497122 -83.949743402778481 -0.32136297141497078 -49.590586805556534 52.841666666666704 -21.952754166666406
decision_type=2 2 2 2 2 2
left_child=1 2 -1 -3 5 -2
right_child=4 3 -4 -5 -6 -7
leaf_value=0.71651248805722834 0.60738028737168825 2.6293880339860918 -2.2644223807304056 -0.10700763382490633 0.85861287515506057 -0.61027175136483636
leaf_weight=504 795 174 714 3480 1462 935
leaf_count=504 795 174 714 3480 1462 935
internal_value=-0.000144188 -0.240011 -1.03136 0.0239807 0.365929 -0.0506873
internal_weight=8064 4872 1218 3654 3192 1730
internal_count=8064 4872 1218 3654 3192 1730
is_linear=0
shrinkage=0.05


Tree=81
num_leaves=7
num_cat=0
split_feature=0 9 4 8 12 2
split_gain=272370 443458 1.666e+06 444128 128301 46520.1
threshold=2769.3972500000004 1.0000000180025095e-35 -18.108898263888701 1.0000000180025095e-35 0.89665931010743583 -55.687850000000019
decision_type=2 2 2 2 2 2
left_child=4 3 -3 -2 5 -1
right_child=1 2 -4 -5 -6 -7
leaf_value=2.2479579988348335 0.20676312587410439 1.028141239491247 -3.4671203252342013 -1.0265808783394161 0.1865543112880631 1.0998711396824745
leaf_weight=157 5752 419 404 835 288 209
leaf_count=157 5752 419 404 835 288 209
internal_value=-0.000125637 -0.0865035 -1.18005 0.0502864 0.977198 1.59714
internal_weight=8064 7410 823 6587 654 366
internal_count=8064 7410 823 6587 654 366
is_linear=0
shrinkage=0.05


Tree=82
num_leaves=7
num_cat=0
split_feature=1 2 8 4 10 2
split_gain=270336 457648 495881 467898 366261 528835
threshold=-61.702350000000017 79.359249999999761 1.0000000180025095e-35 -49.590586805556534 1.0000000180025095e-35 -69.314800000000091
decision_type=2 2 2 2 2 2
left_child=4 2 -2 -3 5 -1
right_child=1 3 -4 -5 -6 -7
leaf_value=-0.13165644261014425 1.0752129536967034 1.6079263121634721 -0.35388542461395267 -0.82204947299541509 0.4274013649050849 -1.6490779686603436
leaf_weight=1693 1983 234 874 1262 1150 868
leaf_count=1693 1983 234 874 1262 1150 868
internal_value=-0.00011765 0.267154 0.638059 -0.441139 -0.313614 -0.646399
internal_weight=8064 4353 2857 1496 3711 2561
internal_count=8064 4353 2857 1496 3711 2561
is_linear=0
shrinkage=0.05


Tree=83
num_leaves=7
num_cat=0
split_feature=4 2 11 4 4 4
split_gain=257182 494900 394692 1.04582e+06 820162 175093
threshold=-155.49236979166605 -199.23474999999982 0.27976242230339698 -83.949743402778481 -49.590586805556534 -187.62362500000015
decision_type=2 2 2 2 2 2
left_child=1 5 4 -4 -2 -1
right_child=2 -3 3 -5 -6 -7
leaf_value=1.7802276201696206 1.7043163212859989 -2.125140695540936 -2.3630084363430304 0.080257969734624499 0.032879979040208625 -0.51255192393979065
leaf_weight=148 935 384 531 2478 3400 188
leaf_count=148 935 384 531 2478 3400 188
internal_value=-0.000110807 -0.901245 0.0883463 -0.351548 0.393696 0.499649
internal_weight=8064 720 7344 3009 4335 336
internal_count=8064 720 7344 3009 4335 336
is_linear=0
shrinkage=0.05


Tree=84
num_leaves=5
num_cat=0
split_feature=3 12 3 11
split_gain=256587 292381 276658 269731
threshold=280.57297499999964 -0.32136297141497067 -109.84083749999989 0.55543802234893513
decision_type=2 2 2 2
left_child=1 2 -1 -3
right_child=-2 3 -4 -5
leaf_value=-2.3757958844907026 1.5543819944914214 0.46030218012307078 -0.31674989547198235 -0.33694314979343765
leaf_weight=172 256 3168 2874 1594
leaf_count=172 256 3168 2874 1594
internal_value=-0.000113971 -0.0512736 -0.433761 0.193423
internal_weight=8064 7808 3046 4762
internal_count=8064 7808 3046 4762
is_linear=0
shrinkage=0.05


Tree=85
num_leaves=5
num_cat=0
split_feature=3 2 1 1
split_gain=242617 242895 482370 372814
threshold=-141.24857500000005 88.644999999999541 -164.20469999999975 -394.77249999999998
decision_type=2 2 2 2
left_child=-1 2 -2 -3
right_child=1 3 -4 -5
leaf_value=-1.4821743853585552 -0.41678583096729194 1.3045576042190021 0.52977299903987851 -0.74307389792522038
leaf_weight=266 2048 258 3922 1570
leaf_count=266 2048 258 3922 1570
internal_value=-0.00011456 0.050624 0.205042 -0.45352
internal_weight=8064 7798 5970 1828
internal_count=8064 7798 5970 1828
is_linear=0
shrinkage=0.05


Tree=86
num_leaves=6
num_cat=0
split_feature=0 9 4 4 13
split_gain=237024 250435 1.41239e+06 366804 86316.1
threshold=2646.4874500000001 1.0000000180025095e-35 -18.108898263888701 -116.58611111111166 -0.25881904510252018
decision_type=2 2 2 2 2
left_child=4 3 -3 -2 -1
right_child=1 2 -4 -5 -6
leaf_value=0.49332207872634798 -0.6357055792539823 1.0982518710341842 -2.7478335514555088 0.24624571487957414 1.9789689862920392
leaf_weight=208 1524 478 475 5194 185
leaf_count=208 1524 478 475 5194 185
internal_value=-0.000113837 -0.0615368 -0.819608 0.0461074 1.19592
internal_weight=8064 7671 953 6718 393
internal_count=8064 7671 953 6718 393
is_linear=0
shrinkage=0.05


Tree=87
num_leaves=7
num_cat=0
split_feature=1 8 4 1 4 4
split_gain=228622 466227 497725 394684 291093 472579
threshold=19.798350000000031 1.0000000180025095e-35 -21.311662500000235 257.20885000000004 -13.770832986110916 -5.6594496527777656
decision_type=2 2 2 2 2 2
left_child=4 3 -3 -2 -1 -6
right_child=1 2 -4 -5 5 -7
leaf_value=0.067736225060890776 0.50532109963691973 -1.8349703189054574 0.31255716404182027 2.6042367011132672 -1.6585715932583858 0.020824704520583676
leaf_weight=3073 1903 431 718 253 773 913
leaf_count=3073 1903 431 718 253 773 913
internal_value=-0.000105463 0.319307 -0.493894 0.752716 -0.221949 -0.749674
internal_weight=8064 3305 1149 2156 4759 1686
internal_count=8064 3305 1149 2156 4759 1686
is_linear=0
shrinkage=0.05


Tree=88
num_leaves=7
num_cat=0
split_feature=0 9 4 8 12 2
split_gain=223981 366226 1.34894e+06 358732 121751 40259.3
threshold=2769.3972500000004 1.0000000180025095e-35 -18.108898263888701 1.0000000180025095e-35 0.89665931010743583 -22.603099999999809
decision_type=2 2 2 2 2 2
left_child=4 3 -3 -2 5 -1
right_child=1 2 -4 -5 -6 -7
leaf_value=2.0061529112810437 0.18650948725538463 0.91480705969745202 -3.1301587547343459 -0.9219383207639974 0.11622165086772616 0.94862351311545678
leaf_weight=186 5752 419 404 835 288 180
leaf_count=186 5752 419 404 835 288 180
internal_value=-0.000100084 -0.0784303 -1.0722 0.0458787 0.886167 1.49006
internal_weight=8064 7410 823 6587 654 366
internal_count=8064 7410 823 6587 654 366
is_linear=0
shrinkage=0.05


Tree=89
num_leaves=6
num_cat=0
split_feature=4 2 2 1 14
split_gain=226766 455364 343401 308077 204216
threshold=-155.49236979166605 -304.79394999999971 -401.54969999999997 42.556700000000099 -0.25881904510252068
decision_type=2 2 2 2 2
left_child=1 -1 -2 -4 -3
right_child=2 4 3 -5 -6
leaf_value=1.3756171290193286 -1.9982369253363634 -0.46478421074792381 -0.12280255672479799 0.55018067544455984 -2.4131115489000199
leaf_weight=174 192 241 4369 2783 305
leaf_count=174 192 241 4369 2783 305
internal_value=-9.43353e-05 -0.846265 0.0829675 0.13911 -1.55556
internal_weight=8064 720 7344 7152 546
internal_count=8064 720 7344 7152 546
is_linear=0
shrinkage=0.05


Tree=90
num_leaves=7
num_cat=0
split_feature=12 4 11 2 3 4
split_gain=215157 348786 857364 441131 198890 215328
threshold=0.32136297141497122 -83.949743402778481 -0.51864980417341167 31.874999999999776 52.841666666666704 -23.63358298611092
decision_type=2 2 2 2 2 2
left_child=1 2 -1 -3 5 -2
right_child=4 3 -4 -5 -6 -7
leaf_value=0.84020617565204359 0.59700832278255489 0.47764760540721857 -1.9276458647982428 -0.64655352069467531 0.74803080319497628 -0.52885965255479206
leaf_weight=434 745 2216 784 1438 1462 985
leaf_count=434 745 2216 784 1438 1462 985
internal_value=-0.000108672 -0.209144 -0.94152 0.0351722 0.318911 -0.0439558
internal_weight=8064 4872 1218 3654 3192 1730
internal_count=8064 4872 1218 3654 3192 1730
is_linear=0
shrinkage=0.05


Tree=91
num_leaves=6
num_cat=0
split_feature=3 11 4 2 0
split_gain=213784 223968 253772 220106 126673
threshold=256.96782500000023 -0.62577451934762984 -116.58611111111166 -178.90000000000006 3727.0011000000004
decision_type=2 2 2 2 2
left_child=1 3 -3 -1 -2
right_child=4 2 -4 -5 -6
leaf_value=1.4916026781511771 2.27285110326974 -0.84731175972531914 -0.041864576457291303 0.14503204825617019 0.41514402159258856
leaf_weight=360 151 1280 4134 1906 233
leaf_count=360 151 1280 4134 1906 233
internal_value=-0.000105969 -0.0577362 -0.232413 0.359526 1.14965
internal_weight=8064 7680 5414 2266 384
internal_count=8064 7680 5414 2266 384
is_linear=0
shrinkage=0.05


Tree=92
num_leaves=7
num_cat=0
split_feature=3 2 1 1 13 14
split_gain=202604 223421 381091 312009 191635 147231
threshold=-98.693937499999933 88.644999999999541 -164.20469999999975 -394.77249999999998 -0.76604444311897835 0.25881904510252068
decision_type=2 2 2 2 2 2
left_child=4 2 -2 -3 -1 -6
right_child=1 3 -4 -5 5 -7
leaf_value=0.59905099271005291 -0.35920671980718838 1.2113602364710365 0.51439987668877585 -0.69423303857106156 -0.60353939781758204 -2.3571717555354375
leaf_weight=172 1858 250 3800 1491 288 205
leaf_count=172 1858 250 3800 1491 288 205
internal_value=-7.93653e-05 0.0750979 0.227508 -0.42006 -0.835382 -1.33603
internal_weight=8064 7399 5658 1741 665 493
internal_count=8064 7399 5658 1741 665 493
is_linear=0
shrinkage=0.05


Tree=93
num_leaves=7
num_cat=0
split_feature=12 4 11 4 0 11
split_gain=196839 299444 762315 410338 183201 274585
threshold=0.32136297141497122 -83.949743402778481 1.0000000180025095e-35 -49.590586805556534 4419.7793000000011 -0.62577451934762984
decision_type=2 2 2 2 2 2
left_child=1 2 -1 -3 5 -2
right_child=4 3 -4 -5 -6 -7
leaf_value=0.38662813300418225 1.4026768083963543 2.3888415400300711 -2.1137388941794151 -0.092423978286477748 -1.1336539135606969 0.17429797627765201
leaf_weight=602 559 174 616 3480 206 2427
leaf_count=602 559 174 616 3480 206 2427
internal_value=-8.58764e-05 -0.200025 -0.878622 0.0263528 0.305051 0.404652
internal_weight=8064 4872 1218 3654 3192 2986
internal_count=8064 4872 1218 3654 3192 2986
is_linear=0
shrinkage=0.05


Tree=94
num_leaves=5
num_cat=0
split_feature=3 12 3 11
split_gain=193368 208431 218865 193225
threshold=280.57297499999964 -0.32136297141497067 -109.84083749999989 0.55543802234893513
decision_type=2 2 2 2
left_child=1 2 -1 -3
right_child=-2 3 -4 -5
leaf_value=-2.0947348713874816 1.3493972420924369 0.38799625505117535 -0.26336131669616569 -0.28677717288795473
leaf_weight=172 256 3168 2874 1594
leaf_count=172 256 3168 2874 1594
internal_value=-7.52989e-05 -0.0444874 -0.367428 0.162114
internal_weight=8064 7808 3046 4762
internal_count=8064 7808 3046 4762
is_linear=0
shrinkage=0.05


Tree=95
num_leaves=7
num_cat=0
split_feature=2 1 10 4 8 1
split_gain=188156 311436 350753 290177 269106 123129
threshold=159.47420000000014 -164.20469999999975 1.0000000180025095e-35 -43.0850722222226 1.0000000180025095e-35 -164.20469999999975
decision_type=2 2 2 2 2 2
left_child=1 2 -1 -2 -3 -5
right_child=3 4 -4 5 -6 -7
leaf_value=-0.90603387622078346 1.3231334762753182 0.52419672532123907 0.32696930460284679 0.31513312175160363 -0.39620807953841486 -1.2782712470285649
leaf_weight=1346 158 3691 1008 146 1011 704
leaf_count=1346 158 3691 1008 146 1011 704
internal_value=-7.71614e-05 0.0912365 -0.378138 -0.63873 0.326254 -1.00453
internal_weight=8064 7056 2354 1008 4702 850
internal_count=8064 7056 2354 1008 4702 850
is_linear=0
shrinkage=0.05


Tree=96
num_leaves=6
num_cat=0
split_feature=0 8 1 4 13
split_gain=180343 209490 573481 546545 75643.5
threshold=2646.4874500000001 1.0000000180025095e-35 127.8814 -21.311662500000235 -0.25881904510252018
decision_type=2 2 2 2 2
left_child=4 2 -2 -3 -1
right_child=1 3 -4 -5 -6
leaf_value=0.38594365949123105 -0.14306042923403098 -2.3339400997159281 1.1793669785409933 0.14848895733000586 1.7761130737681545
leaf_weight=208 5754 345 955 617 185
leaf_count=208 5754 345 955 617 185
internal_value=-7.38724e-05 -0.0536516 0.0453297 -0.743278 1.0432
internal_weight=8064 7671 6709 962 393
internal_count=8064 7671 6709 962 393
is_linear=0
shrinkage=0.05


Tree=97
num_leaves=7
num_cat=0
split_feature=2 1 10 4 8 3
split_gain=178698 275656 317123 261194 225632 120104
threshold=159.47420000000014 -164.20469999999975 1.0000000180025095e-35 -43.0850722222226 1.0000000180025095e-35 129.01706249999964
decision_type=2 2 2 2 2 2
left_child=1 2 -1 -2 -3 -5
right_child=3 4 -4 5 -6 -7
leaf_value=-0.85461773148999898 1.238897631659448 0.49127891199603496 0.31778297864631688 -1.3363831482996995 -0.35151166920715821 -0.0077664628914967809
leaf_weight=1346 158 3691 1008 615 1011 235
leaf_count=1346 158 3691 1008 615 1011 235
internal_value=-6.38941e-05 0.0889252 -0.352665 -0.622458 0.31003 -0.9695
internal_weight=8064 7056 2354 1008 4702 850
internal_count=8064 7056 2354 1008 4702 850
is_linear=0
shrinkage=0.05


Tree=98
num_leaves=7
num_cat=0
split_feature=4 2 11 4 4 4
split_gain=171501 461618 273632 767463 740192 165731
threshold=-155.49236979166605 -199.23474999999982 0.27976242230339698 -83.949743402778481 -49.590586805556534 -187.62362500000015
decision_type=2 2 2 2 2 2
left_child=1 5 4 -4 -2 -1
right_child=2 -3 3 -5 -6 -7
leaf_value=1.8624228398371863 1.5715005576152865 -1.9180365894831621 -2.0172025905873041 0.075800414644606254 -0.016344324563994404 -0.3686058523990805
leaf_weight=148 935 384 531 2478 3400 188
leaf_count=148 935 384 531 2478 3400 188
internal_value=-6.38148e-05 -0.735936 0.0721709 -0.294101 0.326415 0.61672
internal_weight=8064 720 7344 3009 4335 336
internal_count=8064 720 7344 3009 4335 336
is_linear=0
shrinkage=0.05


Tree=99
num_leaves=7
num_cat=0
split_feature=2 1 4 1 10 2
split_gain=173673 354480 339383 385345 269577 229308
threshold=79.359249999999761 -212.53000000000017 -49.590586805556534 -394.77249999999998 1.0000000180025095e-35 -125.28120000000011
decision_type=2 2 2 2 2 2
left_child=1 4 -2 -4 -1 -3
right_child=2 5 3 -5 -6 -7
leaf_value=-1.0412949281788642 1.1005129306145272 0.85867677130284825 1.0991020578746649 -0.99928524233916782 0.18224066894892454 0.099293030404933924
leaf_weight=936 316 1587 257 1443 866 2659
leaf_count=936 316 1587 257 1443 866 2659
internal_value=-6.56508e-05 0.133908 -0.401853 -0.681599 -0.453517 0.383258
internal_weight=8064 6048 2016 1700 1802 4246
internal_count=8064 6048 2016 1700 1802 4246
is_linear=0
shrinkage=0.05


end of trees

feature_importances:
Column_3=134
Column_4=109
Column_1=84
Column_11=73
Column_12=46
Column_0=34
Column_2=27
Column_8=24
Column_10=22
Column_9=10
Column_13=7
Column_14=4

parameters:
[boosting: gbdt]
[objective: regression]
[metric: l2]
[tree_learner: serial]
[device_type: cpu]
[data_sample_strategy: bagging]
[data: ]
[valid: ]
[num_iterations: 100]
[learning_rate: 0.05]
[num_leaves: 7]
[num_threads: 1]
[seed: 20250911]
[deterministic: 1]
[force_col_wise: 1]
[force_row_wise: 0]
[histogram_pool_size: -1]
[max_depth: 3]
[min_data_in_leaf: 144]
[min_sum_hessian_in_leaf: 0.001]
[bagging_fraction: 1]
[pos_bagging_fraction: 1]
[neg_bagging_fraction: 1]
[bagging_freq: 0]
[bagging_seed: 20250911]
[bagging_by_query: 0]
[feature_fraction: 1]
[feature_fraction_bynode: 1]
[feature_fraction_seed: 20250911]
[extra_trees: 0]
[extra_seed: 26685]
[early_stopping_round: 0]
[early_stopping_min_delta: 0]
[first_metric_only: 0]
[max_delta_step: 0]
[lambda_l1: 0]
[lambda_l2: 1]
[linear_lambda: 0]
[min_gain_to_split: 0]
[drop_rate: 0.1]
[max_drop: 50]
[skip_drop: 0.5]
[xgboost_dart_mode: 0]
[uniform_drop: 0]
[drop_seed: 2504]
[top_rate: 0.2]
[other_rate: 0.1]
[min_data_per_group: 100]
[max_cat_threshold: 32]
[cat_l2: 10]
[cat_smooth: 10]
[max_cat_to_onehot: 4]
[top_k: 20]
[monotone_constraints: ]
[monotone_constraints_method: basic]
[monotone_penalty: 0]
[feature_contri: ]
[forcedsplits_filename: ]
[refit_decay_rate: 0.9]
[cegb_tradeoff: 1]
[cegb_penalty_split: 0]
[cegb_penalty_feature_lazy: ]
[cegb_penalty_feature_coupled: ]
[path_smooth: 0]
[interaction_constraints: ]
[verbosity: -1]
[saved_feature_importance_type: 0]
[use_quantized_grad: 0]
[num_grad_quant_bins: 4]
[quant_train_renew_leaf: 0]
[stochastic_rounding: 1]
[linear_tree: 0]
[max_bin: 63]
[max_bin_by_feature: ]
[min_data_in_bin: 3]
[bin_construct_sample_cnt: 200000]
[data_random_seed: 20250911]
[is_enable_sparse: 1]
[enable_bundle: 1]
[use_missing: 1]
[zero_as_missing: 0]
[feature_pre_filter: 0]
[pre_partition: 0]
[two_round: 0]
[header: 0]
[label_column: ]
[weight_column: ]
[group_column: ]
[ignore_column: ]
[categorical_feature: ]
[forcedbins_filename: ]
[precise_float_parser: 0]
[parser_config_file: ]
[objective_seed: 19683]
[num_class: 1]
[is_unbalance: 0]
[scale_pos_weight: 1]
[sigmoid: 1]
[boost_from_average: 1]
[reg_sqrt: 0]
[alpha: 0.9]
[fair_c: 1]
[poisson_max_delta_step: 0.7]
[tweedie_variance_power: 1.5]
[lambdarank_truncation_level: 30]
[lambdarank_norm: 1]
[label_gain: ]
[lambdarank_position_bias_regularization: 0]
[eval_at: ]
[multi_error_top_k: 1]
[auc_mu_weights: ]
[num_machines: 1]
[local_listen_port: 12400]
[time_out: 120]
[machine_list_filename: ]
[machines: ]
[gpu_platform_id: -1]
[gpu_device_id: -1]
[gpu_device_id_list: ]
[gpu_use_dp: 0]
[num_gpu: 1]

end of parameters

pandas_categorical:null
