tree
version=v4
num_class=1
num_tree_per_iteration=1
label_index=0
max_feature_idx=14
objective=regression
feature_names=Column_0 Column_1 Column_2 Column_3 Column_4 Column_5 Column_6 Column_7 Column_8 Column_9 Column_10 Column_11 Column_12 Column_13 Column_14
feature_infos=[2211.6900000000001:7524.4004999999997] [-3998.1497000000004:3851.9499999999998] [-602.93000000000029:553.97000000000025] [-273.31110000000081:343.71326666666664] [-194.96150000000034:31.102710416666923] [0:1] [0:1] [0:1] [0:1] [0:1] [0:1] [-1:1] [-1:1] [-1:1] [-1:1]
tree_sizes=758 751 760 750 750 755 756 746 756 759 753 753 751 745 748 758 751 750 678 674 674 667 751 670 756 670 673 757 744 670 746 675 751 746 663 747 662 750 657 657 742 660 663 664 662 672 748 742 742 498 663 745 664 579 748 582 668 578 497 742 743 753 580 742 660 500 749 748 747 658 582 746 664 741 499 751 749 753 500 566 665 743 500 663 727 498 582 744 745 500 729 583 738 740 669 729 660 658 751 659

Tree=0
num_leaves=7
num_cat=0
split_feature=3 3 1 3 1 1
split_gain=1.86804e+07 6.33421e+06 3.62799e+06 2.17977e+06 1.1071e+06 1.06255e+06
threshold=-11.43747499999972 93.416999999999931 -55.884199999999957 -130.76624999999964 121.78574999999979 -203.67929999999998
decision_type=2 2 2 2 2 2
left_child=3 2 -2 -1 -3 -5
right_child=1 4 -4 5 -6 -7
leaf_value=-43.812230506793775 -35.210337815170263 -29.036700735617085 -30.863560015914736 -40.333947113138606 -24.817140261989291 -36.789184056628613
leaf_weight=192 831 319 1134 318 311 639
leaf_count=192 831 319 1134 318 311 639
internal_value=-33.6516 -31.3016 -32.7017 -38.9566 -26.943 -37.9728
internal_weight=3744 2595 1965 1149 630 957
internal_count=3744 2595 1965 1149 630 957
is_linear=0
shrinkage=1


Tree=1
num_leaves=7
num_cat=0
split_feature=3 3 1 3 1 1
split_gain=1.68644e+07 5.71879e+06 3.27461e+06 1.96875e+06 999506 981661
threshold=-11.43747499999972 93.416999999999931 -55.884199999999957 -130.76624999999964 121.78574999999979 -124.37709999999991
decision_type=2 2 2 2 2 2
left_child=3 2 -2 -1 -3 -5
right_child=1 4 -4 5 -6 -7
leaf_value=-9.6552188261802954 -1.4808820945389858 4.384887931570411 2.6487733037090382 -5.8049803164252758 8.3941650195572617 -2.5889157234779088
leaf_weight=192 831 319 1134 450 311 507
leaf_count=192 831 319 1134 450 311 507
internal_value=-7.07937e-05 2.23282 0.902474 -5.04058 6.37424 -4.10565
internal_weight=3744 2595 1965 1149 630 957
internal_count=3744 2595 1965 1149 630 957
is_linear=0
shrinkage=0.05


Tree=2
num_leaves=7
num_cat=0
split_feature=3 3 1 3 1 1
split_gain=1.52529e+07 4.90993e+06 2.68314e+06 2.12611e+06 1.08431e+06 765134
threshold=-5.2331541666662806 82.277916666666457 -55.884199999999957 -85.509074999999925 54.810849999999853 1.0000000180025095e-35
decision_type=2 2 2 2 2 2
left_child=3 2 -2 -1 -3 -5
right_child=1 4 -4 5 -6 -7
leaf_value=-7.3562118348431085 -1.4318881544750184 3.4109744906450312 2.4959344395785932 -4.1323552872275231 7.3665500565939617 -0.90741640122174483
leaf_weight=432 751 299 1030 528 421 283
leaf_count=432 751 299 1030 528 421 283
internal_value=-0.000122014 2.2496 0.839803 -4.52489 5.7309 -3.00951
internal_weight=3744 2501 1781 1243 720 811
internal_count=3744 2501 1781 1243 720 811
is_linear=0
shrinkage=0.05


Tree=3
num_leaves=7
num_cat=0
split_feature=3 3 1 1 1 3
split_gain=1.37799e+07 4.68885e+06 2.50617e+06 1.74086e+06 978746 700376
threshold=-11.43747499999972 82.277916666666457 -55.884199999999957 -203.67929999999998 54.810849999999853 -79.525724999999952
decision_type=2 2 2 2 2 2
left_child=3 2 -2 -1 -3 -5
right_child=1 4 -4 5 -6 -7
leaf_value=-7.1531013135964745 -1.4178402366895653 3.240994353055954 2.2762053687329713 -5.0799009644328912 6.9990954171071698 -1.8901708222230706
leaf_weight=413 800 299 1075 276 421 460
leaf_count=413 800 299 1075 276 421 460
internal_value=-0.000123295 2.01827 0.700164 -4.55642 5.4451 -3.09159
internal_weight=3744 2595 1875 1149 720 736
internal_count=3744 2595 1875 1149 720 736
is_linear=0
shrinkage=0.05


Tree=4
num_leaves=7
num_cat=0
split_feature=3 3 1 3 1 1
split_gain=1.24642e+07 4.06651e+06 2.5666e+06 1.79326e+06 658564 632735
threshold=-5.2331541666662806 116.68711666666651 19.74000000000024 -85.509074999999925 153.49180000000004 -76.168450000000107
decision_type=2 2 2 2 2 2
left_child=3 2 -2 -1 -3 -5
right_child=1 4 -4 5 -6 -7
leaf_value=-6.6905956088395371 -0.57630875807048543 4.5270600835972852 2.9663654205895558 -4.0313657880355329 8.4012047141077417 -1.2323063975372881
leaf_weight=432 1088 242 963 424 208 387
leaf_count=432 1088 242 963 424 208 387
internal_value=-0.000157497 2.03353 1.08771 -4.09043 6.33243 -2.69885
internal_weight=3744 2501 2051 1243 450 811
internal_count=3744 2501 2051 1243 450 811
is_linear=0
shrinkage=0.05


Tree=5
num_leaves=7
num_cat=0
split_feature=3 3 1 3 1 1
split_gain=1.12632e+07 3.90893e+06 1.92379e+06 1.51968e+06 1.09036e+06 704544
threshold=-11.43747499999972 78.205058333333014 -110.98540000000001 -130.76624999999964 54.810849999999853 -223.03140000000027
decision_type=2 2 2 2 2 2
left_child=3 2 -2 -1 -3 -5
right_child=1 4 -4 5 -6 -7
leaf_value=-8.172554452308102 -1.6558683774649627 2.6094736109490579 1.7489383496425006 -5.370063754471226 6.4407374511207394 -2.4044686153553285
leaf_weight=192 634 324 1196 287 441 670
leaf_count=192 634 324 1196 287 441 670
internal_value=-0.000104713 1.82469 0.569089 -4.11937 4.82361 -3.29851
internal_weight=3744 2595 1830 1149 765 957
internal_count=3744 2595 1830 1149 765 957
is_linear=0
shrinkage=0.05


Tree=6
num_leaves=7
num_cat=0
split_feature=3 3 1 3 1 1
split_gain=1.0185e+07 3.39878e+06 1.99603e+06 1.51952e+06 774294 712599
threshold=-5.2331541666662806 105.05862499999968 -110.98540000000001 -119.97508333333347 153.49180000000004 1.0000000180025095e-35
decision_type=2 2 2 2 2 2
left_child=3 2 -2 -1 -3 -5
right_child=1 4 -4 5 -6 -7
leaf_value=-7.2663658570274094 -1.3865213132050425 3.6144088207375287 1.9963680577253093 -3.763290453593259 7.4408705713807564 -0.91737189982313583
leaf_weight=240 653 297 1308 676 243 327
leaf_count=240 653 297 1308 676 243 327
internal_value=-0.000190306 1.83818 0.869756 -3.69762 5.34689 -2.8373
internal_weight=3744 2501 1961 1243 540 1003
internal_count=3744 2501 1961 1243 540 1003
is_linear=0
shrinkage=0.05


Tree=7
num_leaves=7
num_cat=0
split_feature=3 3 1 1 1 3
split_gain=9.20966e+06 3.23685e+06 1.57264e+06 1.34817e+06 908325 544008
threshold=-11.43747499999972 78.205058333333014 -32.2082499999999 -203.67929999999998 54.810849999999853 -100.6922666666669
decision_type=2 2 2 2 2 2
left_child=3 2 -2 5 -3 -1
right_child=1 4 -4 -5 -6 -7
leaf_value=-8.4203587401386919 -1.0693190140213085 2.3580948827679342 1.8685377390632674 -2.4366426832390777 5.8547991787621285 -4.6080844897438178
leaf_weight=150 848 324 982 736 441 263
leaf_count=150 848 324 982 736 441 263
internal_value=-0.000184594 1.64989 0.50733 -3.72506 4.37885 -6.00968
internal_weight=3744 2595 1830 1149 765 413
internal_count=3744 2595 1830 1149 765 413
is_linear=0
shrinkage=0.05


Tree=8
num_leaves=7
num_cat=0
split_feature=3 3 1 1 3 3
split_gain=8.3238e+06 3.35875e+06 1.46166e+06 1.17815e+06 1.12954e+06 329256
threshold=-32.375275000000094 49.984999999999907 -22.640499999999516 -223.03140000000027 149.28833333333367 -79.525724999999952
decision_type=2 2 2 2 2 2
left_child=3 2 -2 -1 -3 -5
right_child=1 4 -4 5 -6 -7
leaf_value=-6.5886629297797175 -1.3799253565367762 2.6160928278618893 1.4731177748342805 -4.0088202641630657 6.3786448508061167 -1.6410538237828476
leaf_weight=321 909 768 885 293 270 298
leaf_count=321 909 768 885 293 270 298
internal_value=-0.000261496 1.33775 0.0275489 -4.15205 3.59999 -2.81971
internal_weight=3744 2832 1794 912 1038 591
internal_count=3744 2832 1794 912 1038 591
is_linear=0
shrinkage=0.05


Tree=9
num_leaves=7
num_cat=0
split_feature=3 1 3 3 4 1
split_gain=7.57289e+06 2.6194e+06 1.24127e+06 1.20184e+06 1.02393e+06 530385
threshold=-5.2331541666662806 54.810849999999853 -130.76624999999964 105.05862499999968 -118.4625569444447 -124.37709999999991
decision_type=2 2 2 2 2 2
left_child=2 4 -1 -3 -2 -4
right_child=1 3 5 -5 -6 -7
leaf_value=-6.8779221161659523 -3.84911406370875 2.3186413246797928 -3.7096453296191338 5.9128041740410353 0.58141727864034454 -1.4548973288029114
leaf_weight=192 145 809 490 327 1220 561
leaf_count=192 145 809 490 327 1220 561
internal_value=-0.000290531 1.58491 -3.18853 3.35752 0.108301 -2.50864
internal_weight=3744 2501 1243 1136 1365 1051
internal_count=3744 2501 1243 1136 1365 1051
is_linear=0
shrinkage=0.05


Tree=10
num_leaves=7
num_cat=0
split_feature=3 3 1 1 3 3
split_gain=6.86417e+06 2.87908e+06 1.23458e+06 1.01502e+06 983286 272412
threshold=-32.375275000000094 49.984999999999907 -22.640499999999516 -223.03140000000027 161.39265000000003 -79.525724999999952
decision_type=2 2 2 2 2 2
left_child=3 2 -2 -1 -3 -5
right_child=1 4 -4 5 -6 -7
leaf_value=-6.0320533869134394 -1.2918736049893138 2.4940817922445278 1.3302068327845793 -3.6157212261439997 6.2302318751020778 -1.4622658892643692
leaf_weight=321 909 813 885 293 225 298
leaf_count=321 909 813 885 293 225 298
internal_value=-0.000370488 1.21467 0.00164806 -3.7706 3.30916 -2.53419
internal_weight=3744 2832 1794 912 1038 591
internal_count=3744 2832 1794 912 1038 591
is_linear=0
shrinkage=0.05


Tree=11
num_leaves=7
num_cat=0
split_feature=3 3 1 3 4 1
split_gain=6.21697e+06 2.26145e+06 1.48669e+06 1.06158e+06 475123 390130
threshold=-5.2331541666662806 116.68711666666651 19.74000000000024 -130.76624999999964 -54.447675347223132 153.49180000000004
decision_type=2 2 2 2 2 2
left_child=3 2 -2 -1 -5 -3
right_child=1 5 -4 4 -6 -7
leaf_value=-6.300871190112181 -0.53575824982562781 3.254181727006602 2.1604518526353531 -4.6755910948354602 -1.7896588339540018 6.2327124031091286
leaf_weight=192 1088 242 963 170 881 208
leaf_count=192 1088 242 963 170 881 208
internal_value=-0.000383286 1.43591 0.730621 -2.88913 -2.26046 4.64169
internal_weight=3744 2501 2051 1243 1051 450
internal_count=3744 2501 2051 1243 1051 450
is_linear=0
shrinkage=0.05


Tree=12
num_leaves=7
num_cat=0
split_feature=3 3 1 1 3 3
split_gain=5.66808e+06 2.40427e+06 1.02742e+06 892264 819821 228425
threshold=-32.375275000000094 49.984999999999907 -87.687450000000112 -223.03140000000027 161.39265000000003 -79.525724999999952
decision_type=2 2 2 2 2 2
left_child=3 2 -2 -1 -3 -5
right_child=1 4 -4 5 -6 -7
leaf_value=-5.5464808839818716 -1.454912076658855 2.2734942370613225 0.98145181317547969 -3.257746910947521 5.6849641577596159 -1.2862180854913383
leaf_weight=321 726 813 1068 293 225 298
leaf_count=321 726 813 1068 293 225 298
internal_value=-0.000386255 1.10373 -0.00476273 -3.42642 3.01773 -2.26749
internal_weight=3744 2832 1794 912 1038 591
internal_count=3744 2832 1794 912 1038 591
is_linear=0
shrinkage=0.05


Tree=13
num_leaves=7
num_cat=0
split_feature=3 3 1 1 1 2
split_gain=5.11707e+06 2.18746e+06 1.0208e+06 805515 619317 210486
threshold=-32.375275000000094 78.205058333333014 30.069300000000116 -223.03140000000027 54.810849999999853 -99.336300000000151
decision_type=2 2 2 2 2 2
left_child=3 2 -2 -1 -3 -5
right_child=1 4 -4 5 -6 -7
leaf_value=-5.2700180596180308 -0.74429408224682037 1.663817176121932 1.5052078668229136 -0.54637286335814239 4.5493105405191496 -2.7087979691611097
leaf_weight=321 1197 324 870 152 441 439
leaf_count=321 1197 324 870 152 441 439
internal_value=-0.000401706 1.04868 0.202791 -3.25565 3.33099 -2.1545
internal_weight=3744 2832 2067 912 765 591
internal_count=3744 2832 2067 912 765 591
is_linear=0
shrinkage=0.05


Tree=14
num_leaves=7
num_cat=0
split_feature=3 3 1 3 4 1
split_gain=4.65102e+06 1.79491e+06 1.17792e+06 803501 334779 325795
threshold=-11.43747499999972 116.68711666666651 -124.37709999999991 -130.76624999999964 -54.447675347223132 153.49180000000004
decision_type=2 2 2 2 2 2
left_child=3 2 -2 -1 -5 -3
right_child=1 5 -4 4 -6 -7
leaf_value=-5.5935547674875812 -1.1367589005128329 2.7733166182605329 1.3730791492845975 -4.1902726678492188 -1.6394073112924463 5.4924682024278146
leaf_weight=192 687 242 1458 153 804 208
leaf_count=192 687 242 1458 153 804 208
internal_value=-0.000402349 1.17222 0.569074 -2.64746 -2.05117 4.03956
internal_weight=3744 2595 2145 1149 957 450
internal_count=3744 2595 2145 1149 957 450
is_linear=0
shrinkage=0.05


Tree=15
num_leaves=7
num_cat=0
split_feature=3 1 4 8 3 4
split_gain=4.21139e+06 1.62266e+06 1.01301e+06 954872 787043 360764
threshold=-5.2331541666662806 54.810849999999853 -118.4625569444447 1.0000000180025095e-35 -130.76624999999964 -54.447675347223132
decision_type=2 2 2 2 2 2
left_child=4 2 -2 -3 -1 -6
right_child=1 3 -4 -5 5 -7
leaf_value=-5.3153259341272054 -3.916626464881718 3.6382655777520427 0.49021748940198756 0.59696735926721267 -3.9408809893459562 -1.4268327841378934
leaf_weight=192 145 739 1220 397 170 881
leaf_count=192 145 739 1220 397 170 881
internal_value=-0.000421213 1.18171 0.0195667 2.57688 -2.37799 -1.83684
internal_weight=3744 2501 1365 1136 1243 1051
internal_count=3744 2501 1365 1136 1243 1051
is_linear=0
shrinkage=0.05


Tree=16
num_leaves=7
num_cat=0
split_feature=3 3 1 4 1 4
split_gain=3.84856e+06 1.80455e+06 773584 705327 689995 199052
threshold=-32.375275000000094 49.984999999999907 -173.23639999999975 -54.447675347223132 -223.03140000000027 -15.443739583333352
decision_type=2 2 2 2 2 2
left_child=4 2 -2 -3 -1 -6
right_child=1 3 -4 -5 5 -7
leaf_value=-4.6875608600861174 -1.7124665439572362 -0.49442721642553811 0.59710093182353041 3.1212537709750179 -0.74020838340319051 -2.5974955868932001
leaf_weight=321 503 159 1291 879 253 338
leaf_count=321 503 159 1291 879 253 338
internal_value=-0.00053199 0.909272 -0.0510466 2.56746 -2.82361 -1.80501
internal_weight=3744 2832 1794 1038 912 591
internal_count=3744 2832 1794 1038 912 591
is_linear=0
shrinkage=0.05


Tree=17
num_leaves=7
num_cat=0
split_feature=3 3 1 1 1 2
split_gain=3.47424e+06 1.65765e+06 1.00631e+06 622923 265733 190339
threshold=-32.375275000000094 116.68711666666651 19.74000000000024 -223.03140000000027 153.49180000000004 -99.336300000000151
decision_type=2 2 2 2 2 2
left_child=3 2 -2 -1 -3 -5
right_child=1 4 -4 5 -6 -7
leaf_value=-4.4539106916427986 -0.59921255591003575 2.4998915205767127 1.4641678955275119 -0.18836240635977852 4.9555741563368079 -2.2420072030331091
leaf_weight=321 1301 242 1081 152 208 439
leaf_count=321 1301 242 1081 152 208 439
internal_value=-0.000592338 0.863835 0.337413 -2.68287 3.64343 -1.71504
internal_weight=3744 2832 2382 912 450 591
internal_count=3744 2832 2382 912 450 591
is_linear=0
shrinkage=0.05


Tree=18
num_leaves=6
num_cat=0
split_feature=3 4 3 4 9
split_gain=3.16641e+06 2.37213e+06 1.23344e+06 627653 800128
threshold=49.984999999999907 -118.4625569444447 -79.525724999999952 -54.447675347223132 1.0000000180025095e-35
decision_type=2 2 2 2 2
left_child=1 -1 -3 -2 -5
right_child=3 2 -4 4 -6
leaf_value=-6.5835149695013842 -0.54209432288073012 -2.9421455935948457 -0.014336111069879665 3.5681694239830777 -0.37739224847714614
leaf_weight=171 159 433 2102 723 156
leaf_count=171 159 433 2102 723 156
internal_value=-0.000543556 -0.901147 -0.515394 2.34588 2.8683
internal_weight=3744 2706 2535 1038 879
internal_count=3744 2706 2535 1038 879
is_linear=0
shrinkage=0.05


Tree=19
num_leaves=6
num_cat=0
split_feature=3 4 3 3 9
split_gain=2.89977e+06 1.29105e+06 1.59477e+06 619625 260169
threshold=-5.2331541666662806 -118.4625569444447 110.00706666666657 -130.76624999999964 1.0000000180025095e-35
decision_type=2 2 2 2 2
left_child=3 -2 -3 -1 -5
right_child=1 2 -4 4 -6
leaf_value=-4.57940456800047 -3.3232558798936247 0.65995540233236472 4.0308424382864736 -1.1601037233667886 -3.3589114163469223
leaf_weight=192 162 1910 429 893 158
leaf_count=192 162 1910 429 893 158
internal_value=-0.000608388 0.980314 1.27967 -1.97349 -1.49354
internal_weight=3744 2501 2339 1243 1051
internal_count=3744 2501 2339 1243 1051
is_linear=0
shrinkage=0.05


Tree=20
num_leaves=6
num_cat=0
split_feature=3 4 3 3 12
split_gain=2.65665e+06 2.08377e+06 1.00994e+06 569395 411193
threshold=49.984999999999907 -118.4625569444447 -79.525724999999952 161.39265000000003 -0.75166088996455083
decision_type=2 2 2 2 2
left_child=1 -1 -3 4 -2
right_child=3 2 -4 -5 -6
leaf_value=-6.1514023387847949 -0.52615797963548216 -2.6599832613476071 -0.010677444153893573 4.3704443145642236 2.142862589269924
leaf_weight=171 187 433 2102 225 626
leaf_count=171 187 433 2102 225 626
internal_value=-0.000681187 -0.825611 -0.464072 2.14858 1.52906
internal_weight=3744 2706 2535 1038 813
internal_count=3744 2706 2535 1038 813
is_linear=0
shrinkage=0.05


Tree=21
num_leaves=6
num_cat=0
split_feature=4 3 3 9 11
split_gain=2.46042e+06 2.5e+06 911693 749712 136903
threshold=-118.4625569444447 49.984999999999907 -79.525724999999952 1.0000000180025095e-35 1.0000000180025095e-35
decision_type=2 2 2 2 2
left_child=4 2 -2 -3 -1
right_child=1 3 -4 -5 -6
leaf_value=-3.3003022297497453 -2.5272905424717935 3.242865886105414 -0.010143795960768349 -0.556704140392838 -5.5343282838936512
leaf_weight=144 433 765 2102 156 144
leaf_count=144 433 765 2102 156 144
internal_value=-0.000684968 0.369817 -0.440921 2.59938 -4.4326
internal_weight=3744 3456 2535 921 288
internal_count=3744 3456 2535 921 288
is_linear=0
shrinkage=0.05


Tree=22
num_leaves=7
num_cat=0
split_feature=3 4 3 1 4 3
split_gain=2.2452e+06 1.16674e+06 1.37749e+06 477404 190183 106364
threshold=-32.375275000000094 -118.4625569444447 110.00706666666657 -223.03140000000027 -15.443739583333352 -92.074991666666605
decision_type=2 2 2 2 2 2
left_child=3 -2 -3 5 -5 -1
right_child=1 2 -4 4 -6 -7
leaf_value=-4.6582961631891058 -3.0697454266871018 0.46380855018696787 3.5569273422805723 -0.27173634589187745 -2.0845282332999164 -2.7963886114473118
leaf_weight=155 191 2212 429 253 338 166
leaf_count=155 191 2212 429 253 338 166
internal_value=-0.000766688 0.694139 0.967406 -2.15703 -1.31026 -3.70712
internal_weight=3744 2832 2641 912 591 321
internal_count=3744 2832 2641 912 591 321
is_linear=0
shrinkage=0.05


Tree=23
num_leaves=6
num_cat=0
split_feature=4 3 3 9 4
split_gain=2.06201e+06 2.08496e+06 743592 672900 131073
threshold=-118.4625569444447 49.984999999999907 -79.525724999999952 1.0000000180025095e-35 -187.62362500000015
decision_type=2 2 2 2 2
left_child=4 2 -2 -3 -1
right_child=1 3 -4 -5 -6
leaf_value=-2.9548242222029586 -2.2862861564528831 2.9840803812615402 -0.013011031882696587 -0.61513339683508417 -5.1333825856241688
leaf_weight=144 433 765 2102 156 144
leaf_count=144 433 765 2102 156 144
internal_value=-0.000846662 0.338334 -0.402055 2.37444 -4.0581
internal_weight=3744 3456 2535 921 288
internal_count=3744 3456 2535 921 288
is_linear=0
shrinkage=0.05


Tree=24
num_leaves=7
num_cat=0
split_feature=3 1 8 4 3 9
split_gain=1.89389e+06 980630 1.31221e+06 592578 411724 257815
threshold=-11.43747499999972 121.78574999999979 1.0000000180025095e-35 -118.4625569444447 -130.76624999999964 1.0000000180025095e-35
decision_type=2 2 2 2 2 2
left_child=4 3 -3 -2 -1 -6
right_child=1 2 -4 -5 5 -7
leaf_value=-3.7983824265435575 -2.8382605160306569 3.7521811706149109 -0.041768244532056464 0.33471482175563005 -0.91438347603965375 -3.1991826827803704
leaf_weight=192 162 509 412 1512 812 145
leaf_count=192 162 509 412 1512 812 145
internal_value=-0.000911368 0.747361 2.05679 0.0261415 -1.69005 -1.26354
internal_weight=3744 2595 921 1674 1149 957
internal_count=3744 2595 921 1674 1149 957
is_linear=0
shrinkage=0.05


Tree=25
num_leaves=6
num_cat=0
split_feature=3 4 3 3 12
split_gain=1.77359e+06 1.48498e+06 597919 472309 382739
threshold=49.984999999999907 -118.4625569444447 -79.525724999999952 161.39265000000003 -0.75166088996455083
decision_type=2 2 2 2 2
left_child=1 -1 -3 4 -2
right_child=3 2 -4 -5 -6
leaf_value=-5.1709107982557878 -0.79042552258581555 -2.0594014712879734 -0.020920730759781625 3.7782913709768153 1.7835751374253626
leaf_weight=171 187 433 2102 225 626
leaf_count=171 187 433 2102 225 626
internal_value=-0.000955335 -0.674981 -0.369786 1.75514 1.19128
internal_weight=3744 2706 2535 1038 813
internal_count=3744 2706 2535 1038 813
is_linear=0
shrinkage=0.05


Tree=26
num_leaves=6
num_cat=0
split_feature=4 3 9 1 11
split_gain=1.66113e+06 1.63091e+06 612306 546031 122334
threshold=-118.4625569444447 49.984999999999907 1.0000000180025095e-35 -22.640499999999516 1.0000000180025095e-35
decision_type=2 2 2 2 2
left_child=4 3 -3 -2 -1
right_child=1 2 -4 -5 -6
leaf_value=-2.5810522819387502 -1.023951147262856 2.6858795617797049 -0.74667453545673634 0.44867382322577082 -4.6788578020293139
leaf_weight=144 1377 765 156 1158 144
leaf_count=144 1377 765 156 1158 144
internal_value=-0.000940678 0.30349 2.10429 -0.351337 -3.64252
internal_weight=3744 3456 921 2535 288
internal_count=3744 3456 921 2535 288
is_linear=0
shrinkage=0.05


Tree=27
num_leaves=7
num_cat=0
split_feature=1 8 4 10 1 3
split_gain=1.50346e+06 1.11442e+06 903100 1.10065e+06 869669 239631
threshold=19.74000000000024 1.0000000180025095e-35 -118.4625569444447 1.0000000180025095e-35 138.71354999999997 63.520083333333112
decision_type=2 2 2 2 2 2
left_child=2 4 -1 -4 -2 -3
right_child=1 5 3 -5 -6 -7
leaf_value=-3.5959423955109786 0.73763679433579332 -1.2123422071581982 -1.1440397097338675 1.7355129475625377 3.6429754307362394 1.111485362648964
leaf_weight=265 536 426 1442 430 496 149
leaf_count=265 536 426 1442 430 496 149
internal_value=-0.000972355 1.15406 -0.869674 -0.482031 2.13618 -0.609284
internal_weight=3744 1607 2137 1872 1032 575
internal_count=3744 1607 2137 1872 1032 575
is_linear=0
shrinkage=0.05


Tree=28
num_leaves=7
num_cat=0
split_feature=3 3 4 1 4 3
split_gain=1.42518e+06 855066 685773 359775 182545 79492.8
threshold=-32.375275000000094 149.28833333333367 -118.4625569444447 -223.03140000000027 -15.443739583333352 -92.074991666666605
decision_type=2 2 2 2 2 2
left_child=3 2 -2 5 -5 -1
right_child=1 -3 -4 4 -6 -7
leaf_value=-3.8852294809543171 -2.9427356711947006 3.2236495740794169 0.47814549370065484 0.032040412465887749 -1.7426622868990831 -2.2789950584223173
leaf_weight=155 155 270 2407 253 338 166
leaf_count=155 155 270 2407 253 338 166
internal_value=-0.000906704 0.552741 0.270116 -1.71885 -0.984163 -3.06425
internal_weight=3744 2832 2562 912 591 321
internal_count=3744 2832 2562 912 591 321
is_linear=0
shrinkage=0.05


Tree=29
num_leaves=6
num_cat=0
split_feature=3 4 1 9 3
split_gain=1.30851e+06 1.08253e+06 465961 397247 373823
threshold=49.984999999999907 -118.4625569444447 -87.687450000000112 1.0000000180025095e-35 161.39265000000003
decision_type=2 2 2 2 2
left_child=1 -1 -3 4 -2
right_child=3 2 -4 -5 -6
leaf_value=-4.4185631487908408 1.3520550330114718 -1.0937225352742457 0.27368897803609954 -0.81414182998572182 3.7972440816169861
leaf_weight=171 679 1099 1436 156 203
leaf_count=171 679 1099 1436 156 203
internal_value=-0.000956379 -0.579903 -0.319323 1.50743 1.9185
internal_weight=3744 2706 2535 1038 882
internal_count=3744 2706 2535 1038 882
is_linear=0
shrinkage=0.05


Tree=30
num_leaves=7
num_cat=0
split_feature=3 1 8 4 1 0
split_gain=1.21738e+06 718183 1.08433e+06 384925 299537 213308
threshold=-32.375275000000094 121.78574999999979 1.0000000180025095e-35 -118.4625569444447 -203.67929999999998 4134.471050000001
decision_type=2 2 2 2 2 2
left_child=4 3 -3 -2 -1 -6
right_child=1 2 -4 -5 5 -7
leaf_value=-2.7246886442580696 -2.2542566212583641 3.137172563415513 -0.2223768326640129 0.172217779684845 -1.9346997933359598 0.026824658588061923
leaf_weight=354 180 529 439 1684 253 305
leaf_count=354 180 529 439 1684 253 305
internal_value=-0.000920616 0.510774 1.61492 -0.0631815 -1.58869 -0.86441
internal_weight=3744 2832 968 1864 912 558
internal_count=3744 2832 968 1864 912 558
is_linear=0
shrinkage=0.05


Tree=31
num_leaves=6
num_cat=0
split_feature=4 3 9 3 11
split_gain=1.12931e+06 1.14031e+06 508248 406474 108702
threshold=-118.4625569444447 49.984999999999907 1.0000000180025095e-35 -79.525724999999952 1.0000000180025095e-35
decision_type=2 2 2 2 2
left_child=4 3 -3 -2 -1
right_child=1 2 -4 -5 -6
leaf_value=-2.0092295934002977 -1.6905656693889524 2.2857917698871044 -0.84079374932939077 -0.0098241307804913663 -3.9770568223657281
leaf_weight=144 433 765 156 2102 144
leaf_count=144 433 765 156 2102 144
internal_value=-0.000925314 0.250086 1.75587 -0.297463 -3.0035
internal_weight=3744 3456 921 2535 288
internal_count=3744 3456 921 2535 288
is_linear=0
shrinkage=0.05


Tree=32
num_leaves=7
num_cat=0
split_feature=1 8 2 4 10 1
split_gain=1.05032e+06 907243 725133 589810 961944 180411
threshold=19.74000000000024 1.0000000180025095e-35 89.794500000000212 -118.4625569444447 1.0000000180025095e-35 1128.4850000000006
decision_type=2 2 2 2 2 2
left_child=3 2 -2 -1 -5 -3
right_child=1 5 -4 4 -6 -7
leaf_value=-2.9302724612610684 3.065766207287802 -2.0350281631288354 0.40543033270200768 -1.0326652318458651 1.6593234893167932 -0.070381417150658696
leaf_weight=265 560 162 472 1442 430 413
leaf_count=265 560 162 472 1442 430 413
internal_value=-0.000962373 0.964438 1.85059 -0.727044 -0.413757 -0.626471
internal_weight=3744 1607 1032 2137 1872 575
internal_count=3744 1607 1032 2137 1872 575
is_linear=0
shrinkage=0.05


Tree=33
num_leaves=7
num_cat=0
split_feature=3 1 2 10 9 3
split_gain=994946 827505 818880 544559 378153 346513
threshold=41.524249999999945 -203.67929999999998 -158.19500000000014 1.0000000180025095e-35 1.0000000180025095e-35 161.39265000000003
decision_type=2 2 2 2 2 2
left_child=1 3 -3 -1 5 -2
right_child=4 2 -4 -5 -6 -7
leaf_value=-3.2671828842447677 1.1288547149437382 2.3905377493496132 -0.43170203406755941 -0.62153681508532843 -0.92370940758738418 3.4542037980375335
leaf_weight=376 756 308 1527 403 171 203
leaf_count=376 756 308 1527 403 171 203
internal_value=-0.000926779 -0.536823 0.0430476 -1.90106 1.23813 1.62417
internal_weight=3744 2614 1835 779 1130 959
internal_count=3744 2614 1835 779 1130 959
is_linear=0
shrinkage=0.05


Tree=34
num_leaves=6
num_cat=0
split_feature=4 3 9 4 11
split_gain=931170 916933 435124 373123 96596.7
threshold=-118.4625569444447 110.00706666666657 1.0000000180025095e-35 -20.601531944443874 1.0000000180025095e-35
decision_type=2 2 2 2 2
left_child=4 2 -2 -3 -1
right_child=1 3 -4 -5 -6
leaf_value=-1.7914869856423346 0.19081216471033566 4.4225852279646984 -1.4069540503777958 1.3149451582044258 -3.6443673411731066
leaf_weight=144 2515 147 512 282 144
leaf_count=144 2515 147 512 282 144
internal_value=-0.000857358 0.227072 -0.0798164 2.38761 -2.72733
internal_weight=3744 3456 3027 429 288
internal_count=3744 3456 3027 429 288
is_linear=0
shrinkage=0.05


Tree=35
num_leaves=7
num_cat=0
split_feature=3 1 8 2 3 9
split_gain=887761 508972 888496 348884 283885 256947
threshold=-11.43747499999972 121.78574999999979 1.0000000180025095e-35 -52.590000000000138 -140.85049999999953 1.0000000180025095e-35
decision_type=2 2 2 2 2 2
left_child=4 3 -3 -2 -1 -6
right_child=1 2 -4 -5 5 -7
leaf_value=-3.2265734945494553 0.66016389647175555 2.8499314181655921 -0.27143651473067576 -0.78685420829927899 -0.51749169797465155 -2.7378365477764763
leaf_weight=144 901 509 412 773 852 153
leaf_count=144 901 509 412 773 852 153
internal_value=-0.000826698 0.511481 1.45484 -0.00809392 -1.1573 -0.8579
internal_weight=3744 2595 921 1674 1149 1005
internal_count=3744 2595 921 1674 1149 1005
is_linear=0
shrinkage=0.05


Tree=36
num_leaves=6
num_cat=0
split_feature=4 3 9 2 4
split_gain=841014 794772 416288 361197 95163.3
threshold=-118.4625569444447 49.984999999999907 1.0000000180025095e-35 25.409199999999831 -187.62362500000015
decision_type=2 2 2 2 2
left_child=4 3 -3 -2 -1
right_child=1 2 -4 -5 -6
leaf_value=-1.6646262318512488 0.25440835958715285 1.9525145554978296 -0.87662985253675729 -0.95938914024835631 -3.5014272796285564
leaf_weight=144 1500 765 156 1035 144
leaf_count=144 1500 765 156 1035 144
internal_value=-0.000839172 0.215775 1.47288 -0.241349 -2.59196
internal_weight=3744 3456 921 2535 288
internal_count=3744 3456 921 2535 288
is_linear=0
shrinkage=0.05


Tree=37
num_leaves=7
num_cat=0
split_feature=1 8 2 9 4 4
split_gain=781948 775809 629119 493664 1.0745e+06 607674
threshold=19.74000000000024 1.0000000180025095e-35 89.794500000000212 1.0000000180025095e-35 -16.646995138888538 -118.4625569444447
decision_type=2 2 2 2 2 2
left_child=3 2 -2 5 -5 -1
right_child=1 -3 -4 4 -6 -7
leaf_value=-2.4980838827060579 2.7834424929331441 -0.6389662004179425 0.30567503411098373 0.37122768859347599 -5.1926183806272119 0.091604843688122425
leaf_weight=265 560 575 472 177 169 1526
leaf_count=265 560 575 472 177 169 1526
internal_value=-0.000861232 0.832121 1.65159 -0.627351 -2.35351 -0.292751
internal_weight=3744 1607 1032 2137 346 1791
internal_count=3744 1607 1032 2137 346 1791
is_linear=0
shrinkage=0.05


Tree=38
num_leaves=6
num_cat=0
split_feature=3 3 1 3 13
split_gain=751374 489300 369216 216651 157094
threshold=-32.375275000000094 149.28833333333367 138.71354999999997 -140.85049999999953 0.76604444311897846
decision_type=2 2 2 2 2
left_child=3 2 -2 -1 -5
right_child=1 -3 -4 4 -6
leaf_value=-3.0222390457268418 -0.20583483188007123 2.4215567427841993 1.1031095747630317 -0.54337715546926257 -2.3014296471702389
leaf_weight=144 1793 270 769 608 160
leaf_count=144 1793 270 769 608 160
internal_value=-0.000881966 0.401118 0.18733 -1.24827 -0.912155
internal_weight=3744 2832 2562 912 768
internal_count=3744 2832 2562 912 768
is_linear=0
shrinkage=0.05


Tree=39
num_leaves=6
num_cat=0
split_feature=4 3 4 4 11
split_gain=689269 668836 425168 193860 85471
threshold=-118.4625569444447 131.23152500000018 -20.601531944443874 -15.443739583333352 1.0000000180025095e-35
decision_type=2 2 2 2 2
left_child=4 2 -2 -3 -1
right_child=1 3 -4 -5 -6
leaf_value=-1.4691929530557888 0.72340438000431373 3.68773896398611 -0.4752385052523212 1.1755327086965994 -3.2078615786700411
leaf_weight=144 1187 151 1960 158 144
leaf_count=144 1187 151 1960 158 144
internal_value=-0.00087188 0.195229 -0.0230427 2.41112 -2.34662
internal_weight=3744 3456 3147 309 288
internal_count=3744 3456 3147 309 288
is_linear=0
shrinkage=0.05


Tree=40
num_leaves=7
num_cat=0
split_feature=3 1 8 2 1 2
split_gain=659298 419278 810698 365627 196362 173196
threshold=-32.375275000000094 138.71354999999997 1.0000000180025095e-35 -43.744050000000009 -223.03140000000027 -99.336300000000151
decision_type=2 2 2 2 2 2
left_child=4 3 -3 -2 -1 -6
right_child=1 2 -4 -5 5 -7
leaf_value=-2.1630945917242062 0.59248410429411502 2.6946042459150954 -0.2901171039204391 -0.79060247999561195 0.8240343274633869 -1.1298142750510438
leaf_weight=321 1039 472 438 883 152 439
leaf_count=321 1039 472 438 883 152 439
internal_value=-0.000822486 0.375742 1.25926 -0.0430105 -1.16929 -0.626758
internal_weight=3744 2832 910 1922 912 591
internal_count=3744 2832 910 1922 912 591
is_linear=0
shrinkage=0.05


Tree=41
num_leaves=6
num_cat=0
split_feature=4 3 9 2 4
split_gain=613682 578801 412710 331838 79074.2
threshold=-118.4625569444447 41.524249999999945 1.0000000180025095e-35 107.23524999999997 -187.62362500000015
decision_type=2 2 2 2 2
left_child=4 3 -3 -2 -1
right_child=1 2 -4 -5 -6
leaf_value=-1.3707674993728771 0.089548806573072515 1.6526615148175978 -1.0388685062874197 -1.2882930610400931 -3.0423190194805123
leaf_weight=144 1883 834 171 568 144
leaf_count=144 1883 834 171 568 144
internal_value=-0.000784877 0.184252 1.19412 -0.23015 -2.21418
internal_weight=3744 3456 1005 2451 288
internal_count=3744 3456 1005 2451 288
is_linear=0
shrinkage=0.05


Tree=42
num_leaves=6
num_cat=0
split_feature=3 1 8 4 0
split_gain=583914 459715 591680 334347 174078
threshold=-85.509074999999925 66.50275000000012 1.0000000180025095e-35 -16.646995138888538 4204.8150000000005
decision_type=2 2 2 2 2
left_child=4 3 -3 -2 -1
right_child=1 2 -4 -5 -6
leaf_value=-2.9115232466251815 0.30575419202779214 1.8242216695209497 -0.36626533724967764 -0.99470557246209579 -0.87369595323155524
leaf_weight=180 1165 782 508 857 252
leaf_count=180 1165 782 508 857 252
internal_value=-0.000812354 0.224868 0.961996 -0.245649 -1.72755
internal_weight=3744 3312 1290 2022 432
internal_count=3744 3312 1290 2022 432
is_linear=0
shrinkage=0.05


Tree=43
num_leaves=6
num_cat=0
split_feature=4 3 9 4 11
split_gain=559053 528602 391137 174617 75989.5
threshold=-118.4625569444447 131.23152500000018 1.0000000180025095e-35 -15.443739583333352 1.0000000180025095e-35
decision_type=2 2 2 2 2
left_child=4 2 -2 -3 -1
right_child=1 3 -4 -5 -6
leaf_value=-1.2873080756540958 0.23300480684069763 3.3569280123583192 -1.2541748250960687 0.97436554085158711 -2.9249037592575471
leaf_weight=144 2616 151 531 158 144
leaf_count=144 2616 151 531 158 144
internal_value=-0.000812007 0.175797 -0.0182489 2.14573 -2.11339
internal_weight=3744 3456 3147 309 288
internal_count=3744 3456 3147 309 288
is_linear=0
shrinkage=0.05


Tree=44
num_leaves=6
num_cat=0
split_feature=3 1 8 9 0
split_gain=521111 401937 788764 353119 156651
threshold=-85.509074999999925 138.71354999999997 1.0000000180025095e-35 1.0000000180025095e-35 4204.8150000000005
decision_type=2 2 2 2 2
left_child=4 3 -3 -2 -1
right_child=1 2 -4 -5 -6
leaf_value=-2.7551515121815613 0.13836664519969774 2.4850859941514725 -0.33029280938281586 -1.4757759780369843 -0.82207148771276595
leaf_weight=180 1907 488 506 411 252
leaf_count=180 1907 488 506 411 252
internal_value=-0.00078346 0.212415 1.05301 -0.148347 -1.63202
internal_weight=3744 3312 994 2318 432
internal_count=3744 3312 994 2318 432
is_linear=0
shrinkage=0.05


Tree=45
num_leaves=6
num_cat=0
split_feature=4 4 9 3 12
split_gain=505861 488080 1.15863e+06 436427 69891.6
threshold=-118.4625569444447 -20.601531944443874 1.0000000180025095e-35 110.00706666666657 1.0000000180025095e-35
decision_type=2 2 2 2 2
left_child=4 3 -3 -2 -1
right_child=1 2 -4 -5 -6
leaf_value=-2.7885280627012254 0.60418231183031335 0.16177387931739673 -3.2396370018461789 3.4899196586093391 -1.218302911561111
leaf_weight=144 1149 1872 288 147 144
leaf_count=144 1149 1872 288 147 144
internal_value=-0.000781132 0.167216 -0.293037 0.933938 -2.01035
internal_weight=3744 3456 2160 1296 288
internal_count=3744 3456 2160 1296 288
is_linear=0
shrinkage=0.05


Tree=46
num_leaves=7
num_cat=0
split_feature=1 10 4 2 8 1
split_gain=479896 594394 768767 522821 388954 382928
threshold=-124.37709999999991 1.0000000180025095e-35 -24.295867708333386 89.794500000000212 1.0000000180025095e-35 -244.05480000000031
decision_type=2 2 2 2 2 2
left_child=1 5 -3 4 -2 -1
right_child=3 2 -4 -5 -6 -7
leaf_value=-3.1146632821917848 1.4021064131465664 -2.6889046038430315 1.5201053344456614 -0.63482458613452719 -0.35796722196723035 -0.80634399129257561
leaf_weight=285 1188 144 430 785 426 486
leaf_count=285 1188 144 430 785 426 486
internal_value=-0.000782001 -0.75647 0.461346 0.423033 0.937618 -1.66254
internal_weight=3744 1345 574 2399 1614 771
internal_count=3744 1345 574 2399 1614 771
is_linear=0
shrinkage=0.05


Tree=47
num_leaves=7
num_cat=0
split_feature=1 8 2 4 4 4
split_gain=450824 538468 516024 409170 864979 484104
threshold=19.74000000000024 1.0000000180025095e-35 89.794500000000212 -16.646995138888538 -13.293676388888569 -118.4625569444447
decision_type=2 2 2 2 2 2
left_child=3 2 -2 5 -5 -1
right_child=1 -3 -4 4 -6 -7
leaf_value=-1.8010038570241822 2.3394605356137439 -0.59382224019823804 0.09587000785808987 -4.5113115680918972 -0.5336159096046218 0.59777381077853597
leaf_weight=265 560 575 472 169 699 1004
leaf_count=265 560 575 472 169 699 1004
internal_value=-0.00080539 0.631681 1.31441 -0.476501 -1.31238 0.0958233
internal_weight=3744 1607 1032 2137 868 1269
internal_count=3744 1607 1032 2137 868 1269
is_linear=0
shrinkage=0.05


Tree=48
num_leaves=7
num_cat=0
split_feature=3 13 0 9 3 1
split_gain=433957 296084 624446 213034 199549 198456
threshold=-11.43747499999972 -0.53678821817552291 6432.1762500000013 1.0000000180025095e-35 -119.97508333333347 66.50275000000012
decision_type=2 2 2 2 2 2
left_child=3 5 -3 4 -1 -2
right_child=1 2 -4 -5 -6 -7
leaf_value=-1.9024402064271273 0.42957262006996677 0.39971155162658534 -2.1772144670698714 -2.455120028094167 -0.15802199846786477 2.0138044592794997
leaf_weight=207 430 1522 277 167 775 366
leaf_count=207 430 1522 277 167 775 366
internal_value=-0.00082395 0.35736 0.00194171 -0.809385 -0.527297 1.15961
internal_weight=3744 2595 1799 1149 982 796
internal_count=3744 2595 1799 1149 982 796
is_linear=0
shrinkage=0.05


Tree=49
num_leaves=4
num_cat=0
split_feature=3 4 4
split_gain=407769 441148 356381
threshold=149.28833333333367 -118.4625569444447 -15.443739583333352
decision_type=2 2 2
left_child=1 -1 -3
right_child=-2 2 -4
leaf_value=-2.1569373476440492 1.8672062055032523 0.49229527956209118 -0.56324700259681548
leaf_weight=252 270 1754 1468
leaf_count=252 270 1754 1468
internal_value=-0.000834152 -0.146514 0.0113461
internal_weight=3744 3474 3222
internal_count=3744 3474 3222
is_linear=0
shrinkage=0.05


Tree=50
num_leaves=6
num_cat=0
split_feature=3 1 8 2 0
split_gain=391165 319700 649318 307802 142445
threshold=-85.509074999999925 138.71354999999997 1.0000000180025095e-35 -43.744050000000009 4204.8150000000005
decision_type=2 2 2 2 2
left_child=4 3 -3 -2 -1
right_child=1 2 -4 -5 -6
leaf_value=-2.4847808729548482 0.39739558711812561 2.2329425452174223 -0.32144314803961938 -0.75756165689091359 -0.64251523785617048
leaf_weight=180 1244 488 506 1074 252
leaf_count=180 1244 488 506 1074 252
internal_value=-0.00079726 0.183917 0.933605 -0.137827 -1.41409
internal_weight=3744 3312 994 2318 432
internal_count=3744 3312 994 2318 432
is_linear=0
shrinkage=0.05


Tree=51
num_leaves=7
num_cat=0
split_feature=3 1 2 10 12 3
split_gain=363372 472602 694481 410052 282687 106911
threshold=41.524249999999945 -203.67929999999998 -158.19500000000014 1.0000000180025095e-35 -0.75166088996455083 149.28833333333367
decision_type=2 2 2 2 2 2
left_child=1 3 -3 -1 -2 -6
right_child=4 2 -4 -5 5 -7
leaf_value=-2.5409528463248865 -0.63147215078983987 2.2753499754038446 -0.32370526829188329 -0.24616741276170948 0.90168193903592264 2.2583217250312715
leaf_weight=376 279 308 1527 403 665 186
leaf_count=376 279 308 1527 403 665 186
internal_value=-0.000778434 -0.324638 0.113541 -1.35563 0.748023 1.2005
internal_weight=3744 2614 1835 779 1130 851
internal_count=3744 2614 1835 779 1130 851
is_linear=0
shrinkage=0.05


Tree=52
num_leaves=6
num_cat=0
split_feature=4 4 9 3 11
split_gain=341536 380408 985781 331271 67007.3
threshold=-118.4625569444447 -20.601531944443874 1.0000000180025095e-35 110.00706666666657 1.0000000180025095e-35
decision_type=2 2 2 2 2
left_child=4 3 -3 -2 -1
right_child=1 2 -4 -5 -6
leaf_value=-0.8800637377336108 0.5269175364966302 0.15051470697030536 -2.9869341770734859 3.0410786032676698 -2.4124170508055851
leaf_weight=144 1149 1872 288 147 144
leaf_count=144 1149 1872 288 147 144
internal_value=-0.000716915 0.137323 -0.269 0.814213 -1.65194
internal_weight=3744 3456 2160 1296 288
internal_count=3744 3456 2160 1296 288
is_linear=0
shrinkage=0.05


Tree=53
num_leaves=5
num_cat=0
split_feature=3 13 0 0
split_gain=333587 290440 422579 272229
threshold=-119.97508333333347 -0.53678821817552291 6432.1762500000013 4405.0071000000016
decision_type=2 2 2 2
left_child=-1 3 -3 -2
right_child=1 2 -4 -5
leaf_value=-1.8001096745991607 1.6357267756966356 0.11365601202653067 -1.653239335039375 0.068073077430673701
leaf_weight=240 512 1983 407 602
leaf_count=240 512 1983 407 602
internal_value=-0.000715261 0.123009 -0.187799 0.789395
internal_weight=3744 3504 2390 1114
internal_count=3744 3504 2390 1114
is_linear=0
shrinkage=0.05


Tree=54
num_leaves=7
num_cat=0
split_feature=1 2 10 4 8 1
split_gain=313645 450616 403862 596473 383364 374424
threshold=-87.687450000000112 89.794500000000212 1.0000000180025095e-35 -24.295867708333386 1.0000000180025095e-35 -244.05480000000031
decision_type=2 2 2 2 2 2
left_child=2 4 5 -4 -2 -1
right_child=1 -3 3 -5 -6 -7
leaf_value=-2.6961070614157023 1.4155441726849682 -0.60710558562335137 -2.2792940830362256 1.4282796122012726 -0.36680198280049153 -0.53347015727269675
leaf_weight=285 1030 760 144 430 426 669
leaf_count=285 1030 760 144 430 426 669
internal_value=-0.000701338 0.379249 -0.551616 0.49581 0.894167 -1.18169
internal_weight=3744 2216 1528 574 1456 954
internal_count=3744 2216 1528 574 1456 954
is_linear=0
shrinkage=0.05


Tree=55
num_leaves=5
num_cat=0
split_feature=3 1 2 10
split_gain=303483 332456 432341 300541
threshold=149.28833333333367 -124.37709999999991 89.794500000000212 1.0000000180025095e-35
decision_type=2 2 2 2
left_child=1 3 -3 -1
right_child=-2 2 -4 -5
leaf_value=-1.3939163219952087 1.6108442771478775 0.74476514665747295 -0.7522709623931183 0.15453331124689956
leaf_weight=765 270 1460 719 530
leaf_count=765 270 1460 719 530
internal_value=-0.000714854 -0.126393 0.250673 -0.760558
internal_weight=3744 3474 2179 1295
internal_count=3744 3474 2179 1295
is_linear=0
shrinkage=0.05


Tree=56
num_leaves=6
num_cat=0
split_feature=4 4 9 3 11
split_gain=276088 345291 895488 272333 59001.5
threshold=-118.4625569444447 -20.601531944443874 1.0000000180025095e-35 110.00706666666657 1.0000000180025095e-35
decision_type=2 2 2 2 2
left_child=4 3 -3 -2 -1
right_child=1 2 -4 -5 -6
leaf_value=-0.76167667323145372 0.50780944554442953 0.1361692771417011 -2.8541434408987274 2.7874461347186887 -2.1986375875308597
leaf_weight=144 1149 1872 288 147 144
leaf_count=144 1149 1872 288 147 144
internal_value=-0.000674253 0.123437 -0.263675 0.768329 -1.48528
internal_weight=3744 3456 2160 1296 288
internal_count=3744 3456 2160 1296 288
is_linear=0
shrinkage=0.05


Tree=57
num_leaves=5
num_cat=0
split_feature=3 13 0 0
split_gain=274153 263025 377377 244606
threshold=-119.97508333333347 -0.53678821817552291 6432.1762500000013 4405.0071000000016
decision_type=2 2 2 2
left_child=-1 3 -3 -2
right_child=1 2 -4 -5
leaf_value=-1.631913547007622 1.5478923702071519 0.10059545163725665 -1.5691298918104639 0.061903853316607561
leaf_weight=240 512 1983 407 602
leaf_count=240 512 1983 407 602
internal_value=-0.000672357 0.11149 -0.184284 0.745647
internal_weight=3744 3504 2390 1114
internal_count=3744 3504 2390 1114
is_linear=0
shrinkage=0.05


Tree=58
num_leaves=4
num_cat=0
split_feature=3 4 4
split_gain=262014 280868 309459
threshold=161.39265000000003 -118.4625569444447 -15.443739583333352
decision_type=2 2 2
left_child=1 -1 -3
right_child=-2 2 -4
leaf_value=-1.6881255736717813 1.6496515902270259 0.4669047998358144 -0.51060267158744055
leaf_weight=259 225 1768 1492
leaf_count=259 225 1768 1492
internal_value=-0.000658635 -0.106616 0.0195108
internal_weight=3744 3519 3260
internal_count=3744 3519 3260
is_linear=0
shrinkage=0.05


Tree=59
num_leaves=7
num_cat=0
split_feature=3 1 2 10 9 0
split_gain=253661 346494 615882 294129 276395 203129
threshold=41.524249999999945 -203.67929999999998 -158.19500000000014 1.0000000180025095e-35 1.0000000180025095e-35 6381.8500000000013
decision_type=2 2 2 2 2 2
left_child=1 3 -3 -1 5 -2
right_child=4 2 -4 -5 -6 -7
leaf_value=-2.1578924590578445 1.3495350197961711 2.1397778581647038 -0.30778636567987 -0.21434360663268237 -1.2218630407265454 -0.38500209774600863
leaf_weight=376 741 308 1527 403 171 218
leaf_count=376 741 308 1527 403 171 218
internal_value=-0.000626809 -0.271215 0.103973 -1.154 0.625004 0.95525
internal_weight=3744 2614 1835 779 1130 959
internal_count=3744 2614 1835 779 1130 959
is_linear=0
shrinkage=0.05


Tree=60
num_leaves=7
num_cat=0
split_feature=1 8 1 4 4 4
split_gain=234262 460806 420189 301241 696249 267193
threshold=19.74000000000024 1.0000000180025095e-35 231.01310000000015 -16.646995138888538 -13.293676388888569 -118.4625569444447
decision_type=2 2 2 2 2 2
left_child=3 2 -2 5 -5 -1
right_child=1 -3 -4 4 -6 -7
leaf_value=-1.2617587284037943 0.59662630282689599 -0.67821705152641198 3.1646584790975312 -3.9306698959715227 -0.36222855402316367 0.52036903237970322
leaf_weight=265 836 575 196 169 699 1004
leaf_count=265 836 575 196 169 699 1004
internal_value=-0.000606115 0.455324 1.08694 -0.343513 -1.06073 0.147514
internal_weight=3744 1607 1032 2137 868 1269
internal_count=3744 1607 1032 2137 868 1269
is_linear=0
shrinkage=0.05


Tree=61
num_leaves=7
num_cat=0
split_feature=2 1 8 11 9 13
split_gain=233604 338974 453041 253880 168471 147658
threshold=149.06500000000031 -55.884199999999957 1.0000000180025095e-35 -0.59116893267988335 1.0000000180025095e-35 0.42261826174070033
decision_type=2 2 2 2 2 2
left_child=1 4 -3 -2 -1 -5
right_child=3 2 -4 5 -6 -7
leaf_value=-0.13443604534099349 -2.6321281528017324 1.2668991803818255 -0.57280266207064134 0.37594452245482085 -1.6171049353019271 -1.5319516211127242
leaf_weight=1362 156 1075 485 289 222 155
leaf_count=1362 156 1075 485 289 222 155
internal_value=-0.00060186 0.172003 0.69494 -0.903835 -0.343123 -0.292046
internal_weight=3744 3144 1560 600 1584 444
internal_count=3744 3144 1560 600 1584 444
is_linear=0
shrinkage=0.05


Tree=62
num_leaves=5
num_cat=0
split_feature=3 2 1 1
split_gain=224313 262928 271571 232516
threshold=-130.76624999999964 139.72000000000006 138.71354999999997 -55.884199999999957
decision_type=2 2 2 2
left_child=-1 3 -3 -2
right_child=1 2 -4 -5
leaf_value=-1.6607279349176378 -0.16260627928681018 -1.8920615099724984 0.19032124118050942 0.72849897460989388
leaf_weight=192 1446 309 316 1481
leaf_count=192 1446 309 316 1481
internal_value=-0.000636457 0.0895404 -0.840587 0.288369
internal_weight=3744 3552 625 2927
internal_count=3744 3552 625 2927
is_linear=0
shrinkage=0.05


Tree=63
num_leaves=7
num_cat=0
split_feature=9 4 3 4 0 1
split_gain=207689 2.23322e+06 305282 213694 169509 156072
threshold=1.0000000180025095e-35 -14.041602430556166 78.205058333333014 -118.4625569444447 6381.8500000000013 43.993999999999694
decision_type=2 2 2 2 2 2
left_child=2 5 3 -1 -4 -2
right_child=1 -3 4 -5 -6 -7
leaf_value=-1.669933464491006 0.22090612996369599 -6.2427144947545283 1.5440726423676019 0.041550233667346753 -0.37951774782425651 2.2047803047802543
leaf_weight=197 279 144 512 2312 147 153
leaf_count=197 279 144 512 2312 147 153
internal_value=-0.00064198 -0.873143 0.15822 -0.0934427 1.11506 0.926997
internal_weight=3744 576 3168 2509 659 432
internal_count=3744 576 3168 2509 659 432
is_linear=0
shrinkage=0.05


Tree=64
num_leaves=6
num_cat=0
split_feature=3 13 0 0 0
split_gain=199041 246365 367043 207081 141100
threshold=-85.509074999999925 -0.53678821817552291 6432.1762500000013 4405.0071000000016 4204.8150000000005
decision_type=2 2 2 2 2
left_child=4 3 -3 -2 -1
right_child=1 2 -4 -5 -6
leaf_value=-2.0739052860776366 1.5145058538475817 0.12001428881433435 -1.5962787582291835 0.10798558340826425 -0.24284568989111974
leaf_weight=180 489 1889 372 562 252
leaf_count=180 489 1889 372 562 252
internal_value=-0.000667032 0.131095 -0.162946 0.763216 -1.00881
internal_weight=3744 3312 2261 1051 432
internal_count=3744 3312 2261 1051 432
is_linear=0
shrinkage=0.05


Tree=65
num_leaves=4
num_cat=0
split_feature=3 4 10
split_gain=194450 232944 248567
threshold=169.44478750000033 -118.4625569444447 1.0000000180025095e-35
decision_type=2 2 2
left_child=1 -1 -3
right_child=-2 2 -4
leaf_value=-1.5080978782896726 1.5980880871765029 -0.13111578573637148 1.1816383036739617
leaf_weight=264 180 2889 411
leaf_count=264 180 2889 411
internal_value=-0.000662653 -0.0818333 0.0326902
internal_weight=3744 3564 3300
internal_count=3744 3564 3300
is_linear=0
shrinkage=0.05


Tree=66
num_leaves=7
num_cat=0
split_feature=2 1 8 11 3 13
split_gain=194856 261420 331689 226129 223091 130150
threshold=149.06500000000031 -124.37709999999991 1.0000000180025095e-35 -0.59116893267988335 25.531237500000319 -0.043577871373828972
decision_type=2 2 2 2 2 2
left_child=1 4 -3 -2 -1 -5
right_child=3 2 -4 5 -6 -7
leaf_value=-0.7701843671794989 -2.4566263372351411 0.91535905689344554 -0.59959617576297419 0.6660719097377017 0.81211970441268189 -1.0462312992630887
leaf_weight=961 156 1409 485 207 289 237
leaf_count=961 156 1409 485 207 289 237
internal_value=-0.000614298 0.157027 0.52731 -0.825541 -0.403999 -0.248225
internal_weight=3744 3144 1894 600 1250 444
internal_count=3744 3144 1894 600 1250 444
is_linear=0
shrinkage=0.05


Tree=67
num_leaves=7
num_cat=0
split_feature=9 4 3 14 0 1
split_gain=197056 2.01945e+06 248837 202825 149454 135608
threshold=1.0000000180025095e-35 -14.041602430556166 78.205058333333014 0.93969262078590865 6381.8500000000013 -12.971099999999977
decision_type=2 2 2 2 2 2
left_child=2 5 3 -1 -4 -2
right_child=1 -3 4 -5 -6 -7
leaf_value=0.072352171115809952 0.0066287931733661227 -5.9565799095433469 1.4208371074648747 -1.4617994185130136 -0.385237099673297 1.7774190571034354
leaf_weight=2272 224 144 512 237 147 208
leaf_count=2272 224 144 512 237 147 208
internal_value=-0.000616677 -0.850489 0.154125 -0.0730884 1.01799 0.861367
internal_weight=3744 576 3168 2509 659 432
internal_count=3744 576 3168 2509 659 432
is_linear=0
shrinkage=0.05


Tree=68
num_leaves=7
num_cat=0
split_feature=9 4 3 11 0 1
split_gain=177975 1.82383e+06 224621 187126 134925 124744
threshold=1.0000000180025095e-35 -14.041602430556166 78.205058333333014 0.15208718494349097 6381.8500000000013 43.993999999999694
decision_type=2 2 2 2 2 2
left_child=2 5 3 -1 -4 -2
right_child=1 -3 4 -5 -6 -7
leaf_value=-0.46811508248895628 0.18728387628282819 -5.660804898451115 1.3499337375222127 0.39787827281532717 -0.3661053742105897 1.9608647940099821
leaf_weight=1354 279 144 512 1155 147 153
leaf_count=1354 279 144 512 1155 147 153
internal_value=-0.000646272 -0.808326 0.146413 -0.0694616 0.96717 0.818505
internal_weight=3744 576 3168 2509 659 432
internal_count=3744 576 3168 2509 659 432
is_linear=0
shrinkage=0.05


Tree=69
num_leaves=6
num_cat=0
split_feature=2 4 11 1 13
split_gain=178519 227251 199504 185832 123558
threshold=149.06500000000031 -118.4625569444447 -0.59116893267988335 2284.7737999999999 0.42261826174070033
decision_type=2 2 2 2 2
left_child=1 -1 -2 -3 -4
right_child=2 3 4 -5 -6
leaf_value=-1.204105200861574 -2.3223037568057419 0.39257608540153777 0.36306103069206763 -1.2026707472089602 -1.3821775572446104
leaf_weight=281 156 2668 289 195 155
leaf_count=281 156 2668 289 195 155
internal_value=-0.000648665 0.15024 -0.790239 0.283541 -0.247937
internal_weight=3744 3144 600 2863 444
internal_count=3744 3144 600 2863 444
is_linear=0
shrinkage=0.05


Tree=70
num_leaves=5
num_cat=0
split_feature=3 2 1 13
split_gain=173573 209106 400253 238459
threshold=-140.85049999999953 -139.60840000000005 -223.03140000000027 -0.57357643635104605
decision_type=2 2 2 2
left_child=-1 2 -2 -3
right_child=1 3 -4 -5
leaf_value=-1.6968002371952453 -0.62040145002386504 0.54430108006956546 1.4610577133950597 -0.48727270508315268
leaf_weight=144 367 812 620 1801
leaf_count=144 367 812 620 1801
internal_value=-0.000687734 0.0676091 0.687256 -0.166622
internal_weight=3744 3600 987 2613
internal_count=3744 3600 987 2613
is_linear=0
shrinkage=0.05


Tree=71
num_leaves=7
num_cat=0
split_feature=1 8 3 2 0 4
split_gain=171540 652264 309939 303385 147400 145566
threshold=138.71354999999997 1.0000000180025095e-35 1.0000000180025095e-35 139.72000000000006 3880.8910000000001 -118.4625569444447
decision_type=2 2 2 2 2 2
left_child=3 2 -2 5 -3 -1
right_child=1 4 -4 -5 -6 -7
leaf_value=-1.0950093425973488 3.6159961926187587 -0.11842890451279815 0.96801151818739317 -1.6146056238539825 -1.9103579798584467 0.13141964730830066
leaf_weight=273 166 413 330 337 158 2067
leaf_count=273 166 413 330 337 158 2067
internal_value=-0.000664016 0.535119 1.85972 -0.214337 -0.616742 -0.0120704
internal_weight=3744 1067 496 2677 571 2340
internal_count=3744 1067 496 2677 571 2340
is_linear=0
shrinkage=0.05


Tree=72
num_leaves=6
num_cat=0
split_feature=9 4 3 4 0
split_gain=171606 1.64013e+06 203411 220432 115082
threshold=1.0000000180025095e-35 -14.041602430556166 169.44478750000033 -118.4625569444447 3708.3739000000005
decision_type=2 2 2 2 2
left_child=2 4 3 -1 -2
right_child=1 -3 -4 -5 -6
leaf_value=-1.3260639810112289 1.3701156542738424 -5.3953337752408004 1.8752750152756708 0.18400908336559063 -0.31918197086080913
leaf_weight=264 273 144 160 2744 159
leaf_count=264 273 144 160 2744 159
internal_value=-0.000631126 -0.793728 0.143773 0.0510794 0.749059
internal_weight=3744 576 3168 3008 432
internal_count=3744 576 3168 3008 432
is_linear=0
shrinkage=0.05


Tree=73
num_leaves=7
num_cat=0
split_feature=12 13 13 3 2 1
split_gain=161569 231835 163454 157569 124857 131407
threshold=-0.91509365977396839 0.8425887240367157 0.70710678118654735 54.695150000000019 -139.60840000000005 79.619700000000208
decision_type=2 2 2 2 2 2
left_child=4 2 -2 -3 -1 -6
right_child=1 3 -4 -5 5 -7
leaf_value=0.34864511920346158 0.21002873780612169 -1.1864833725993531 1.5301314716280876 0.48843171707349803 -2.2389051645412112 -0.26547415846664657
leaf_weight=152 2314 478 260 198 191 151
leaf_count=152 2314 478 260 198 191 151
internal_value=-0.000647782 0.127485 0.343915 -0.695905 -0.84218 -1.37091
internal_weight=3744 3250 2574 676 494 342
internal_count=3744 3250 2574 676 494 342
is_linear=0
shrinkage=0.05


Tree=74
num_leaves=4
num_cat=0
split_feature=2 0 8
split_gain=160218 190692 221822
threshold=254.62430000000043 2728.7959000000005 1.0000000180025095e-35
decision_type=2 2 2
left_child=1 -1 -3
right_child=-2 2 -4
leaf_value=1.7339490564127347 -1.2476622816190681 0.16382347045342471 -1.0273570719710758
leaf_weight=166 240 2887 451
leaf_count=166 240 2887 451
internal_value=-0.000630262 0.0851145 0.00262258
internal_weight=3744 3504 3338
internal_count=3744 3504 3338
is_linear=0
shrinkage=0.05


Tree=75
num_leaves=7
num_cat=0
split_feature=9 4 3 14 0 1
split_gain=159929 1.48276e+06 184545 177200 124335 110186
threshold=1.0000000180025095e-35 -14.041602430556166 78.205058333333014 0.93969262078590865 6381.8500000000013 -12.971099999999977
decision_type=2 2 2 2 2 2
left_child=2 5 3 -1 -4 -2
right_child=1 -3 4 -5 -6 -7
leaf_value=0.079064656656892662 -0.069451150874296819 -5.1414997999627019 1.2502018122528962 -1.3548985575177088 -0.39690416394858752 1.5264257628381539
leaf_weight=2272 224 144 512 237 147 208
leaf_count=2272 224 144 512 237 147 208
internal_value=-0.000603785 -0.766241 0.138801 -0.0568733 0.882745 0.700685
internal_weight=3744 576 3168 2509 659 432
internal_count=3744 576 3168 2509 659 432
is_linear=0
shrinkage=0.05


Tree=76
num_leaves=7
num_cat=0
split_feature=1 8 3 2 13 1
split_gain=148293 577406 287881 270656 129964 129250
threshold=138.71354999999997 1.0000000180025095e-35 1.0000000180025095e-35 139.72000000000006 0.8425887240367157 1128.4850000000006
decision_type=2 2 2 2 2 2
left_child=3 2 -2 4 -1 -3
right_child=1 5 -4 -5 -6 -7
leaf_value=0.16637151479750176 3.4363326526464464 -1.7975751220055347 0.88461260602913594 -1.5218801829765534 -0.80272883033971376 -0.11956420610996261
leaf_weight=1919 166 158 330 337 421 413
leaf_count=1919 166 158 330 337 421 413
internal_value=-0.000628427 0.497528 1.74381 -0.199296 -0.00825214 -0.586213
internal_weight=3744 1067 496 2677 2340 571
internal_count=3744 1067 496 2677 2340 571
is_linear=0
shrinkage=0.05


Tree=77
num_leaves=7
num_cat=0
split_feature=9 4 4 11 0 11
split_gain=148433 1.33603e+06 175232 226411 100125 51966.9
threshold=1.0000000180025095e-35 -14.041602430556166 -118.4625569444447 0.15208718494349097 3708.3739000000005 1.0000000180025095e-35
decision_type=2 2 2 2 2 2
left_child=2 4 5 -4 -2 -1
right_child=1 -3 3 -5 -6 -7
leaf_value=-0.36441516670687446 1.2336008905524891 -4.8913307939726733 -0.15071910902761174 0.73988631044977637 -0.3419078810326755 -1.7085993939432607
leaf_weight=144 273 144 1580 1300 159 144
leaf_count=144 273 144 1580 1300 159 144
internal_value=-0.000593729 -0.7382 0.133707 0.251408 0.654276 -1.04009
internal_weight=3744 576 3168 2880 432 288
internal_count=3744 576 3168 2880 432 288
is_linear=0
shrinkage=0.05


Tree=78
num_leaves=4
num_cat=0
split_feature=2 0 8
split_gain=149014 179231 199808
threshold=254.62430000000043 2728.7959000000005 1.0000000180025095e-35
decision_type=2 2 2
left_child=1 -1 -3
right_child=-2 2 -4
leaf_value=1.6805730132374936 -1.2032741301039938 0.15507353323000972 -0.97545467724619783
leaf_weight=166 240 2887 451
leaf_count=166 240 2887 451
internal_value=-0.000637256 0.0820549 0.00208052
internal_weight=3744 3504 3338
internal_count=3744 3504 3338
is_linear=0
shrinkage=0.05


Tree=79
num_leaves=5
num_cat=0
split_feature=3 2 1 1
split_gain=143525 194762 280634 194873
threshold=-140.85049999999953 -148.3604 -223.03140000000027 138.71354999999997
decision_type=2 2 2 2
left_child=-1 2 -2 -3
right_child=1 3 -4 -5
leaf_value=-1.5429417720334284 -0.43745104316141686 -0.45980258150568604 1.3563963138879218 0.44335200073286379
leaf_weight=144 348 1771 581 900
leaf_count=144 348 1771 581 900
internal_value=-0.00060997 0.0614946 0.68468 -0.15543
internal_weight=3744 3600 929 2671
internal_count=3744 3600 929 2671
is_linear=0
shrinkage=0.05


Tree=80
num_leaves=6
num_cat=0
split_feature=9 4 3 4 1
split_gain=138586 1.2045e+06 168280 187084 94061.5
threshold=1.0000000180025095e-35 -14.041602430556166 169.44478750000033 -118.4625569444447 -12.971099999999977
decision_type=2 2 2 2 2
left_child=2 4 3 -1 -2
right_child=1 -3 -4 -5 -6
leaf_value=-1.2238289775713436 -0.10252246714962854 -4.6566981876307523 1.7040780469404986 0.16733510339859947 1.3718177018410853
leaf_weight=264 224 144 160 2744 208
leaf_count=264 224 144 160 2744 208
internal_value=-0.000588023 -0.713308 0.129182 0.0448721 0.608874
internal_weight=3744 576 3168 3008 432
internal_count=3744 576 3168 3008 432
is_linear=0
shrinkage=0.05


Tree=81
num_leaves=7
num_cat=0
split_feature=12 13 13 3 2 14
split_gain=137364 192375 152113 136930 114045 50695.9
threshold=-0.91509365977396839 0.8425887240367157 0.70710678118654735 54.695150000000019 9.1687000000001735 0.92300020391127935
decision_type=2 2 2 2 2 2
left_child=4 2 -2 -3 5 -1
right_child=1 3 -4 -5 -6 -7
leaf_value=0.52440044534617458 0.18555329161573436 -1.0898326228954101 1.4590169145458047 0.47149042996329876 -1.6830013498517813 -0.7911544939150682
leaf_weight=144 2314 478 260 198 203 147
leaf_count=144 2314 478 260 198 203 147
internal_value=-0.000595199 0.11755 0.314703 -0.632501 -0.776536 -0.140592
internal_weight=3744 3250 2574 676 494 291
internal_count=3744 3250 2574 676 494 291
is_linear=0
shrinkage=0.05


Tree=82
num_leaves=4
num_cat=0
split_feature=2 0 8
split_gain=135009 156887 195486
threshold=254.62430000000043 2728.7959000000005 1.0000000180025095e-35
decision_type=2 2 2
left_child=1 -1 -3
right_child=-2 2 -4
leaf_value=1.5736945962477589 -1.1453092928249313 0.15463811118914192 -0.96359748060988126
leaf_weight=166 240 2887 451
leaf_count=166 240 2887 451
internal_value=-0.000577767 0.0781329 0.00330902
internal_weight=3744 3504 3338
internal_count=3744 3504 3338
is_linear=0
shrinkage=0.05


Tree=83
num_leaves=6
num_cat=0
split_feature=9 4 3 4 1
split_gain=129236 1.08952e+06 150002 172561 85146
threshold=1.0000000180025095e-35 -14.041602430556166 169.44478750000033 -118.4625569444447 -12.971099999999977
decision_type=2 2 2 2 2
left_child=2 4 3 -1 -2
right_child=1 -3 -4 -5 -6
leaf_value=-1.1733038448612645 -0.10809645565350851 -4.4392544778051048 1.611668686064319 0.16277447317357943 1.2945930161829771
leaf_weight=264 224 144 160 2744 208
leaf_count=264 224 144 160 2744 208
internal_value=-0.000553963 -0.688811 0.124761 0.0451613 0.568703
internal_weight=3744 576 3168 3008 432
internal_count=3744 576 3168 3008 432
is_linear=0
shrinkage=0.05


Tree=84
num_leaves=7
num_cat=0
split_feature=2 1 11 13 1 0
split_gain=131408 318510 197810 178808 175624 92047.8
threshold=-148.3604 -223.03140000000027 0.89665931010743594 -0.53678821817552291 121.78574999999979 4665.590400000001
decision_type=2 2 2 2 2 2
left_child=1 -1 3 -2 -4 -3
right_child=2 5 4 -5 -6 -7
leaf_value=-0.61537551959381276 0.2439708459845559 0.80132495839849571 0.045975618726038107 -0.66970235664617472 2.193123782707366 2.147427124008138
leaf_weight=387 820 403 258 1540 150 186
leaf_count=387 820 403 258 1540 150 186
internal_value=-0.000561665 0.497992 -0.176469 -0.352271 0.8388 1.22933
internal_weight=3744 976 2768 2360 408 589
internal_count=3744 976 2768 2360 408 589
is_linear=0
shrinkage=0.05


Tree=85
num_leaves=4
num_cat=0
split_feature=14 3 2
split_gain=126413 163424 157894
threshold=0.99050122555197695 149.28833333333367 139.72000000000006
decision_type=2 2 2
left_child=1 2 -1
right_child=-2 -3 -4
leaf_value=0.12706421771811038 -1.3892111109984908 1.2828397732609371 -0.77266491270336701
leaf_weight=2743 156 253 592
leaf_count=2743 156 253 592
internal_value=-0.000478217 0.0602717 -0.0328316
internal_weight=3744 3588 3335
internal_count=3744 3588 3335
is_linear=0
shrinkage=0.05


Tree=86
num_leaves=5
num_cat=0
split_feature=3 13 0 0
split_gain=123769 155445 283899 204966
threshold=-119.97508333333347 -0.53678821817552291 6577.2621000000008 4405.0071000000016
decision_type=2 2 2 2
left_child=-1 3 -3 -2
right_child=1 2 -4 -5
leaf_value=-1.0965067636669918 1.2967838748708571 0.027809315584669089 -1.798857156304106 -0.063279589407156014
leaf_weight=240 512 2155 235 602
leaf_count=240 512 2155 235 602
internal_value=-0.000464352 0.0748985 -0.152477 0.562415
internal_weight=3744 3504 2390 1114
internal_count=3744 3504 2390 1114
is_linear=0
shrinkage=0.05


Tree=87
num_leaves=7
num_cat=0
split_feature=9 4 8 1 1 0
split_gain=120175 983786 160904 526918 146163 85519.7
threshold=1.0000000180025095e-35 -14.041602430556166 1.0000000180025095e-35 170.99950000000015 1128.4850000000006 3708.3739000000005
decision_type=2 2 2 2 2 2
left_child=2 5 3 -1 -4 -2
right_child=1 -3 4 -5 -6 -7
leaf_value=0.034952377639484444 1.0662784420878348 -4.2279689438332779 -1.8977141530048556 2.2930699664958563 -0.13302089337277528 -0.38950913039967422
leaf_weight=2302 273 144 163 290 413 159
leaf_count=2302 273 144 163 290 413 159
internal_value=-0.00046295 -0.664154 0.12038 0.288384 -0.634828 0.530806
internal_weight=3744 576 3168 2592 576 432
internal_count=3744 576 3168 2592 576 432
is_linear=0
shrinkage=0.05


Tree=88
num_leaves=7
num_cat=0
split_feature=0 14 0 11 1 3
split_gain=121451 214457 483244 197734 195386 175852
threshold=4016.0478500000004 0.25881904510252068 6195.0461000000005 -0.8433914458128855 1128.4850000000006 44.971912500000151
decision_type=2 2 2 2 2 2
left_child=3 5 -3 -1 -5 -2
right_child=1 2 -4 4 -6 -7
leaf_value=-1.0387948201823345 -0.20375450640985135 -2.8272338151154313 -0.08953332064880265 0.33054205971568601 2.0686050621002758 1.0224000548322996
leaf_weight=216 1117 229 539 1058 190 395
leaf_count=216 1117 229 539 1058 190 395
internal_value=-0.000483246 -0.228645 -0.908468 0.354764 0.596595 0.117034
internal_weight=3744 2280 768 1464 1248 1512
internal_count=3744 2280 768 1464 1248 1512
is_linear=0
shrinkage=0.05


Tree=89
num_leaves=4
num_cat=0
split_feature=2 0 8
split_gain=122356 143324 180081
threshold=254.62430000000043 2728.7959000000005 1.0000000180025095e-35
decision_type=2 2 2
left_child=1 -1 -3
right_child=-2 2 -4
leaf_value=1.5039166956771901 -1.0902378115864835 0.14819033076618077 -0.92508099522210863
leaf_weight=166 240 2887 451
leaf_count=166 240 2887 451
internal_value=-0.000468934 0.0744625 0.00294611
internal_weight=3744 3504 3338
internal_count=3744 3504 3338
is_linear=0
shrinkage=0.05


Tree=90
num_leaves=7
num_cat=0
split_feature=2 1 11 1 3 1
split_gain=116546 283510 173081 152723 149459 83742.9
threshold=-148.3604 -223.03140000000027 0.89665931010743594 121.78574999999979 -109.22363333333304 -763.72334999999987
decision_type=2 2 2 2 2 2
left_child=1 5 4 -4 -2 -1
right_child=2 -3 3 -5 -6 -7
leaf_value=0.2195183956556106 -1.7498424270818402 1.1590507668711372 0.04424518239198965 2.0465215026148109 -0.21893798788150423 -1.2542079958976444
leaf_weight=177 171 589 258 150 2189 210
leaf_count=177 171 589 258 150 2189 210
internal_value=-0.000450334 0.469065 -0.166112 0.78358 -0.330558 -0.58135
internal_weight=3744 976 2768 408 2360 387
internal_count=3744 976 2768 408 2360 387
is_linear=0
shrinkage=0.05


Tree=91
num_leaves=5
num_cat=0
split_feature=14 9 4 0
split_gain=112091 141456 267539 180134
threshold=0.99050122555197695 1.0000000180025095e-35 -16.646995138888538 4016.0478500000004
decision_type=2 2 2 2
left_child=1 3 -3 -1
right_child=-2 2 -4 -5
leaf_value=0.76673324939304355 -1.3081263674292596 0.4216222385862432 -1.7766835206897682 -0.066694200182599681
leaf_weight=937 156 276 276 2099
leaf_count=937 156 276 276 2099
internal_value=-0.000424525 0.0567807 -0.678756 0.190694
internal_weight=3744 3588 552 3036
internal_count=3744 3588 552 3036
is_linear=0
shrinkage=0.05


Tree=92
num_leaves=7
num_cat=0
split_feature=2 3 1 0 11 2
split_gain=111836 170136 145128 134691 106962 76611.1
threshold=139.72000000000006 -130.76624999999964 138.71354999999997 2728.7959000000005 -0.10884096748385481 230.23870000000014
decision_type=2 2 2 2 2 2
left_child=1 -1 4 -3 -2 -4
right_child=2 3 5 -5 -6 -7
leaf_value=-1.4722264272314085 -2.3232359622579977 1.6979548304707841 0.93161270845155775 0.13477388629341069 -0.52671097755744201 -0.60384469132548502
leaf_weight=157 147 144 162 2783 190 161
leaf_count=157 147 144 162 2783 190 161
internal_value=-0.00042951 0.12603 -0.590636 0.212232 -1.31491 0.166759
internal_weight=3744 3084 660 2927 337 323
internal_count=3744 3084 660 2927 337 323
is_linear=0
shrinkage=0.05


Tree=93
num_leaves=7
num_cat=0
split_feature=8 1 2 2 1 0
split_gain=111161 495307 270531 224458 139911 234808
threshold=1.0000000180025095e-35 170.99950000000015 89.794500000000212 -43.744050000000009 1128.4850000000006 3880.8910000000001
decision_type=2 2 2 2 2 2
left_child=1 3 -3 -1 -2 -6
right_child=4 2 -4 -5 5 -7
leaf_value=0.31362785439854279 -1.874342213480211 3.5118345376232578 0.75432643842255864 -0.58368731034002297 0.7899301967190695 -1.6565408883604615
leaf_weight=1462 163 144 232 1330 255 158
leaf_count=1462 163 144 232 1330 255 158
internal_value=-0.000436898 0.115785 1.81691 -0.113874 -0.638752 -0.147748
internal_weight=3744 3168 376 2792 576 413
internal_count=3744 3168 376 2792 576 413
is_linear=0
shrinkage=0.05


Tree=94
num_leaves=6
num_cat=0
split_feature=4 10 1 0 12
split_gain=106636 283922 434927 156495 47366.8
threshold=-118.4625569444447 1.0000000180025095e-35 -244.05480000000031 4405.0071000000016 1.0000000180025095e-35
decision_type=2 2 2 2 2
left_child=4 2 -2 -3 -1
right_child=1 3 -4 -5 -6
leaf_value=-1.5611669131394093 -2.1416547956327014 2.4177270804000441 0.080871708474847467 0.48170766501546142 -0.27857193783439443
leaf_weight=144 238 176 2786 256 144
leaf_count=144 238 176 2786 256 144
internal_value=-0.000398295 0.0767343 -0.0946995 1.27422 -0.923052
internal_weight=3744 3456 3024 432 288
internal_count=3744 3456 3024 432 288
is_linear=0
shrinkage=0.05


Tree=95
num_leaves=7
num_cat=0
split_feature=2 1 14 1 0 1
split_gain=105827 241418 155373 221581 84832.4 64390
threshold=-148.3604 -223.03140000000027 0.97536678965063839 121.78574999999979 4665.590400000001 -763.72334999999987
decision_type=2 2 2 2 2 2
left_child=1 5 3 -2 -3 -1
right_child=2 4 -4 -5 -6 -7
leaf_value=0.17999645919444857 -0.39623102422160583 0.67319689317800036 -1.5420648101776366 0.57530161233209987 1.9648035565450948 -1.1123220607850224
leaf_weight=177 1679 403 188 901 186 210
leaf_count=177 1679 403 188 901 186 210
internal_value=-0.000391747 0.44701 -0.158251 -0.0568563 1.08371 -0.522321
internal_weight=3744 976 2768 2580 589 387
internal_count=3744 976 2768 2580 589 387
is_linear=0
shrinkage=0.05


Tree=96
num_leaves=6
num_cat=0
split_feature=8 1 2 1 0
split_gain=109752 448909 171235 125608 210353
threshold=1.0000000180025095e-35 231.01310000000015 139.72000000000006 1128.4850000000006 3880.8910000000001
decision_type=2 2 2 2 2
left_child=1 2 -1 -2 -5
right_child=3 -3 -4 4 -6
leaf_value=0.12212658190801623 -1.8053756022962131 2.4265401095719206 -0.9366074085036914 0.71826858035637997 -1.5973227052849794
leaf_weight=2523 163 196 449 255 158
leaf_count=2523 163 196 449 255 158
internal_value=-0.000367581 0.115116 -0.0380847 -0.634626 -0.169318
internal_weight=3744 3168 2972 576 413
internal_count=3744 3168 2972 576 413
is_linear=0
shrinkage=0.05


Tree=97
num_leaves=6
num_cat=0
split_feature=13 13 13 0 0
split_gain=106341 193236 139283 129548 103296
threshold=0.8425887240367157 0.70710678118654735 0.53678821817552336 3923.8050000000007 4438.4788000000008
decision_type=2 2 2 2 2
left_child=1 2 -1 -2 -5
right_child=3 -3 -4 4 -6
leaf_value=0.1164390821190366 0.358450457870715 1.4261066921469239 -1.0962988320438343 -1.9228543995013787 -0.37426116426282796
leaf_weight=2548 242 260 260 198 236
leaf_count=2548 242 260 260 198 236
internal_value=-0.000363522 0.124758 0.00379823 -0.567569 -1.08356
internal_weight=3744 3068 2808 676 434
internal_count=3744 3068 2808 676 434
is_linear=0
shrinkage=0.05


Tree=98
num_leaves=7
num_cat=0
split_feature=11 0 0 12 0 10
split_gain=106584 405579 200866 239547 211994 198164
threshold=0.065387565056497135 6577.2621000000008 3923.8050000000007 0.55543802234893513 3483.0014500000002 1.0000000180025095e-35
decision_type=2 2 2 2 2 2
left_child=1 5 4 -4 -2 -1
right_child=2 -3 3 -5 -6 -7
leaf_value=-0.25201054056866945 0.12114711417708286 -2.5746658296172704 0.20770312094979962 -1.7547365348521478 2.0363099129396529 1.2322836617515847
leaf_weight=1516 300 171 1034 182 278 263
leaf_count=1516 300 171 1034 182 278 263
internal_value=-0.00036527 -0.256186 0.277689 -0.0872178 1.04421 -0.0320096
internal_weight=3744 1950 1794 1216 578 1779
internal_count=3744 1950 1794 1216 578 1779
is_linear=0
shrinkage=0.05


Tree=99
num_leaves=6
num_cat=0
split_feature=8 1 2 1 0
split_gain=102796 400585 164514 114749 189754
threshold=1.0000000180025095e-35 231.01310000000015 -66.74755000000026 1128.4850000000006 3880.8910000000001
decision_type=2 2 2 2 2
left_child=1 2 -1 -2 -5
right_child=3 -3 -4 4 -6
leaf_value=0.37484687484215379 -1.7331930000607561 2.2948754749397944 -0.37213524806591186 0.6735993008769583 -1.5256958148764364
leaf_weight=1348 163 196 1624 255 158
leaf_count=1348 163 196 1624 255 158
internal_value=-0.000360144 0.111404 -0.033317 -0.61419 -0.16943
internal_weight=3744 3168 2972 576 413
internal_count=3744 3168 2972 576 413
is_linear=0
shrinkage=0.05


end of trees

feature_importances:
Column_3=134
Column_1=113
Column_4=77
Column_0=42
Column_2=41
Column_9=32
Column_8=27
Column_11=19
Column_13=19
Column_10=11
Column_12=8
Column_14=7

parameters:
[boosting: gbdt]
[objective: regression]
[metric: l2]
[tree_learner: serial]
[device_type: cpu]
[data_sample_strategy: bagging]
[data: ]
[valid: ]
[num_iterations: 100]
[learning_rate: 0.05]
[num_leaves: 7]
[num_threads: 1]
[seed: 20250911]
[deterministic: 1]
[force_col_wise: 1]
[force_row_wise: 0]
[histogram_pool_size: -1]
[max_depth: 3]
[min_data_in_leaf: 144]
[min_sum_hessian_in_leaf: 0.001]
[bagging_fraction: 1]
[pos_bagging_fraction: 1]
[neg_bagging_fraction: 1]
[bagging_freq: 0]
[bagging_seed: 20250911]
[bagging_by_query: 0]
[feature_fraction: 1]
[feature_fraction_bynode: 1]
[feature_fraction_seed: 20250911]
[extra_trees: 0]
[extra_seed: 26685]
[early_stopping_round: 0]
[early_stopping_min_delta: 0]
[first_metric_only: 0]
[max_delta_step: 0]
[lambda_l1: 0]
[lambda_l2: 1]
[linear_lambda: 0]
[min_gain_to_split: 0]
[drop_rate: 0.1]
[max_drop: 50]
[skip_drop: 0.5]
[xgboost_dart_mode: 0]
[uniform_drop: 0]
[drop_seed: 2504]
[top_rate: 0.2]
[other_rate: 0.1]
[min_data_per_group: 100]
[max_cat_threshold: 32]
[cat_l2: 10]
[cat_smooth: 10]
[max_cat_to_onehot: 4]
[top_k: 20]
[monotone_constraints: ]
[monotone_constraints_method: basic]
[monotone_penalty: 0]
[feature_contri: ]
[forcedsplits_filename: ]
[refit_decay_rate: 0.9]
[cegb_tradeoff: 1]
[cegb_penalty_split: 0]
[cegb_penalty_feature_lazy: ]
[cegb_penalty_feature_coupled: ]
[path_smooth: 0]
[interaction_constraints: ]
[verbosity: -1]
[saved_feature_importance_type: 0]
[use_quantized_grad: 0]
[num_grad_quant_bins: 4]
[quant_train_renew_leaf: 0]
[stochastic_rounding: 1]
[linear_tree: 0]
[max_bin: 63]
[max_bin_by_feature: ]
[min_data_in_bin: 3]
[bin_construct_sample_cnt: 200000]
[data_random_seed: 20250911]
[is_enable_sparse: 1]
[enable_bundle: 1]
[use_missing: 1]
[zero_as_missing: 0]
[feature_pre_filter: 0]
[pre_partition: 0]
[two_round: 0]
[header: 0]
[label_column: ]
[weight_column: ]
[group_column: ]
[ignore_column: ]
[categorical_feature: ]
[forcedbins_filename: ]
[precise_float_parser: 0]
[parser_config_file: ]
[objective_seed: 19683]
[num_class: 1]
[is_unbalance: 0]
[scale_pos_weight: 1]
[sigmoid: 1]
[boost_from_average: 1]
[reg_sqrt: 0]
[alpha: 0.9]
[fair_c: 1]
[poisson_max_delta_step: 0.7]
[tweedie_variance_power: 1.5]
[lambdarank_truncation_level: 30]
[lambdarank_norm: 1]
[label_gain: ]
[lambdarank_position_bias_regularization: 0]
[eval_at: ]
[multi_error_top_k: 1]
[auc_mu_weights: ]
[num_machines: 1]
[local_listen_port: 12400]
[time_out: 120]
[machine_list_filename: ]
[machines: ]
[gpu_platform_id: -1]
[gpu_device_id: -1]
[gpu_device_id_list: ]
[gpu_use_dp: 0]
[num_gpu: 1]

end of parameters

pandas_categorical:null
