tree
version=v4
num_class=1
num_tree_per_iteration=1
label_index=0
max_feature_idx=14
objective=regression
feature_names=Column_0 Column_1 Column_2 Column_3 Column_4 Column_5 Column_6 Column_7 Column_8 Column_9 Column_10 Column_11 Column_12 Column_13 Column_14
feature_infos=[2105.3899999999999:6978.6701999999996] [-4265.6854000000003:3810.7392999999997] [-721.10999999999967:1143.4599999999996] [-716.70750000000044:396.36499999999978] [-39.347378472221862:361.3569840277778] [0:1] [0:1] [0:1] [0:1] [0:1] [0:1] [-1:1] [-1:1] [-1:1] [-1:1]
tree_sizes=667 763 675 755 676 678 675 756 759 673 679 678 761 679 761 678 761 764 761 684 765 684 767 681 766 765 772 768 767 769 769 771 758 771 770 772 779 773 752 758 669 685 777 676 775 673 683 766 757 597 761 601 683 766 757 758 768 509 581 744 759 757 762 755 501 746 672 677 589 756 578 749 763 588 590 751 588 592 659 739 746 586 668 754 588 587 748 755 756 744 581 580 580 754 582 749 747 495 581 743

Tree=0
num_leaves=6
num_cat=0
split_feature=3 2 2 3 3
split_gain=5.93558e+07 3.02778e+07 1.64299e+07 1.08917e+07 9.33076e+06
threshold=3.6362124999998291 400.2776000000004 400.2776000000004 86.598162500000186 -114.35746249999987
decision_type=2 2 2 2 2
left_child=2 3 4 -2 -1
right_child=1 -3 -4 -5 -6
leaf_value=29.961265879615787 39.301235970530975 61.498603679641903 48.363454517088293 45.084570745350511 34.985953043153856
leaf_weight=1362 2113 200 190 1324 2875
leaf_count=1362 2113 200 190 1324 2875
internal_value=37.9028 42.6348 34.015 41.5305 33.3693
internal_weight=8064 3637 4427 3437 4237
internal_count=8064 3637 4427 3437 4237
is_linear=0
shrinkage=1


Tree=1
num_leaves=7
num_cat=0
split_feature=3 2 4 1 3 3
split_gain=5.35745e+07 2.73422e+07 1.48654e+07 1.16292e+07 9.83061e+06 5.73394e+06
threshold=3.6362124999998291 400.2776000000004 76.669907638888404 106.30849999999988 86.598162500000186 -133.75531250000014
decision_type=2 2 2 2 2 2
left_child=2 4 5 -4 -2 -1
right_child=1 -3 3 -5 -6 -7
leaf_value=-8.1074541804054672 1.3285803007383989 22.421916737781828 -2.4269698282082874 10.717887215161076 6.8229864453849096 -3.7259664672358515
leaf_weight=1033 2113 200 404 287 1324 2703
leaf_count=1033 2113 200 404 287 1324 2703
internal_value=0.000197005 4.49584 -3.69338 3.04021 3.4465 -4.93929
internal_weight=8064 3637 4427 691 3437 3736
internal_count=8064 3637 4427 691 3437 3736
is_linear=0
shrinkage=0.05


Tree=2
num_leaves=6
num_cat=0
split_feature=3 2 2 3 3
split_gain=4.83567e+07 2.46913e+07 1.3855e+07 8.89873e+06 7.77356e+06
threshold=3.6362124999998291 400.2776000000004 400.2776000000004 92.9281000000001 -114.35746249999987
decision_type=2 2 2 2 2
left_child=2 3 4 -2 -1
right_child=1 -3 -4 -5 -6
leaf_value=-7.2123774442627697 1.4132704836098251 21.306397761871565 9.6673887572987542 6.7528299343431728 -2.6261318198745873
leaf_weight=1362 2240 200 190 1197 2875
leaf_count=1362 2240 200 190 1197 2875
internal_value=0.000354749 4.27147 -3.50875 3.2743 -4.10175
internal_weight=8064 3637 4427 3437 4237
internal_count=8064 3637 4427 3437 4237
is_linear=0
shrinkage=0.05


Tree=3
num_leaves=7
num_cat=0
split_feature=3 2 4 1 3 3
split_gain=4.3714e+07 2.0406e+07 1.44848e+07 1.1532e+07 6.77871e+06 6.0233e+06
threshold=17.958749999999785 400.2776000000004 76.669907638888404 106.30849999999988 114.0975000000001 -54.944799999999979
decision_type=2 2 2 2 2 2
left_child=2 4 5 -4 -2 -1
right_child=1 -3 3 -5 -6 -7
leaf_value=-5.8693053915798927 2.0761067100262265 20.611632675480198 -2.0189448783777912 10.421730344646548 7.3735748070971541 -1.9734040676038422
leaf_weight=2326 2236 184 434 325 827 1732
leaf_count=2326 2236 184 434 325 827 1732
internal_value=0.000518645 4.4836 -3.0217 3.31479 3.50835 -4.20739
internal_weight=8064 3247 4817 759 3063 4058
internal_count=8064 3247 4817 759 3063 4058
is_linear=0
shrinkage=0.05


Tree=4
num_leaves=6
num_cat=0
split_feature=3 2 4 3 3
split_gain=3.95367e+07 2.02085e+07 1.16574e+07 7.45674e+06 6.66319e+06
threshold=3.6362124999998291 400.2776000000004 243.6065378472222 86.598162500000186 -188.60141250000012
decision_type=2 2 2 2 2
left_child=2 3 4 -2 -1
right_child=1 -3 -4 -5 -6
leaf_value=-8.3783298250057108 1.1160253898888235 19.27383662247243 9.2576923296925777 5.9012494719736983 -2.8615627872832832
leaf_weight=645 2113 200 180 1324 3602
leaf_count=645 2113 200 180 1324 3602
internal_value=0.000682568 3.86269 -3.17231 2.96057 -3.70118
internal_weight=8064 3637 4427 3437 4247
internal_count=8064 3637 4427 3437 4247
is_linear=0
shrinkage=0.05


Tree=5
num_leaves=6
num_cat=0
split_feature=3 4 2 3 3
split_gain=3.57539e+07 1.882e+07 1.09422e+07 6.60775e+06 5.86804e+06
threshold=1.0000000180025095e-35 243.6065378472222 400.2776000000004 135.19461249999975 -105.76617499999973
decision_type=2 2 2 2 2
left_child=2 3 4 -2 -1
right_child=1 -3 -4 -5 -6
leaf_value=-6.1647234397957913 1.6250915886650483 16.617987729278521 8.7823025523005303 7.431108301544028 -2.2308417685489648
leaf_weight=1483 2923 256 184 588 2630
leaf_count=1483 2923 256 184 588 2630
internal_value=0.000799149 3.55613 -3.11612 2.59929 -3.65041
internal_weight=8064 3767 4297 3511 4113
internal_count=8064 3767 4297 3511 4113
is_linear=0
shrinkage=0.05


Tree=6
num_leaves=6
num_cat=0
split_feature=3 4 2 3 3
split_gain=3.25312e+07 1.4513e+07 1.38376e+07 7.5241e+06 4.30231e+06
threshold=31.080262500000348 243.6065378472222 400.2776000000004 -92.273750000000049 135.19461249999975
decision_type=2 2 2 2 2
left_child=2 4 3 -1 -2
right_child=1 -3 -4 -5 -6
leaf_value=-5.5684374302281725 2.2129363709744863 17.040048843190288 9.5593397434688949 -1.4867561678634096 7.0601836646453222
leaf_weight=1732 2063 206 232 3243 588
leaf_count=1732 2063 206 232 3243 588
internal_value=0.000920774 4.28735 -2.35135 -2.90859 3.29033
internal_weight=8064 2857 5207 4975 2651
internal_count=8064 2857 5207 4975 2651
is_linear=0
shrinkage=0.05


Tree=7
num_leaves=7
num_cat=0
split_feature=3 2 4 3 3 11
split_gain=2.95264e+07 1.89581e+07 8.56699e+06 7.144e+06 4.39724e+06 914649
threshold=-17.330512499999937 347.27804999999995 243.6065378472222 80.038212499999887 -188.60141250000012 -0.65918890865109969
decision_type=2 2 2 2 2 2
left_child=2 3 4 -2 -1 -3
right_child=1 5 -4 -5 -6 -7
leaf_value=-7.4418175452553177 0.35493831232494538 17.810051041285199 8.615320362191218 4.7743216142744158 -2.8895363148043676 12.034878006518284
leaf_weight=645 2569 149 146 1419 2986 150
leaf_count=645 2569 149 146 1419 2986 150
internal_value=0.00105336 2.8406 -3.22181 1.92823 -3.70002 14.9626
internal_weight=8064 4287 3777 3988 3631 299
internal_count=8064 4287 3777 3988 3631 299
is_linear=0
shrinkage=0.05


Tree=8
num_leaves=7
num_cat=0
split_feature=3 4 4 2 3 3
split_gain=2.68869e+07 1.40243e+07 1.08241e+07 8.98776e+06 4.32509e+06 3.96986e+06
threshold=17.958749999999785 243.6065378472222 76.669907638888404 259.53999999999979 146.9271875000002 -54.944799999999979
decision_type=2 2 2 2 2 2
left_child=2 4 5 -4 -2 -1
right_child=1 -3 3 -5 -6 -7
leaf_value=-4.7431986494981579 1.7949674062356413 15.364318029222819 -0.96076401629653141 10.370803456079393 7.0349539675426076 -1.5803732309490948
leaf_weight=2326 2551 231 487 272 465 1732
leaf_count=2326 2551 231 487 272 465 1732
internal_value=0.00120689 3.51711 -2.369 3.10839 2.60492 -3.39399
internal_weight=8064 3247 4817 759 3016 4058
internal_count=8064 3247 4817 759 3016 4058
is_linear=0
shrinkage=0.05


Tree=9
num_leaves=6
num_cat=0
split_feature=3 2 2 3 3
split_gain=2.43902e+07 1.18774e+07 1.07749e+07 5.85706e+06 3.22383e+06
threshold=31.080262500000348 347.27804999999995 400.2776000000004 -86.66007499999931 114.0975000000001
decision_type=2 2 2 2 2
left_child=2 4 3 -1 -2
right_child=1 -3 -4 -5 -6
leaf_value=-4.7495115472956195 1.652821261841545 15.24943327638838 8.4747176834442079 -1.2025399532815266 5.4379616988866459
leaf_weight=1857 1841 206 232 3118 810
leaf_count=1857 1841 206 232 3118 810
internal_value=0.00131569 3.71285 -2.03547 -2.52719 2.81097
internal_weight=8064 2857 5207 4975 2651
internal_count=8064 2857 5207 4975 2651
is_linear=0
shrinkage=0.05


Tree=10
num_leaves=6
num_cat=0
split_feature=4 3 1 3 1
split_gain=2.32187e+07 1.85374e+07 1.14551e+07 5.26292e+06 3.86659e+06
threshold=243.6065378472222 -17.330512499999937 236.19599999999971 80.038212499999887 -19.08215000000018
decision_type=2 2 2 2 2
left_child=1 4 -2 -3 -1
right_child=2 3 -4 -5 -6
leaf_value=-4.5317534186394175 1.6590921321822394 0.35248056493085445 18.157288422187172 4.1322725541690053 -1.1878354702233933
leaf_weight=2210 181 2565 251 1436 1421
leaf_count=2210 181 2565 251 1436 1421
internal_value=0.00140402 -0.63753 11.2646 1.70978 -3.22379
internal_weight=8064 7632 432 4001 3631
internal_count=8064 7632 432 4001 3631
is_linear=0
shrinkage=0.05


Tree=11
num_leaves=6
num_cat=0
split_feature=4 3 1 3 1
split_gain=2.09634e+07 1.68557e+07 1.03424e+07 5.36848e+06 3.3334e+06
threshold=243.6065378472222 -30.775924999999685 236.19599999999971 80.038212499999887 -61.830300000000072
decision_type=2 2 2 2 2
left_child=1 4 -2 -3 -1
right_child=2 3 -4 -5 -6
leaf_value=-4.77930607076076 1.5765932570507106 0.19682110686916623 17.253026662837893 3.9258027110894638 -1.5631607828898748
leaf_weight=1787 181 2940 251 1436 1469
leaf_count=1787 181 2940 251 1436 1469
internal_value=0.00144903 -0.605662 10.7037 1.42112 -3.32921
internal_weight=8064 7632 432 4376 3256
internal_count=8064 7632 432 4376 3256
is_linear=0
shrinkage=0.05


Tree=12
num_leaves=7
num_cat=0
split_feature=4 2 3 1 11 3
split_gain=1.92044e+07 1.54774e+07 1.26431e+07 4.72781e+06 3.91724e+06 3.64379e+06
threshold=76.669907638888404 259.53999999999979 -4.4308749999997863 368.14104999999978 -0.065387565056497052 146.9271875000002
decision_type=2 2 2 2 2 2
left_child=2 4 -1 -3 -2 -4
right_child=1 3 5 -5 -6 -7
leaf_value=-3.1878676542055011 6.2474992077918694 6.0317089904226915 0.5303220923407892 15.787443309270419 -0.87545489610247373 5.6433327239453801
leaf_weight=3519 276 204 2706 324 636 399
leaf_count=3519 276 204 2706 324 636 399
internal_value=0.00147958 5.23269 -1.13636 12.0367 1.28466 1.18896
internal_weight=8064 1440 6624 528 912 3105
internal_count=8064 1440 6624 528 912 3105
is_linear=0
shrinkage=0.05


Tree=13
num_leaves=6
num_cat=0
split_feature=4 3 1 3 1
split_gain=1.74883e+07 1.44196e+07 8.58131e+06 5.42622e+06 2.4175e+06
threshold=243.6065378472222 -54.944799999999979 236.19599999999971 68.414937500000192 -123.6849999999997
decision_type=2 2 2 2 2
left_child=1 4 -2 -3 -1
right_child=2 3 -4 -5 -6
leaf_value=-5.1745633603253669 1.4626835938665894 -0.14400029957153168 15.742371213152296 3.3464612863597587 -2.1362854901674941
leaf_weight=1220 181 3321 251 1674 1417
leaf_count=1220 181 3321 251 1674 1417
internal_value=0.00159268 -0.55292 9.77664 1.02621 -3.54336
internal_weight=8064 7632 432 4995 2637
internal_count=8064 7632 432 4995 2637
is_linear=0
shrinkage=0.05


Tree=14
num_leaves=7
num_cat=0
split_feature=4 11 3 3 3 0
split_gain=1.63782e+07 1.36378e+07 1.03721e+07 4.97523e+06 3.14459e+06 2.70809e+06
threshold=76.669907638888404 -0.1950438958025166 -4.4308749999997863 -60.038749999999474 146.9271875000002 3668.5127000000007
decision_type=2 2 2 2 2 2
left_child=2 3 -1 -2 -4 -3
right_child=1 5 4 -5 -6 -7
leaf_value=-2.9073333298567348 3.6577490367797711 3.6474493044487972 0.44512374021920043 13.303454540155029 5.1949666791558267 -2.1435262604454244
leaf_weight=3519 194 375 2706 436 399 435
leaf_count=3519 194 375 2706 436 399 435
internal_value=0.00159423 4.83257 -1.04919 10.3437 1.05697 0.538673
internal_weight=8064 1440 6624 630 3105 810
internal_count=8064 1440 6624 630 3105 810
is_linear=0
shrinkage=0.05


Tree=15
num_leaves=6
num_cat=0
split_feature=4 3 1 3 3
split_gain=1.49751e+07 1.20982e+07 7.36061e+06 4.5586e+06 2.3478e+06
threshold=243.6065378472222 -54.944799999999979 368.14104999999978 68.414937500000192 -188.60141250000012
decision_type=2 2 2 2 2
left_child=1 4 -2 -3 -1
right_child=2 3 -4 -5 -6
leaf_value=-5.8712760449217019 2.9930080567414947 -0.13761293713544051 16.085136153101924 3.0616478027700822 -2.3995895932232743
leaf_weight=645 233 3321 199 1674 1992
leaf_count=645 233 3321 199 1674 1992
internal_value=0.00164595 -0.511479 9.04709 0.93497 -3.25065
internal_weight=8064 7632 432 4995 2637
internal_count=8064 7632 432 4995 2637
is_linear=0
shrinkage=0.05


Tree=16
num_leaves=7
num_cat=0
split_feature=4 11 3 12 3 1
split_gain=1.39754e+07 1.20829e+07 8.62729e+06 4.29069e+06 2.87e+06 2.41517e+06
threshold=76.669907638888404 -0.1950438958025166 40.337999999999745 -0.5554380223489348 -188.60141250000012 106.30849999999988
decision_type=2 2 2 2 2 2
left_child=2 3 4 -2 -1 -3
right_child=1 5 -4 -5 -6 -7
leaf_value=-5.4321782643613172 3.1050769947510397 -1.9276395328374893 1.7258048972858706 12.257563858788188 -1.6944952385158012 3.5867467422361319
leaf_weight=589 180 465 2050 450 3985 345
leaf_count=589 180 465 2050 450 3985 345
internal_value=0.00164876 4.4642 -0.968999 9.65163 -2.17688 0.422607
internal_weight=8064 1440 6624 630 4574 810
internal_count=8064 1440 6624 630 4574 810
is_linear=0
shrinkage=0.05


Tree=17
num_leaves=7
num_cat=0
split_feature=4 3 1 3 1 11
split_gain=1.28007e+07 9.93136e+06 8.48051e+06 3.80623e+06 1.90664e+06 453681
threshold=154.20818923611162 -54.944799999999979 236.19599999999971 92.9281000000001 -123.6849999999997 -0.59116893267988335
decision_type=2 2 2 2 2 2
left_child=1 4 -2 -3 -1 -4
right_child=2 3 5 -5 -6 -7
leaf_value=-4.4899905605674801 1.0169133554634295 -0.0037441934859480269 15.194613188021894 3.2692531782788992 -1.7761150511443315 10.978538944133341
leaf_weight=1216 284 3719 147 1166 1387 145
leaf_count=1216 284 3719 147 1166 1387 145
internal_value=0.00163839 -0.551245 7.17763 0.777996 -3.04515 13.1456
internal_weight=8064 7488 576 4885 2603 292
internal_count=8064 7488 576 4885 2603 292
is_linear=0
shrinkage=0.05


Tree=18
num_leaves=7
num_cat=0
split_feature=4 11 3 3 3 12
split_gain=1.18351e+07 1.05766e+07 7.15469e+06 4.04954e+06 2.41229e+06 2.27353e+06
threshold=76.669907638888404 -0.1950438958025166 8.9335374999998312 -86.66007499999931 179.92513749999992 0.85470842479866249
decision_type=2 2 2 2 2 2
left_child=2 3 -1 -2 -4 -3
right_child=1 5 4 -5 -6 -7
leaf_value=-2.2904644709279283 1.6489136152932433 -1.03978422443134 0.62530120284077717 11.159663585295384 6.2864404527424593 5.4491844485377712
leaf_weight=3840 146 640 2582 484 202 170
leaf_count=3840 146 640 2582 484 202 170
internal_value=0.00170643 4.10835 -0.891528 8.96169 1.03817 0.327138
internal_weight=8064 1440 6624 630 2784 810
internal_count=8064 1440 6624 630 2784 810
is_linear=0
shrinkage=0.05


Tree=19
num_leaves=6
num_cat=0
split_feature=4 3 11 3 11
split_gain=1.09477e+07 8.73167e+06 5.73285e+06 3.32033e+06 2.04316e+06
threshold=243.6065378472222 -54.944799999999979 0.34202014332566882 92.9281000000001 -0.55543802234893469
decision_type=2 2 2 2 2
left_child=1 4 -2 -3 -1
right_child=2 3 -4 -5 -6
leaf_value=-1.0325045903535739 12.316649926158618 0.071076981792050783 0.50701658373048319 3.097062512699734 -3.8831579434563324
leaf_weight=1036 264 3806 168 1189 1601
leaf_count=1036 264 3806 168 1189 1601
internal_value=0.0017565 -0.436975 7.73579 0.791852 -2.76404
internal_weight=8064 7632 432 4995 2637
internal_count=8064 7632 432 4995 2637
is_linear=0
shrinkage=0.05


Tree=20
num_leaves=7
num_cat=0
split_feature=4 11 3 12 3 3
split_gain=1.01184e+07 9.34864e+06 6.00155e+06 3.21637e+06 2.73114e+06 2.56487e+06
threshold=76.669907638888404 -0.36235178784537908 58.742212500000285 0.91509365977396839 -74.771924999999996 -188.60141250000012
decision_type=2 2 2 2 2 2
left_child=2 4 5 -3 -2 -1
right_child=1 3 -4 -5 -6 -7
leaf_value=-4.7802018216227067 2.9746832807105168 -0.8862408413288464 1.8094041451592522 6.5794864689447614 11.012543379678334 -1.2689540282257081
leaf_weight=589 144 710 1630 180 406 4405
leaf_count=589 144 710 1630 180 406 4405
internal_value=0.00173734 3.79889 -0.82418 0.629371 8.9173 -1.68395
internal_weight=8064 1440 6624 890 550 4994
internal_count=8064 1440 6624 890 550 4994
is_linear=0
shrinkage=0.05


Tree=21
num_leaves=6
num_cat=0
split_feature=4 3 11 3 11
split_gain=9.34781e+06 7.39254e+06 4.82066e+06 2.85129e+06 1.89014e+06
threshold=243.6065378472222 -54.944799999999979 0.34202014332566882 135.19461249999975 -0.55543802234893469
decision_type=2 2 2 2 2
left_child=1 4 -2 -3 -1
right_child=2 3 -4 -5 -6
leaf_value=-0.87956960806434514 11.34899301492943 0.29026586117616732 0.51923921640808057 3.9943679324517278 -3.6212312377780012
leaf_weight=1036 264 4407 168 588 1601
leaf_count=1036 264 4407 168 588 1601
internal_value=0.0017462 -0.403662 7.14835 0.727017 -2.54485
internal_weight=8064 7632 432 4995 2637
internal_count=8064 7632 432 4995 2637
is_linear=0
shrinkage=0.05


Tree=22
num_leaves=7
num_cat=0
split_feature=4 11 3 12 12 3
split_gain=8.65433e+06 8.19209e+06 5.07431e+06 2.82237e+06 2.66084e+06 2.02323e+06
threshold=76.669907638888404 -0.36235178784537908 35.956249999999734 0.91509365977396839 -0.44218343748786698 -188.60141250000012
decision_type=2 2 2 2 2 2
left_child=2 4 5 -3 -2 -1
right_child=1 3 -4 -5 -6 -7
leaf_value=-4.4507593217214287 3.0812749594275717 -0.87319949265050745 1.2317672100613377 6.120298307903564 10.627402523105227 -1.307284193973506
leaf_weight=589 170 710 2153 180 380 3882
leaf_count=589 170 710 2153 180 380 3882
internal_value=0.00173113 3.51344 -0.762099 0.546497 8.30479 -1.7223
internal_weight=8064 1440 6624 890 550 4471
internal_count=8064 1440 6624 890 550 4471
is_linear=0
shrinkage=0.05


Tree=23
num_leaves=6
num_cat=0
split_feature=4 3 1 4 11
split_gain=8.01088e+06 6.30089e+06 4.25622e+06 2.53512e+06 1.74716e+06
threshold=243.6065378472222 -54.944799999999979 449.71850000000023 76.669907638888404 -0.1950438958025166
decision_type=2 2 2 2 2
left_child=1 4 -2 -3 -1
right_child=2 3 -4 -5 -6
leaf_value=-1.1439277720115655 2.6207939388851327 0.21635365342107393 12.785399980124305 3.4651909833608521 -3.7241424753658467
leaf_weight=1405 263 4298 169 697 1232
leaf_count=1405 263 4298 169 697 1232
internal_value=0.00173405 -0.373565 6.61757 0.670298 -2.35035
internal_weight=8064 7632 432 4995 2637
internal_count=8064 7632 432 4995 2637
is_linear=0
shrinkage=0.05


Tree=24
num_leaves=7
num_cat=0
split_feature=1 4 10 1 4 1
split_gain=7.51503e+06 9.8542e+06 4.55944e+06 4.23603e+06 2.92798e+06 2.72853e+06
threshold=106.30849999999988 122.17728715277805 1.0000000180025095e-35 -167.49510000000006 3.4460048611113057 368.14104999999978
decision_type=2 2 2 2 2 2
left_child=2 -2 3 -1 -4 -3
right_child=1 5 4 -5 -6 -7
leaf_value=-5.1041501687064077 0.48089264088941985 4.3513533747521471 -0.90869166925679079 -1.1102133578692264 4.1358811571055822 10.879322833287253
leaf_weight=842 2299 338 574 3129 575 307
leaf_count=842 2299 338 574 3129 575 307
internal_value=0.00173549 2.01426 -1.15563 -1.95815 1.61719 7.4705
internal_weight=8064 2944 5120 3971 1149 645
internal_count=8064 2944 5120 3971 1149 645
is_linear=0
shrinkage=0.05


Tree=25
num_leaves=7
num_cat=0
split_feature=3 1 4 4 3 1
split_gain=7.05053e+06 4.65989e+06 4.6515e+06 2.79141e+06 2.25947e+06 1.81726e+06
threshold=68.414937500000192 30.930700000000119 122.17728715277805 154.20818923611162 -188.60141250000012 -234.33854999999991
decision_type=2 2 2 2 2 2
left_child=1 4 -3 5 -1 -2
right_child=3 2 -4 -5 -6 -7
leaf_value=-5.1490174934111801 5.8043712554953322 -0.20756599227785616 5.164905297881365 8.6910545856765165 -1.4589113859941869 1.3475559191790567
leaf_weight=476 274 2074 499 177 3198 1366
leaf_count=476 274 2074 499 177 3198 1366
internal_value=0.0017276 -0.795676 0.835957 2.7422 -1.93827 2.09525
internal_weight=8064 6247 2573 1817 3674 1640
internal_count=8064 6247 2573 1817 3674 1640
is_linear=0
shrinkage=0.05


Tree=26
num_leaves=7
num_cat=0
split_feature=3 1 4 10 4 1
split_gain=6.3648e+06 4.2068e+06 3.65328e+06 2.56056e+06 2.52104e+06 1.64086e+06
threshold=68.414937500000192 -9.1871000000000986 122.17728715277805 1.0000000180025095e-35 154.20818923611162 -234.33854999999991
decision_type=2 2 2 2 2 2
left_child=1 3 -3 -1 5 -2
right_child=4 2 -4 -5 -6 -7
leaf_value=-2.8439348033037977 5.5152080083475878 -0.24783845416845335 4.2055199084453196 0.31596149123648654 8.2589432435089289 1.2802273991100093
leaf_weight=2388 274 2415 568 876 177 1366
leaf_count=2388 274 2415 568 876 177 1366
internal_value=0.00172921 -0.755906 0.601261 -1.99604 2.60553 1.99071
internal_weight=8064 6247 2983 3264 1817 1640
internal_count=8064 6247 2983 3264 1817 1640
is_linear=0
shrinkage=0.05


Tree=27
num_leaves=7
num_cat=0
split_feature=1 4 10 1 4 1
split_gain=5.87146e+06 7.67333e+06 3.65861e+06 3.4747e+06 2.61618e+06 2.36135e+06
threshold=106.30849999999988 122.17728715277805 1.0000000180025095e-35 -167.49510000000006 3.4460048611113057 368.14104999999978
decision_type=2 2 2 2 2 2
left_child=2 -2 3 -1 -4 -3
right_child=1 5 4 -5 -6 -7
leaf_value=-4.5894326695768006 0.42753972525149586 3.6954157094776101 -0.92493679007954666 -0.97219258470883296 3.8434047501922275 9.7658368838781655
leaf_weight=842 2299 338 574 3129 575 307
leaf_count=842 2299 338 574 3129 575 307
internal_value=0.00174495 1.78063 -1.02126 -1.74014 1.46258 6.59539
internal_weight=8064 2944 5120 3971 1149 645
internal_count=8064 2944 5120 3971 1149 645
is_linear=0
shrinkage=0.05


Tree=28
num_leaves=7
num_cat=0
split_feature=3 1 4 4 3 1
split_gain=5.49027e+06 3.33377e+06 3.34045e+06 2.37833e+06 1.90686e+06 1.45986e+06
threshold=58.742212500000285 30.930700000000119 122.17728715277805 243.6065378472222 -188.60141250000012 -234.33854999999991
decision_type=2 2 2 2 2 2
left_child=1 4 -3 5 -1 -2
right_child=3 2 -4 -5 -6 -7
leaf_value=-4.6802192933154556 4.8568971530653728 -0.24439857967966991 4.4558396996052538 8.0742232280969617 -1.2830009299452243 1.1180867288558192
leaf_weight=476 311 1948 468 159 3095 1607
leaf_count=476 311 1948 468 159 3095 1607
internal_value=0.00172741 -0.76673 0.667545 2.21613 -1.73702 1.72654
internal_weight=8064 5987 2416 2077 3571 1918
internal_count=8064 5987 2416 2077 3571 1918
is_linear=0
shrinkage=0.05


Tree=29
num_leaves=7
num_cat=0
split_feature=3 1 4 10 4 1
split_gain=5.0046e+06 3.53814e+06 3.38324e+06 2.04809e+06 1.92002e+06 1.41325e+06
threshold=92.9281000000001 30.930700000000119 122.17728715277805 1.0000000180025095e-35 148.22700000000034 -205.89389999999955
decision_type=2 2 2 2 2 2
left_child=1 3 -3 -1 5 -2
right_child=4 2 -4 -5 -6 -7
leaf_value=-2.1933970638245284 5.9629616923743702 -0.075465014077216938 4.1989971422728889 0.47457660585330119 7.9047316949905424 1.3019865036494753
leaf_weight=2910 196 2325 577 955 163 938
leaf_count=2910 196 2325 577 955 163 938
internal_value=0.00171728 -0.543705 0.775573 -1.53422 2.84564 2.11213
internal_weight=8064 6767 2902 3865 1297 1134
internal_count=8064 6767 2902 3865 1297 1134
is_linear=0
shrinkage=0.05


Tree=30
num_leaves=7
num_cat=0
split_feature=3 2 3 4 11 3
split_gain=4.69344e+06 4.30146e+06 2.06923e+06 1.67371e+06 1.61518e+06 2.04976e+06
threshold=-54.944799999999979 311.16845000000018 179.92513749999992 148.22700000000034 -0.1950438958025166 -281.41186250000004
decision_type=2 2 2 2 2 2
left_child=4 2 -2 -3 5 -1
right_child=1 3 -4 -5 -6 -7
leaf_value=-4.7132672400076379 0.22081052615267049 2.488945802614511 5.1613763391703102 8.7373127265807682 -2.9674230240089026 0.31187734375514747
leaf_weight=243 4676 213 221 217 1289 1205
leaf_count=243 4676 213 221 217 1289 1205
internal_value=0.00174037 0.866352 0.444785 5.65515 -1.68075 -0.534102
internal_weight=8064 5327 4897 430 2737 1448
internal_count=8064 5327 4897 430 2737 1448
is_linear=0
shrinkage=0.05


Tree=31
num_leaves=7
num_cat=0
split_feature=1 4 10 1 4 11
split_gain=4.30648e+06 5.61109e+06 2.87316e+06 2.80674e+06 2.32221e+06 2.13536e+06
threshold=106.30849999999988 122.17728715277805 1.0000000180025095e-35 -167.49510000000006 3.4460048611113057 -0.1950438958025166
decision_type=2 2 2 2 2 2
left_child=2 -2 3 -1 -4 -3
right_child=1 5 4 -5 -6 -7
leaf_value=-4.0722826381966319 0.36811890966736754 8.0332813732657602 -0.92260992607733483 -0.82129522145124756 3.5697931866109784 2.1747073179146028
leaf_weight=842 2299 381 574 3129 575 264
leaf_count=842 2299 381 574 3129 575 264
internal_value=0.00171064 1.52519 -0.874417 -1.51148 1.3267 5.64243
internal_weight=8064 2944 5120 3971 1149 645
internal_count=8064 2944 5120 3971 1149 645
is_linear=0
shrinkage=0.05


Tree=32
num_leaves=7
num_cat=0
split_feature=3 11 4 3 4 1
split_gain=4.15496e+06 3.08747e+06 4.18037e+06 2.17424e+06 1.22788e+06 883619
threshold=114.0975000000001 -0.2376293295203116 76.669907638888404 -133.75531250000014 126.51184583333385 -85.924950000000067
decision_type=2 2 2 2 2 2
left_child=1 2 -1 -3 5 -2
right_child=4 3 -4 -5 -6 -7
leaf_value=-0.037709240889040221 5.8489066403739312 -4.7536544851147822 4.8794660165448338 -0.91511238169637421 7.3249516439437876 1.5270610772960533
leaf_weight=2537 146 409 520 3691 149 612
leaf_count=2537 146 409 520 3691 149 612
internal_value=0.00167675 -0.4025 0.800031 -1.2991 3.18791 2.36611
internal_weight=8064 7157 3057 4100 907 758
internal_count=8064 7157 3057 4100 907 758
is_linear=0
shrinkage=0.05


Tree=33
num_leaves=7
num_cat=0
split_feature=3 11 3 3 3 11
split_gain=3.86907e+06 2.23026e+06 2.2105e+06 1.99937e+06 1.81102e+06 1.45868e+06
threshold=35.956249999999734 -0.55543802234893469 -281.41186250000004 179.92513749999992 -144.8036125000003 -0.1950438958025166
decision_type=2 2 2 2 2 2
left_child=1 2 -1 5 -3 -2
right_child=3 4 -4 -5 -6 -7
leaf_value=-4.1571845544011969 2.6030308516972043 -4.4067678565375283 1.3189947701032549 5.7133316494308737 -1.0633370313265862 0.11575871518725472
leaf_weight=208 971 465 1558 258 3106 1498
leaf_count=208 971 465 1558 258 3106 1498
internal_value=0.00167892 -0.781169 0.672021 1.53351 -1.49982 1.0946
internal_weight=8064 5337 1766 2727 3571 2469
internal_count=8064 5337 1766 2727 3571 2469
is_linear=0
shrinkage=0.05


Tree=34
num_leaves=7
num_cat=0
split_feature=3 2 3 1 10 4
split_gain=3.58746e+06 3.23933e+06 1.53685e+06 1.34303e+06 1.44839e+06 1.31448e+06
threshold=-54.944799999999979 311.16845000000018 179.92513749999992 -123.6849999999997 1.0000000180025095e-35 148.22700000000034
decision_type=2 2 2 2 2 2
left_child=3 2 -2 4 -1 -3
right_child=1 5 -4 -5 -6 -7
leaf_value=-3.8714778443649323 0.19864151008472544 2.1079352069402413 4.4564688559688701 -0.46742906751483188 -0.1976484259345917 7.6444973355039556
leaf_weight=836 4676 213 221 1506 395 217
leaf_count=836 4676 213 221 1506 395 217
internal_value=0.00159574 0.757504 0.391666 -1.46936 -2.69375 4.91322
internal_weight=8064 5327 4897 2737 1231 430
internal_count=8064 5327 4897 2737 1231 430
is_linear=0
shrinkage=0.05


Tree=35
num_leaves=7
num_cat=0
split_feature=1 4 10 1 4 11
split_gain=3.32908e+06 4.40742e+06 2.38533e+06 2.18832e+06 2.05652e+06 1.79756e+06
threshold=106.30849999999988 122.17728715277805 1.0000000180025095e-35 -167.49510000000006 3.4460048611113057 0.34202014332566882
decision_type=2 2 2 2 2 2
left_child=2 -2 3 -1 -4 -3
right_child=1 5 4 -5 -6 -7
leaf_value=-3.6103673354816466 0.31558366974683116 6.4908616206746119 -0.87989297158303481 -0.7397788935979478 3.3477031970137938 0.35248989451606322
leaf_weight=842 2299 487 574 3129 575 158
leaf_count=842 2299 487 574 3129 575 158
internal_value=0.00157716 1.34106 -0.768738 -1.34921 1.23682 4.99007
internal_weight=8064 2944 5120 3971 1149 645
internal_count=8064 2944 5120 3971 1149 645
is_linear=0
shrinkage=0.05


Tree=36
num_leaves=7
num_cat=0
split_feature=3 1 11 11 4 10
split_gain=3.13493e+06 2.31776e+06 1.78257e+06 1.36773e+06 2.1108e+06 1.3531e+06
threshold=80.038212499999887 -9.1871000000000986 -0.51864980417341167 -1.0000000180025095e-35 3.4460048611113057 1.0000000180025095e-35
decision_type=2 2 2 2 2 2
left_child=1 5 -3 4 -2 -1
right_child=3 2 -4 -5 -6 -7
leaf_value=-2.0146471586368775 0.93228509375345681 2.1293306722263732 -0.36877364373795407 0.65447569800712546 6.376590571187374 0.24614939082045476
leaf_weight=2431 360 1086 2081 845 352 909
leaf_count=2431 360 1086 2081 845 352 909
internal_value=0.00153101 -0.480767 0.488256 2.01616 3.62902 -1.39947
internal_weight=8064 6507 3167 1557 712 3340
internal_count=8064 6507 3167 1557 712 3340
is_linear=0
shrinkage=0.05


Tree=37
num_leaves=7
num_cat=0
split_feature=3 2 11 1 8 10
split_gain=2.99088e+06 3.17668e+06 2.29945e+06 1.00877e+06 1.02197e+06 756929
threshold=-123.30942499999991 486.55304999999981 -0.27976242230339682 -152.46984999999947 1.0000000180025095e-35 1.0000000180025095e-35
decision_type=2 2 2 2 2 2
left_child=3 2 -2 5 -5 -1
right_child=1 -3 -4 4 -6 -7
leaf_value=-4.7744194068456896 1.4823248684533588 6.3486394503209151 -0.47327661861378395 0.3952784199097592 -3.9270293690771334 -1.0492532641179861
leaf_weight=437 2340 218 4199 481 190 199
leaf_count=437 2340 218 4199 481 190 199
internal_value=0.00150378 0.425083 0.226661 -2.18699 -0.832646 -3.61232
internal_weight=8064 6757 6539 1307 671 636
internal_count=8064 6757 6539 1307 671 636
is_linear=0
shrinkage=0.05


Tree=38
num_leaves=7
num_cat=0
split_feature=3 11 4 3 4 1
split_gain=2.82491e+06 2.20348e+06 2.90939e+06 1.82283e+06 874139 771616
threshold=114.0975000000001 -0.55543802234893469 76.669907638888404 -99.479862500000067 126.51184583333385 -85.924950000000067
decision_type=2 2 2 2 2 2
left_child=1 2 -1 -3 5 -2
right_child=4 3 -4 -5 -6 -7
leaf_value=0.14812344959775262 5.1893553821712128 -2.939292806958159 4.9263764560979331 -0.46474434349030064 6.1190641629695897 1.1518872452355911
leaf_weight=1870 146 914 383 3990 149 612
leaf_count=1870 146 914 383 3990 149 612
internal_value=0.0014162 -0.33185 0.96223 -0.926452 2.62864 1.93537
internal_weight=8064 7157 2253 4904 907 758
internal_count=8064 7157 2253 4904 907 758
is_linear=0
shrinkage=0.05


Tree=39
num_leaves=7
num_cat=0
split_feature=3 11 4 0 1 0
split_gain=2.61331e+06 3.20115e+06 4.45061e+06 1.41367e+06 802817 264474
threshold=-188.60141250000012 -0.2376293295203116 76.669907638888404 3625.0829000000008 -123.6849999999997 4834.0365000000011
decision_type=2 2 2 2 2 2
left_child=4 2 -2 -3 5 -1
right_child=1 3 -4 -5 -6 -7
leaf_value=-3.3831920530073916 0.59936813119207188 0.39997493674765017 5.5369517412608262 -1.3783521760405879 -1.0601866634741222 -6.1394630274440676
leaf_weight=207 2341 2057 566 2445 291 157
leaf_count=207 2341 2057 566 2445 291 157
internal_value=0.00143301 0.269213 1.5623 -0.565912 -3.02334 -4.58559
internal_weight=8064 7409 2907 4502 655 364
internal_count=8064 7409 2907 4502 655 364
is_linear=0
shrinkage=0.05


Tree=40
num_leaves=6
num_cat=0
split_feature=3 3 11 1 3
split_gain=2.53765e+06 2.0059e+06 2.71313e+06 725029 438364
threshold=146.9271875000002 -188.60141250000012 -0.36235178784537908 -123.6849999999997 179.92513749999992
decision_type=2 2 2 2 2
left_child=1 3 -3 -1 -2
right_child=4 2 -4 -5 -6
leaf_value=-4.3576117271429871 1.9222995662288025 1.3743133844662321 -0.70625886476505884 -1.0073588501304795 4.8436984758464527
leaf_weight=364 259 2407 4485 291 258
leaf_count=364 259 2407 4485 291 258
internal_value=0.00132772 -0.231003 0.0204656 -2.87298 3.38671
internal_weight=8064 7547 6892 655 517
internal_count=8064 7547 6892 655 517
is_linear=0
shrinkage=0.05


Tree=41
num_leaves=6
num_cat=0
split_feature=4 3 11 11 11
split_gain=2.4135e+06 2.04517e+06 1.8052e+06 1.07969e+06 984127
threshold=243.6065378472222 -60.038749999999474 0.34202014332566882 -0.62577451934762984 -0.1950438958025166
decision_type=2 2 2 2 2
left_child=1 4 -2 -3 -1
right_child=2 3 -4 -5 -6
leaf_value=-0.45804559659190869 6.2031918916443614 1.6429688999401149 -0.41963859309811569 -0.044962403104884821 -2.4431643298765389
leaf_weight=1356 264 1254 168 3865 1157
leaf_count=1356 264 1254 168 3865 1157
internal_value=0.00127416 -0.204723 3.63263 0.36877 -1.37261
internal_weight=8064 7632 432 5119 2513
internal_count=8064 7632 432 5119 2513
is_linear=0
shrinkage=0.05


Tree=42
num_leaves=7
num_cat=0
split_feature=3 11 3 3 3 12
split_gain=2.25633e+06 1.327e+06 1.39017e+06 1.31202e+06 1.11705e+06 1.07549e+06
threshold=35.956249999999734 -0.59116893267988335 -281.41186250000004 179.92513749999992 -188.60141250000012 -0.021809693682668031
decision_type=2 2 2 2 2 2
left_child=1 2 -1 5 -3 -2
right_child=3 4 -4 -5 -6 -7
leaf_value=-3.2957912407851802 -0.17978166022512146 -4.3722677041926694 1.0974028104094866 4.5569226782294319 -0.89576708767836544 1.909067236326363
leaf_weight=204 1293 247 1481 258 3405 1176
leaf_count=204 1293 247 1481 258 3405 1176
internal_value=0.00123823 -0.596589 0.563887 1.17103 -1.13203 0.81552
internal_weight=8064 5337 1685 2727 3652 2469
internal_count=8064 5337 1685 2727 3652 2469
is_linear=0
shrinkage=0.05


Tree=43
num_leaves=6
num_cat=0
split_feature=4 3 11 11 3
split_gain=2.15558e+06 1.73366e+06 1.61103e+06 1.08563e+06 850400
threshold=243.6065378472222 -30.775924999999685 0.34202014332566882 -0.55543802234893469 179.92513749999992
decision_type=2 2 2 2 2
left_child=1 3 -2 -1 -3
right_child=2 4 -4 -5 -6
leaf_value=0.11172099167628918 5.8613882964062247 0.29266471923727372 -0.39513584255466805 -1.7738962697987728 3.4227155234518274
leaf_weight=1221 264 4148 168 2035 228
leaf_count=1221 264 4148 168 2035 228
internal_value=0.001169 -0.19351 3.433 -1.06697 0.456493
internal_weight=8064 7632 432 3256 4376
internal_count=8064 7632 432 3256 4376
is_linear=0
shrinkage=0.05


Tree=44
num_leaves=7
num_cat=0
split_feature=1 4 10 4 12 1
split_gain=1.95503e+06 2.79739e+06 1.84196e+06 1.75164e+06 1.62522e+06 1.4806e+06
threshold=106.30849999999988 122.17728715277805 1.0000000180025095e-35 3.4460048611113057 -0.4026508470528945 -98.189049999999938
decision_type=2 2 2 2 2 2
left_child=2 -2 5 -4 -3 -1
right_child=1 4 3 -5 -6 -7
leaf_value=-2.3365469815768427 0.21068127981686724 -0.13105749496617797 -0.78037190731841588 3.1213173724814425 5.4813980674068645 -0.34591265072344773
leaf_weight=1502 2299 178 574 575 467 2469
leaf_count=1502 2299 178 574 575 467 2469
internal_value=0.00115717 1.02764 -0.589156 1.17319 3.93473 -1.09925
internal_weight=8064 2944 5120 1149 645 3971
internal_count=8064 2944 5120 1149 645 3971
is_linear=0
shrinkage=0.05


Tree=45
num_leaves=6
num_cat=0
split_feature=3 3 11 1 11
split_gain=1.86151e+06 1.53573e+06 2.04506e+06 592720 372250
threshold=146.9271875000002 -188.60141250000012 -0.2376293295203116 -123.6849999999997 0.065387565056497135
decision_type=2 2 2 2 2
left_child=1 3 -3 -1 -2
right_child=4 2 -4 -5 -6
leaf_value=-3.8518359188347646 4.1867869819976669 1.0961243799311735 -0.66837014795950855 -0.82311484787153866 1.4943840090409819
leaf_weight=364 269 2697 4195 291 248
leaf_count=364 269 2697 4195 291 248
internal_value=0.00113167 -0.197855 0.0221765 -2.50956 2.90064
internal_weight=8064 7547 6892 655 517
internal_count=8064 7547 6892 655 517
is_linear=0
shrinkage=0.05


Tree=46
num_leaves=6
num_cat=0
split_feature=4 3 11 11 11
split_gain=1.77825e+06 1.49162e+06 1.37637e+06 1.19532e+06 818904
threshold=243.6065378472222 -133.75531250000014 0.34202014332566882 -0.44218343748786698 -0.15208718494349127
decision_type=2 2 2 2 2
left_child=1 4 -2 -3 -1
right_child=2 3 -4 -5 -6
leaf_value=-0.91850367120998289 5.3626970648653103 1.1212397330876538 -0.41995766700724879 -0.34099807393918879 -3.781132821167779
leaf_weight=781 264 2037 168 4447 367
leaf_count=781 264 2037 168 4447 367
internal_value=0.00108398 -0.175737 3.11811 0.118478 -1.83614
internal_weight=8064 7632 432 6484 1148
internal_count=8064 7632 432 6484 1148
is_linear=0
shrinkage=0.05


Tree=47
num_leaves=7
num_cat=0
split_feature=3 1 8 10 4 11
split_gain=1.68568e+06 1.32765e+06 1.34261e+06 961559 924615 1.60851e+06
threshold=80.038212499999887 -9.1871000000000986 1.0000000180025095e-35 1.0000000180025095e-35 1.7446503472219776 -0.48087430661751701
decision_type=2 2 2 2 2 2
left_child=1 3 -3 -1 -2 -6
right_child=4 2 -4 -5 5 -7
leaf_value=-1.5665403699050475 0.19576976962991666 1.0429391709649634 -1.2186853345563828 0.33917435455207645 5.9407390280971377 1.1474024587722214
leaf_weight=2431 739 2240 927 909 253 565
leaf_count=2431 739 2240 927 909 253 565
internal_value=0.00103612 -0.352626 0.380772 -1.04794 1.47834 2.63538
internal_weight=8064 6507 3167 3340 1557 818
internal_count=8064 6507 3167 3340 1557 818
is_linear=0
shrinkage=0.05


Tree=48
num_leaves=7
num_cat=0
split_feature=12 4 11 3 3 3
split_gain=1.59777e+06 2.3086e+06 2.51715e+06 954634 871853 670975
threshold=-0.065387565056497052 76.669907638888404 0.15208718494349097 -99.479862500000067 92.9281000000001 161.27161250000043
decision_type=2 2 2 2 2 2
left_child=3 4 -3 -1 -2 -5
right_child=1 2 -4 5 -6 -7
leaf_value=-2.4440421592410972 -0.19142809593519927 5.8210635299837428 0.0055859972479755937 -0.5623682802502511 2.0991761544206438 2.3814152596221456
leaf_weight=672 2968 410 340 2986 482 206
leaf_count=672 2968 410 340 2986 482 206
internal_value=0.00102077 0.676009 3.18823 -0.732647 0.129108 -0.371701
internal_weight=8064 4200 750 3864 3450 3192
internal_count=8064 4200 750 3864 3450 3192
is_linear=0
shrinkage=0.05


Tree=49
num_leaves=5
num_cat=0
split_feature=3 12 4 3
split_gain=1.49525e+06 1.43598e+06 1.87439e+06 729721
threshold=179.92513749999992 -0.065387565056497052 76.669907638888404 -99.479862500000067
decision_type=2 2 2 2
left_child=1 3 -3 -1
right_child=-2 2 -4 -5
leaf_value=-2.3220215962643436 3.7385869289226976 0.030118074388727923 2.8448576451551619 -0.50330218397430915
leaf_weight=672 258 3356 717 3061
leaf_count=672 258 3356 717 3061
internal_value=0.00101381 -0.122982 0.526194 -0.831235
internal_weight=8064 7806 4073 3733
internal_count=8064 7806 4073 3733
is_linear=0
shrinkage=0.05


Tree=50
num_leaves=7
num_cat=0
split_feature=3 11 4 3 1 11
split_gain=1.42279e+06 1.83733e+06 2.81396e+06 706526 517951 364528
threshold=-188.60141250000012 1.0000000180025095e-35 76.669907638888404 -69.213312500000015 -205.89389999999955 -0.6913484944011038
decision_type=2 2 2 2 2 2
left_child=4 2 -2 -3 -1 -6
right_child=1 3 -4 -5 5 -7
leaf_value=-3.8049456704727973 0.33960082121299395 -1.8605206736697733 3.9413085277746656 -0.20147353925016187 0.34019128288816197 -2.8669503196875255
leaf_weight=290 2811 807 671 3120 216 149
leaf_count=290 2811 807 671 3120 216 149
internal_value=0.000986608 0.198572 1.0346 -0.542795 -2.23088 -0.973282
internal_weight=8064 7409 3482 3927 655 365
internal_count=8064 7409 3482 3927 655 365
is_linear=0
shrinkage=0.05


Tree=51
num_leaves=5
num_cat=0
split_feature=3 12 11 3
split_gain=1.33329e+06 1.31148e+06 1.65575e+06 611471
threshold=179.92513749999992 -0.065387565056497052 0.27976242230339698 -99.479862500000067
decision_type=2 2 2 2
left_child=1 3 -3 -1
right_child=-2 2 -4 -5
leaf_value=-2.1577057662925077 3.5302705741469467 1.3495256855360072 -0.69749068641106582 -0.49282796309140386
leaf_weight=672 258 2391 1682 3061
leaf_count=672 258 2391 1682 3061
internal_value=0.000911778 -0.116176 0.504219 -0.79303
internal_weight=8064 7806 4073 3733
internal_count=8064 7806 4073 3733
is_linear=0
shrinkage=0.05


Tree=52
num_leaves=6
num_cat=0
split_feature=4 3 11 11 11
split_gain=1.30226e+06 1.17078e+06 1.10888e+06 1.05022e+06 469942
threshold=243.6065378472222 -188.60141250000012 -0.44218343748786698 0.40265084705289472 -0.6913484944011038
decision_type=2 2 2 2 2
left_child=1 4 -3 -2 -1
right_child=3 2 -4 -5 -6
leaf_value=-1.0152650532609708 4.5442382379061117 0.95066620746863806 -0.39669296263362092 -0.56089641243219379 -3.7441437724695312
leaf_weight=369 273 2253 4734 159 276
leaf_count=369 273 2253 4734 159 276
internal_value=0.000875686 -0.150441 0.0378449 2.66831 -2.18696
internal_weight=8064 7632 6987 432 645
internal_count=8064 7632 6987 432 645
is_linear=0
shrinkage=0.05


Tree=53
num_leaves=7
num_cat=0
split_feature=12 4 11 10 3 3
split_gain=1.24077e+06 1.93352e+06 2.68315e+06 919382 680336 450657
threshold=-0.36235178784537897 76.669907638888404 0.15208718494349097 1.0000000180025095e-35 -133.75531250000014 161.27161250000043
decision_type=2 2 2 2 2 2
left_child=4 3 -3 -2 -1 -6
right_child=1 2 -4 -5 5 -7
leaf_value=-3.1904462706643852 -0.28861133347082751 5.1324024755484476 -0.37186641853547447 1.7959559008813439 -0.70792579828574842 2.1091742704709371
leaf_weight=268 3471 480 410 623 2663 149
leaf_count=268 3471 480 410 623 2663 149
internal_value=0.000830526 0.488358 2.59916 0.0289665 -0.787981 -0.557959
internal_weight=8064 4984 890 4094 3080 2812
internal_count=8064 4984 890 4094 3080 2812
is_linear=0
shrinkage=0.05


Tree=54
num_leaves=7
num_cat=0
split_feature=3 3 11 1 1 11
split_gain=1.20494e+06 948388 1.30249e+06 752450 1.02243e+06 854854
threshold=58.742212500000285 -281.41186250000004 -0.6913484944011038 -234.33854999999991 211.4238999999998 0.27976242230339698
decision_type=2 2 2 2 2 2
left_child=1 -1 -3 5 -5 -2
right_child=3 2 -4 4 -6 -7
leaf_value=-3.2950555995333333 5.7252680542390975 1.0877644656600665 -0.65760976895604517 -0.41749314107634766 2.0080936572699772 0.47174072343727635
leaf_weight=262 167 1421 4304 998 768 144
leaf_count=262 167 1421 4304 998 768 144
internal_value=0.000816764 -0.359186 -0.224277 1.03821 0.637888 3.30208
internal_weight=8064 5987 5725 2077 1766 311
internal_count=8064 5987 5725 2077 1766 311
is_linear=0
shrinkage=0.05


Tree=55
num_leaves=7
num_cat=0
split_feature=12 4 11 0 3 11
split_gain=1.12249e+06 1.5183e+06 1.76298e+06 843602 587963 427982
threshold=-0.065387565056497052 76.669907638888404 0.15208718494349097 4452.323550000001 -69.213312500000015 -0.8433914458128855
decision_type=2 2 2 2 2 2
left_child=4 3 -3 -2 -1 -6
right_child=1 2 -4 -5 5 -7
leaf_value=-1.6672274276599091 -0.20056042910827193 4.8072936232435159 -0.059442871310843748 2.011209711622779 1.196208969123369 -0.50921047518351803
leaf_weight=986 2946 410 340 504 432 2446
leaf_count=986 2946 410 340 504 432 2446
internal_value=0.000806443 0.566564 2.6039 0.12304 -0.614135 -0.252893
internal_weight=8064 4200 750 3450 3864 2878
internal_count=8064 4200 750 3450 3864 2878
is_linear=0
shrinkage=0.05


Tree=56
num_leaves=7
num_cat=0
split_feature=3 12 11 3 1 11
split_gain=1.11664e+06 1.27099e+06 1.97289e+06 482066 449355 294184
threshold=-188.60141250000012 -0.065387565056497052 -1.0000000180025095e-35 161.27161250000043 -205.89389999999955 -0.6913484944011038
decision_type=2 2 2 2 2 2
left_child=4 3 -3 -2 -1 -6
right_child=1 2 -4 -5 5 -7
leaf_value=-3.4424346346523347 -0.62348573291808373 2.1061151685003114 -0.20608704890344273 1.8605366759398134 0.37425768243552354 -2.5066416682402295
leaf_weight=290 3471 1665 2067 206 216 149
leaf_count=290 3471 1665 2067 206 216 149
internal_value=0.000800703 0.175842 0.82577 -0.483853 -1.97642 -0.805416
internal_weight=8064 7409 3732 3677 655 365
internal_count=8064 7409 3732 3677 655 365
is_linear=0
shrinkage=0.05


Tree=57
num_leaves=4
num_cat=0
split_feature=3 3 11
split_gain=1.0417e+06 958858 1.14939e+06
threshold=179.92513749999992 -281.41186250000004 0.40265084705289472
decision_type=2 2 2
left_child=1 -1 -3
right_child=-2 2 -4
leaf_value=-3.0705046645135483 3.1203846466127052 0.48361647930332563 -0.78783988274818462
leaf_weight=262 258 4679 2865
leaf_count=262 258 4679 2865
internal_value=0.000745557 -0.10275 0.000712527
internal_weight=8064 7806 7544
internal_count=8064 7806 7544
is_linear=0
shrinkage=0.05


Tree=58
num_leaves=5
num_cat=0
split_feature=4 3 11 0
split_gain=1.02465e+06 859002 896937 845210
threshold=243.6065378472222 -281.41186250000004 -0.6913484944011038 4571.5698000000011
decision_type=2 2 2 2
left_child=1 -1 -3 -2
right_child=3 2 -4 -5
leaf_value=-2.946919555182903 5.2242587266098939 0.94513739828506704 -0.34427113783664959 0.65623051959966483
leaf_weight=261 161 1776 5595 271
leaf_count=261 161 1776 5595 271
internal_value=0.000706703 -0.133516 -0.0335095 2.3668
internal_weight=8064 7632 7371 432
internal_count=8064 7632 7371 432
is_linear=0
shrinkage=0.05


Tree=59
num_leaves=7
num_cat=0
split_feature=3 1 8 1 1 11
split_gain=987850 698523 895893 684877 860014 725557
threshold=58.742212500000285 -19.08215000000018 1.0000000180025095e-35 -234.33854999999991 173.87410000000003 0.27976242230339698
decision_type=2 2 2 2 2 2
left_child=1 -1 -3 5 -5 -2
right_child=3 2 -4 4 -6 -7
leaf_value=-0.85229907501283952 5.3322443820358743 0.79359353996956028 -1.1267180832362498 -0.56519460405656552 1.6408491120291615 0.49182497361610678
leaf_weight=3066 167 2061 860 867 899 144
leaf_count=3066 167 2061 860 867 899 144
internal_value=0.000693281 -0.32527 0.228024 0.939994 0.558107 3.09978
internal_weight=8064 5987 2921 2077 1766 311
internal_count=8064 5987 2921 2077 1766 311
is_linear=0
shrinkage=0.05


Tree=60
num_leaves=7
num_cat=0
split_feature=12 4 11 10 3 3
split_gain=947807 1.44007e+06 2.1081e+06 800441 529608 299226
threshold=-0.36235178784537897 76.669907638888404 0.40265084705289472 1.0000000180025095e-35 -133.75531250000014 161.27161250000043
decision_type=2 2 2 2 2 2
left_child=4 3 -3 -2 -1 -6
right_child=1 2 -4 -5 5 -7
leaf_value=-2.8084174834001381 -0.26599062903508469 4.204749611440131 -0.77324231393062159 1.6790678987339236 -0.60797863755173776 1.6875761892795564
leaf_weight=268 3471 540 350 623 2663 149
leaf_count=268 3471 540 350 623 2663 149
internal_value=0.000694039 0.426796 2.24844 0.0303343 -0.688732 -0.485787
internal_weight=8064 4984 890 4094 3080 2812
internal_count=8064 4984 890 4094 3080 2812
is_linear=0
shrinkage=0.05


Tree=61
num_leaves=7
num_cat=0
split_feature=3 1 8 10 11 4
split_gain=898698 940265 1.58792e+06 871232 494264 543646
threshold=-133.75531250000014 173.87410000000003 1.0000000180025095e-35 1.0000000180025095e-35 -0.15208718494349127 25.14184548611161
decision_type=2 2 2 2 2 2
left_child=4 3 -3 -2 5 -1
right_child=1 2 -4 -5 -6 -7
leaf_value=0.056380468149155885 -0.49939801936395267 2.4282329952944597 -0.34746821587497068 1.1803423363588017 -2.7599037871509791 -3.2920469132045778
leaf_weight=650 3858 1085 980 964 379 148
leaf_count=650 3858 1085 980 964 379 148
internal_value=0.000678657 0.218938 1.11142 -0.163414 -1.27553 -0.567974
internal_weight=8064 6887 2065 4822 1177 798
internal_count=8064 6887 2065 4822 1177 798
is_linear=0
shrinkage=0.05


Tree=62
num_leaves=7
num_cat=0
split_feature=12 11 4 3 3 0
split_gain=851718 1.32414e+06 2.12983e+06 757925 441251 292599
threshold=-0.36235178784537897 0.27976242230339698 76.669907638888404 -69.213312500000015 -133.75531250000014 6569.2621500000014
decision_type=2 2 2 2 2 2
left_child=4 2 -2 -3 -1 -6
right_child=1 3 -4 -5 5 -7
leaf_value=-2.587744973649766 0.47051986249812139 -2.3290016907369857 4.0330337896039117 -0.042097447260467859 -0.33223040005402588 -2.3897894400438751
leaf_weight=268 2346 462 510 1666 2628 184
leaf_count=268 2346 462 510 1666 2628 184
internal_value=0.000624673 0.404551 1.10787 -0.539457 -0.652921 -0.467666
internal_weight=8064 4984 2856 2128 3080 2812
internal_count=8064 4984 2856 2128 3080 2812
is_linear=0
shrinkage=0.05


Tree=63
num_leaves=7
num_cat=0
split_feature=3 12 11 0 11 11
split_gain=824422 965752 1.4552e+06 396500 556417 345140
threshold=-188.60141250000012 -0.065387565056497052 -1.0000000180025095e-35 4896.9530000000004 -0.6913484944011038 -0.8765181184813301
decision_type=2 2 2 2 2 2
left_child=3 5 -3 4 -1 -2
right_child=1 2 -4 -5 -6 -7
leaf_value=0.77889155127014575 0.8493843466227734 1.8171184943754133 -0.1686851521752184 -3.6242658021575531 -2.671001280525366 -0.6081830465501985
leaf_weight=238 464 1665 2067 189 228 3213
leaf_count=238 464 1665 2067 189 228 3213
internal_value=0.00057374 0.150977 0.717514 -1.69835 -0.911144 -0.424072
internal_weight=8064 7409 3732 655 466 3677
internal_count=8064 7409 3732 655 466 3677
is_linear=0
shrinkage=0.05


Tree=64
num_leaves=4
num_cat=0
split_feature=3 3 12
split_gain=803309 727254 805668
threshold=179.92513749999992 -281.41186250000004 -0.36235178784537897
decision_type=2 2 2
left_child=1 -1 -3
right_child=-2 2 -4
leaf_value=-2.6749656271685214 2.7400421065770981 -0.64208135061797211 0.41561802738948406
leaf_weight=262 258 2966 4578
leaf_count=262 258 2966 4578
internal_value=0.00052257 -0.090362 -0.00025718
internal_weight=8064 7806 7544
internal_count=8064 7806 7544
is_linear=0
shrinkage=0.05


Tree=65
num_leaves=7
num_cat=0
split_feature=3 1 1 4 3 11
split_gain=752824 648522 938395 682064 483454 726163
threshold=-4.4308749999997863 211.4238999999998 -419.85340000000014 122.17728715277805 -281.41186250000004 -0.6913484944011038
decision_type=2 2 2 2 2 2
left_child=4 2 -2 -3 -1 -6
right_child=1 3 -4 -5 5 -7
leaf_value=-2.5417258681679864 1.9019978955132544 0.74050931845341272 -0.40698730652392534 3.4213201218293268 0.81331002065084645 -0.73432457217955716
leaf_weight=262 553 882 2138 324 1028 2877
leaf_count=262 553 882 2138 324 1028 2877
internal_value=0.000495442 0.49999 0.068039 1.46297 -0.466642 -0.326802
internal_weight=8064 3897 2691 1206 4167 3905
internal_count=8064 3897 2691 1206 4167 3905
is_linear=0
shrinkage=0.05


Tree=66
num_leaves=6
num_cat=0
split_feature=4 0 10 4 1
split_gain=707558 707389 635550 1.44512e+06 1.38989e+06
threshold=243.6065378472222 4571.5698000000011 1.0000000180025095e-35 3.4460048611113057 -98.189049999999938
decision_type=2 2 2 2 2
left_child=2 -2 4 -4 -1
right_child=1 -3 3 -5 -6
leaf_value=-1.6482580880414066 4.5806621603713733 0.40259479644763119 -0.79984992117438614 2.7393553331403946 0.095201291443761438
leaf_weight=1481 161 271 576 576 4999
leaf_count=1481 161 271 576 576 4999
internal_value=0.000490471 1.96668 -0.111046 0.970594 -0.303458
internal_weight=8064 432 7632 1152 6480
internal_count=8064 432 7632 1152 6480
is_linear=0
shrinkage=0.05


Tree=67
num_leaves=6
num_cat=0
split_feature=3 1 8 10 12
split_gain=683792 599586 1.02989e+06 844550 254860
threshold=146.9271875000002 30.930700000000119 1.0000000180025095e-35 1.0000000180025095e-35 -0.19504389580251641
decision_type=2 2 2 2 2
left_child=1 3 -3 -1 -2
right_child=4 2 -4 -5 -6
leaf_value=-0.9558940854459963 0.57532884991559829 0.94990556728634656 -0.91281979231096655 0.67557970932507239 2.8006433693197641
leaf_weight=3027 243 2366 1080 1074 274
leaf_count=3027 243 2366 1080 1074 274
internal_value=0.000499237 -0.120102 0.366019 -0.528571 1.75783
internal_weight=8064 7547 3446 4101 517
internal_count=8064 7547 3446 4101 517
is_linear=0
shrinkage=0.05


Tree=68
num_leaves=5
num_cat=0
split_feature=3 12 11 3
split_gain=635363 608988 793865 302676
threshold=179.92513749999992 -0.021809693682668031 0.34202014332566882 -99.479862500000067
decision_type=2 2 2 2
left_child=1 3 -3 -1
right_child=-2 2 -4 -5
leaf_value=-1.4700852328871452 2.4368674773046872 0.91198421343140623 -0.54278908785258684 -0.31956380772811382
leaf_weight=698 258 2445 1520 3143
leaf_count=698 258 2445 1520 3143
internal_value=0.000493698 -0.0803339 0.354294 -0.528969
internal_weight=8064 7806 3965 3841
internal_count=8064 7806 3965 3841
is_linear=0
shrinkage=0.05


Tree=69
num_leaves=7
num_cat=0
split_feature=3 12 11 4 11 11
split_gain=618933 718623 1.19469e+06 401485 415554 272233
threshold=-188.60141250000012 -0.065387565056497052 0.15208718494349097 4.937497916666417 -0.59116893267988335 -0.8765181184813301
decision_type=2 2 2 2 2 2
left_child=3 5 -3 4 -1 -2
right_child=1 2 -4 -5 -6 -7
leaf_value=0.53271815164047376 0.76572038174957369 1.5080126220794587 -0.28084807939847528 -3.2682613724780873 -2.6393130796926996 -0.52876846525908228
leaf_weight=284 464 1878 1854 210 161 3213
leaf_count=284 464 1878 1854 210 161 3213
internal_value=0.000475321 0.130794 0.619497 -1.47157 -0.61826 -0.365253
internal_weight=8064 7409 3732 655 445 3677
internal_count=8064 7409 3732 655 445 3677
is_linear=0
shrinkage=0.05


Tree=70
num_leaves=5
num_cat=0
split_feature=4 0 3 13
split_gain=606393 620879 547853 600038
threshold=243.6065378472222 4571.5698000000011 -281.41186250000004 0.34202014332566882
decision_type=2 2 2 2
left_child=2 -2 -1 -4
right_child=1 -3 3 -5
leaf_value=-2.3496426130979118 4.2695571384772109 0.35539682736510742 0.33848026581946555 -0.58586888667519077
leaf_weight=261 161 271 4489 2882
leaf_count=261 161 271 4489 2882
internal_value=0.000427306 1.82064 -0.102829 -0.0229631
internal_weight=8064 432 7632 7371
internal_count=8064 432 7632 7371
is_linear=0
shrinkage=0.05


Tree=71
num_leaves=7
num_cat=0
split_feature=3 1 1 1 8 10
split_gain=566860 639043 599121 568763 717256 455829
threshold=80.038212499999887 -205.89389999999955 211.4238999999998 -19.08215000000018 1.0000000180025095e-35 1.0000000180025095e-35
decision_type=2 2 2 2 2 2
left_child=3 -2 -3 5 -5 -1
right_child=1 2 -4 4 -6 -7
leaf_value=-1.049275534428405 3.218641174812455 -0.57039593436647074 1.5672355517821108 0.72143820675359205 -0.91944267757774889 0.27187817891547972
leaf_weight=2313 241 705 611 2358 927 909
leaf_count=2313 241 705 611 2358 927 909
internal_value=0.000418509 0.857099 0.422512 -0.204669 0.258256 -0.676579
internal_weight=8064 1557 1316 6507 3285 3222
internal_count=8064 1557 1316 6507 3285 3222
is_linear=0
shrinkage=0.05


Tree=72
num_leaves=7
num_cat=0
split_feature=1 8 1 10 4 1
split_gain=532612 1.13978e+06 773783 769468 1.27128e+06 881581
threshold=106.30849999999988 1.0000000180025095e-35 315.33945000000023 1.0000000180025095e-35 3.4460048611113057 -264.45610000000005
decision_type=2 2 2 2 2 2
left_child=3 2 -2 5 -5 -1
right_child=1 -3 -4 4 -6 -7
leaf_value=-3.166857804973795 0.65865996152430517 -0.69573553415906886 2.9456138902113214 -0.83271422143474882 2.4910474598847538 -0.41790275399734145
leaf_weight=316 1278 1146 520 574 575 3655
leaf_count=316 1278 1146 520 574 575 3655
internal_value=0.000417673 0.536191 1.32134 -0.307696 0.831333 -0.637398
internal_weight=8064 2944 1798 5120 1149 3971
internal_count=8064 2944 1798 5120 1149 3971
is_linear=0
shrinkage=0.05


Tree=73
num_leaves=5
num_cat=0
split_feature=3 11 12 3
split_gain=509828 501576 822132 302016
threshold=179.92513749999992 0.59116893267988335 -0.32136297141497067 -69.213312500000015
decision_type=2 2 2 2
left_child=1 2 -1 -3
right_child=-2 3 -4 -5
leaf_value=-0.52068442467875409 2.1828555205383817 -1.7377711165835465 0.71686148382249526 -0.37795909297603258
leaf_weight=2340 258 528 3144 1794
leaf_count=2340 258 528 3144 1794
internal_value=0.000402879 -0.0720008 0.188807 -0.687782
internal_weight=8064 7806 5484 2322
internal_count=8064 7806 5484 2322
is_linear=0
shrinkage=0.05


Tree=74
num_leaves=5
num_cat=0
split_feature=3 11 4 12
split_gain=506732 608314 1.35205e+06 659573
threshold=-281.41186250000004 -0.6913484944011038 76.669907638888404 0.62577451934763018
decision_type=2 2 2 2
left_child=-1 2 -2 -3
right_child=1 3 -4 -5
leaf_value=-2.1582701028158229 0.21377941077128831 -0.56185009409545572 3.6497321979904722 0.54624840402035313
leaf_weight=262 1535 3857 351 2059
leaf_count=262 1535 3857 351 2059
internal_value=0.000384367 0.0731417 0.854834 -0.176161
internal_weight=8064 7802 1886 5916
internal_count=8064 7802 1886 5916
is_linear=0
shrinkage=0.05


Tree=75
num_leaves=7
num_cat=0
split_feature=3 1 8 4 11 4
split_gain=481638 532919 1.01623e+06 600990 360345 591316
threshold=-133.75531250000014 193.16000000000011 1.0000000180025095e-35 3.9613430555550626 -0.15208718494349127 25.14184548611161
decision_type=2 2 2 2 2 2
left_child=4 3 -3 -2 5 -1
right_child=1 2 -4 -5 -6 -7
leaf_value=0.32077990130345396 0.34305096218804665 2.0096127186224542 -0.2742149004095617 -0.77830063953003159 -2.2012385593109616 -3.1710841012081046
leaf_weight=650 2918 967 980 2022 379 148
leaf_count=650 2918 967 980 2022 379 148
internal_value=0.000375622 0.160157 0.860524 -0.115996 -0.9339 -0.329992
internal_weight=8064 6887 1947 4940 1177 798
internal_count=8064 6887 1947 4940 1177 798
is_linear=0
shrinkage=0.05


Tree=76
num_leaves=5
num_cat=0
split_feature=3 11 12 3
split_gain=450190 542667 977450 433504
threshold=-281.41186250000004 0.40265084705289472 -0.48087430661751701 -69.213312500000015
decision_type=2 2 2 2
left_child=-1 2 -2 -3
right_child=1 3 -4 -5
leaf_value=-2.0343264371496645 -0.49009694647700192 -1.610287169698597 0.96567939048319063 -0.14488251661738241
leaf_weight=262 1895 644 2942 2321
leaf_count=262 1895 644 2942 2321
internal_value=0.000333584 0.0689117 0.395364 -0.463605
internal_weight=8064 7802 4837 2965
internal_count=8064 7802 4837 2965
is_linear=0
shrinkage=0.05


Tree=77
num_leaves=5
num_cat=0
split_feature=3 1 8 10
split_gain=432927 389337 646158 623410
threshold=179.92513749999992 30.930700000000119 1.0000000180025095e-35 1.0000000180025095e-35
decision_type=2 2 2 2
left_child=1 3 -3 -1
right_child=-2 2 -4 -5
leaf_value=-0.76441070266917133 2.0114281455982606 0.75382249550031166 -0.69176315715640146 0.61891489871047645
leaf_weight=3059 258 2525 1113 1109
leaf_count=3059 258 2525 1113 1109
internal_value=0.00029636 -0.0664237 0.311495 -0.396282
internal_weight=8064 7806 3638 4168
internal_count=8064 7806 3638 4168
is_linear=0
shrinkage=0.05


Tree=78
num_leaves=6
num_cat=0
split_feature=4 0 13 4 4
split_gain=416726 549212 489915 506487 462425
threshold=243.6065378472222 4452.323550000001 -0.42261826174069911 7.571981944444361 76.669907638888404
decision_type=2 2 2 2 2
left_child=2 -2 4 -4 -1
right_child=1 -3 3 -5 -6
leaf_value=0.19440698097310138 3.9427692094386018 0.2054305141469194 -0.020926585602256537 -1.0967579512007639 2.1051742122597892
leaf_weight=2392 150 282 3220 1656 364
leaf_count=2392 150 282 3220 1656 364
internal_value=0.000293493 1.50923 -0.0853043 -0.386453 0.447445
internal_weight=8064 432 7632 4876 2756
internal_count=8064 432 7632 4876 2756
is_linear=0
shrinkage=0.05


Tree=79
num_leaves=7
num_cat=0
split_feature=0 13 4 4 11 0
split_gain=420360 529499 597477 525552 132682 195234
threshold=6442.9234500000011 -0.42261826174069911 243.6065378472222 76.669907638888404 0.34202014332566882 6569.2621500000014
decision_type=2 2 2 2 2 2
left_child=1 3 -3 -1 -2 -6
right_child=4 2 -4 -5 5 -7
leaf_value=0.3792527456744586 -2.5015185115399299 -0.31215942434055349 2.109817026671867 2.3343266615523492 0.076357273168184539 -1.9134206084268435
leaf_weight=1960 153 4770 268 416 274 223
leaf_count=1960 153 4770 268 416 274 223
internal_value=0.000311866 0.107263 -0.182928 0.722393 -1.21788 -0.81849
internal_weight=8064 7414 5038 2376 650 497
internal_count=8064 7414 5038 2376 650 497
is_linear=0
shrinkage=0.05


Tree=80
num_leaves=7
num_cat=0
split_feature=3 12 4 4 11 11
split_gain=408779 470417 803252 376295 357071 178990
threshold=-188.60141250000012 -0.065387565056497052 76.669907638888404 4.937497916666417 -0.59116893267988335 -0.8765181184813301
decision_type=2 2 2 2 2 2
left_child=3 5 -3 4 -1 -2
right_child=1 2 -4 -5 -6 -7
leaf_value=0.6958330259511345 0.62192041360562855 0.14888942700986063 2.0269735938217095 -2.9352219509287472 -2.2442133126987351 -0.42772341505990918
leaf_weight=284 464 3032 700 210 161 3213
leaf_count=284 464 3032 700 210 161 3213
internal_value=0.000297344 0.106205 0.501605 -1.19601 -0.370516 -0.295136
internal_weight=8064 7409 3732 655 445 3677
internal_count=8064 7409 3732 655 445 3677
is_linear=0
shrinkage=0.05


Tree=81
num_leaves=5
num_cat=0
split_feature=3 11 12 3
split_gain=384731 482068 785085 360297
threshold=-281.41186250000004 0.40265084705289472 -0.36235178784537897 -69.213312500000015
decision_type=2 2 2 2
left_child=-1 2 -2 -3
right_child=1 3 -4 -5
leaf_value=-1.8806588715246875 -0.37065294535129295 -1.483626637711251 0.9180009531582608 -0.14766375176178601
leaf_weight=262 2052 644 2785 2321
leaf_count=262 2052 644 2785 2321
internal_value=0.000269369 0.063666 0.371352 -0.438238
internal_weight=8064 7802 4837 2965
internal_count=8064 7802 4837 2965
is_linear=0
shrinkage=0.05


Tree=82
num_leaves=6
num_cat=0
split_feature=3 11 10 1 12
split_gain=376975 327485 602104 227859 170038
threshold=146.9271875000002 0.59116893267988335 1.0000000180025095e-35 -987.59829999999999 -0.19504389580251641
decision_type=2 2 2 2 2
left_child=1 2 -1 -3 -2
right_child=4 3 -4 -5 -6
leaf_value=-0.092076070951488204 0.33982213948715906 -2.0484017126293104 1.4325544186632169 -0.42064675839130805 2.1567256246805191
leaf_weight=4550 243 240 754 2003 274
leaf_count=4550 243 240 754 2003 274
internal_value=0.000237523 -0.0893085 0.12489 -0.595651 1.30505
internal_weight=8064 7547 5304 2243 517
internal_count=8064 7547 5304 2243 517
is_linear=0
shrinkage=0.05


Tree=83
num_leaves=7
num_cat=0
split_feature=0 10 4 1 13 0
split_gain=354899 541688 1.43665e+06 940251 163538 312869
threshold=6172.572900000001 1.0000000180025095e-35 3.4460048611113057 -98.189049999999938 0.60818202301879265 6302.0638000000008
decision_type=2 2 2 2 2 2
left_child=1 3 -3 -1 -2 -6
right_child=4 2 -4 -5 5 -7
leaf_value=-1.3061997778961387 -0.32120227346926727 -0.73316202379418705 3.4359463323050967 0.31911042327033595 -0.53184901109874949 -3.1835636995597323
leaf_weight=1112 1183 410 415 4437 343 164
leaf_count=1112 1183 410 415 4437 343 164
internal_value=0.000234126 0.171049 1.36565 -0.00677267 -0.64373 -1.39418
internal_weight=8064 6374 825 5549 1690 507
internal_count=8064 6374 825 5549 1690 507
is_linear=0
shrinkage=0.05


Tree=84
num_leaves=5
num_cat=0
split_feature=3 11 12 1
split_gain=343128 316559 510291 242665
threshold=179.92513749999992 0.77969889170510676 -0.32136297141497067 -264.45610000000005
decision_type=2 2 2 2
left_child=1 2 -1 -3
right_child=-2 3 -4 -5
leaf_value=-0.41353394027117468 1.7906549541186181 -1.9791833925481936 0.50611075656145388 -0.39181971840008945
leaf_weight=2665 258 291 3473 1377
leaf_count=2665 258 291 3473 1377
internal_value=0.000208034 -0.0591907 0.106817 -0.669772
internal_weight=8064 7806 6138 1668
internal_count=8064 7806 6138 1668
is_linear=0
shrinkage=0.05


Tree=85
num_leaves=5
num_cat=0
split_feature=3 11 4 0
split_gain=346183 406576 1.07966e+06 461273
threshold=-281.41186250000004 -0.6913484944011038 76.669907638888404 3625.0829000000008
decision_type=2 2 2 2
left_child=-1 2 -2 -3
right_child=1 3 -4 -5
leaf_value=-1.7840179770391704 0.1265858636921621 0.34291850858278439 3.1969283986667341 -0.54410157446415153
leaf_weight=262 1535 2672 351 3244
leaf_count=262 1535 2672 351 3244
internal_value=0.000194609 0.0603314 0.699393 -0.143483
internal_weight=8064 7802 1886 5916
internal_count=8064 7802 1886 5916
is_linear=0
shrinkage=0.05


Tree=86
num_leaves=7
num_cat=0
split_feature=3 4 11 1 8 4
split_gain=323774 360282 452399 350688 732846 580703
threshold=-133.75531250000014 25.14184548611161 -0.15208718494349127 193.16000000000011 1.0000000180025095e-35 3.9613430555550626
decision_type=2 2 2 2 2 2
left_child=1 2 -1 5 -5 -2
right_child=3 -3 -4 4 -6 -7
leaf_value=0.40511239814913957 0.35840923280849846 -2.5411787076359214 -1.944456897930158 1.6751484739894342 -0.26425373300864424 -0.74385262287400933
leaf_weight=650 2918 229 298 967 980 2022
leaf_count=650 2918 229 298 967 980 2022
internal_value=0.000193176 -0.76582 -0.334736 0.131198 0.699338 -0.0928187
internal_weight=8064 1177 948 6887 1947 4940
internal_count=8064 1177 948 6887 1947 4940
is_linear=0
shrinkage=0.05


Tree=87
num_leaves=7
num_cat=0
split_feature=10 4 4 1 1 3
split_gain=319847 1.11927e+06 7.73639e+06 885889 334704 213249
threshold=1.0000000180025095e-35 3.4460048611113057 7.571981944444361 -264.45610000000005 -98.189049999999938 -144.8036125000003
decision_type=2 2 2 2 2 2
left_child=3 -2 -3 5 -5 -1
right_child=1 2 -4 4 -6 -7
leaf_value=-3.9414153573041908 -0.7868767758279368 12.321361463974263 -1.0241697074359339 -0.76467636764620728 0.16245827683758984 -1.3308029624405286
leaf_weight=166 576 144 432 1186 5410 150
leaf_count=166 576 144 432 1186 5410 150
internal_value=0.000164576 0.771122 2.32778 -0.128421 -0.00433669 -2.71031
internal_weight=8064 1152 576 6912 6596 316
internal_count=8064 1152 576 6912 6596 316
is_linear=0
shrinkage=0.05


Tree=88
num_leaves=7
num_cat=0
split_feature=10 4 4 1 1 3
split_gain=288999 1.01086e+06 6.9869e+06 800030 302094 192572
threshold=1.0000000180025095e-35 3.4460048611113057 7.571981944444361 -264.45610000000005 -98.189049999999938 -144.8036125000003
decision_type=2 2 2 2 2 2
left_child=3 -2 -3 5 -5 -1
right_child=1 2 -4 4 -6 -7
leaf_value=-3.7455246297185294 -0.74760111360399106 11.709542095558398 -0.97307949483429046 -0.72647476591085103 0.15433686513592193 -1.2647034611219898
leaf_weight=166 576 144 432 1186 5410 150
leaf_count=166 576 144 432 1186 5410 150
internal_value=0.000185088 0.733022 2.21237 -0.122043 -0.00412442 -2.57562
internal_weight=8064 1152 576 6912 6596 316
internal_count=8064 1152 576 6912 6596 316
is_linear=0
shrinkage=0.05


Tree=89
num_leaves=7
num_cat=0
split_feature=13 4 0 4 4 12
split_gain=287894 526096 458636 690111 452248 241481
threshold=-0.42261826174069911 243.6065378472222 4896.9530000000004 76.669907638888404 7.571981944444361 -0.48087430661751701
decision_type=2 2 2 2 2 2
left_child=2 4 3 -1 -2 -4
right_child=1 -3 5 -5 -6 -7
leaf_value=0.41347488780933644 0.00065373503092888349 1.8953572095086 -0.15094138923544118 2.924322500000609 -1.0159347753412011 -2.3074379173786408
leaf_weight=1630 3220 276 800 328 1656 154
leaf_count=1630 3220 276 800 328 1656 154
internal_value=0.000203152 -0.224391 0.397502 0.835365 -0.34474 -0.501107
internal_weight=8064 5152 2912 1958 4876 954
internal_count=8064 5152 2912 1958 4876 954
is_linear=0
shrinkage=0.05


Tree=90
num_leaves=5
num_cat=0
split_feature=2 0 13 4
split_gain=283197 319991 387799 46008.4
threshold=-311.21500000000009 6523.5896500000008 -0.42261826174069911 3.4460048611113057
decision_type=2 2 2 2
left_child=-1 2 -2 -3
right_child=1 3 -4 -5
leaf_value=1.6139607260662343 0.52773039968470703 -1.0283770158062591 -0.23803333636536361 -2.1690682800257046
leaf_weight=262 2484 234 4939 145
leaf_count=262 2484 234 4939 145
internal_value=0.000203901 -0.0541878 0.018255 -1.46935
internal_weight=8064 7802 7423 379
internal_count=8064 7802 7423 379
is_linear=0
shrinkage=0.05


Tree=91
num_leaves=5
num_cat=0
split_feature=3 0 8 11
split_gain=275056 291373 433917 87546.7
threshold=179.92513749999992 2586.7177500000003 1.0000000180025095e-35 0.15208718494349097
decision_type=2 2 2 2
left_child=1 3 -3 -1
right_child=-2 2 -4 -5
leaf_value=0.64199591763128483 1.6032245534727474 0.025085893640154691 -1.1261584389668247 2.2312962771790801
leaf_weight=196 258 6519 935 156
leaf_count=196 258 6519 935 156
internal_value=0.000185691 -0.0529957 -0.119453 1.35067
internal_weight=8064 7806 7454 352
internal_count=8064 7806 7454 352
is_linear=0
shrinkage=0.05


Tree=92
num_leaves=5
num_cat=0
split_feature=3 11 4 0
split_gain=269805 348360 933503 395215
threshold=-281.41186250000004 -0.6913484944011038 76.669907638888404 3625.0829000000008
decision_type=2 2 2 2
left_child=-1 2 -2 -3
right_child=1 3 -4 -5
leaf_value=-1.5749422101013562 0.11220720577287768 0.3148573756716892 2.9671713124452666 -0.50619632362807099
leaf_weight=262 1535 2672 351 3244
leaf_count=262 1535 2672 351 3244
internal_value=0.00019733 0.0532874 0.64483 -0.135372
internal_weight=8064 7802 1886 5916
internal_count=8064 7802 1886 5916
is_linear=0
shrinkage=0.05


Tree=93
num_leaves=7
num_cat=0
split_feature=10 4 4 1 1 4
split_gain=270907 919674 6.29211e+06 704110 255804 189314
threshold=1.0000000180025095e-35 3.4460048611113057 7.571981944444361 -264.45610000000005 -98.189049999999938 -24.636250347222354
decision_type=2 2 2 2 2 2
left_child=3 5 -3 -1 -5 -2
right_child=1 2 -4 4 -6 -7
leaf_value=-2.4199444099931688 -2.2658704171509583 11.133359146981405 -0.90219549368421692 -0.67222654993419095 0.13829635641588553 -0.17742260461522583
leaf_weight=316 144 144 432 1186 5410 432
leaf_count=316 144 144 432 1186 5410 432
internal_value=0.000195601 0.709724 2.12077 -0.118145 -0.00752029 -0.702557
internal_weight=8064 1152 576 6912 6596 576
internal_count=8064 1152 576 6912 6596 576
is_linear=0
shrinkage=0.05


Tree=94
num_leaves=5
num_cat=0
split_feature=2 0 13 4
split_gain=265743 274302 359875 45422.4
threshold=-311.21500000000009 6523.5896500000008 -0.42261826174069911 3.4460048611113057
decision_type=2 2 2 2
left_child=-1 2 -2 -3
right_child=1 3 -4 -5
leaf_value=1.5634518394182957 0.50538988059375367 -0.92533003218146925 -0.2322893690547872 -2.0573924065452736
leaf_weight=262 2484 234 4939 145
leaf_count=262 2484 234 4939 145
internal_value=0.000215791 -0.0524731 0.0145992 -1.36272
internal_weight=8064 7802 7423 379
internal_count=8064 7802 7423 379
is_linear=0
shrinkage=0.05


Tree=95
num_leaves=7
num_cat=0
split_feature=10 4 4 1 4 4
split_gain=245632 832388 5.68134e+06 638418 246154 180529
threshold=1.0000000180025095e-35 3.4460048611113057 7.571981944444361 -264.45610000000005 243.6065378472222 -2.2461215277771767
decision_type=2 2 2 2 2 2
left_child=3 5 -3 -1 -5 -2
right_child=1 2 -4 4 -6 -7
leaf_value=-2.3042815886085344 -0.1550149932232692 10.582235283183641 -0.85427663703266254 -0.087784223168594314 1.1495103564754474 -2.1943717655642279
leaf_weight=316 432 144 432 6167 429 144
leaf_count=316 432 144 432 6167 429 144
internal_value=0.000197897 0.675817 2.01824 -0.112487 -0.00714925 -0.667774
internal_weight=8064 1152 576 6912 6596 576
internal_count=8064 1152 576 6912 6596 576
is_linear=0
shrinkage=0.05


Tree=96
num_leaves=7
num_cat=0
split_feature=0 0 0 11 13 0
split_gain=244709 470251 718000 481788 152703 263214
threshold=6172.572900000001 4173.0386000000008 3644.5994000000005 -0.27976242230339682 0.60818202301879265 6302.0638000000008
decision_type=2 2 2 2 2 2
left_child=1 2 -1 -3 -2 -6
right_child=4 3 -4 -5 5 -7
leaf_value=0.17852276523750238 -0.22293597311284899 1.3217352016663464 -1.4028302512185815 -0.2691805706914196 -0.46874447736109409 -2.9008585100101705
leaf_weight=3384 1183 1344 910 736 343 164
leaf_count=3384 1183 1344 910 736 343 164
internal_value=0.000226041 0.142066 -0.156852 0.758937 -0.534504 -1.25963
internal_weight=8064 6374 4294 2080 1690 507
internal_count=8064 6374 4294 2080 1690 507
is_linear=0
shrinkage=0.05


Tree=97
num_leaves=4
num_cat=0
split_feature=2 3 0
split_gain=243628 246892 230424
threshold=-311.21500000000009 179.92513749999992 2627.6596000000004
decision_type=2 2 2
left_child=-1 2 -2
right_child=1 -3 -4
leaf_value=1.4969701261376474 0.97383100890755925 1.4799204961692587 -0.17285306867217054
leaf_weight=262 466 254 7082
leaf_count=262 466 254 7082
internal_value=0.000191403 -0.0502575 -0.101939
internal_weight=8064 7802 7548
internal_count=8064 7802 7548
is_linear=0
shrinkage=0.05


Tree=98
num_leaves=5
num_cat=0
split_feature=3 11 4 0
split_gain=229860 297004 601304 273162
threshold=-281.41186250000004 0.48087430661751701 76.669907638888404 2627.6596000000004
decision_type=2 2 2 2
left_child=-1 2 -2 -3
right_child=1 3 -4 -5
leaf_value=-1.4536660428282879 0.018706360761270621 1.5417987018312729 1.4294502524102664 -0.50003228585636161
leaf_weight=262 4138 174 923 2567
leaf_count=262 4138 174 923 2567
internal_value=0.000205252 0.0492079 0.276222 -0.369901
internal_weight=8064 7802 5061 2741
internal_count=8064 7802 5061 2741
is_linear=0
shrinkage=0.05


Tree=99
num_leaves=7
num_cat=0
split_feature=8 1 4 12 3 0
split_gain=231185 812286 526738 524259 375101 185673
threshold=1.0000000180025095e-35 211.4238999999998 3.9613430555550626 -0.4026508470528945 -60.038749999999474 2586.7177500000003
decision_type=2 2 2 2 2 2
left_child=1 2 -1 -3 -2 -6
right_child=4 3 -4 -5 5 -7
leaf_value=0.28242270216098542 -1.933968865529053 -0.49275559714968281 -0.67250066113433049 2.232692238741286 1.423707503502424 -0.43588118428622497
leaf_weight=3600 382 240 2410 662 172 598
leaf_count=3600 382 240 2410 662 172 598
internal_value=0.000201414 0.109522 -0.100548 1.50778 -0.655248 -0.0191847
internal_weight=8064 6912 6010 902 1152 770
internal_count=8064 6912 6010 902 1152 770
is_linear=0
shrinkage=0.05


end of trees

feature_importances:
Column_3=155
Column_4=102
Column_11=81
Column_1=75
Column_12=29
Column_0=27
Column_10=25
Column_2=20
Column_8=12
Column_13=8

parameters:
[boosting: gbdt]
[objective: regression]
[metric: l2]
[tree_learner: serial]
[device_type: cpu]
[data_sample_strategy: bagging]
[data: ]
[valid: ]
[num_iterations: 100]
[learning_rate: 0.05]
[num_leaves: 7]
[num_threads: 1]
[seed: 20250911]
[deterministic: 1]
[force_col_wise: 1]
[force_row_wise: 0]
[histogram_pool_size: -1]
[max_depth: 3]
[min_data_in_leaf: 144]
[min_sum_hessian_in_leaf: 0.001]
[bagging_fraction: 1]
[pos_bagging_fraction: 1]
[neg_bagging_fraction: 1]
[bagging_freq: 0]
[bagging_seed: 20250911]
[bagging_by_query: 0]
[feature_fraction: 1]
[feature_fraction_bynode: 1]
[feature_fraction_seed: 20250911]
[extra_trees: 0]
[extra_seed: 26685]
[early_stopping_round: 0]
[early_stopping_min_delta: 0]
[first_metric_only: 0]
[max_delta_step: 0]
[lambda_l1: 0]
[lambda_l2: 1]
[linear_lambda: 0]
[min_gain_to_split: 0]
[drop_rate: 0.1]
[max_drop: 50]
[skip_drop: 0.5]
[xgboost_dart_mode: 0]
[uniform_drop: 0]
[drop_seed: 2504]
[top_rate: 0.2]
[other_rate: 0.1]
[min_data_per_group: 100]
[max_cat_threshold: 32]
[cat_l2: 10]
[cat_smooth: 10]
[max_cat_to_onehot: 4]
[top_k: 20]
[monotone_constraints: ]
[monotone_constraints_method: basic]
[monotone_penalty: 0]
[feature_contri: ]
[forcedsplits_filename: ]
[refit_decay_rate: 0.9]
[cegb_tradeoff: 1]
[cegb_penalty_split: 0]
[cegb_penalty_feature_lazy: ]
[cegb_penalty_feature_coupled: ]
[path_smooth: 0]
[interaction_constraints: ]
[verbosity: -1]
[saved_feature_importance_type: 0]
[use_quantized_grad: 0]
[num_grad_quant_bins: 4]
[quant_train_renew_leaf: 0]
[stochastic_rounding: 1]
[linear_tree: 0]
[max_bin: 63]
[max_bin_by_feature: ]
[min_data_in_bin: 3]
[bin_construct_sample_cnt: 200000]
[data_random_seed: 20250911]
[is_enable_sparse: 1]
[enable_bundle: 1]
[use_missing: 1]
[zero_as_missing: 0]
[feature_pre_filter: 0]
[pre_partition: 0]
[two_round: 0]
[header: 0]
[label_column: ]
[weight_column: ]
[group_column: ]
[ignore_column: ]
[categorical_feature: ]
[forcedbins_filename: ]
[precise_float_parser: 0]
[parser_config_file: ]
[objective_seed: 19683]
[num_class: 1]
[is_unbalance: 0]
[scale_pos_weight: 1]
[sigmoid: 1]
[boost_from_average: 1]
[reg_sqrt: 0]
[alpha: 0.9]
[fair_c: 1]
[poisson_max_delta_step: 0.7]
[tweedie_variance_power: 1.5]
[lambdarank_truncation_level: 30]
[lambdarank_norm: 1]
[label_gain: ]
[lambdarank_position_bias_regularization: 0]
[eval_at: ]
[multi_error_top_k: 1]
[auc_mu_weights: ]
[num_machines: 1]
[local_listen_port: 12400]
[time_out: 120]
[machine_list_filename: ]
[machines: ]
[gpu_platform_id: -1]
[gpu_device_id: -1]
[gpu_device_id_list: ]
[gpu_use_dp: 0]
[num_gpu: 1]

end of parameters

pandas_categorical:null
