tree
version=v4
num_class=1
num_tree_per_iteration=1
label_index=0
max_feature_idx=14
objective=regression
feature_names=Column_0 Column_1 Column_2 Column_3 Column_4 Column_5 Column_6 Column_7 Column_8 Column_9 Column_10 Column_11 Column_12 Column_13 Column_14
feature_infos=[2331.0700000000002:7936.3950999999997] [-4149.7628000000004:3757.0277000000001] [-1364.9799999999996:692.05000000000018] [-363.32500000000073:1012.1575000000003] [-561.77681388888868:31.713411805555552] [0:1] [0:1] [0:1] [0:1] [0:1] [0:1] [-1:1] [-1:1] [-1:1] [-1:1]
tree_sizes=758 769 771 767 766 764 766 762 767 763 767 768 769 768 769 769 773 763 769 766 768 770 769 767 766 774 767 763 780 770 777 768 779 765 785 772 776 779 774 767 764 776 773 769 765 780 769 767 681 784 776 772 764 763 781 767 784 771 763 679 770 596 760 747 605 606 771 779 671 606 772 585 606 601 579 602 591 764 596 500 586 597 755 746 582 745 748 498 583 748 745 746 590 500 766 760 748 744 748 753

Tree=0
num_leaves=7
num_cat=0
split_feature=4 3 1 4 1 3
split_gain=1.57041e+08 5.02391e+07 4.4496e+07 1.9713e+07 1.11439e+07 1.02188e+07
threshold=-336.46675763888783 37.306699999999644 -416.7227000000002 -556.88829201388887 37.116300000000145 -65.72000000000024
decision_type=2 2 2 2 2 2
left_child=2 5 -1 -4 -3 -2
right_child=1 4 3 -5 -6 -7
leaf_value=-120.41460243116028 -99.516291778799811 -88.869642600277729 -114.7507105092898 -92.66078227462198 -84.023797263806628 -92.721811959368878
leaf_weight=531 920 2370 144 333 2379 1387
leaf_count=531 920 2370 144 333 2379 1387
internal_value=-92.0192 -89.3812 -110.47 -99.363 -86.441 -95.4334
internal_weight=8064 7056 1008 477 4749 2307
internal_count=8064 7056 1008 477 4749 2307
is_linear=0
shrinkage=1


Tree=1
num_leaves=7
num_cat=0
split_feature=4 3 1 4 1 3
split_gain=1.41766e+08 4.5344e+07 4.01585e+07 1.78041e+07 1.00578e+07 9.22355e+06
threshold=-336.46675763888783 37.306699999999644 -416.7227000000002 -556.88829201388887 37.116300000000145 -65.72000000000024
decision_type=2 2 2 2 2 2
left_child=2 5 -1 -4 -3 -2
right_child=1 4 3 -5 -6 -7
leaf_value=-26.978289386361169 -7.1226324250017585 2.9921575988014002 -21.602761681326506 -0.60958734611551213 7.5958123477911501 -0.66749491014079032
leaf_weight=531 920 2370 144 333 2379 1387
leaf_count=531 920 2370 144 333 2379 1387
internal_value=-0.000302655 2.50617 -17.5307 -6.97908 5.29946 -3.24369
internal_weight=8064 7056 1008 477 4749 2307
internal_count=8064 7056 1008 477 4749 2307
is_linear=0
shrinkage=0.05


Tree=2
num_leaves=7
num_cat=0
split_feature=4 3 1 4 3 11
split_gain=1.27977e+08 4.11245e+07 3.62438e+07 1.60801e+07 1.11661e+07 8.5656e+06
threshold=-336.46675763888783 72.263087500000225 -416.7227000000002 -556.88829201388887 -65.72000000000024 1.0000000180025095e-35
decision_type=2 2 2 2 2 2
left_child=2 4 5 -4 -2 -1
right_child=1 -3 3 -5 -6 -7
leaf_value=-30.41228221322784 -6.7668876011422086 5.5401166048393709 -20.530073440485989 -0.57919952036020994 -0.08607916204382976 -17.008272764583431
leaf_weight=340 920 4187 144 333 1949 191
leaf_count=340 920 4187 144 333 1949 191
internal_value=-0.000575251 2.38088 -16.6566 -6.63245 -2.23002 -25.6319
internal_weight=8064 7056 1008 477 2869 531
internal_count=8064 7056 1008 477 2869 531
is_linear=0
shrinkage=0.05


Tree=3
num_leaves=7
num_cat=0
split_feature=4 3 1 3 4 11
split_gain=1.15542e+08 3.7288e+07 3.28163e+07 1.31947e+07 1.23555e+07 7.26084e+06
threshold=-336.46675763888783 117.2692500000003 -489.73274999999961 -65.72000000000024 -556.88829201388887 -0.10884096748385481
decision_type=2 2 2 2 2 2
left_child=2 3 5 -2 -4 -1
right_child=1 -3 4 -5 -6 -7
leaf_value=-29.940782610052509 -6.4289104479273043 6.0173369086812505 -19.510648918398498 0.4937793074538675 -2.3348656955369229 -17.139323630281119
leaf_weight=303 920 3412 144 2724 378 183
leaf_count=303 920 3412 144 2724 378 183
internal_value=-0.000979379 2.26182 -15.8271 -1.25528 -7.10126 -25.1656
internal_weight=8064 7056 1008 3644 522 486
internal_count=8064 7056 1008 3644 522 486
is_linear=0
shrinkage=0.05


Tree=4
num_leaves=7
num_cat=0
split_feature=4 3 1 4 1 11
split_gain=1.04318e+08 3.40251e+07 2.99668e+07 1.47741e+07 9.3791e+06 7.80895e+06
threshold=-336.46675763888783 22.347962499999998 -369.32699999999971 -556.88829201388887 37.116300000000145 0.34202014332566882
decision_type=2 2 2 2 2 2
left_child=2 -2 5 -4 -3 -1
right_child=1 4 3 -5 -6 -7
leaf_value=-26.293612829651728 -3.2150250958060695 2.2510462372690916 -18.541844747148712 0.84176898468164074 6.5951480060324164 -12.731824141257519
leaf_weight=412 2083 2519 144 305 2454 147
leaf_count=412 2083 2519 144 305 2454 147
internal_value=-0.00135718 2.14873 -15.0392 -5.40219 4.3956 -22.7564
internal_weight=8064 7056 1008 449 4973 559
internal_count=8064 7056 1008 449 4973 559
is_linear=0
shrinkage=0.05


Tree=5
num_leaves=7
num_cat=0
split_feature=2 3 3 3 1 1
split_gain=9.46313e+07 3.75148e+07 2.06649e+07 1.22365e+07 7.52974e+06 7.03472e+06
threshold=-509.76500000000004 117.2692500000003 216.74358749999968 -65.72000000000024 -720.39409999999964 80.073100000000082
decision_type=2 2 2 2 2 2
left_child=2 3 4 -2 -1 -3
right_child=1 5 -4 -5 -6 -7
leaf_value=-28.976717441514655 -6.6686640394353702 3.218571595440924 -1.6059827275523526 -0.17477623010133267 -16.668309682016336 7.6775926293803014
leaf_weight=258 968 1886 146 2886 251 1669
leaf_count=258 968 1886 146 2886 251 1669
internal_value=-0.00160613 1.60979 -18.2035 -1.80714 -22.9517 5.31356
internal_weight=8064 7409 655 3854 509 3555
internal_count=8064 7409 655 3854 509 3555
is_linear=0
shrinkage=0.05


Tree=6
num_leaves=7
num_cat=0
split_feature=4 3 1 4 1 11
split_gain=8.76398e+07 2.81465e+07 2.47537e+07 1.27239e+07 8.31014e+06 6.48772e+06
threshold=-336.46675763888783 7.781374999999799 -369.32699999999971 -556.88829201388887 37.116300000000145 0.34202014332566882
decision_type=2 2 2 2 2 2
left_child=2 -2 5 -4 -3 -1
right_child=1 4 3 -5 -6 -7
leaf_value=-24.02340254529625 -3.3002835122811494 1.9149716965410482 -17.220019491458764 0.76851710266147566 5.9179245486631906 -11.661157554226953
leaf_weight=412 1864 2669 144 305 2523 147
leaf_count=412 1864 2669 144 305 2523 147
internal_value=-0.00179367 1.96894 -13.7852 -5.02608 3.86093 -20.7991
internal_weight=8064 7056 1008 449 5192 559
internal_count=8064 7056 1008 449 5192 559
is_linear=0
shrinkage=0.05


Tree=7
num_leaves=7
num_cat=0
split_feature=4 3 1 4 3 3
split_gain=7.91226e+07 2.63175e+07 2.24199e+07 1.03512e+07 9.32483e+06 5.8927e+06
threshold=-336.46675763888783 117.2692500000003 -416.7227000000002 -556.88829201388887 -65.72000000000024 58.099162499999927
decision_type=2 2 2 2 2 2
left_child=2 4 5 -4 -2 -1
right_child=1 -3 3 -5 -6 -7
leaf_value=-24.96127459132304 -5.4335040910988566 5.0255760770618547 -16.364956871661647 -0.3581634364843726 0.38614347715094821 -14.253775611216845
leaf_weight=291 920 3412 144 333 2724 240
leaf_count=291 920 3412 144 333 2724 240
internal_value=-0.00199908 1.87052 -13.0985 -5.21453 -1.08423 -20.1576
internal_weight=8064 7056 1008 477 3644 531
internal_count=8064 7056 1008 477 3644 531
is_linear=0
shrinkage=0.05


Tree=8
num_leaves=7
num_cat=0
split_feature=2 3 3 1 1 1
split_gain=7.17579e+07 2.86814e+07 1.66672e+07 8.99913e+06 6.83348e+06 5.81603e+06
threshold=-509.76500000000004 78.798812499999727 216.74358749999968 -247.6934499999995 37.116300000000145 -720.39409999999964
decision_type=2 2 2 2 2 2
left_child=2 3 5 -2 -3 -1
right_child=1 4 -4 -5 -6 -7
leaf_value=-25.411541434696744 -5.9511534355301761 2.0168864368514745 -0.950085641534961 -0.30369032093428144 6.0224683969681729 -14.594878426347933
leaf_weight=258 1067 2077 146 2078 2187 251
leaf_count=258 1067 2077 146 2078 2187 251
internal_value=-0.00224605 1.40095 -15.8524 -2.22098 4.07227 -20.1167
internal_weight=8064 7409 655 3145 4264 509
internal_count=8064 7409 655 3145 4264 509
is_linear=0
shrinkage=0.05


Tree=9
num_leaves=7
num_cat=0
split_feature=4 3 11 3 1 3
split_gain=6.64283e+07 2.50226e+07 1.61573e+07 7.92628e+06 7.72815e+06 3.98026e+06
threshold=-529.59355381944385 37.306699999999644 0.34202014332566882 -143.91074999999998 37.116300000000145 58.099162499999927
decision_type=2 2 2 2 2 2
left_child=2 3 5 -2 -3 -1
right_child=1 4 -4 -5 -6 -7
leaf_value=-25.226082049189387 -9.5544801350023185 1.5015859770976352 -5.07034128941463 -1.5633668036853772 5.4479438120254011 -15.539519897590985
leaf_weight=221 366 2528 280 2013 2437 219
leaf_count=221 366 2528 280 2013 2437 219
internal_value=-0.00237663 1.41926 -14.485 -2.79627 3.43931 -20.451
internal_weight=8064 7344 720 2379 4965 440
internal_count=8064 7344 720 2379 4965 440
is_linear=0
shrinkage=0.05


Tree=10
num_leaves=7
num_cat=0
split_feature=4 3 1 4 3 11
split_gain=6.08655e+07 2.00221e+07 1.75665e+07 9.92988e+06 7.5095e+06 5.19229e+06
threshold=-336.46675763888783 117.2692500000003 -333.00104999999979 -556.88829201388887 -143.91074999999998 -0.15208718494349127
decision_type=2 2 2 2 2 2
left_child=2 4 5 -4 -2 -1
right_child=1 -3 3 -5 -6 -7
leaf_value=-21.352960265773099 -7.9452432060948004 4.3917090791435038 -14.52602709704432 1.5132022973214467 -0.20242548816176981 -11.6792993745327
leaf_weight=327 345 3412 144 288 3299 249
leaf_count=327 345 3412 144 288 3299 249
internal_value=-0.00256782 1.63977 -11.4892 -3.85441 -0.937465 -17.1986
internal_weight=8064 7056 1008 432 3644 576
internal_count=8064 7056 1008 432 3644 576
is_linear=0
shrinkage=0.05


Tree=11
num_leaves=7
num_cat=0
split_feature=4 3 3 11 1 3
split_gain=5.4951e+07 1.80712e+07 1.68237e+07 8.69514e+06 7.04473e+06 6.84922e+06
threshold=-336.46675763888783 117.2692500000003 72.263087500000225 1.0000000180025095e-35 -272.8153499999998 -65.72000000000024
decision_type=2 2 2 2 2 2
left_child=2 5 3 -1 -4 -2
right_child=1 -3 4 -5 -6 -7
leaf_value=-24.610439335799018 -4.6182001499315559 4.1721880978087409 -10.878879699463608 -10.815949057372272 0.47806536872070149 0.36944938428905033
leaf_weight=237 920 3412 261 225 285 2724
leaf_count=237 920 3412 261 225 285 2724
internal_value=-0.00274812 1.55775 -10.917 -17.9302 -4.96077 -0.890703
internal_weight=8064 7056 1008 462 546 3644
internal_count=8064 7056 1008 462 546 3644
is_linear=0
shrinkage=0.05


Tree=12
num_leaves=7
num_cat=0
split_feature=2 3 3 4 1 1
split_gain=5.05165e+07 2.01057e+07 1.25294e+07 8.70428e+06 4.59674e+06 4.24323e+06
threshold=-509.76500000000004 123.56558749999978 216.74358749999968 -67.286520833333256 80.073100000000082 -720.39409999999964
decision_type=2 2 2 2 2 2
left_child=2 3 5 -2 -3 -1
right_child=1 4 -4 -5 -6 -7
leaf_value=-21.520667027598645 -5.9701230183238998 2.2455846849948071 -0.38416571740795968 -0.087542657715520583 5.9120422173878335 -12.284251937506692
leaf_weight=258 782 1813 146 3194 1620 251
leaf_count=258 782 1813 146 3194 1620 251
internal_value=-0.00289531 1.17444 -13.3018 -1.24574 3.97697 -16.999
internal_weight=8064 7409 655 3976 3433 509
internal_count=8064 7409 655 3976 3433 509
is_linear=0
shrinkage=0.05


Tree=13
num_leaves=7
num_cat=0
split_feature=4 1 3 4 11 1
split_gain=4.57988e+07 2.44003e+07 1.33549e+07 6.69733e+06 4.26783e+06 4.00602e+06
threshold=-67.286520833333256 -416.7227000000002 7.781374999999799 -556.88829201388887 -0.15208718494349127 37.116300000000145
decision_type=2 2 2 2 2 2
left_child=1 4 -2 -3 -1 -4
right_child=2 3 5 -5 -6 -7
leaf_value=-19.121696433485774 -1.9555844246443219 -13.002347204931851 1.8929051536094752 -1.5008875296015294 -10.374169711768628 4.8087539961993482
leaf_weight=342 1617 144 2429 999 243 2290
leaf_count=342 1617 144 2429 999 243 2290
internal_value=-0.00294951 -7.21589 1.96504 -2.95999 -15.512 3.3086
internal_weight=8064 1728 6336 1143 585 4719
internal_count=8064 1728 6336 1143 585 4719
is_linear=0
shrinkage=0.05


Tree=14
num_leaves=7
num_cat=0
split_feature=2 3 3 1 1 1
split_gain=4.14288e+07 1.69767e+07 1.07724e+07 7.29826e+06 3.87742e+06 3.56286e+06
threshold=-509.76500000000004 123.56558749999978 216.74358749999968 -203.16315000000006 80.073100000000082 -720.39409999999964
decision_type=2 2 2 2 2 2
left_child=2 3 5 -2 -3 -1
right_child=1 4 -4 -5 -6 -7
leaf_value=-19.61746195089863 -4.0287199130585272 2.048238037156132 -0.070762634165838473 0.43876177885102152 5.4156096401294604 -11.155333981107153
leaf_weight=258 1423 1813 146 2553 1620 251
leaf_count=258 1423 1813 146 2553 1620 251
internal_value=-0.00304544 1.06315 -12.0464 -1.16075 3.63838 -15.4746
internal_weight=8064 7409 655 3976 3433 509
internal_count=8064 7409 655 3976 3433 509
is_linear=0
shrinkage=0.05


Tree=15
num_leaves=7
num_cat=0
split_feature=4 1 3 4 1 11
split_gain=3.88996e+07 2.01435e+07 1.14641e+07 6.44311e+06 3.77185e+06 3.45044e+06
threshold=-67.286520833333256 -333.00104999999979 -44.833912499999762 -556.88829201388887 -11.553999999999631 -0.15208718494349127
decision_type=2 2 2 2 2 2
left_child=1 5 -2 -3 -4 -1
right_child=2 3 4 -5 -6 -7
leaf_value=-16.527288503649956 -3.1205529673081234 -12.124158075924578 1.304747275642629 -0.77542975295514793 3.968404824984245 -9.2341266910491111
leaf_weight=383 993 144 2490 911 2853 290
leaf_count=383 993 144 2490 911 2853 290
internal_value=-0.0030603 -6.65055 1.81066 -2.33446 2.72754 -13.403
internal_weight=8064 1728 6336 1055 5343 673
internal_count=8064 1728 6336 1055 5343 673
is_linear=0
shrinkage=0.05


Tree=16
num_leaves=7
num_cat=0
split_feature=4 4 1 3 1 3
split_gain=3.51168e+07 1.83089e+07 2.57439e+07 1.03907e+07 3.07256e+06 2.70454e+06
threshold=-67.286520833333256 -74.844895833333325 -333.00104999999979 -17.625274999999871 -11.553999999999631 -143.91074999999998
decision_type=2 2 2 2 2 2
left_child=1 2 -1 5 -5 -2
right_child=3 -3 -4 4 -6 -7
leaf_value=-12.322491094041446 -6.4624519375168674 -23.329175487057917 0.60897873108002265 1.3982162572914238 3.8811895418721023 -1.0215525736537729
leaf_weight=657 294 144 927 2286 2742 1014
leaf_count=657 294 144 927 2286 2742 1014
internal_value=-0.00313367 -6.31914 -4.75903 1.72014 2.7528 -2.24851
internal_weight=8064 1728 1584 6336 5028 1308
internal_count=8064 1728 1584 6336 5028 1308
is_linear=0
shrinkage=0.05


Tree=17
num_leaves=7
num_cat=0
split_feature=4 1 3 3 3 3
split_gain=3.17012e+07 1.66858e+07 9.4161e+06 5.57339e+06 3.94306e+06 2.8994e+06
threshold=-67.286520833333256 -416.7227000000002 7.781374999999799 251.4470000000006 58.099162499999927 -143.91074999999998
decision_type=2 2 2 2 2 2
left_child=1 4 5 -3 -1 -2
right_child=2 3 -4 -5 -6 -7
leaf_value=-16.364698055947528 -6.1404246587811393 -4.0974918920203081 2.7622812991827663 5.0562197065663224 -7.9946713199499646 -0.65797164922135565
leaf_weight=339 294 942 4719 201 246 1323
leaf_count=339 294 942 4719 201 246 1323
internal_value=-0.00320789 -6.0042 1.63412 -2.48477 -12.8646 -1.65796
internal_weight=8064 1728 6336 1143 585 1617
internal_count=8064 1728 6336 1143 585 1617
is_linear=0
shrinkage=0.05


Tree=18
num_leaves=7
num_cat=0
split_feature=2 3 3 1 1 3
split_gain=2.94328e+07 1.25637e+07 8.28993e+06 5.25969e+06 3.08717e+06 2.86034e+06
threshold=-509.76500000000004 123.56558749999978 216.74358749999968 -203.16315000000006 80.073100000000082 14.562500000000002
decision_type=2 2 2 2 2 2
left_child=2 3 5 -2 -3 -1
right_child=1 4 -4 -5 -6 -7
leaf_value=-17.370439186180217 -3.4523752208602922 1.6920754902582318 0.34845691343554025 0.34019773113395446 4.6965977723476398 -9.7513227655644155
leaf_weight=226 1423 1813 146 2553 1620 283
leaf_count=226 1423 1813 146 2553 1620 283
internal_value=-0.00321755 0.895451 -10.1543 -1.01768 3.11084 -13.1617
internal_weight=8064 7409 655 3976 3433 509
internal_count=8064 7409 655 3976 3433 509
is_linear=0
shrinkage=0.05


Tree=19
num_leaves=7
num_cat=0
split_feature=4 4 2 3 1 3
split_gain=2.69409e+07 1.70714e+07 2.14409e+07 8.08506e+06 2.70314e+06 1.67111e+06
threshold=-67.286520833333256 -74.844895833333325 -344.69125000000048 -44.833912499999762 -11.553999999999631 -171.13175000000044
decision_type=2 2 2 2 2 2
left_child=1 2 -1 5 -5 -2
right_child=3 -3 -4 4 -6 -7
leaf_value=-9.7755547930642113 -6.7083349623342059 -21.95950850125017 1.8540238572550671 1.071729858320869 3.3266457414985022 -1.6005149229835505
leaf_weight=801 200 144 783 2490 2853 793
leaf_count=801 200 144 783 2490 2853 793
internal_value=-0.00320237 -5.53532 -4.0293 1.50619 2.27618 -2.63499
internal_weight=8064 1728 1584 6336 5343 993
internal_count=8064 1728 1584 6336 5343 993
is_linear=0
shrinkage=0.05


Tree=20
num_leaves=7
num_cat=0
split_feature=4 3 11 1 1 3
split_gain=2.48264e+07 1.06179e+07 8.65646e+06 4.98189e+06 2.75302e+06 2.61914e+06
threshold=-529.59355381944385 -44.833912499999762 0.48087430661751701 -37.012899999999711 -247.6934499999995 72.263087500000225
decision_type=2 2 2 2 2 2
left_child=2 4 5 -3 -2 -1
right_child=1 3 -4 -5 -6 -7
leaf_value=-16.275400083600069 -6.075883241147352 0.086302618658511548 -1.2152828393852324 2.955909224834862 -1.2552191971707236 -8.7577140850871142
leaf_weight=253 542 2683 245 3466 653 222
leaf_count=253 542 2683 245 3466 653 222
internal_value=-0.00325181 0.865848 -8.85698 1.70403 -3.44491 -12.7877
internal_weight=8064 7344 720 6149 1195 475
internal_count=8064 7344 720 6149 1195 475
is_linear=0
shrinkage=0.05


Tree=21
num_leaves=7
num_cat=0
split_feature=4 4 2 3 4 3
split_gain=2.27591e+07 1.58298e+07 1.82057e+07 6.63556e+06 2.67854e+06 2.1913e+06
threshold=-67.286520833333256 -74.844895833333325 -344.69125000000048 7.781374999999799 -19.234415972221992 -143.91074999999998
decision_type=2 2 2 2 2 2
left_child=1 2 -1 5 -5 -2
right_child=3 -3 -4 4 -6 -7
leaf_value=-8.9329501998989365 -5.2763770587565544 -20.903189293351669 1.7833202022070787 3.766521327168137 1.3419859014372229 -0.51026480655970896
leaf_weight=801 294 144 783 1924 2795 1323
leaf_count=801 294 144 783 1924 2795 1323
internal_value=-0.00327851 -5.08795 -3.63792 1.38403 2.33109 -1.37956
internal_weight=8064 1728 1584 6336 4719 1617
internal_count=8064 1728 1584 6336 4719 1617
is_linear=0
shrinkage=0.05


Tree=22
num_leaves=7
num_cat=0
split_feature=4 3 11 4 1 3
split_gain=2.08424e+07 9.52574e+06 7.4763e+06 4.77911e+06 2.64645e+06 2.19736e+06
threshold=-529.59355381944385 123.56558749999978 0.34202014332566882 -67.286520833333256 159.03999999999999 7.781374999999799
decision_type=2 2 2 2 2 2
left_child=2 3 5 -2 -3 -1
right_child=1 4 -4 -5 -6 -7
leaf_value=-16.819319996219473 -4.9037578845985941 1.6475792021513738 -1.7191530242933497 -0.14062392902662671 4.5152238139380581 -9.4147019830335434
leaf_weight=162 628 2216 280 3236 1264 278
leaf_count=162 628 2216 280 3236 1264 278
internal_value=-0.00329264 0.793026 -8.11558 -0.915825 2.69016 -12.1729
internal_weight=8064 7344 720 3864 3480 440
internal_count=8064 7344 720 3864 3480 440
is_linear=0
shrinkage=0.05


Tree=23
num_leaves=7
num_cat=0
split_feature=2 3 3 1 1 3
split_gain=1.92323e+07 9.19548e+06 6.34598e+06 4.02223e+06 2.91442e+06 1.17557e+06
threshold=-585.5586999999997 72.263087500000225 180.16477500000022 -247.6934499999995 63.630000000000116 29.640975000000029
decision_type=2 2 2 2 2 2
left_child=2 3 5 -2 -3 -1
right_child=1 4 -4 -5 -6 -7
leaf_value=-15.35239780114429 -3.9078555115210456 0.89846450820333867 -0.52036518494288131 -0.12696713837519943 3.4615550384203448 -9.6023402043921617
leaf_weight=201 1085 2382 149 1997 2076 174
leaf_count=201 1085 2382 149 1997 2076 174
internal_value=-0.0032944 0.640907 -9.25647 -1.45884 2.09255 -12.717
internal_weight=8064 7540 524 3082 4458 375
internal_count=8064 7540 524 3082 4458 375
is_linear=0
shrinkage=0.05


Tree=24
num_leaves=7
num_cat=0
split_feature=4 4 1 3 3 3
split_gain=1.75996e+07 1.47741e+07 1.52144e+07 5.45335e+06 2.34317e+06 1.04121e+06
threshold=-67.286520833333256 -74.844895833333325 -333.00104999999979 -65.72000000000024 189.31374999999983 -171.13175000000044
decision_type=2 2 2 2 2 2
left_child=1 2 -1 5 -5 -2
right_child=3 -3 -4 4 -6 -7
leaf_value=-8.8886475804141565 -5.7643630744212899 -19.752812503000786 1.0520229012524742 0.90914349890563573 2.9974803143186195 -1.5981635837548942
leaf_weight=657 200 144 927 3250 2290 596
leaf_count=657 200 144 927 3250 2290 596
internal_value=-0.0032856 -4.47462 -3.0741 1.21668 1.77276 -2.65087
internal_weight=8064 1728 1584 6336 5540 796
internal_count=8064 1728 1584 6336 5540 796
is_linear=0
shrinkage=0.05


Tree=25
num_leaves=7
num_cat=0
split_feature=4 3 11 3 12 1
split_gain=1.62896e+07 7.31234e+06 6.22832e+06 3.74879e+06 2.46685e+06 2.04463e+06
threshold=-529.59355381944385 -44.833912499999762 0.51864980417341211 207.41270000000034 -0.72219205899833572 -203.16315000000006
decision_type=2 2 2 2 2 2
left_child=2 5 4 -3 -1 -2
right_child=1 3 -4 -5 -6 -7
leaf_value=-5.0305513658270939 -4.9372431680188358 0.42769629071988052 -0.48989794753428745 2.9698328343872338 -12.791599558391388 -0.80093660869540484
leaf_weight=150 599 3807 235 2342 335 596
leaf_count=150 599 3807 235 2342 335 596
internal_value=-0.00331381 0.700678 -7.17504 1.39626 -10.4066 -2.87668
internal_weight=8064 7344 720 6149 485 1195
internal_count=8064 7344 720 6149 485 1195
is_linear=0
shrinkage=0.05


Tree=26
num_leaves=7
num_cat=0
split_feature=2 3 3 1 1 3
split_gain=1.49877e+07 7.15372e+06 5.25957e+06 3.72249e+06 1.69339e+06 1.06532e+06
threshold=-585.5586999999997 -44.833912499999762 180.16477500000022 -37.012899999999711 -369.32699999999971 37.306699999999644
decision_type=2 2 2 2 2 2
left_child=2 4 5 -3 -2 -1
right_child=1 3 -4 -5 -6 -7
leaf_value=-13.69262614030883 -5.6850425566681775 -0.11684798382179787 -0.22031990253925324 2.3314566074092045 -1.6751646535428166 -8.2079427025534883
leaf_weight=211 378 2780 149 3515 867 164
leaf_count=211 378 2780 149 3515 867 164
internal_value=-0.00327615 0.565412 -8.1718 1.25039 -2.89621 -11.3222
internal_weight=8064 7540 524 6295 1245 375
internal_count=8064 7540 524 6295 1245 375
is_linear=0
shrinkage=0.05


Tree=27
num_leaves=7
num_cat=0
split_feature=4 4 2 3 4 3
split_gain=1.40583e+07 1.38702e+07 1.25594e+07 4.01084e+06 1.88469e+06 905534
threshold=-67.286520833333256 -74.844895833333325 -344.69125000000048 -65.72000000000024 -19.234415972221992 -171.13175000000044
decision_type=2 2 2 2 2 2
left_child=1 2 -1 5 -5 -2
right_child=3 -3 -4 4 -6 -7
leaf_value=-7.0407996811771625 -5.1329191083635273 -18.802569749026464 1.8595831057024119 2.6166218496781659 0.75582200427609736 -1.2486045129628387
leaf_weight=801 200 144 783 2405 3135 596
leaf_count=801 200 144 783 2405 3135 596
internal_value=-0.0032814 -3.99953 -2.64278 1.08706 1.56395 -2.22978
internal_weight=8064 1728 1584 6336 5540 796
internal_count=8064 1728 1584 6336 5540 796
is_linear=0
shrinkage=0.05


Tree=28
num_leaves=7
num_cat=0
split_feature=4 1 10 11 3 12
split_gain=1.27478e+07 6.15839e+06 5.58026e+06 5.06829e+06 3.27915e+06 2.05973e+06
threshold=-529.59355381944385 -49.594899999999591 1.0000000180025095e-35 0.51864980417341211 227.20067500000007 -0.72219205899833572
decision_type=2 2 2 2 2 2
left_child=3 2 -2 5 -3 -1
right_child=1 4 -4 -5 -6 -7
leaf_value=-4.3529754160255782 -2.2436682886545105 0.89717032714646905 2.1929017697821434 -0.31764904541294964 3.9145559186480376 -11.441607113572815
leaf_weight=150 2404 2542 1004 235 1394 335
leaf_count=150 2404 2542 1004 235 1394 335
internal_value=-0.00328466 0.61949 -0.936391 -6.34763 1.96655 -9.26271
internal_weight=8064 7344 3408 720 3936 485
internal_count=8064 7344 3408 720 3936 485
is_linear=0
shrinkage=0.05


Tree=29
num_leaves=7
num_cat=0
split_feature=4 4 1 3 3 11
split_gain=1.17629e+07 1.27597e+07 1.09538e+07 3.50256e+06 1.91504e+06 661690
threshold=-67.286520833333256 -74.844895833333325 -489.73274999999961 -104.91312500000025 189.31374999999983 0.48087430661751701
decision_type=2 2 2 2 2 2
left_child=1 2 -1 5 -5 -2
right_child=3 -3 -4 4 -6 -7
leaf_value=-8.3316947019235652 -4.4147015186821577 -17.856559550022258 0.53402461309553984 0.61085795780694285 2.4661025408559469 -0.67237693804720944
leaf_weight=516 313 144 1068 3543 2290 190
leaf_count=516 313 144 1068 3543 2290 190
internal_value=-0.00319079 -3.65866 -2.35749 0.994174 1.33951 -3.00524
internal_weight=8064 1728 1584 6336 5833 503
internal_count=8064 1728 1584 6336 5833 503
is_linear=0
shrinkage=0.05


Tree=30
num_leaves=7
num_cat=0
split_feature=4 3 3 4 11 11
split_gain=1.07256e+07 7.31269e+06 4.04116e+06 3.10482e+06 2.85868e+06 2.3753e+06
threshold=-336.46675763888783 72.263087500000225 123.56558749999978 -19.234415972221992 -0.27976242230339682 0.21643961393810304
decision_type=2 2 2 2 2 2
left_child=1 4 5 -4 -1 -2
right_child=2 -3 3 -5 -6 -7
leaf_value=-14.190660807474581 -1.6877878736088316 -0.90360313392426461 3.8966541853348846 0.74655529357100026 -6.1534751651720576 0.82669743695149522
leaf_weight=188 1885 546 1273 2028 274 1870
leaf_count=188 1885 546 1273 2028 274 1870
internal_value=-0.00320277 -4.82509 0.686224 1.96217 -9.4476 -0.435681
internal_weight=8064 1008 7056 3301 462 3755
internal_count=8064 1008 7056 3301 462 3755
is_linear=0
shrinkage=0.05


Tree=31
num_leaves=7
num_cat=0
split_feature=4 4 2 3 1 11
split_gain=9.86252e+06 1.18199e+07 9.67246e+06 3.05965e+06 1.73413e+06 560690
threshold=-67.286520833333256 -74.844895833333325 -413.10274999999996 -104.91312500000025 -37.012899999999711 0.48087430661751701
decision_type=2 2 2 2 2 2
left_child=1 2 -1 5 -5 -2
right_child=3 -3 -4 4 -6 -7
leaf_value=-6.4343920998086395 -4.1253634079151853 -17.015222951194335 1.4188379690582655 0.27234175476999467 2.0066195607590638 -0.68005254646246349
leaf_weight=709 313 144 875 2603 3230 190
leaf_count=709 313 144 875 2603 3230 190
internal_value=-0.00315091 -3.35033 -2.09812 0.910101 1.23287 -2.82789
internal_weight=8064 1728 1584 6336 5833 503
internal_count=8064 1728 1584 6336 5833 503
is_linear=0
shrinkage=0.05


Tree=32
num_leaves=7
num_cat=0
split_feature=4 1 10 11 3 12
split_gain=9.07452e+06 4.88854e+06 5.14008e+06 4.06691e+06 2.58931e+06 2.07768e+06
threshold=-529.59355381944385 -76.110850000000013 1.0000000180025095e-35 0.55543802234893513 207.41270000000034 -0.77969889170510653
decision_type=2 2 2 2 2 2
left_child=3 2 -2 5 -3 -1
right_child=1 4 -4 -5 -6 -7
leaf_value=-2.826902705002321 -2.3424518817069777 0.65652458487478205 1.9887045248438469 0.21860382737575379 3.2104114170307252 -9.9667045495448985
leaf_weight=145 2151 2574 1004 225 1615 350
leaf_count=145 2151 2574 1004 225 1615 350
internal_value=-0.00314561 0.522296 -0.963976 -5.35595 1.64166 -7.88516
internal_weight=8064 7344 3155 720 4189 495
internal_count=8064 7344 3155 720 4189 495
is_linear=0
shrinkage=0.05


Tree=33
num_leaves=7
num_cat=0
split_feature=4 4 1 3 4 3
split_gain=8.22984e+06 1.08566e+07 8.46867e+06 2.67216e+06 1.74786e+06 714136
threshold=-67.286520833333256 -74.844895833333325 -333.00104999999979 -65.72000000000024 -19.234415972221992 -171.13175000000044
decision_type=2 2 2 2 2 2
left_child=1 2 -1 5 -5 -2
right_child=3 -3 -4 4 -6 -7
leaf_value=-6.1988070211534634 -4.4540650650710614 -16.156732802884331 1.2173308563085499 2.2341578266207138 0.44233445523650333 -1.0049802518794484
leaf_weight=657 200 144 927 2405 3135 596
leaf_count=657 200 144 927 2405 3135 596
internal_value=-0.00304451 -3.06065 -1.86065 0.831198 1.22046 -1.87609
internal_weight=8064 1728 1584 6336 5540 796
internal_count=8064 1728 1584 6336 5540 796
is_linear=0
shrinkage=0.05


Tree=34
num_leaves=7
num_cat=0
split_feature=4 1 10 11 8 12
split_gain=7.63106e+06 4.32111e+06 4.04219e+06 3.56867e+06 2.63375e+06 2.08181e+06
threshold=-529.59355381944385 -49.594899999999591 1.0000000180025095e-35 0.65918890865110003 1.0000000180025095e-35 -0.77969889170510653
decision_type=2 2 2 2 2 2
left_child=3 2 -2 5 -3 -1
right_child=1 4 -4 -5 -6 -7
leaf_value=-2.1708342795931879 -1.9370979809041549 2.3643333526869466 1.8388834081523457 0.86152325780416028 -0.60117402606927017 -9.0876880832719351
leaf_weight=155 2404 2931 1004 195 1005 370
leaf_count=155 2404 2931 1004 195 1005 370
internal_value=-0.00304059 0.478802 -0.824477 -4.91168 1.60717 -7.05358
internal_weight=8064 7344 3408 720 3936 525
internal_count=8064 7344 3408 720 3936 525
is_linear=0
shrinkage=0.05


Tree=35
num_leaves=7
num_cat=0
split_feature=4 4 2 3 4 0
split_gain=6.92828e+06 9.9951e+06 7.37926e+06 2.40394e+06 2.26534e+06 1.04824e+06
threshold=-67.286520833333256 -74.844895833333325 -344.69125000000048 7.781374999999799 -19.234415972221992 7049.0500000000011
decision_type=2 2 2 2 2 2
left_child=1 2 -1 5 -5 -2
right_child=3 -3 -4 4 -6 -7
leaf_value=-5.0283239966281634 -0.48040441627639718 -15.373974156914088 1.7937271964859827 2.6524544853378216 0.42331070314426794 -4.7561895578443636
leaf_weight=801 1459 144 783 1924 2795 158
leaf_count=801 1459 144 783 1924 2795 158
internal_value=-0.00294271 -2.80836 -1.65706 0.762494 1.33253 -0.90088
internal_weight=8064 1728 1584 6336 4719 1617
internal_count=8064 1728 1584 6336 4719 1617
is_linear=0
shrinkage=0.05


Tree=36
num_leaves=7
num_cat=0
split_feature=3 4 11 4 11 1
split_gain=6.50306e+06 8.35266e+06 3.73137e+06 2.75905e+06 2.49198e+06 1.55242e+06
threshold=189.31374999999983 -336.46675763888783 0.55543802234893513 -19.234415972221992 1.0000000180025095e-35 124.4961999999996
decision_type=2 2 2 2 2 2
left_child=1 2 -1 5 -3 -2
right_child=3 4 -4 -5 -6 -7
leaf_value=-8.4305555289130538 2.4904802386766067 -1.5290195658222281 -0.85345284595411008 0.70189268650485914 0.80473028063491925 6.4278929585237385
leaf_weight=495 667 2039 242 1616 2603 402
leaf_count=495 667 2039 242 1616 2603 402
internal_value=-0.00292433 -1.00606 -5.94708 2.00634 -0.220479 3.97578
internal_weight=8064 5379 737 2685 4642 1069
internal_count=8064 5379 737 2685 4642 1069
is_linear=0
shrinkage=0.05


Tree=37
num_leaves=7
num_cat=0
split_feature=3 4 11 3 12 3
split_gain=5.95138e+06 6.65676e+06 2.91743e+06 3.77646e+06 1.74878e+06 1.17634e+06
threshold=14.562500000000002 -336.46675763888783 0.21643961393810304 621.88970000000052 0.065387565056496968 -171.13175000000044
decision_type=2 2 2 2 2 2
left_child=1 4 3 -2 -1 -3
right_child=2 5 -4 -5 -6 -7
leaf_value=-5.2815258626522414 -0.53820946879936782 -4.3314652599832595 2.2041871298639633 6.0317777662074317 -12.551304439267804 -0.58212017482436662
leaf_weight=183 3157 237 2366 234 154 1733
leaf_count=183 3157 237 2366 234 154 1733
internal_value=-0.00278051 -2.14798 0.857088 -0.0831951 -8.63093 -1.03515
internal_weight=8064 2307 5757 3391 337 1970
internal_count=8064 2307 5757 3391 337 1970
is_linear=0
shrinkage=0.05


Tree=38
num_leaves=7
num_cat=0
split_feature=3 4 11 4 11 1
split_gain=5.59693e+06 7.05176e+06 3.27848e+06 2.49033e+06 2.10149e+06 1.40775e+06
threshold=189.31374999999983 -336.46675763888783 0.55543802234893513 -19.234415972221992 1.0000000180025095e-35 124.4961999999996
decision_type=2 2 2 2 2 2
left_child=1 2 -1 5 -3 -2
right_child=3 4 -4 -5 -6 -7
leaf_value=-7.801196625594411 2.3180995626453154 -1.4131935976482197 -0.69928297721800003 0.62203198016592953 0.72992501978557878 6.067338231298379
leaf_weight=495 667 2039 242 1616 2603 402
leaf_count=495 667 2039 242 1616 2603 402
internal_value=-0.00273477 -0.933366 -5.47333 1.8613 -0.211542 3.73236
internal_weight=8064 5379 737 2685 4642 1069
internal_count=8064 5379 737 2685 4642 1069
is_linear=0
shrinkage=0.05


Tree=39
num_leaves=7
num_cat=0
split_feature=3 4 11 3 3 3
split_gain=5.22283e+06 4.70214e+06 2.92347e+06 3.58222e+06 1.28249e+06 787835
threshold=-44.833912499999762 -336.46675763888783 0.21643961393810304 621.88970000000052 227.20067500000007 -171.13175000000044
decision_type=2 2 2 2 2 2
left_child=1 -1 3 -2 -4 -3
right_child=2 5 4 -5 -6 -7
leaf_value=-9.5125466852296494 -0.70896617253386696 -4.0954152835893032 1.244435529552367 5.6610356247425084 3.8589841009606847 -0.86422967752146596
leaf_weight=219 3628 237 2239 234 593 914
leaf_count=219 3628 237 2239 234 593 914
internal_value=-0.00259913 -2.81418 0.573156 -0.32164 1.79307 -1.53253
internal_weight=8064 1370 6694 3862 2832 1151
internal_count=8064 1370 6694 3862 2832 1151
is_linear=0
shrinkage=0.05


Tree=40
num_leaves=7
num_cat=0
split_feature=4 4 2 3 3 11
split_gain=4.98977e+06 9.57453e+06 5.58035e+06 1.78755e+06 1.14394e+06 424192
threshold=-67.286520833333256 -74.844895833333325 -344.69125000000048 -104.91312500000025 621.88970000000052 0.48087430661751701
decision_type=2 2 2 2 2 2
left_child=1 2 -1 5 -5 -2
right_child=3 -3 -4 4 -6 -7
leaf_value=-4.1884934573654933 -3.338438788132303 -14.681445109268715 1.7439230615387158 0.75538419270471735 4.4393654793841106 -0.34334028619122137
leaf_weight=801 313 144 783 5615 218 190
leaf_count=801 313 144 783 5615 218 190
internal_value=-0.00249656 -2.38331 -1.25674 0.64709 0.893805 -2.21002
internal_weight=8064 1728 1584 6336 5833 503
internal_count=8064 1728 1584 6336 5833 503
is_linear=0
shrinkage=0.05


Tree=41
num_leaves=7
num_cat=0
split_feature=3 4 11 4 11 1
split_gain=4.60676e+06 5.73988e+06 2.761e+06 2.36816e+06 1.72951e+06 1.26791e+06
threshold=189.31374999999983 -336.46675763888783 0.55543802234893513 -19.234415972221992 1.0000000180025095e-35 179.51394999999982
decision_type=2 2 2 2 2 2
left_child=1 2 -1 5 -3 -2
right_child=3 4 -4 -5 -6 -7
leaf_value=-7.0789803044209565 2.3369239317263411 -1.2856709397075625 -0.56197837282110141 0.48026538497328314 0.65854453619386433 6.0428542726774843
leaf_weight=495 731 2039 242 1616 2603 338
leaf_count=495 731 2039 242 1616 2603 338
internal_value=-0.00246853 -0.846776 -4.94273 1.68866 -0.195546 3.51323
internal_weight=8064 5379 737 2685 4642 1069
internal_count=8064 5379 737 2685 4642 1069
is_linear=0
shrinkage=0.05


Tree=42
num_leaves=7
num_cat=0
split_feature=3 4 11 3 12 12
split_gain=4.34599e+06 4.61322e+06 2.14428e+06 2.76271e+06 1.5262e+06 898169
threshold=14.562500000000002 -336.46675763888783 0.21643961393810304 621.88970000000052 0.065387565056496968 0.44218343748786643
decision_type=2 2 2 2 2 2
left_child=1 4 3 -2 -1 -4
right_child=2 -3 5 -5 -6 -7
leaf_value=-4.1109387655944927 -0.46284160140460617 -0.90908572665065579 2.5892327040325691 5.1565521537116235 -10.891242236744974 0.53496179056572324
leaf_weight=183 3157 1970 1557 234 154 809
leaf_count=183 3157 1970 1557 234 154 809
internal_value=-0.00234143 -1.83551 0.732456 -0.0736627 -7.23241 1.88734
internal_weight=8064 2307 5757 3391 337 2366
internal_count=8064 2307 5757 3391 337 2366
is_linear=0
shrinkage=0.05


Tree=43
num_leaves=7
num_cat=0
split_feature=3 4 11 4 3 1
split_gain=4.02343e+06 3.55282e+06 2.27002e+06 2.75182e+06 1.08824e+06 695670
threshold=-44.833912499999762 -336.46675763888783 0.21643961393810304 -67.286520833333256 227.20067500000007 -225.02929999999967
decision_type=2 2 2 2 2 2
left_child=1 -1 3 -2 -4 -3
right_child=2 5 4 -5 -6 -7
leaf_value=-8.2924909083951608 -2.9471140910324056 -2.670840453940619 1.0726972541725264 0.38355373117719582 3.4810138143323091 -0.20742252374297712
leaf_weight=219 775 536 2239 3087 593 615
leaf_count=219 775 536 2239 3087 593 615
internal_value=-0.00227454 -2.46999 0.503065 -0.285412 1.57803 -1.35591
internal_weight=8064 1370 6694 3862 2832 1151
internal_count=8064 1370 6694 3862 2832 1151
is_linear=0
shrinkage=0.05


Tree=44
num_leaves=7
num_cat=0
split_feature=3 2 4 11 1 11
split_gain=3.77821e+06 4.59578e+06 2.42365e+06 1.57746e+06 1.3019e+06 774953
threshold=198.46491250000011 -585.5586999999997 -19.234415972221992 0.21643961393810304 124.4961999999996 0.34202014332566882
decision_type=2 2 2 2 2 2
left_child=1 -1 4 -3 -2 -4
right_child=2 3 5 -5 -6 -7
leaf_value=-5.9573522117597113 2.1155268184100398 -1.2384013416835904 -0.26039265527897654 0.51772200038102567 5.8627786558633552 2.3581005046901775
leaf_weight=391 623 2498 1195 2618 370 369
leaf_count=391 623 2498 1195 2618 370 369
internal_value=-0.00221772 -0.739676 1.58571 -0.339818 3.51628 0.35851
internal_weight=8064 5507 2557 5116 993 1564
internal_count=8064 5507 2557 5116 993 1564
is_linear=0
shrinkage=0.05


Tree=45
num_leaves=7
num_cat=0
split_feature=1 10 1 8 1 3
split_gain=3.53439e+06 4.73858e+06 3.64836e+06 3.44491e+06 2.32655e+06 1.49107e+06
threshold=-105.51479999999991 1.0000000180025095e-35 -489.73274999999961 1.0000000180025095e-35 179.51394999999982 78.798812499999727
decision_type=2 2 2 2 2 2
left_child=1 2 -1 4 -2 -3
right_child=3 5 -4 -5 -6 -7
leaf_value=-6.6024359169434961 0.90837891815509142 -0.72160731115034515 -1.5536396276098063 -1.4770985956522436 3.8426722663393704 2.9293449199092443
leaf_weight=444 2577 481 1832 1149 915 666
leaf_count=444 2577 481 1832 1149 915 666
internal_value=-0.00208578 -1.22075 -2.54102 0.896817 1.67812 1.39901
internal_weight=8064 3423 2276 4641 3492 1147
internal_count=8064 3423 2276 4641 3492 1147
is_linear=0
shrinkage=0.05


Tree=46
num_leaves=7
num_cat=0
split_feature=4 4 2 3 4 11
split_gain=3.29401e+06 9.1506e+06 3.93452e+06 1.34011e+06 1.03056e+06 108875
threshold=-67.286520833333256 -74.844895833333325 -344.69125000000048 -143.91074999999998 -19.234415972221992 -0.15208718494349127
decision_type=2 2 2 2 2 2
left_child=1 2 -1 5 -5 -2
right_child=3 -3 -4 4 -6 -7
leaf_value=-3.2971515306304129 -3.7412046890348609 -13.958978742895457 1.6840897978530549 1.4116897549690048 0.098531764133086674 -1.7965054934223492
leaf_weight=801 145 144 783 2704 3338 149
leaf_count=801 145 144 783 2704 3338 149
internal_value=-0.00199807 -1.9364 -0.835324 0.525789 0.686351 -2.76506
internal_weight=8064 1728 1584 6336 6042 294
internal_count=8064 1728 1584 6336 6042 294
is_linear=0
shrinkage=0.05


Tree=47
num_leaves=7
num_cat=0
split_feature=3 2 4 11 1 11
split_gain=3.17954e+06 3.84678e+06 2.10312e+06 1.83423e+06 1.1439e+06 675434
threshold=207.41270000000034 -679.31059999999968 -19.234415972221992 0.21643961393810304 179.51394999999982 0.34202014332566882
decision_type=2 2 2 2 2 2
left_child=1 -1 4 -3 -2 -4
right_child=2 3 5 -5 -6 -7
leaf_value=-6.1727153278613178 2.1938052479159889 -1.2854798874584339 -0.20878055202925944 0.56827378660749739 5.9991205788069761 2.305983312180901
leaf_weight=298 626 2628 1169 2709 289 345
leaf_count=298 626 2628 1169 2709 289 345
internal_value=-0.00201968 -0.653859 1.50982 -0.344606 3.40094 0.365411
internal_weight=8064 5635 2429 5337 915 1514
internal_count=8064 5635 2429 5337 915 1514
is_linear=0
shrinkage=0.05


Tree=48
num_leaves=6
num_cat=0
split_feature=3 4 3 11 3
split_gain=3.05816e+06 2.7632e+06 1.78221e+06 2.30982e+06 562942
threshold=-44.833912499999762 -336.46675763888783 621.88970000000052 0.21643961393810304 -171.13175000000044
decision_type=2 2 2 2 2
left_child=1 -1 3 -2 -3
right_child=2 4 -4 -5 -6
leaf_value=-7.2881702615185224 -0.55731808095051505 -3.3371400968367313 4.5383643847353321 1.3516296158862886 -0.60609513784489022
leaf_weight=219 3628 237 254 2812 914
leaf_count=219 3628 237 254 2812 914
internal_value=-0.0018976 -2.15333 0.438672 0.276297 -1.17085
internal_weight=8064 1370 6694 6440 1151
internal_count=8064 1370 6694 6440 1151
is_linear=0
shrinkage=0.05


Tree=49
num_leaves=7
num_cat=0
split_feature=1 10 1 8 2 1
split_gain=2.84627e+06 3.65835e+06 3.16466e+06 3.09609e+06 2.02584e+06 1.2497e+06
threshold=-76.110850000000013 1.0000000180025095e-35 -369.32699999999971 1.0000000180025095e-35 -52.686600000000446 961.30769999999995
decision_type=2 2 2 2 2 2
left_child=1 2 -1 4 -2 -5
right_child=3 -3 -4 5 -6 -7
leaf_value=-4.9290384017777953 3.3979543394083964 1.3169882934092696 -0.98839003677736881 -4.4593200429806528 0.75420783864381269 -0.48942177920473989
leaf_weight=705 1096 1147 1833 254 2137 892
leaf_count=705 1096 1147 1833 254 2137 892
internal_value=-0.00183929 -1.02569 -2.08452 0.859788 1.65122 -1.37243
internal_weight=8064 3685 2538 4379 3233 1146
internal_count=8064 3685 2538 4379 3233 1146
is_linear=0
shrinkage=0.05


Tree=50
num_leaves=7
num_cat=0
split_feature=3 4 11 4 3 11
split_gain=2.65239e+06 3.11479e+06 1.85175e+06 1.7635e+06 1.1361e+06 1.01468e+06
threshold=189.31374999999983 -336.46675763888783 -0.40265084705289461 -19.234415972221992 297.60138749999993 1.0000000180025095e-35
decision_type=2 2 2 2 2 2
left_child=1 2 -1 4 -2 -3
right_child=3 5 -4 -5 -6 -7
leaf_value=-6.9873609936192693 1.4055880554878653 -0.9976804046150225 -1.7696090180332125 0.23877405563257659 4.6904064545755162 0.49150154908057503
leaf_weight=266 598 2039 471 1616 471 2603
leaf_count=266 598 2039 471 1616 471 2603
internal_value=-0.00178079 -0.642431 -3.65973 1.28143 2.85591 -0.162696
internal_weight=8064 5379 737 2685 1069 4642
internal_count=8064 5379 737 2685 1069 4642
is_linear=0
shrinkage=0.05


Tree=51
num_leaves=7
num_cat=0
split_feature=3 4 3 11 12 1
split_gain=2.4956e+06 3.25375e+06 1.27363e+06 1.45891e+06 1.23925e+06 970327
threshold=72.263087500000225 -336.46675763888783 621.88970000000052 -0.36235178784537908 0.44218343748786643 -225.02929999999967
decision_type=2 2 2 2 2 2
left_child=1 4 3 -2 -1 -3
right_child=2 5 -4 -5 -6 -7
leaf_value=-3.0915469620147764 -0.58424363245863864 -1.6669782237792417 4.1734383778347102 1.2641216453889104 -8.5915439696273506 0.25670671219806174
leaf_weight=308 1754 1012 254 2725 154 1857
leaf_count=308 1754 1012 254 2725 154 1857
internal_value=-0.0017099 -1.05002 0.736137 0.540323 -4.93948 -0.422191
internal_weight=8064 3331 4733 4479 462 2869
internal_count=8064 3331 4733 4479 462 2869
is_linear=0
shrinkage=0.05


Tree=52
num_leaves=7
num_cat=0
split_feature=3 4 11 3 3 1
split_gain=2.32397e+06 2.07546e+06 1.40213e+06 1.79249e+06 680169 477313
threshold=-44.833912499999762 -336.46675763888783 0.48087430661751701 621.88970000000052 227.20067500000007 -203.16315000000006
decision_type=2 2 2 2 2 2
left_child=1 -1 3 -2 -4 -3
right_child=2 5 4 -5 -6 -7
leaf_value=-6.3273468962379482 -0.37142521626526181 -2.0794005243657092 0.98204509567690934 3.9858811151206499 3.2052329630149359 -0.042579278494644809
leaf_weight=219 4222 555 1798 249 425 596
leaf_count=219 4222 555 1798 249 425 596
internal_value=-0.0016755 -1.87716 0.382385 -0.12792 1.40833 -1.02567
internal_weight=8064 1370 6694 4471 2223 1151
internal_count=8064 1370 6694 4471 2223 1151
is_linear=0
shrinkage=0.05


Tree=53
num_leaves=7
num_cat=0
split_feature=4 4 2 3 4 11
split_gain=2.20939e+06 8.67918e+06 2.80535e+06 914916 929639 82759.3
threshold=-67.286520833333256 -74.844895833333325 -319.30124999999992 -143.91074999999998 -19.234415972221992 -0.15208718494349127
decision_type=2 2 2 2 2 2
left_child=1 2 -1 5 -5 -2
right_child=3 -3 -4 4 -6 -7
leaf_value=-2.5001454693231917 -3.1387846632363043 -13.294522808214715 1.7124566252975861 1.2522258917751847 0.0050516526003634016 -1.4455696362853052
leaf_weight=837 145 144 747 2704 3338 149
leaf_count=837 145 144 747 2704 3338 149
internal_value=-0.00159574 -1.58584 -0.513694 0.430652 0.563319 -2.28847
internal_weight=8064 1728 1584 6336 6042 294
internal_count=8064 1728 1584 6336 6042 294
is_linear=0
shrinkage=0.05


Tree=54
num_leaves=7
num_cat=0
split_feature=1 10 8 1 1 1
split_gain=2.13319e+06 3.06379e+06 2.65049e+06 2.30045e+06 1.8275e+06 1.08296e+06
threshold=-76.110850000000013 1.0000000180025095e-35 1.0000000180025095e-35 -369.32699999999971 278.19315000000012 961.30769999999995
decision_type=2 2 2 2 2 2
left_child=1 3 4 -1 -2 -4
right_child=2 -3 5 -5 -6 -7
leaf_value=-4.2822265474975278 1.0226478087495177 1.2558561344751082 -4.1946329687155934 -0.92236240613177789 4.5919777587672517 -0.49897386806684341
leaf_weight=705 2823 1147 254 1833 410 892
leaf_count=705 2823 1147 254 1833 410 892
internal_value=-0.00162388 -0.887993 0.744303 -1.85698 1.47658 -1.32102
internal_weight=8064 3685 4379 2538 3233 1146
internal_count=8064 3685 4379 2538 3233 1146
is_linear=0
shrinkage=0.05


Tree=55
num_leaves=7
num_cat=0
split_feature=3 2 4 11 1 10
split_gain=1.99809e+06 2.30908e+06 1.66103e+06 1.25432e+06 994166 602872
threshold=207.41270000000034 -679.31059999999968 -19.234415972221992 0.21643961393810304 179.51394999999982 1.0000000180025095e-35
decision_type=2 2 2 2 2 2
left_child=1 -1 4 -3 -2 -4
right_child=2 3 5 -5 -6 -7
leaf_value=-4.7941214389127236 1.7529055534414888 -1.0567489659322298 -0.15419963368010364 0.47620895004772834 5.2991836486191595 3.1559149245810669
leaf_weight=298 626 2628 1362 2709 289 152
leaf_count=298 626 2628 1362 2709 289 152
internal_value=-0.00156146 -0.518295 1.19692 -0.278694 2.87755 0.179987
internal_weight=8064 5635 2429 5337 915 1514
internal_count=8064 5635 2429 5337 915 1514
is_linear=0
shrinkage=0.05


Tree=56
num_leaves=7
num_cat=0
split_feature=1 10 8 2 1 1
split_gain=1.87585e+06 2.95257e+06 2.29335e+06 2.00552e+06 1.85581e+06 1.04179e+06
threshold=-105.51479999999991 1.0000000180025095e-35 1.0000000180025095e-35 -52.686600000000446 -581.59420000000011 961.30769999999995
decision_type=2 2 2 2 2 2
left_child=1 4 3 -2 -1 -4
right_child=2 -3 5 -5 -6 -7
leaf_value=-5.443029616860783 2.9170330139912175 1.1786193539852519 -4.0818269172149106 0.40799404395649641 -1.3502979165108642 -0.47355243722842499
leaf_weight=322 1228 1147 257 2264 1954 892
leaf_count=322 1228 1147 257 2264 1954 892
internal_value=-0.00145438 -0.889275 0.653414 1.29091 -1.93146 -1.28347
internal_weight=8064 3423 4641 3492 2276 1149
internal_count=8064 3423 4641 3492 2276 1149
is_linear=0
shrinkage=0.05


Tree=57
num_leaves=7
num_cat=0
split_feature=3 4 11 4 1 2
split_gain=1.7424e+06 2.19142e+06 2.74272e+06 1.89808e+06 1.18904e+06 732870
threshold=227.20067500000007 -67.286520833333256 -1.0000000180025095e-35 -27.773641319445002 -119.5711000000001 8.8969499999998352
decision_type=2 2 2 2 2 2
left_child=1 2 -1 4 -2 -3
right_child=3 5 -4 -5 -6 -7
leaf_value=-4.3925456060707715 0.65132743162021312 0.67446517017245977 -0.0444587378540919 0.27185731935446855 5.1934338701569072 -0.61915531084664088
leaf_weight=697 227 2481 755 1551 395 1958
leaf_count=697 227 2481 755 1551 395 1958
internal_value=-0.00142409 -0.447812 -2.13325 1.20838 3.53949 0.103851
internal_weight=8064 5891 1452 2173 622 4439
internal_count=8064 5891 1452 2173 622 4439
is_linear=0
shrinkage=0.05


Tree=58
num_leaves=7
num_cat=0
split_feature=3 1 10 8 4 11
split_gain=1.69162e+06 1.2975e+06 2.00346e+06 1.69741e+06 727037 235317
threshold=-122.6322 -49.594899999999591 1.0000000180025095e-35 1.0000000180025095e-35 -67.286520833333256 0.48087430661751701
decision_type=2 2 2 2 2 2
left_child=4 2 -2 -3 -1 -6
right_child=1 3 -4 -5 5 -7
leaf_value=-5.6232269130058983 -1.295502931727827 1.4317350313067119 1.2923353871304677 -0.90068791033183193 -2.4956896510816389 0.013028165488272583
leaf_weight=151 2447 2931 1076 1062 247 150
leaf_count=151 2447 2931 1076 1062 247 150
internal_value=-0.00134214 0.194342 -0.504979 0.811321 -2.68068 -1.55016
internal_weight=8064 7516 3523 3993 548 397
internal_count=8064 7516 3523 3993 548 397
is_linear=0
shrinkage=0.05


Tree=59
num_leaves=6
num_cat=0
split_feature=3 4 3 11 2
split_gain=1.53942e+06 1.47826e+06 1.10598e+06 1.46819e+06 506710
threshold=-44.833912499999762 -336.46675763888783 621.88970000000052 0.21643961393810304 36.85224999999992
decision_type=2 2 2 2 2
left_child=1 -1 3 -2 -3
right_child=2 4 -4 -5 -6
leaf_value=-5.2834501678157935 -0.48125020644961336 -0.01930733360135017 3.5408176020781199 1.040679668469326 -2.2013817774306097
leaf_weight=219 3628 735 254 2812 416
leaf_count=219 3628 735 254 2812 416
internal_value=-0.00132201 -1.52775 0.31126 0.183353 -0.80919
internal_weight=8064 1370 6694 6440 1151
internal_count=8064 1370 6694 6440 1151
is_linear=0
shrinkage=0.05


Tree=60
num_leaves=7
num_cat=0
split_feature=1 10 8 1 12 3
split_gain=1.46117e+06 3.36457e+06 1.5707e+06 2.03171e+06 961678 938499
threshold=-203.16315000000006 1.0000000180025095e-35 1.0000000180025095e-35 179.51394999999982 0.49999999999999978 78.798812499999727
decision_type=2 2 2 2 2 2
left_child=1 4 3 -2 -1 -3
right_child=2 5 -4 -5 -6 -7
leaf_value=-1.5303424250484161 0.34006638729128152 -0.61383914049421107 -1.1718677960659867 2.9964833442398295 -4.1455106154475656 2.2826104632426598
leaf_weight=920 3362 481 1150 915 570 666
leaf_count=920 3362 481 1150 915 570 666
internal_value=-0.00127701 -0.966604 0.467871 0.908935 -2.53289 1.06849
internal_weight=8064 2637 5427 4277 1490 1147
internal_count=8064 2637 5427 4277 1490 1147
is_linear=0
shrinkage=0.05


Tree=61
num_leaves=5
num_cat=0
split_feature=0 12 4 1
split_gain=1.39574e+06 1.84435e+06 1.89368e+06 604710
threshold=7153.045000000001 -0.1088409674838548 -67.286520833333256 961.30769999999995
decision_type=2 2 2 2
left_child=1 3 -3 -1
right_child=-2 2 -4 -5
leaf_value=1.2531793386711638 -3.5979701408937972 -2.5777062460594888 -0.025174189890042609 -0.57125468803240165
leaf_weight=2956 260 924 3388 536
leaf_count=2956 260 924 3388 536
internal_value=-0.00122458 0.119051 -0.572616 0.973057
internal_weight=8064 7804 4312 3492
internal_count=8064 7804 4312 3492
is_linear=0
shrinkage=0.05


Tree=62
num_leaves=7
num_cat=0
split_feature=3 4 4 11 1 1
split_gain=1.34367e+06 1.71529e+06 1.65233e+06 2.33016e+06 915243 750850
threshold=227.20067500000007 -19.980156597221818 -67.286520833333256 -1.0000000180025095e-35 124.4961999999996 80.073100000000082
decision_type=2 2 2 2 2 2
left_child=2 4 3 -1 -2 -3
right_child=1 5 -4 -5 -6 -7
leaf_value=-3.9391684658345056 1.6157683116944175 -1.1497551234728047 0.085829439604915014 0.068438160335694359 5.1704969864261567 1.1661441505759615
leaf_weight=697 486 695 4439 755 289 703
leaf_count=697 486 695 4439 755 289 703
internal_value=-0.00119757 1.0612 -0.393197 -1.85671 2.94629 0.014822
internal_weight=8064 2173 5891 1452 775 1398
internal_count=8064 2173 5891 1452 775 1398
is_linear=0
shrinkage=0.05


Tree=63
num_leaves=7
num_cat=0
split_feature=3 12 1 0 1 2
split_gain=1.30051e+06 1.13248e+06 1.38168e+06 863819 560587 349534
threshold=-122.6322 -0.15208718494349094 -49.594899999999591 7153.045000000001 -489.73274999999961 -61.763649999999863
decision_type=2 2 2 2 2 2
left_child=4 3 -3 -2 -1 -6
right_child=1 2 -4 -5 5 -7
leaf_value=-4.620440012232943 1.0344909314649189 -1.3429266474676333 0.49170866617027703 -2.4883767915808637 0.59170854676154361 -2.5287941311094393
leaf_weight=181 3223 1971 2139 183 154 213
leaf_count=181 3223 1971 2139 183 154 213
internal_value=-0.00111898 0.170459 -0.388225 0.844537 -2.3504 -1.22132
internal_weight=8064 7516 4110 3406 548 367
internal_count=8064 7516 4110 3406 548 367
is_linear=0
shrinkage=0.05


Tree=64
num_leaves=5
num_cat=0
split_feature=4 1 10 4
split_gain=1.30554e+06 1.40086e+06 1.73182e+06 1.48358e+06
threshold=-556.88829201388887 -49.594899999999591 1.0000000180025095e-35 -74.844895833333325
decision_type=2 2 2 2
left_child=-1 2 -2 -3
right_child=1 3 -4 -5
leaf_value=-4.7026721082268095 -1.2550059421536623 3.4918870158289397 1.0510952805090303 0.40705688882586549
leaf_weight=144 2793 437 1148 3542
leaf_count=144 2793 437 1148 3542
internal_value=-0.00111798 0.0849477 -0.58315 0.746645
internal_weight=8064 7920 3941 3979
internal_count=8064 7920 3941 3979
is_linear=0
shrinkage=0.05


Tree=65
num_leaves=5
num_cat=0
split_feature=4 1 10 4
split_gain=1.1791e+06 1.29078e+06 1.86668e+06 1.40719e+06
threshold=-556.88829201388887 -105.51479999999991 1.0000000180025095e-35 -74.844895833333325
decision_type=2 2 2 2
left_child=-1 2 -2 -3
right_child=1 3 -4 -5
leaf_value=-4.4691600659797937 -1.4804567693069086 3.0914567572985217 0.99278295187909116 0.31863788470100374
leaf_weight=144 2274 516 1147 3983
leaf_count=144 2274 516 1147 3983
internal_value=-0.00106833 0.0807237 -0.651176 0.637275
internal_weight=8064 7920 3421 4499
internal_count=8064 7920 3421 4499
is_linear=0
shrinkage=0.05


Tree=66
num_leaves=7
num_cat=0
split_feature=11 4 9 4 12 3
split_gain=1.13908e+06 1.77777e+06 2.55295e+06 1.25482e+06 788811 992312
threshold=0.34202014332566882 -67.286520833333256 1.0000000180025095e-35 -19.234415972221992 0.19504389580251646 227.20067500000007
decision_type=2 2 2 2 2 2
left_child=1 2 -1 -3 5 -2
right_child=4 3 -4 -5 -6 -7
leaf_value=-3.7107204730975973 1.0232688163553905 1.0067932598484275 1.9601928917304527 -0.80042787884832345 -0.20604306198259176 4.922556290009898
leaf_weight=792 1668 1760 264 2112 1288 180
leaf_count=792 1668 1760 264 2112 1288 180
internal_value=-0.0010245 -0.475044 -2.29248 0.0210841 0.743777 1.40553
internal_weight=8064 4928 1056 3872 3136 1848
internal_count=8064 4928 1056 3872 3136 1848
is_linear=0
shrinkage=0.05


Tree=67
num_leaves=7
num_cat=0
split_feature=3 4 4 11 2 10
split_gain=1.14722e+06 1.66538e+06 1.3791e+06 2.171e+06 777026 650771
threshold=264.89682500000077 -34.947711458333053 -67.286520833333256 -1.0000000180025095e-35 1.0000000180025095e-35 1.0000000180025095e-35
decision_type=2 2 2 2 2 2
left_child=2 -2 3 -1 -4 -3
right_child=1 5 4 -5 -6 -7
leaf_value=-3.6039199927445127 4.2424967451844102 -0.079861334326022215 0.69119624494072929 0.18328617234961897 -0.58982083836323385 2.8622894990551582
leaf_weight=726 343 1225 2559 789 2201 221
leaf_count=726 343 1225 2559 789 2201 221
internal_value=-0.000947267 1.11561 -0.319404 -1.63275 0.0988609 0.371471
internal_weight=8064 1789 6275 1515 4760 1446
internal_count=8064 1789 6275 1515 4760 1446
is_linear=0
shrinkage=0.05


Tree=68
num_leaves=6
num_cat=0
split_feature=3 12 1 0 1
split_gain=1.10185e+06 967438 1.19656e+06 910692 242649
threshold=-143.91074999999998 -0.1088409674838548 -247.6934499999995 7153.045000000001 -369.32699999999971
decision_type=2 2 2 2 2
left_child=4 3 -3 -2 -1
right_child=1 2 -4 -5 -6
leaf_value=-3.8206238082920514 0.9368024483092553 -1.7211308339990703 0.15988445358554249 -2.4202076900698422 -1.3780778259982891
leaf_weight=191 3360 1195 2884 214 220
leaf_count=191 3360 1195 2884 214 220
internal_value=-0.000876928 0.134706 -0.391472 0.735174 -2.5197
internal_weight=8064 7653 4079 3574 411
internal_count=8064 7653 4079 3574 411
is_linear=0
shrinkage=0.05


Tree=69
num_leaves=5
num_cat=0
split_feature=3 11 4 12
split_gain=1.04923e+06 1.30229e+06 1.61836e+06 1.02936e+06
threshold=621.88970000000052 0.065387565056497135 -67.286520833333256 0.25881904510252068
decision_type=2 2 2 2
left_child=1 2 -1 -3
right_child=-2 3 -4 -5
leaf_value=-2.6447665602165964 3.155281258015072 1.2446445707265008 -0.20438905727997259 -0.41913285782435283
leaf_weight=868 254 2240 3114 1588
leaf_count=868 254 2240 3114 1588
internal_value=-0.000884186 -0.103921 -0.736875 0.554517
internal_weight=8064 7810 3982 3828
internal_count=8064 7810 3982 3828
is_linear=0
shrinkage=0.05


Tree=70
num_leaves=7
num_cat=0
split_feature=3 4 11 4 12 10
split_gain=995374 1.53245e+06 1.12812e+06 1.83465e+06 925096 605738
threshold=264.89682500000077 -34.947711458333053 -0.32136297141497078 -67.286520833333256 0.19504389580251646 1.0000000180025095e-35
decision_type=2 2 2 2 2 2
left_child=2 -2 3 -1 -4 -3
right_child=1 5 4 -5 -6 -7
leaf_value=-3.6201339860432329 4.0386912637097803 -0.11000117321906906 0.81265457874176217 -0.34488280525937776 -0.72348594314181791 2.7285059004619314
leaf_weight=580 343 1225 2437 1620 1638 221
leaf_count=580 343 1225 2437 1620 1638 221
internal_value=-0.000832958 1.0392 -0.297466 -1.20961 0.195157 0.325409
internal_weight=8064 1789 6275 2200 4075 1446
internal_count=8064 1789 6275 2200 4075 1446
is_linear=0
shrinkage=0.05


Tree=71
num_leaves=5
num_cat=0
split_feature=3 3 11 1
split_gain=966464 842769 1.02559e+06 209893
threshold=-143.91074999999998 621.88970000000052 0.15208718494349097 -369.32699999999971
decision_type=2 2 2 2
left_child=3 2 -2 -1
right_child=1 -3 -4 -5
leaf_value=-3.5697668611692883 -0.51793067137167614 2.9523663900675725 0.66244823237786798 -1.2978959981411089
leaf_weight=191 3972 254 3427 220
leaf_count=191 3972 254 3427 220
internal_value=-0.000774066 0.126207 0.0288019 -2.35978
internal_weight=8064 7653 7399 411
internal_count=8064 7653 7399 411
is_linear=0
shrinkage=0.05


Tree=72
num_leaves=5
num_cat=0
split_feature=4 1 8 10
split_gain=938251 978429 1.14564e+06 1.065e+06
threshold=-556.88829201388887 -1.0000000180025095e-35 1.0000000180025095e-35 1.0000000180025095e-35
decision_type=2 2 2 2
left_child=-1 3 -3 -2
right_child=1 2 -4 -5
leaf_value=-3.9864620039483598 -0.87162521143956606 1.286497021506299 -0.71744665312386358 0.89375841727498107
leaf_weight=144 3314 2451 1005 1150
leaf_count=144 3314 2451 1005 1150
internal_value=-0.000746344 0.0722153 0.703714 -0.416735
internal_weight=8064 7920 3456 4464
internal_count=8064 7920 3456 4464
is_linear=0
shrinkage=0.05


Tree=73
num_leaves=5
num_cat=0
split_feature=0 12 4 2
split_gain=915001 1.18801e+06 1.15399e+06 697988
threshold=7153.045000000001 -0.15208718494349094 -67.286520833333256 1.0000000180025095e-35
decision_type=2 2 2 2
left_child=1 3 -3 -1
right_child=-2 2 -4 -5
leaf_value=1.3897611389024109 -2.9129078078658193 -1.9960714071293777 -0.023013000070009271 -0.068941712863203414
leaf_weight=2022 260 942 3461 1379
leaf_count=2022 260 942 3461 1379
internal_value=-0.000730076 0.0966535 -0.445496 0.798456
internal_weight=8064 7804 4403 3401
internal_count=8064 7804 4403 3401
is_linear=0
shrinkage=0.05


Tree=74
num_leaves=5
num_cat=0
split_feature=3 3 11 11
split_gain=836968 746603 912414 191662
threshold=-143.91074999999998 621.88970000000052 0.40265084705289472 0.48087430661751701
decision_type=2 2 2 2
left_child=3 2 -2 -1
right_child=1 -3 -4 -5
leaf_value=-2.9869329264860101 -0.40781406653934682 2.7774865888497411 0.73660493012857808 -0.71899468833002556
leaf_weight=267 4596 254 2803 144
leaf_count=267 4596 254 2803 144
internal_value=-0.00071596 0.117452 0.0257728 -2.196
internal_weight=8064 7653 7399 411
internal_count=8064 7653 7399 411
is_linear=0
shrinkage=0.05


Tree=75
num_leaves=5
num_cat=0
split_feature=4 1 10 2
split_gain=833640 878125 1.97836e+06 1.6616e+06
threshold=-556.88829201388887 -203.16315000000006 1.0000000180025095e-35 1.0000000180025095e-35
decision_type=2 2 2 2
left_child=-1 2 -2 -3
right_child=1 3 -4 -5
leaf_value=-3.7576393574681775 -1.8796891668224753 1.2985861829505243 0.88266328251450121 -0.47513382107703372
leaf_weight=144 1488 2726 1147 2559
leaf_count=144 1488 2726 1147 2559
internal_value=-0.00068388 0.0680902 -0.677375 0.439823
internal_weight=8064 7920 2635 5285
internal_count=8064 7920 2635 5285
is_linear=0
shrinkage=0.05


Tree=76
num_leaves=5
num_cat=0
split_feature=0 12 4 2
split_gain=790246 1.06423e+06 988233 608273
threshold=7153.045000000001 -0.15208718494349094 -67.286520833333256 -16.942900000000005
decision_type=2 2 2 2
left_child=1 3 -3 -1
right_child=-2 2 -4 -5
leaf_value=1.3481535495669905 -2.70705115299572 -1.8582003607512438 -0.032334015315932496 0.0016560951498313528
leaf_weight=1900 260 942 3461 1501
leaf_count=1900 260 942 3461 1501
internal_value=-0.000674061 0.0898276 -0.423302 0.754064
internal_weight=8064 7804 4403 3401
internal_count=8064 7804 4403 3401
is_linear=0
shrinkage=0.05


Tree=77
num_leaves=7
num_cat=0
split_feature=3 4 11 4 12 10
split_gain=779767 1.43168e+06 807738 1.4759e+06 702476 514478
threshold=264.89682500000077 -34.947711458333053 -0.32136297141497078 -67.286520833333256 0.55543802234893513 1.0000000180025095e-35
decision_type=2 2 2 2 2 2
left_child=2 -2 3 -1 -4 -3
right_child=1 5 4 -5 -6 -7
leaf_value=-3.1970690350216557 3.8190512999350767 -0.1712157592292857 0.57672341942974725 -0.25947952425787613 -0.864448411114212 2.4447060983158178
leaf_weight=580 343 1225 2879 1620 1196 221
leaf_count=580 343 1225 2879 1620 1196 221
internal_value=-0.000660488 0.91987 -0.263208 -1.03504 0.153636 0.230003
internal_weight=8064 1789 6275 2200 4075 1446
internal_count=8064 1789 6275 2200 4075 1446
is_linear=0
shrinkage=0.05


Tree=78
num_leaves=5
num_cat=0
split_feature=4 1 8 10
split_gain=723417 809389 1.2392e+06 759627
threshold=-556.88829201388887 37.116300000000145 1.0000000180025095e-35 1.0000000180025095e-35
decision_type=2 2 2 2
left_child=-1 3 -3 -2
right_child=1 2 -4 -5
leaf_value=-3.500397565940331 -0.68731499506846916 1.3996735309339501 -0.74053694707735873 0.78341355884106234
leaf_weight=144 3701 2064 1005 1150
leaf_count=144 3701 2064 1005 1150
internal_value=-0.000612905 0.0634534 0.69881 -0.338568
internal_weight=8064 7920 3069 4851
internal_count=8064 7920 3069 4851
is_linear=0
shrinkage=0.05


Tree=79
num_leaves=4
num_cat=0
split_feature=3 3 11
split_gain=701213 638920 774715
threshold=-171.13175000000044 621.88970000000052 -0.32136297141497078
decision_type=2 2 2
left_child=-1 2 -2
right_child=1 -3 -4
leaf_value=-2.4819961650588298 -0.64112451622076116 2.548470505207193 0.40215780173111915
leaf_weight=274 2878 254 4658
leaf_count=274 2878 254 4658
internal_value=-0.000599287 0.086987 0.00369586
internal_weight=8064 7790 7536
internal_count=8064 7790 7536
is_linear=0
shrinkage=0.05


Tree=80
num_leaves=5
num_cat=0
split_feature=0 12 1 2
split_gain=664629 919984 927754 584833
threshold=7153.045000000001 -0.15208718494349094 -247.6934499999995 -16.942900000000005
decision_type=2 2 2 2
left_child=1 3 -3 -1
right_child=-2 2 -4 -5
leaf_value=1.2825405056775896 -2.4825406868681599 -1.4763495529862156 0.092191445091009697 -0.037732595537160435
leaf_weight=1900 260 1366 3037 1501
leaf_count=1900 260 1366 3037 1501
internal_value=-0.000570391 0.082427 -0.394662 0.70001
internal_weight=8064 7804 4403 3401
internal_count=8064 7804 4403 3401
is_linear=0
shrinkage=0.05


Tree=81
num_leaves=5
num_cat=0
split_feature=4 1 8 10
split_gain=662223 686707 1.1181e+06 711551
threshold=-556.88829201388887 37.116300000000145 1.0000000180025095e-35 1.0000000180025095e-35
decision_type=2 2 2 2
left_child=-1 3 -3 -2
right_child=1 2 -4 -5
leaf_value=-3.3490477474804585 -0.64709739823343149 1.3117055690070258 -0.72122977907782349 0.7763252703600817
leaf_weight=144 3701 2064 1005 1150
leaf_count=144 3701 2064 1005 1150
internal_value=-0.000558123 0.0607386 0.645966 -0.309564
internal_weight=8064 7920 3069 4851
internal_count=8064 7920 3069 4851
is_linear=0
shrinkage=0.05


Tree=82
num_leaves=7
num_cat=0
split_feature=3 4 4 12 2 1
split_gain=630277 1.28214e+06 672903 1.52836e+06 647284 460215
threshold=264.89682500000077 -34.947711458333053 -67.286520833333256 0.44218343748786643 8.8969499999998352 124.4961999999996
decision_type=2 2 2 2 2 2
left_child=2 5 3 -1 -4 -2
right_child=1 -3 4 -5 -6 -7
leaf_value=-0.016918631989958282 1.8822648915204596 0.1742436355853913 0.57509409193856287 -3.3705834521509797 -0.59852371512747859 5.5696405556788493
leaf_weight=1002 187 1446 2653 513 2107 156
leaf_count=1002 187 1446 2653 513 2107 156
internal_value=-0.000546515 0.827056 -0.23659 -1.15399 0.055579 3.57064
internal_weight=8064 1789 6275 1515 4760 343
internal_count=8064 1789 6275 1515 4760 343
is_linear=0
shrinkage=0.05


Tree=83
num_leaves=7
num_cat=0
split_feature=11 3 4 3 13 2
split_gain=611977 760358 822996 524756 542618 269356
threshold=0.51864980417341211 621.88970000000052 -67.286520833333256 227.20067500000007 0.88616659541054477 147.93290000000027
decision_type=2 2 2 2 2 2
left_child=1 2 -1 5 -5 -2
right_child=3 -3 -4 4 -6 -7
leaf_value=-1.6279428678568852 0.57411774318357933 2.3784934243482967 -0.10146499513664531 3.9259573067671489 0.24340040384904371 -0.88297406563404024
leaf_weight=1128 1846 251 4053 223 181 382
leaf_count=1128 1846 251 4053 223 181 382
internal_value=-0.00049306 -0.303682 -0.434058 0.625116 2.28077 0.324009
internal_weight=8064 5432 5181 2632 404 2228
internal_count=8064 5432 5181 2632 404 2228
is_linear=0
shrinkage=0.05


Tree=84
num_leaves=5
num_cat=0
split_feature=3 12 1 0
split_gain=591212 540262 738941 571707
threshold=-171.13175000000044 -0.1088409674838548 -247.6934499999995 7153.045000000001
decision_type=2 2 2 2
left_child=-1 3 -3 -2
right_child=1 2 -4 -5
leaf_value=-2.2789080823402514 0.68767867752180356 -1.3313147843676552 0.12554842016747539 -1.8881450818543852
leaf_weight=274 3407 1240 2914 229
leaf_count=274 3407 1240 2914 229
internal_value=-0.000440442 0.079983 -0.309552 0.524975
internal_weight=8064 7790 4154 3636
internal_count=8064 7790 4154 3636
is_linear=0
shrinkage=0.05


Tree=85
num_leaves=7
num_cat=0
split_feature=8 1 2 2 1 11
split_gain=578496 1.8715e+06 816308 767813 650131 433538
threshold=1.0000000180025095e-35 179.51394999999982 36.85224999999992 -8.6719000000000488 961.30769999999995 -0.90630778703664994
decision_type=2 2 2 2 2 2
left_child=1 2 -1 -3 -2 -6
right_child=4 3 -4 -5 5 -7
leaf_value=0.22139990433649712 -3.2323030306425986 4.7151391624656185 -1.0674495322376991 1.4148342245228172 -2.798510275194722 0.11016774184457423
leaf_weight=4274 260 238 1723 677 154 738
leaf_count=4274 260 238 1723 677 154 738
internal_value=-0.00044746 0.172483 -0.149016 2.27748 -1.03728 -0.394575
internal_weight=8064 6912 5997 915 1152 892
internal_count=8064 6912 5997 915 1152 892
is_linear=0
shrinkage=0.05


Tree=86
num_leaves=7
num_cat=0
split_feature=11 3 4 3 12 2
split_gain=546566 669060 741593 458224 474987 239098
threshold=0.51864980417341211 621.88970000000052 -67.286520833333256 227.20067500000007 0.19504389580251646 147.93290000000027
decision_type=2 2 2 2 2 2
left_child=1 2 -1 5 -5 -2
right_child=3 -3 -4 4 -6 -7
leaf_value=-1.5425588507611103 0.54506718695776879 2.2290433845349722 -0.093539793411298269 4.3830496726620121 0.82799525780436589 -0.82774993602196167
leaf_weight=1128 1846 251 4053 148 256 382
leaf_count=1128 1846 251 4053 148 256 382
internal_value=-0.000429049 -0.286958 -0.409255 0.590801 2.13795 0.309426
internal_weight=8064 5432 5181 2632 404 2228
internal_count=8064 5432 5181 2632 404 2228
is_linear=0
shrinkage=0.05


Tree=87
num_leaves=4
num_cat=0
split_feature=4 0 12
split_gain=527185 553168 700937
threshold=-556.88829201388887 7153.045000000001 -0.1088409674838548
decision_type=2 2 2
left_child=-1 2 -2
right_child=1 -3 -4
leaf_value=-2.9880151931376293 0.66318359203640453 -2.2093125767320738 -0.29867454227139228
leaf_weight=144 3425 260 4235
leaf_count=144 3425 260 4235
internal_value=-0.000373361 0.0543178 0.13143
internal_weight=8064 7920 7660
internal_count=8064 7920 7660
is_linear=0
shrinkage=0.05


Tree=88
num_leaves=5
num_cat=0
split_feature=3 12 1 0
split_gain=514320 434945 653548 445103
threshold=-171.13175000000044 -0.1088409674838548 -247.6934499999995 7153.045000000001
decision_type=2 2 2 2
left_child=-1 3 -3 -2
right_child=1 2 -4 -5
leaf_value=-2.1255269417220894 0.61745717077868001 -1.2357991668699635 0.13429844232113139 -1.6553459896244433
leaf_weight=274 3407 1240 2914 229
leaf_count=274 3407 1240 2914 229
internal_value=-0.000384657 0.0746268 -0.274885 0.473897
internal_weight=8064 7790 4154 3636
internal_count=8064 7790 4154 3636
is_linear=0
shrinkage=0.05


Tree=89
num_leaves=7
num_cat=0
split_feature=8 1 2 1 2 11
split_gain=527730 1.6421e+06 826148 555739 425884 382841
threshold=1.0000000180025095e-35 221.06139999999985 36.85224999999992 961.30769999999995 -8.6719000000000488 -0.90630778703664994
decision_type=2 2 2 2 2 2
left_child=1 2 -1 -2 -3 -5
right_child=3 4 -4 5 -6 -7
leaf_value=0.289880498276882 -3.0201339192545738 4.7584795574531142 -0.96422094782327139 -2.655432508799338 1.8033957175165416 0.077920507335170849
leaf_weight=4371 260 161 1876 154 504 738
leaf_count=4371 260 161 1876 154 504 738
internal_value=-0.000391865 0.164777 -0.0868254 -0.990688 2.52491 -0.396426
internal_weight=8064 6912 6247 1152 665 892
internal_count=8064 6912 6247 1152 665 892
is_linear=0
shrinkage=0.05


Tree=90
num_leaves=7
num_cat=0
split_feature=11 3 9 3 13 2
split_gain=481860 591152 667410 405936 424035 212039
threshold=0.51864980417341211 621.88970000000052 1.0000000180025095e-35 227.20067500000007 0.88616659541054477 147.93290000000027
decision_type=2 2 2 2 2 2
left_child=1 2 -1 5 -5 -2
right_child=3 -3 -4 4 -6 -7
leaf_value=-0.61566904110383014 0.51183357173460975 2.0955775779391095 1.0071376714437033 3.4653076795195896 0.2099498224127424 -0.78096945840602761
leaf_weight=4443 1846 251 738 223 181 382
leaf_count=4443 1846 251 738 223 181 382
internal_value=-0.00037047 -0.269404 -0.384361 0.554761 2.01096 0.289926
internal_weight=8064 5432 5181 2632 404 2228
internal_count=8064 5432 5181 2632 404 2228
is_linear=0
shrinkage=0.05


Tree=91
num_leaves=7
num_cat=0
split_feature=8 1 2 2 1 4
split_gain=468702 1.48664e+06 657776 634623 503256 353656
threshold=1.0000000180025095e-35 179.51394999999982 36.85224999999992 -8.6719000000000488 961.30769999999995 -13.841420138889132
decision_type=2 2 2 2 2 2
left_child=1 2 -1 -3 -2 -6
right_child=4 3 -4 -5 5 -7
leaf_value=0.20130710889769401 -2.8648224192675045 4.2475587066247371 -0.95564137420286444 1.2472750332019675 0.42818465569150566 -1.6105071770470258
leaf_weight=4274 260 238 1723 677 544 348
leaf_count=4274 260 238 1723 677 544 348
internal_value=-0.000315419 0.155342 -0.1312 2.03146 -0.933586 -0.368092
internal_weight=8064 6912 5997 915 1152 892
internal_count=8064 6912 5997 915 1152 892
is_linear=0
shrinkage=0.05


Tree=92
num_leaves=5
num_cat=0
split_feature=3 12 1 11
split_gain=447543 382634 586501 397154
threshold=-171.13175000000044 -0.1088409674838548 -247.6934499999995 -0.48087430661751701
decision_type=2 2 2 2
left_child=-1 3 -3 -2
right_child=1 2 -4 -5
leaf_value=-1.9826828743869609 -0.30066343687971436 -1.1684344022073254 0.12948225558685908 0.81059814757431414
leaf_weight=274 1199 1240 2914 2437
leaf_count=274 1199 1240 2914 2437
internal_value=-0.000295344 0.0696773 -0.258144 0.444169
internal_weight=8064 7790 4154 3636
internal_count=8064 7790 4154 3636
is_linear=0
shrinkage=0.05


Tree=93
num_leaves=4
num_cat=0
split_feature=4 0 12
split_gain=437615 431508 515703
threshold=-556.88829201388887 7153.045000000001 -0.15208718494349094
decision_type=2 2 2
left_child=-1 2 -2
right_child=1 -3 -4
leaf_value=-2.7223266538463791 0.58462265638455535 -1.9497361206917014 -0.24269496693612869
leaf_weight=144 3336 260 4324
leaf_count=144 3336 260 4324
internal_value=-0.000296146 0.0495328 0.117639
internal_weight=8064 7920 7660
internal_count=8064 7920 7660
is_linear=0
shrinkage=0.05


Tree=94
num_leaves=7
num_cat=0
split_feature=3 4 4 4 2 10
split_gain=428586 1.34616e+06 528065 1.58335e+06 539638 446412
threshold=280.1687500000001 -34.947711458333053 -67.286520833333256 -81.376071180554831 -98.594849999999937 1.0000000180025095e-35
decision_type=2 2 2 2 2 2
left_child=2 -2 3 -1 -4 -3
right_child=1 5 4 -5 -6 -7
leaf_value=-0.24919129727007469 3.7409831922117665 -0.3370522126787468 0.79687217375972086 -4.4550138244514956 -0.31155181195411952 2.1842339058429148
leaf_weight=1263 300 1155 1671 271 3198 206
leaf_count=1263 300 1155 1671 271 3198 206
internal_value=-0.000308187 0.715126 -0.185982 -0.99462 0.0689355 0.0458914
internal_weight=8064 1661 6403 1534 4869 1361
internal_count=8064 1661 6403 1534 4869 1361
is_linear=0
shrinkage=0.05


Tree=95
num_leaves=7
num_cat=0
split_feature=11 4 4 4 3 13
split_gain=428885 564522 2.31553e+06 1.03368e+06 399450 185356
threshold=0.59116893267988335 -67.286520833333256 -81.376071180554831 -19.234415972221992 227.20067500000007 0.53678821817552336
decision_type=2 2 2 2 2 2
left_child=1 2 -1 -3 -2 -6
right_child=4 3 -4 -5 5 -7
leaf_value=-0.2146434287156479 0.29016242843763335 0.85785718994387483 -6.0670528227472538 -0.67325859364375629 3.4130242730890004 1.1017082666235019
leaf_weight=1010 2053 2020 202 2424 153 202
leaf_count=1010 2053 2020 202 2424 153 202
internal_value=-0.000284289 -0.238207 -1.19424 0.0227395 0.558425 2.10464
internal_weight=8064 5656 1212 4444 2408 355
internal_count=8064 5656 1212 4444 2408 355
is_linear=0
shrinkage=0.05


Tree=96
num_leaves=7
num_cat=0
split_feature=8 1 2 1 3 11
split_gain=430470 1.33885e+06 683864 432816 343726 333016
threshold=1.0000000180025095e-35 278.19315000000012 36.85224999999992 961.30769999999995 297.60138749999993 0.065387565056497135
decision_type=2 2 2 2 2 2
left_child=1 2 -1 -2 -3 -5
right_child=3 4 -4 5 -6 -7
leaf_value=0.31956147670084434 -2.6856806657979999 1.6373580744466047 -0.78663525452661354 -1.2168273406831716 4.5652436504816878 0.72981647747954248
leaf_weight=4471 260 232 2031 504 178 388
leaf_count=4471 260 232 2031 504 178 388
internal_value=-0.000278081 0.148896 -0.026044 -0.894676 2.9165 -0.370212
internal_weight=8064 6912 6502 1152 410 892
internal_count=8064 6912 6502 1152 410 892
is_linear=0
shrinkage=0.05


Tree=97
num_leaves=7
num_cat=0
split_feature=3 1 6 4 11 2
split_gain=397769 397821 362629 655036 393746 309479
threshold=-122.6322 -489.73274999999961 1.0000000180025095e-35 1.0000000180025095e-35 -0.51864980417341167 -61.763649999999863
decision_type=2 2 2 2 2 2
left_child=1 -1 3 -2 -4 -3
right_child=2 5 4 -5 -6 -7
leaf_value=-3.2109003122691271 0.4876519952779827 1.3518587671556781 -2.1172563481834574 -0.77792210678259543 -0.085660883892777873 -1.5821425838448178
leaf_weight=181 5161 154 354 1274 727 213
leaf_count=181 5161 154 354 1274 727 213
internal_value=-0.000248292 -1.2995 0.0946417 0.237012 -0.752299 -0.350653
internal_weight=8064 548 7516 6435 1081 367
internal_count=8064 548 7516 6435 1081 367
is_linear=0
shrinkage=0.05


Tree=98
num_leaves=7
num_cat=0
split_feature=8 1 2 0 1 11
split_gain=401702 1.25707e+06 797139 661855 389537 316989
threshold=1.0000000180025095e-35 159.03999999999999 77.457100000000324 3592.5197000000003 961.30769999999995 -0.90630778703664994
decision_type=2 2 2 2 2 2
left_child=1 3 -3 -1 -2 -6
right_child=4 2 -4 -5 5 -7
leaf_value=1.2050551208063451 -2.563380140911117 3.314843936023804 0.52644710417564944 -0.34977920658137124 -2.422252183270551 0.064939684180873022
leaf_weight=790 260 454 588 5080 154 738
leaf_count=790 260 454 588 5080 154 738
internal_value=-0.000272671 0.143831 1.74337 -0.140356 -0.864268 -0.366695
internal_weight=8064 6912 1042 5870 1152 892
internal_count=8064 6912 1042 5870 1152 892
is_linear=0
shrinkage=0.05


Tree=99
num_leaves=7
num_cat=0
split_feature=10 1 2 7 3 0
split_gain=382725 1.37039e+06 822572 777584 549278 310373
threshold=1.0000000180025095e-35 -247.6934499999995 46.14420000000019 1.0000000180025095e-35 78.798812499999727 5158.6821000000009
decision_type=2 2 2 2 2 2
left_child=1 3 -3 -1 -2 -6
right_child=4 2 -4 -5 5 -7
leaf_value=-0.96569616416319892 -0.44371626806863845 0.64963116103803609 -0.59458186678053193 -3.9543824957558629 0.70780362578337652 2.8615683926958031
leaf_weight=947 482 3568 2115 282 341 329
leaf_count=947 482 3568 2115 282 341 329
internal_value=-0.000260431 -0.140919 0.186558 -1.65412 0.84308 1.76809
internal_weight=8064 6912 5683 1229 1152 670
internal_count=8064 6912 5683 1229 1152 670
is_linear=0
shrinkage=0.05


end of trees

feature_importances:
Column_3=138
Column_4=122
Column_1=106
Column_11=65
Column_2=43
Column_12=26
Column_10=21
Column_8=15
Column_0=13
Column_13=3
Column_9=2
Column_6=1
Column_7=1

parameters:
[boosting: gbdt]
[objective: regression]
[metric: l2]
[tree_learner: serial]
[device_type: cpu]
[data_sample_strategy: bagging]
[data: ]
[valid: ]
[num_iterations: 100]
[learning_rate: 0.05]
[num_leaves: 7]
[num_threads: 1]
[seed: 20250911]
[deterministic: 1]
[force_col_wise: 1]
[force_row_wise: 0]
[histogram_pool_size: -1]
[max_depth: 3]
[min_data_in_leaf: 144]
[min_sum_hessian_in_leaf: 0.001]
[bagging_fraction: 1]
[pos_bagging_fraction: 1]
[neg_bagging_fraction: 1]
[bagging_freq: 0]
[bagging_seed: 20250911]
[bagging_by_query: 0]
[feature_fraction: 1]
[feature_fraction_bynode: 1]
[feature_fraction_seed: 20250911]
[extra_trees: 0]
[extra_seed: 26685]
[early_stopping_round: 0]
[early_stopping_min_delta: 0]
[first_metric_only: 0]
[max_delta_step: 0]
[lambda_l1: 0]
[lambda_l2: 1]
[linear_lambda: 0]
[min_gain_to_split: 0]
[drop_rate: 0.1]
[max_drop: 50]
[skip_drop: 0.5]
[xgboost_dart_mode: 0]
[uniform_drop: 0]
[drop_seed: 2504]
[top_rate: 0.2]
[other_rate: 0.1]
[min_data_per_group: 100]
[max_cat_threshold: 32]
[cat_l2: 10]
[cat_smooth: 10]
[max_cat_to_onehot: 4]
[top_k: 20]
[monotone_constraints: ]
[monotone_constraints_method: basic]
[monotone_penalty: 0]
[feature_contri: ]
[forcedsplits_filename: ]
[refit_decay_rate: 0.9]
[cegb_tradeoff: 1]
[cegb_penalty_split: 0]
[cegb_penalty_feature_lazy: ]
[cegb_penalty_feature_coupled: ]
[path_smooth: 0]
[interaction_constraints: ]
[verbosity: -1]
[saved_feature_importance_type: 0]
[use_quantized_grad: 0]
[num_grad_quant_bins: 4]
[quant_train_renew_leaf: 0]
[stochastic_rounding: 1]
[linear_tree: 0]
[max_bin: 63]
[max_bin_by_feature: ]
[min_data_in_bin: 3]
[bin_construct_sample_cnt: 200000]
[data_random_seed: 20250911]
[is_enable_sparse: 1]
[enable_bundle: 1]
[use_missing: 1]
[zero_as_missing: 0]
[feature_pre_filter: 0]
[pre_partition: 0]
[two_round: 0]
[header: 0]
[label_column: ]
[weight_column: ]
[group_column: ]
[ignore_column: ]
[categorical_feature: ]
[forcedbins_filename: ]
[precise_float_parser: 0]
[parser_config_file: ]
[objective_seed: 19683]
[num_class: 1]
[is_unbalance: 0]
[scale_pos_weight: 1]
[sigmoid: 1]
[boost_from_average: 1]
[reg_sqrt: 0]
[alpha: 0.9]
[fair_c: 1]
[poisson_max_delta_step: 0.7]
[tweedie_variance_power: 1.5]
[lambdarank_truncation_level: 30]
[lambdarank_norm: 1]
[label_gain: ]
[lambdarank_position_bias_regularization: 0]
[eval_at: ]
[multi_error_top_k: 1]
[auc_mu_weights: ]
[num_machines: 1]
[local_listen_port: 12400]
[time_out: 120]
[machine_list_filename: ]
[machines: ]
[gpu_platform_id: -1]
[gpu_device_id: -1]
[gpu_device_id_list: ]
[gpu_use_dp: 0]
[num_gpu: 1]

end of parameters

pandas_categorical:null
