tree
version=v4
num_class=1
num_tree_per_iteration=1
label_index=0
max_feature_idx=14
objective=regression
feature_names=Column_0 Column_1 Column_2 Column_3 Column_4 Column_5 Column_6 Column_7 Column_8 Column_9 Column_10 Column_11 Column_12 Column_13 Column_14
feature_infos=[2081.9499999999998:7226.3100000000004] [-4087.7071000000001:3951.0089000000003] [-737.69359999999961:579.5] [-326.30732499999976:561.91769999999997] [-154.36443749999944:36.926277083332025] [0:1] [0:1] [0:1] [0:1] [0:1] [0:1] [-1:1] [-1:1] [-1:1] [-1:1]
tree_sizes=769 764 770 684 770 681 771 677 775 768 774 773 686 771 684 782 773 687 775 773 760 779 768 778 678 775 776 779 778 674 777 774 768 762 761 781 764 771 763 760 777 754 763 777 761 765 749 765 755 756 751 739 752 747 753 761 755 745 670 672 749 744 754 735 757 737 668 748 738 662 675 741 763 664 760 746 663 661 668 669 752 755 656 676 667 738 750 667 588 744 755 744 739 744 589 744 740 663 750 752

Tree=0
num_leaves=7
num_cat=0
split_feature=3 3 1 4 4 3
split_gain=4.22472e+07 6.7865e+06 5.81438e+06 4.1144e+06 3.69114e+06 2.64838e+06
threshold=13.277199999999768 -96.2184625000002 1.0000000180025095e-35 -72.935870486111966 -72.935870486111966 82.800049999999842
decision_type=2 2 2 2 2 2
left_child=1 -1 3 -2 -3 -4
right_child=2 4 5 -5 -6 -7
leaf_value=-25.59996894461586 -22.286074334577755 -25.445385370709626 -15.128487223669904 -15.775572450664409 -19.947257481327707 -11.858811076697876
leaf_weight=924 289 349 1016 1487 2402 1597
leaf_count=924 289 349 1016 1487 2402 1597
internal_value=-17.9398 -21.8942 -14.6285 -16.8368 -20.6472 -13.1286
internal_weight=8064 3675 4389 1776 2751 2613
internal_count=8064 3675 4389 1776 2751 2613
is_linear=0
shrinkage=1


Tree=1
num_leaves=7
num_cat=0
split_feature=3 3 1 0 4 3
split_gain=3.81616e+07 5.81798e+06 5.46639e+06 3.81207e+06 3.59351e+06 2.62915e+06
threshold=8.8575000000000745 -105.32718750000002 8.195650000000116 6560.6866500000006 -72.935870486111966 63.257037500000258
decision_type=2 2 2 2 2 2
left_child=1 -1 4 -3 -2 -4
right_child=2 3 5 -5 -6 -7
leaf_value=-7.6575389361734798 -3.9581222029689886 -2.347161864515201 2.070330749009949 -10.547648664633435 1.959796170070998 5.5640712048122678
leaf_weight=792 304 2604 764 149 1614 1837
leaf_count=792 304 2604 764 149 1614 1837
internal_value=-6.48348e-05 -3.88295 3.04611 -2.79466 1.02024 4.53903
internal_weight=8064 3545 4519 2753 1918 2601
internal_count=8064 3545 4519 2753 1918 2601
is_linear=0
shrinkage=0.05


Tree=2
num_leaves=7
num_cat=0
split_feature=3 3 1 4 4 3
split_gain=3.44813e+07 5.56557e+06 4.73773e+06 3.36825e+06 3.2556e+06 2.20532e+06
threshold=13.277199999999768 -96.2184625000002 1.0000000180025095e-35 -72.935870486111966 -72.935870486111966 82.800049999999842
decision_type=2 2 2 2 2 2
left_child=1 -1 3 -2 -3 -4
right_child=2 4 5 -5 -6 -7
leaf_value=-6.9285626840017533 -3.9324797530626427 -6.949508669851082 2.5204291178091207 1.9581714287750742 -1.7860938579670169 5.5039880126966487
leaf_weight=924 289 349 1016 1487 2402 1597
leaf_count=924 289 349 1016 1487 2402 1597
internal_value=-0.000154103 -3.5727 2.99134 0.99794 -2.44343 4.34531
internal_weight=8064 3675 4389 1776 2751 2613
internal_count=8064 3675 4389 1776 2751 2613
is_linear=0
shrinkage=0.05


Tree=3
num_leaves=6
num_cat=0
split_feature=3 0 2 3 3
split_gain=3.13109e+07 5.49831e+06 4.50563e+06 4.45456e+06 3.94958e+06
threshold=1.0000000180025095e-35 6560.6866500000006 -306.44670000000013 132.15249999999995 -129.26991249999989
decision_type=2 2 2 2 2
left_child=2 3 -1 -2 -4
right_child=1 -3 4 -5 -6
leaf_value=-12.054791476634833 1.9198574046857653 -5.642737148144306 -7.408130821550035 5.3335757458556481 -2.5655998437681693
leaf_weight=155 3227 194 501 1358 2629
leaf_count=155 3227 194 501 1358 2629
internal_value=-0.000205993 2.5827 -3.75744 2.93189 -3.34283
internal_weight=8064 4779 3285 4585 3130
internal_count=8064 4779 3285 4585 3130
is_linear=0
shrinkage=0.05


Tree=4
num_leaves=7
num_cat=0
split_feature=3 1 2 4 3 3
split_gain=2.82614e+07 5.107e+06 4.06998e+06 3.66288e+06 3.6297e+06 2.18127e+06
threshold=1.0000000180025095e-35 8.195650000000116 -306.44670000000013 -72.935870486111966 -56.803075000000256 63.257037500000258
decision_type=2 2 2 2 2 2
left_child=2 3 -1 -2 -4 -3
right_child=1 5 4 -5 -6 -7
leaf_value=-11.455915663334039 -4.2018022033227469 1.8159548475018032 -4.8096825511675858 1.5074815781370861 -1.4006689765630727 4.860241844779706
leaf_weight=155 334 868 1629 1740 1501 1837
leaf_count=155 334 868 1629 1740 1501 1837
internal_value=-0.000322287 2.45358 -3.56991 0.586468 -3.17585 3.8844
internal_weight=8064 4779 3285 2074 3130 2705
internal_count=8064 4779 3285 2074 3130 2705
is_linear=0
shrinkage=0.05


Tree=5
num_leaves=6
num_cat=0
split_feature=3 0 3 0 3
split_gain=2.56326e+07 5.02069e+06 4.11116e+06 3.93324e+06 3.25285e+06
threshold=13.277199999999768 6633.2637000000004 -105.32718750000002 6560.6866500000006 132.15249999999995
decision_type=2 2 2 2 2
left_child=1 2 -1 4 -2
right_child=3 -3 -4 -5 -6
leaf_value=-5.9993451285842285 1.9219688614478934 -12.073511640287485 -1.8160411526486826 -4.8582340491794014 4.8942262809611234
leaf_weight=744 2861 148 2783 170 1358
leaf_count=744 2861 148 2783 170 1358
internal_value=-0.000391017 -3.08061 -2.69994 2.57885 2.8796
internal_weight=8064 3675 3527 4389 4219
internal_count=8064 3675 3527 4389 4219
is_linear=0
shrinkage=0.05


Tree=6
num_leaves=7
num_cat=0
split_feature=3 1 4 1 3 4
split_gain=2.34168e+07 5.24705e+06 3.96914e+06 3.04667e+06 2.80799e+06 2.47393e+06
threshold=-17.495649999999838 -46.515999999999615 -33.236151388889077 -169.97980000000004 63.257037500000258 -72.935870486111966
decision_type=2 2 2 2 2 2
left_child=3 2 -2 5 -3 -1
right_child=1 4 -4 -5 -6 -7
leaf_value=-11.216450397784895 -4.514074651150092 1.3238568014877046 1.0377612129343701 -2.4769304793605489 4.2538278128891074 -4.756306131059171
leaf_weight=181 412 1347 1459 1758 2085 822
leaf_count=181 412 1347 1459 1758 2085 822
internal_value=-0.000482617 1.9436 -0.186529 -3.7338 3.10459 -5.93211
internal_weight=8064 5303 1871 2761 3432 1003
internal_count=8064 5303 1871 2761 3432 1003
is_linear=0
shrinkage=0.05


Tree=7
num_leaves=6
num_cat=0
split_feature=3 0 3 0 3
split_gain=2.11417e+07 4.6461e+06 4.01544e+06 3.25075e+06 2.42139e+06
threshold=22.413712500000205 6633.2637000000004 -56.803075000000256 6560.6866500000006 132.15249999999995
decision_type=2 2 2 2 2
left_child=1 2 -1 4 -2
right_child=3 -3 -4 -5 -6
leaf_value=-4.1493067124517342 1.8897824126116263 -11.109060578346252 -0.858149182623 -4.4251612717022928 4.494076685307598
leaf_weight=1626 2609 154 2155 162 1358
leaf_count=1626 2609 154 2155 162 1358
internal_value=-0.000559829 -2.62271 -2.27422 2.49842 2.7822
internal_weight=8064 3935 3781 4129 3967
internal_count=8064 3935 3781 4129 3967
is_linear=0
shrinkage=0.05


Tree=8
num_leaves=7
num_cat=0
split_feature=3 1 4 1 3 4
split_gain=1.92487e+07 4.58554e+06 3.51965e+06 2.66138e+06 2.31315e+06 2.17845e+06
threshold=-17.495649999999838 -46.515999999999615 -33.236151388889077 -169.97980000000004 63.257037500000258 -72.935870486111966
decision_type=2 2 2 2 2 2
left_child=3 2 -2 5 -3 -1
right_child=1 4 -4 -5 -6 -7
leaf_value=-10.398167080276615 -4.3044572378186281 1.2310513912813423 0.9235807674198272 -2.2107980892667891 3.8903900597969563 -4.3368591496424429
leaf_weight=181 412 1347 1459 1758 2085 822
leaf_count=181 412 1347 1459 1758 2085 822
internal_value=-0.000619629 1.76197 -0.229334 -3.38541 2.84731 -5.43994
internal_weight=8064 5303 1871 2761 3432 1003
internal_count=8064 5303 1871 2761 3432 1003
is_linear=0
shrinkage=0.05


Tree=9
num_leaves=7
num_cat=0
split_feature=3 0 3 4 11 3
split_gain=1.74344e+07 4.02247e+06 3.56579e+06 2.84985e+06 2.98111e+06 1.68978e+06
threshold=22.413712500000205 6633.2637000000004 -129.26991249999989 -33.236151388889077 0.51864980417341211 132.15249999999995
decision_type=2 2 2 2 2 2
left_child=1 2 -1 4 -2 -5
right_child=3 -3 -4 5 -6 -7
leaf_value=-6.014346462896075 1.9166983976235585 -10.278053608959722 -1.4613177980579564 2.059721300149695 -4.7814826873923417 4.4003850645911537
leaf_weight=494 436 154 3287 2251 267 1175
leaf_count=494 436 154 3287 2251 267 1175
internal_value=-0.000682912 -2.38186 -2.05762 2.26865 -0.630455 2.86354
internal_weight=8064 3935 3781 4129 703 3426
internal_count=8064 3935 3781 4129 703 3426
is_linear=0
shrinkage=0.05


Tree=10
num_leaves=7
num_cat=0
split_feature=3 1 4 2 3 3
split_gain=1.59672e+07 3.98651e+06 2.97232e+06 2.39961e+06 1.95523e+06 1.93731e+06
threshold=-17.495649999999838 -46.515999999999615 -72.935870486111966 -275.53725000000026 -143.74553749999993 82.800049999999842
decision_type=2 2 2 2 2 2
left_child=3 2 -2 -1 -5 -3
right_child=1 5 -4 4 -6 -7
leaf_value=-8.841727610063904 -4.5431774298828769 1.410636236105385 0.67258650436695233 -6.0878270426952881 -2.1461142631405719 3.7877395962852298
leaf_weight=169 331 1692 1540 366 2226 1740
leaf_count=169 331 1692 1540 366 2226 1740
internal_value=-0.000736516 1.6046 -0.252072 -3.08353 -2.70483 2.61656
internal_weight=8064 5303 1871 2761 2592 3432
internal_count=8064 5303 1871 2761 2592 3432
is_linear=0
shrinkage=0.05


Tree=11
num_leaves=7
num_cat=0
split_feature=3 0 3 1 4 3
split_gain=1.44125e+07 3.74546e+06 3.14584e+06 2.21157e+06 1.86291e+06 1.09118e+06
threshold=-17.495649999999838 6560.6866500000006 105.14874999999985 -169.97980000000004 -72.935870486111966 -129.26991249999989
decision_type=2 2 2 2 2 2
left_child=3 2 -2 4 -1 -5
right_child=1 -3 -4 5 -6 -7
leaf_value=-9.3866805588969822 0.85761626356106813 -4.9253681403895229 3.442123285754469 -4.9268087535019385 -3.7828446997942935 -1.3522885050209954
leaf_weight=181 3238 215 1850 248 822 1510
leaf_count=181 3238 215 1850 248 822 1510
internal_value=-0.000797346 1.52438 1.79784 -2.92967 -4.80245 -1.85906
internal_weight=8064 5303 5088 2761 1003 1758
internal_count=8064 5303 5088 2761 1003 1758
is_linear=0
shrinkage=0.05


Tree=12
num_leaves=6
num_cat=0
split_feature=3 0 3 0 11
split_gain=1.31783e+07 3.3559e+06 2.7555e+06 2.42365e+06 1.84036e+06
threshold=22.413712500000205 6633.2637000000004 -73.364999999999768 6560.6866500000006 0.77969889170510676
decision_type=2 2 2 2 2
left_child=1 2 -1 4 -2
right_child=3 -3 -4 -5 -6
leaf_value=-3.6970452126124509 2.8497319239428491 -9.2832839686928263 -0.82690609519126612 -4.0057257572931748 0.38371917740634931
leaf_weight=1248 2949 154 2533 162 1018
leaf_count=1248 2949 154 2533 162 1018
internal_value=-0.000881936 -2.07111 -1.77498 1.9721 2.21717
internal_weight=8064 3935 3781 4129 3967
internal_count=8064 3935 3781 4129 3967
is_linear=0
shrinkage=0.05


Tree=13
num_leaves=7
num_cat=0
split_feature=3 4 11 2 3 3
split_gain=1.19056e+07 3.15895e+06 4.48923e+06 2.36838e+06 2.05651e+06 1.85615e+06
threshold=-4.1720624999998099 -72.935870486111966 0.15208718494349097 -275.53725000000026 132.15249999999995 -129.26991249999989
decision_type=2 2 2 2 2 2
left_child=3 2 -2 -1 -3 -5
right_child=1 4 -4 5 -6 -7
leaf_value=-7.811153578193565 2.3547687146917782 1.3211694594736731 -6.1376240216881826 -4.8520587699740947 3.7346325137511713 -1.4907524928346687
leaf_weight=189 318 3046 303 492 1243 2473
leaf_count=189 318 3046 303 492 1243 2473
internal_value=-0.000928222 1.53875 -1.79207 -2.39756 2.02133 -2.04996
internal_weight=8064 4910 621 3154 4289 2965
internal_count=8064 4910 621 3154 4289 2965
is_linear=0
shrinkage=0.05


Tree=14
num_leaves=6
num_cat=0
split_feature=3 0 3 0 11
split_gain=1.08762e+07 3.19393e+06 2.78903e+06 2.11276e+06 1.73975e+06
threshold=40.51742500000001 6633.2637000000004 -56.803075000000256 6500.9886500000011 0.77969889170510676
decision_type=2 2 2 2 2
left_child=1 2 -1 4 -2
right_child=3 -3 -4 -5 -6
leaf_value=-3.0226718780296711 3.021445517992988 -8.482013891682481 -0.39478659772622243 -2.7958564599634901 0.46367025206538354
leaf_weight=1626 2493 164 2662 212 907
leaf_count=1626 2493 164 2662 212 907
internal_value=-0.000961669 -1.65478 -1.39175 2.03736 2.33946
internal_weight=8064 4452 4288 3612 3400
internal_count=8064 4452 4288 3612 3400
is_linear=0
shrinkage=0.05


Tree=15
num_leaves=7
num_cat=0
split_feature=3 1 4 1 11 3
split_gain=9.8588e+06 2.89499e+06 2.35743e+06 2.17879e+06 1.68786e+06 1.22819e+06
threshold=22.413712500000205 -169.97980000000004 -72.935870486111966 54.612050000000188 1.0000000180025095e-35 -50.928749999999575
decision_type=2 2 2 2 2 2
left_child=1 2 -1 4 -2 -3
right_child=3 5 -4 -5 -6 -7
leaf_value=-8.1198282238338297 2.2917494325058074 -2.0984816871043077 -2.6867157963114092 2.860666037384644 -0.61109611865295543 0.094429072803506431
leaf_weight=245 840 1102 1072 2052 1237 1516
leaf_count=245 840 1102 1072 2052 1237 1516
internal_value=-0.00098308 -1.79159 -3.70283 1.70551 0.563438 -0.829086
internal_weight=8064 3935 1317 4129 2077 2618
internal_count=8064 3935 1317 4129 2077 2618
is_linear=0
shrinkage=0.05


Tree=16
num_leaves=7
num_cat=0
split_feature=3 4 11 3 4 11
split_gain=8.98266e+06 2.94963e+06 4.08181e+06 2.04199e+06 1.72939e+06 3.65053e+06
threshold=-17.495649999999838 -72.935870486111966 0.15208718494349097 105.14874999999985 -72.935870486111966 0.065387565056497135
decision_type=2 2 2 2 2 2
left_child=4 2 -2 -3 5 -1
right_child=1 3 -4 -5 -6 -7
leaf_value=-1.1118974304690805 1.8117991038513457 0.85712045512447144 -6.0049394766759114 3.0389345247254287 -1.8427287633993765 -11.556331542617567
leaf_weight=193 351 2950 317 1685 2421 147
leaf_count=193 351 2950 317 1685 2421 147
internal_value=-0.000985199 1.20309 -1.90107 1.65078 -2.31323 -5.64823
internal_weight=8064 5303 668 4635 2761 340
internal_count=8064 5303 668 4635 2761 340
is_linear=0
shrinkage=0.05


Tree=17
num_leaves=6
num_cat=0
split_feature=3 2 3 0 11
split_gain=8.26589e+06 2.75482e+06 2.35598e+06 1.81786e+06 1.36528e+06
threshold=40.51742500000001 -345.95129999999966 -50.928749999999575 6560.6866500000006 0.59116893267988335
decision_type=2 2 2 2 2
left_child=1 -1 -3 4 -2
right_child=3 2 -4 -5 -6
leaf_value=-8.2221737871498899 2.7425175976853247 -2.6032513951855623 -0.23008883998530327 -3.6918259186287452 0.6693115814996512
leaf_weight=144 2234 1786 2522 145 1233
leaf_count=144 2234 1786 2522 145 1233
internal_value=-0.00102776 -1.44279 -1.21432 1.77593 2.00561
internal_weight=8064 4452 4308 3612 3467
internal_count=8064 4452 4308 3612 3467
is_linear=0
shrinkage=0.05


Tree=18
num_leaves=7
num_cat=0
split_feature=3 4 11 3 1 10
split_gain=7.46055e+06 2.59122e+06 5.44878e+06 2.00489e+06 1.76287e+06 1.33797e+06
threshold=40.51742500000001 -72.935870486111966 0.34202014332566882 -143.74553749999993 54.612050000000188 1.0000000180025095e-35
decision_type=2 2 2 2 2 2
left_child=1 2 -1 -3 5 -2
right_child=4 3 -4 -5 -6 -7
leaf_value=-1.0967048832271351 -0.33610683490650972 -4.5429776283687557 -11.75009706533155 -0.56649951488825168 2.7570083295967422 2.7113760850133275
leaf_weight=365 1243 347 178 3562 1863 506
leaf_count=365 1243 347 178 3562 1863 506
internal_value=-0.00104663 -1.37077 -4.60416 -0.920561 1.68713 0.5466
internal_weight=8064 4452 543 3909 3612 1749
internal_count=8064 4452 543 3909 3612 1749
is_linear=0
shrinkage=0.05


Tree=19
num_leaves=7
num_cat=0
split_feature=3 1 10 1 3 4
split_gain=6.8346e+06 2.57372e+06 2.35506e+06 1.46444e+06 1.30388e+06 1.06112e+06
threshold=-17.495649999999838 -46.515999999999615 1.0000000180025095e-35 -187.5983499999995 195.24718750000059 -72.935870486111966
decision_type=2 2 2 2 2 2
left_child=3 2 -2 5 -3 -1
right_child=1 4 -4 -5 -6 -7
leaf_value=-7.1457508156278315 -1.8928201016706023 1.4683677442938232 1.7248657795187636 -1.1955430401162592 4.2771369210988466 -2.8154847166645971
leaf_weight=174 1121 2952 750 1830 480 757
leaf_count=174 1121 2952 750 1830 480 757
internal_value=-0.00107381 1.04921 -0.442505 -2.01799 1.86233 -3.63159
internal_weight=8064 5303 1871 2761 3432 931
internal_count=8064 5303 1871 2761 3432 931
is_linear=0
shrinkage=0.05


Tree=20
num_leaves=7
num_cat=0
split_feature=3 0 3 4 11 1
split_gain=6.19829e+06 2.28657e+06 1.9143e+06 1.64349e+06 1.82532e+06 938238
threshold=40.51742500000001 6633.2637000000004 -129.26991249999989 -34.098725694444504 -0.32136297141497078 180.96000000000006
decision_type=2 2 2 2 2 2
left_child=1 2 -1 4 -2 -5
right_child=3 -3 -4 5 -6 -7
leaf_value=-3.9515962844680659 3.2944758513394525 -7.0260000662370166 -0.64529235355816139 1.4068231962098732 -2.9573731692562797 3.307872665781185
leaf_weight=494 169 164 3794 2138 372 933
leaf_count=494 169 164 3794 2138 372 933
internal_value=-0.00105469 -1.24954 -1.02703 1.5377 -1.00192 1.98527
internal_weight=8064 4452 4288 3612 541 3071
internal_count=8064 4452 4288 3612 541 3071
is_linear=0
shrinkage=0.05


Tree=21
num_leaves=7
num_cat=0
split_feature=3 1 10 3 3 11
split_gain=5.72752e+06 2.63134e+06 2.04145e+06 1.1845e+06 1.11646e+06 1.07459e+06
threshold=-36.99081249999994 -35.450000000000266 1.0000000180025095e-35 195.24718750000059 -164.65491249999988 -0.48087430661751701
decision_type=2 2 2 2 2 2
left_child=4 2 -2 -3 -1 -6
right_child=1 3 -4 -5 5 -7
leaf_value=-5.1999768664167743 -1.6794954312554145 1.3107682414573683 1.4382232699147119 3.9999756386724572 -0.37915981007448379 -2.7406438570787155
leaf_weight=264 1408 3112 836 471 836 1137
leaf_count=264 1408 3112 836 471 836 1137
internal_value=-0.00104271 0.824604 -0.517869 1.66529 -2.15112 -1.74073
internal_weight=8064 5827 2244 3583 2237 1973
internal_count=8064 5827 2244 3583 2237 1973
is_linear=0
shrinkage=0.05


Tree=22
num_leaves=7
num_cat=0
split_feature=3 4 11 1 3 4
split_gain=5.17664e+06 2.25294e+06 3.02258e+06 1.40439e+06 1.31275e+06 991019
threshold=-8.1238499999999458 -72.935870486111966 0.15208718494349097 -169.97980000000004 148.60736249999994 -72.935870486111966
decision_type=2 2 2 2 2 2
left_child=3 2 -2 5 -3 -1
right_child=1 4 -4 -5 -6 -7
leaf_value=-6.3685133546904522 1.5339169395863115 0.90697923133050995 -5.3273860656180183 -0.83642990838321962 2.9498383307727836 -2.3810152782861795
leaf_weight=189 331 3375 310 1950 1025 884
leaf_count=189 331 3375 310 1950 1025 884
internal_value=-0.00101072 0.979956 -1.78747 -1.6366 1.38343 -3.08866
internal_weight=8064 5041 641 3023 4400 1073
internal_count=8064 5041 641 3023 4400 1073
is_linear=0
shrinkage=0.05


Tree=23
num_leaves=7
num_cat=0
split_feature=3 4 11 11 4 3
split_gain=4.78515e+06 2.16893e+06 4.69908e+06 1.57971e+06 1.80779e+06 1.48826e+06
threshold=49.35939999999983 -72.935870486111966 0.34202014332566882 -0.1950438958025166 -72.935870486111966 -56.803075000000256
decision_type=2 2 2 2 2 2
left_child=1 2 -1 -2 -5 -3
right_child=3 5 -4 4 -6 -7
leaf_value=-0.70414192227949024 2.9336414873734773 -1.8763216534652796 -10.315567714381594 -3.0930243786543716 1.2017713325651602 0.091160649645551137
leaf_weight=381 1160 1516 190 280 1914 2623
leaf_count=381 1160 1516 190 280 1914 2623
internal_value=-0.00101922 -1.02875 -3.91478 1.44209 0.652507 -0.629752
internal_weight=8064 4710 571 3354 2194 4139
internal_count=8064 4710 571 3354 2194 4139
is_linear=0
shrinkage=0.05


Tree=24
num_leaves=6
num_cat=0
split_feature=3 0 3 3 11
split_gain=4.34863e+06 2.33911e+06 1.72902e+06 976443 936840
threshold=-36.99081249999994 6560.6866500000006 132.15249999999995 -164.65491249999988 -0.48087430661751701
decision_type=2 2 2 2 2
left_child=3 2 -2 -1 -5
right_child=1 -3 -4 4 -6
leaf_value=-4.7255428013374221 0.42793769068146326 -4.0945541593038355 2.4782159749025134 -0.21969181007595473 -2.424435957727106
leaf_weight=264 4228 241 1358 836 1137
leaf_count=264 4228 241 1358 836 1137
internal_value=-0.00104118 0.718387 0.926731 -1.87451 -1.49083
internal_weight=8064 5827 5586 2237 1973
internal_count=8064 5827 5586 2237 1973
is_linear=0
shrinkage=0.05


Tree=25
num_leaves=7
num_cat=0
split_feature=1 0 8 0 1 10
split_gain=4.081e+06 2.24477e+06 2.08415e+06 2.084e+06 1.97548e+06 1.83498e+06
threshold=-55.586200000000183 6633.2637000000004 1.0000000180025095e-35 2691.5355500000005 197.6532500000001 1.0000000180025095e-35
decision_type=2 2 2 2 2 2
left_child=1 5 4 -4 -2 -1
right_child=2 -3 3 -5 -6 -7
leaf_value=-1.8318760626083819 1.0786837682001054 -6.2292002984455657 2.0989735284968636 -2.4001978873568017 4.4261422764955807 0.68664252256928737
leaf_weight=2123 2964 216 388 760 517 1096
leaf_count=2123 2964 216 388 760 517 1096
internal_value=-0.00104218 -1.30658 0.967816 -0.879069 1.57698 -0.974428
internal_weight=8064 3435 4629 1148 3481 3219
internal_count=8064 3435 4629 1148 3481 3219
is_linear=0
shrinkage=0.05


Tree=26
num_leaves=7
num_cat=0
split_feature=3 4 11 11 4 3
split_gain=3.79538e+06 1.88601e+06 4.07054e+06 1.40343e+06 1.5598e+06 1.22151e+06
threshold=49.35939999999983 -72.935870486111966 0.34202014332566882 -0.1950438958025166 -72.935870486111966 -143.74553749999993
decision_type=2 2 2 2 2 2
left_child=1 2 -1 -2 -5 -3
right_child=3 5 -4 4 -6 -7
leaf_value=-0.61939867559761908 2.6900707322985422 -3.3793469095581226 -9.5648467575692386 -2.9390592522044199 1.0502675037017923 -0.28398192466704958
leaf_weight=381 1160 347 190 280 1914 3792
leaf_count=381 1160 347 190 280 1914 3792
internal_value=-0.00100353 -0.916292 -3.60751 1.28422 0.540039 -0.544241
internal_weight=8064 4710 571 3354 2194 4139
internal_count=8064 4710 571 3354 2194 4139
is_linear=0
shrinkage=0.05


Tree=27
num_leaves=7
num_cat=0
split_feature=3 4 11 3 11 0
split_gain=3.51206e+06 2.27461e+06 5.00699e+06 1.38078e+06 1.14419e+06 1.12016e+06
threshold=77.806250000000105 -72.935870486111966 1.0000000180025095e-35 -56.803075000000256 -0.1950438958025166 3572.6925500000002
decision_type=2 2 2 2 2 2
left_child=1 2 -1 -3 -2 -6
right_child=4 3 -4 -5 5 -7
leaf_value=0.49177569642744434 3.1081167162372378 -1.5861118291265865 -8.2021462175515634 0.23626121645360376 2.3403573708227987 -0.20606752270945705
leaf_weight=365 787 1516 302 3301 723 1070
leaf_count=365 787 1516 302 3301 723 1070
internal_value=-0.00103424 -0.716729 -3.45099 -0.337484 1.51992 0.821472
internal_weight=8064 5484 667 4817 2580 1793
internal_count=8064 5484 667 4817 2580 1793
is_linear=0
shrinkage=0.05


Tree=28
num_leaves=7
num_cat=0
split_feature=1 8 0 0 1 10
split_gain=3.3118e+06 1.80675e+06 1.81273e+06 1.79074e+06 1.70383e+06 1.55105e+06
threshold=-55.586200000000183 1.0000000180025095e-35 2691.5355500000005 6633.2637000000004 197.6532500000001 1.0000000180025095e-35
decision_type=2 2 2 2 2 2
left_child=3 4 -3 5 -2 -1
right_child=1 2 -4 -5 -6 -7
leaf_value=-1.6687471407107841 0.97620446467750144 1.9297157120017052 -2.2664507554168476 -5.5737970474128904 4.0849697175726991 0.64673381285502518
leaf_weight=2123 2964 388 760 216 517 1096
leaf_count=2123 2964 388 760 216 517 1096
internal_value=-0.00100619 0.871782 -0.847789 -1.17709 1.43896 -0.88042
internal_weight=8064 4629 1148 3435 3481 3219
internal_count=8064 4629 1148 3435 3481 3219
is_linear=0
shrinkage=0.05


Tree=29
num_leaves=6
num_cat=0
split_feature=3 0 3 3 11
split_gain=3.03848e+06 1.651e+06 1.39948e+06 758294 779092
threshold=-36.99081249999994 6560.6866500000006 195.24718750000059 -164.65491249999988 -0.48087430661751701
decision_type=2 2 2 2 2
left_child=3 2 -2 -1 -5
right_child=1 -3 -4 4 -6
leaf_value=-4.079296406934847 0.49675640058085585 -3.4431035987863492 3.023511303075916 -0.069913635336156396 -2.080313022076095
leaf_weight=264 4971 241 615 836 1137
leaf_count=264 4971 241 615 836 1137
internal_value=-0.000967485 0.600399 0.775435 -1.56699 -1.22893
internal_weight=8064 5827 5586 2237 1973
internal_count=8064 5827 5586 2237 1973
is_linear=0
shrinkage=0.05


Tree=30
num_leaves=7
num_cat=0
split_feature=1 8 0 0 1 11
split_gain=2.86801e+06 1.61149e+06 1.63004e+06 1.52066e+06 1.51522e+06 1.49662e+06
threshold=-55.586200000000183 1.0000000180025095e-35 2691.5355500000005 6633.2637000000004 180.96000000000006 0.89665931010743594
decision_type=2 2 2 2 2 2
left_child=3 4 -3 5 -2 -1
right_child=1 2 -4 -5 -6 -7
leaf_value=-0.35045004588780521 0.84875714170037753 1.8211042046216546 -2.1580076542833475 -5.1470302004418613 3.5325136928383736 -3.286830500425407
leaf_weight=2703 2836 388 760 216 645 516
leaf_count=2703 2836 388 760 216 645 516
internal_value=-0.000957257 0.811251 -0.812737 -1.09541 1.34691 -0.822021
internal_weight=8064 4629 1148 3435 3481 3219
internal_count=8064 4629 1148 3435 3481 3219
is_linear=0
shrinkage=0.05


Tree=31
num_leaves=7
num_cat=0
split_feature=3 4 11 3 11 3
split_gain=2.74815e+06 1.84625e+06 4.10694e+06 1.08119e+06 1.01334e+06 964568
threshold=82.800049999999842 -33.236151388889077 1.0000000180025095e-35 -73.364999999999768 -0.1950438958025166 195.24718750000059
decision_type=2 2 2 2 2 2
left_child=1 2 -1 -3 -2 -6
right_child=4 3 -4 -5 5 -7
leaf_value=0.30553834974257787 2.9553338607138713 -1.5774517034345592 -6.6626625354015374 0.19487135983822876 -0.095354810676496413 2.4237864673664209
leaf_weight=483 730 1127 375 3628 1156 565
leaf_count=483 730 1127 375 3628 1156 565
internal_value=-0.000938776 -0.610876 -2.74421 -0.225437 1.39555 0.7326
internal_weight=8064 5613 858 4755 2451 1721
internal_count=8064 5613 858 4755 2451 1721
is_linear=0
shrinkage=0.05


Tree=32
num_leaves=7
num_cat=0
split_feature=3 4 11 1 11 0
split_gain=2.48325e+06 1.75114e+06 3.92982e+06 1.02563e+06 894282 942549
threshold=77.806250000000105 -72.935870486111966 0.34202014332566882 -17.488899999999827 -0.1950438958025166 3572.6925500000002
decision_type=2 2 2 2 2 2
left_child=1 2 -1 -3 -2 -6
right_child=4 3 -4 -5 5 -7
leaf_value=-0.26807092745360495 2.6820682522306587 -0.92185673437395188 -8.3830149369239813 0.54625052847333744 2.0538754642519135 -0.28189652141959282
leaf_weight=443 787 2678 224 2139 723 1070
leaf_count=443 787 2678 224 2139 723 1070
internal_value=-0.000907064 -0.602713 -3.0018 -0.269962 1.27802 0.660588
internal_weight=8064 5484 667 4817 2580 1793
internal_count=8064 5484 667 4817 2580 1793
is_linear=0
shrinkage=0.05


Tree=33
num_leaves=7
num_cat=0
split_feature=3 11 4 3 3 12
split_gain=2.32159e+06 1.39466e+06 2.54312e+06 776115 648019 690651
threshold=-36.99081249999994 -0.2376293295203116 -72.935870486111966 148.60736249999994 -164.65491249999988 -0.87651811848132988
decision_type=2 2 2 2 2 2
left_child=4 3 -3 -2 -1 -6
right_child=1 2 -4 -5 5 -7
leaf_value=-3.692095548995542 1.2051184323852739 -3.625235911903093 0.41227046828639058 4.4830070091016365 -3.5596964409898137 -0.7072575384932337
leaf_weight=264 2079 445 3106 197 241 1732
leaf_count=264 2079 445 3106 197 241 1732
internal_value=-0.000890058 0.524769 -0.0945751 1.49068 -1.36976 -1.05731
internal_weight=8064 5827 3551 2276 2237 1973
internal_count=8064 5827 3551 2276 2237 1973
is_linear=0
shrinkage=0.05


Tree=34
num_leaves=7
num_cat=0
split_feature=3 11 4 11 3 3
split_gain=2.15503e+06 1.46853e+06 3.14937e+06 743509 873139 735167
threshold=82.800049999999842 -0.44218343748786698 -33.236151388889077 -0.1950438958025166 195.24718750000059 -62.126937499999705
decision_type=2 2 2 2 2 2
left_child=1 5 -3 -2 -5 -1
right_child=3 2 -4 4 -6 -7
leaf_value=-0.93738428966746457 2.5718542724643947 -4.8669781119761595 -0.56397648077444917 -0.11985085241773466 2.276904895017088 1.014037088183201
leaf_weight=688 730 500 2814 1156 565 1611
leaf_count=688 730 500 2814 1156 565 1611
internal_value=-0.000879555 -0.541001 -1.21446 1.23576 0.667863 0.4299
internal_weight=8064 5613 3314 2451 1721 2299
internal_count=8064 5613 3314 2451 1721 2299
is_linear=0
shrinkage=0.05


Tree=35
num_leaves=7
num_cat=0
split_feature=1 8 0 10 1 1
split_gain=2.03567e+06 1.37188e+06 1.38838e+06 1.28372e+06 1.5761e+06 1.25076e+06
threshold=-55.586200000000183 1.0000000180025095e-35 2691.5355500000005 1.0000000180025095e-35 -228.12004999999996 197.6532500000001
decision_type=2 2 2 2 2 2
left_child=3 5 -3 4 -1 -2
right_child=1 2 -4 -5 -6 -7
leaf_value=-3.8701290775245676 0.78121339181058025 1.6159325233696551 -2.0564415740825814 0.44113907053859158 -0.84573881163354803 3.4447152220496626
leaf_weight=575 2964 388 760 1148 1712 517
leaf_count=575 2964 388 760 1148 1712 517
internal_value=-0.000839459 0.683435 -0.81493 -0.922898 -1.60749 1.17767
internal_weight=8064 4629 1148 3435 2287 3481
internal_count=8064 4629 1148 3435 2287 3481
is_linear=0
shrinkage=0.05


Tree=36
num_leaves=7
num_cat=0
split_feature=3 11 4 0 11 0
split_gain=1.89604e+06 1.67724e+06 3.63423e+06 1.2768e+06 623489 465779
threshold=148.60736249999994 1.0000000180025095e-35 -72.935870486111966 6279.4210000000012 -0.10884096748385481 3572.6925500000002
decision_type=2 2 2 2 2 2
left_child=1 3 -3 -1 -2 -6
right_child=4 2 -4 -5 5 -7
leaf_value=0.64864503634070481 4.169313189222458 -5.6010326214448991 -0.51554365012048187 -2.9765856305643972 2.7061895960065683 0.40048325339053154
leaf_weight=3500 234 402 2741 260 354 573
leaf_count=3500 234 402 2741 260 354 573
internal_value=-0.000800511 -0.315298 -1.16757 0.397239 1.86778 1.28295
internal_weight=8064 6903 3143 3760 1161 927
internal_count=8064 6903 3143 3760 1161 927
is_linear=0
shrinkage=0.05


Tree=37
num_leaves=7
num_cat=0
split_feature=3 11 4 0 3 12
split_gain=1.79711e+06 1.123e+06 2.05521e+06 1.06552e+06 548771 584234
threshold=-36.99081249999994 0.51864980417341211 -72.935870486111966 6168.5409000000009 -164.65491249999988 -0.87651811848132988
decision_type=2 2 2 2 2 2
left_child=4 3 -3 -2 -1 -6
right_child=1 2 -4 -5 5 -7
leaf_value=-3.3421558909258753 1.3564867150185667 -4.6055401446928093 0.12694385521824933 -0.87459853650661812 -3.2191235893452155 -0.59572068302544456
leaf_weight=264 3124 262 1796 645 241 1732
leaf_count=264 3124 262 1796 645 241 1732
internal_value=-0.000767735 0.461718 -0.477484 0.974544 -1.20513 -0.917635
internal_weight=8064 5827 2058 3769 2237 1973
internal_count=8064 5827 2058 3769 2237 1973
is_linear=0
shrinkage=0.05


Tree=38
num_leaves=7
num_cat=0
split_feature=3 11 4 0 11 0
split_gain=1.69654e+06 1.44367e+06 3.12563e+06 1.08383e+06 535562 418848
threshold=148.60736249999994 1.0000000180025095e-35 -72.935870486111966 6279.4210000000012 -0.10884096748385481 3572.6925500000002
decision_type=2 2 2 2 2 2
left_child=1 3 -3 -1 -2 -6
right_child=4 2 -4 -5 5 -7
leaf_value=0.59440675807137333 3.899895304745816 -5.2005470807818934 -0.48431093732382835 -2.7456604532412188 2.5743024773853769 0.38781835132015657
leaf_weight=3500 234 402 2741 260 354 573
leaf_count=3500 234 402 2741 260 354 573
internal_value=-0.000798496 -0.298291 -1.089 0.362776 1.76675 1.22466
internal_weight=8064 6903 3143 3760 1161 927
internal_count=8064 6903 3143 3760 1161 927
is_linear=0
shrinkage=0.05


Tree=39
num_leaves=7
num_cat=0
split_feature=3 11 4 11 3 0
split_gain=1.61442e+06 984356 1.59251e+06 709714 911779 789991
threshold=40.51742500000001 -0.44218343748786698 -116.58611111111166 0.59116893267988335 211.28978749999968 6168.5409000000009
decision_type=2 2 2 2 2 2
left_child=1 -1 -3 5 -5 -2
right_child=3 2 -4 4 -6 -7
leaf_value=0.23283361973175509 1.7634194506437415 -5.056528510592611 -0.86362969159457925 -0.85807507780729919 2.2043158748528708 -0.64342647693231347
leaf_weight=1877 1857 250 2325 1020 318 417
leaf_count=1877 1857 250 2325 1020 318 417
internal_value=-0.000764612 -0.637936 -1.27251 0.784546 -0.12914 1.32197
internal_weight=8064 4452 2575 3612 1338 2274
internal_count=8064 4452 2575 3612 1338 2274
is_linear=0
shrinkage=0.05


Tree=40
num_leaves=7
num_cat=0
split_feature=1 10 8 0 1 1
split_gain=1.50003e+06 1.28503e+06 1.07454e+06 1.18011e+06 1.15257e+06 983278
threshold=-85.210000000000022 1.0000000180025095e-35 1.0000000180025095e-35 2691.5355500000005 180.96000000000006 -255.67259999999985
decision_type=2 2 2 2 2 2
left_child=1 5 4 -4 -2 -1
right_child=2 -3 3 -5 -6 -7
leaf_value=-3.7367690513329999 0.54181137744442753 0.44281457548876679 1.4276155649121747 -1.9581925044834869 2.8555256330935812 -1.04603355573304
leaf_weight=443 3232 1147 388 760 645 1449
leaf_count=443 3232 1147 388 760 645 1449
internal_value=-0.000746346 -0.877475 0.529547 -0.813614 0.927371 -1.67769
internal_weight=8064 3039 5025 1148 3877 1892
internal_count=8064 3039 5025 1148 3877 1892
is_linear=0
shrinkage=0.05


Tree=41
num_leaves=7
num_cat=0
split_feature=3 3 11 3 12 1
split_gain=1.40225e+06 910757 1.30784e+06 471410 488030 185110
threshold=-36.99081249999994 195.24718750000059 0.51864980417341211 -164.65491249999988 -0.87651811848132988 223.06639999999973
decision_type=2 2 2 2 2 2
left_child=3 2 -2 -1 -5 -3
right_child=1 5 -4 4 -6 -7
leaf_value=-3.0451788300388269 0.72825965648548585 1.5729745281890484 -0.97832898389708944 -2.9015942755455448 -0.50395935934049862 3.37550651447813
leaf_weight=264 3539 430 1643 241 1732 215
leaf_count=264 3539 430 1643 241 1732 215
internal_value=-0.000718166 0.407812 0.187086 -1.06458 -0.79815 2.17811
internal_weight=8064 5827 5182 2237 1973 645
internal_count=8064 5827 5182 2237 1973 645
is_linear=0
shrinkage=0.05


Tree=42
num_leaves=7
num_cat=0
split_feature=3 4 11 3 0 11
split_gain=1.31608e+06 980161 2.10805e+06 546000 526966 496109
threshold=82.800049999999842 -15.966647569444147 1.0000000180025095e-35 -73.364999999999768 3442.1435500000002 -0.55543802234893469
decision_type=2 2 2 2 2 2
left_child=1 2 -1 -3 -2 -6
right_child=4 3 -4 -5 5 -7
leaf_value=0.14119874351554448 2.043027003290919 -1.0159008596541439 -3.2487469667478388 0.38525162265505702 2.1751477805914079 0.033725602032242535
leaf_weight=1034 775 920 823 2836 338 1338
leaf_count=1034 775 920 823 2836 338 1338
internal_value=-0.000693119 -0.422785 -1.36212 0.0418723 0.965711 0.466627
internal_weight=8064 5613 1857 3756 2451 1676
internal_count=8064 5613 1857 3756 2451 1676
is_linear=0
shrinkage=0.05


Tree=43
num_leaves=7
num_cat=0
split_feature=1 8 4 10 1 1
split_gain=1.23964e+06 1.06935e+06 1.11172e+06 906396 1.0444e+06 886103
threshold=-55.586200000000183 1.0000000180025095e-35 -24.806723263888895 1.0000000180025095e-35 -228.12004999999996 197.6532500000001
decision_type=2 2 2 2 2 2
left_child=3 5 -3 4 -1 -2
right_child=1 2 -4 -5 -6 -7
leaf_value=-3.1372964834082975 0.63599645385477843 -4.8820627051489112 -0.19826389064836267 0.42594526720738241 -0.6753679545522302 2.8778320216879423
leaf_weight=575 2964 144 1004 1148 1712 517
leaf_count=575 2964 144 1004 1148 1712 517
internal_value=-0.000655276 0.533324 -0.789516 -0.720191 -1.29545 0.969686
internal_weight=8064 4629 1148 3435 2287 3481
internal_count=8064 4629 1148 3435 2287 3481
is_linear=0
shrinkage=0.05


Tree=44
num_leaves=7
num_cat=0
split_feature=3 11 4 0 11 0
split_gain=1.17289e+06 1.04592e+06 2.06128e+06 614719 429280 336249
threshold=148.60736249999994 -0.44218343748786698 -33.236151388889077 6168.5409000000009 -0.10884096748385481 3572.6925500000002
decision_type=2 2 2 2 2 2
left_child=1 3 -3 -1 -2 -6
right_child=4 2 -4 -5 5 -7
leaf_value=0.82389434055278343 3.3785903728769178 -3.2966412036076083 -0.26157023373796323 -1.3236289676939614 2.1930682914735566 0.23427931965435841
leaf_weight=2326 234 664 3525 388 354 573
leaf_count=2326 234 664 3525 388 354 573
internal_value=-0.000653227 -0.248009 -0.743332 0.516505 1.46901 0.983853
internal_weight=8064 6903 4189 2714 1161 927
internal_count=8064 6903 4189 2714 1161 927
is_linear=0
shrinkage=0.05


Tree=45
num_leaves=7
num_cat=0
split_feature=3 0 11 11 3 12
split_gain=1.08903e+06 903578 1.06026e+06 521256 357023 431304
threshold=-50.928749999999575 3496.8800000000006 -0.51864980417341167 0.77969889170510676 -164.65491249999988 -0.87651811848132988
decision_type=2 2 2 2 2 2
left_child=4 3 -3 -2 -1 -6
right_child=1 2 -4 -5 5 -7
leaf_value=-2.7663585737017247 1.5743276423169641 1.0330492812475318 -0.67271334293553142 -0.35058615447155073 -2.9522987534701826 -0.46734249590102223
leaf_weight=264 1643 1355 2775 447 199 1381
leaf_count=264 1643 1355 2775 447 199 1381
internal_value=-0.00060973 0.315784 -0.11296 1.16266 -1.06743 -0.781991
internal_weight=8064 6220 4130 2090 1844 1580
internal_count=8064 6220 4130 2090 1844 1580
is_linear=0
shrinkage=0.05


Tree=46
num_leaves=7
num_cat=0
split_feature=3 11 4 0 1 3
split_gain=1.06721e+06 999024 1.83223e+06 1.11484e+06 140305 84536.8
threshold=195.24718750000059 0.72219205899833594 -72.935870486111966 6560.6866500000006 223.06639999999973 264.1929750000009
decision_type=2 2 2 2 2 2
left_child=1 3 -3 -1 5 -2
right_child=4 2 -4 -5 -6 -7
leaf_value=0.27394843710325589 0.8575977895295982 -5.5277808453785173 -0.60467892528270906 -3.42868142752992 2.9912415596553021 2.2991807808123883
leaf_weight=5569 263 217 1423 210 215 167
leaf_count=5569 263 217 1423 210 215 167
internal_value=-0.000607766 -0.170307 -1.25906 0.138831 1.94857 1.4215
internal_weight=8064 7419 1640 5779 645 430
internal_count=8064 7419 1640 5779 645 430
is_linear=0
shrinkage=0.05


Tree=47
num_leaves=7
num_cat=0
split_feature=3 1 8 0 10 1
split_gain=1.00554e+06 829631 843859 457053 407900 1.18816e+06
threshold=77.806250000000105 -169.97980000000004 1.0000000180025095e-35 3680.1888500000005 1.0000000180025095e-35 -106.83789999999998
decision_type=2 2 2 2 2 2
left_child=1 3 -3 -1 5 -2
right_child=4 2 -4 -5 -6 -7
leaf_value=0.025734827025069129 -2.6380090783020407 0.37616043493388157 -1.4988732203725892 -1.8494333179370415 2.3722208343544291 0.97738137296479166
leaf_weight=449 256 3118 742 1175 360 1964
leaf_count=449 256 3118 742 1175 360 1964
internal_value=-0.000596842 -0.38355 0.0154316 -1.33129 0.813234 0.559471
internal_weight=8064 5484 3860 1624 2580 2220
internal_count=8064 5484 3860 1624 2580 2220
is_linear=0
shrinkage=0.05


Tree=48
num_leaves=7
num_cat=0
split_feature=1 8 0 11 4 0
split_gain=935118 1.17666e+06 983221 754587 842851 757191
threshold=8.195650000000116 1.0000000180025095e-35 2736.1948500000003 0.89665931010743594 -6.7384590277783891 6633.2637000000004
decision_type=2 2 2 2 2 2
left_child=3 -2 -3 5 -5 -1
right_child=1 2 -4 4 -6 -7
leaf_value=-0.042286688360766447 1.1785118962588299 1.0627568936722132 -1.9294014372285322 -3.7345015745844159 -0.078778393442432093 -3.0102155896285998
leaf_weight=3491 2562 453 694 349 287 228
leaf_count=3491 2562 453 694 349 287 228
internal_value=-0.000580855 0.582772 -0.747772 -0.497422 -2.08754 -0.225001
internal_weight=8064 3709 1147 4355 636 3719
internal_count=8064 3709 1147 4355 636 3719
is_linear=0
shrinkage=0.05


Tree=49
num_leaves=7
num_cat=0
split_feature=3 4 11 1 11 0
split_gain=912973 888936 1.75458e+06 523502 355376 273993
threshold=148.60736249999994 -15.966647569444147 1.0000000180025095e-35 -7.7143999999996131 -0.10884096748385481 3572.6925500000002
decision_type=2 2 2 2 2 2
left_child=1 2 -1 -3 -2 -6
right_child=4 3 -4 -5 5 -7
leaf_value=0.25019086303086774 3.0334250404479657 -0.32685421512835355 -2.4976799366325846 0.7446804072703217 1.9462188952573589 0.17811288241984954
leaf_weight=1265 234 2375 1073 2190 354 573
leaf_count=1265 234 2375 1073 2190 354 573
internal_value=-0.000592446 -0.218826 -1.01144 0.187251 1.29604 0.854682
internal_weight=8064 6903 2338 4565 1161 927
internal_count=8064 6903 2338 4565 1161 927
is_linear=0
shrinkage=0.05


Tree=50
num_leaves=7
num_cat=0
split_feature=3 1 10 8 1 1
split_gain=865694 695468 734188 702554 331034 364441
threshold=-96.2184625000002 8.195650000000116 1.0000000180025095e-35 1.0000000180025095e-35 -255.67259999999985 119.18729999999961
decision_type=2 2 2 2 2 2
left_child=4 2 -2 -3 -1 -6
right_child=1 3 -4 -5 5 -7
leaf_value=-2.8191406545960391 -0.74117135207824603 1.1385908602900319 0.84169728979504976 -0.42397503535070719 -0.11396520459403595 -2.9312917006331567
leaf_weight=295 2619 2495 1016 1010 479 150
leaf_count=295 2619 2495 1016 1010 479 150
internal_value=-0.000542189 0.185887 -0.298642 0.68833 -1.43978 -0.78941
internal_weight=8064 7140 3635 3505 924 629
internal_count=8064 7140 3635 3505 924 629
is_linear=0
shrinkage=0.05


Tree=51
num_leaves=7
num_cat=0
split_feature=3 11 4 0 1 2
split_gain=827982 815365 1.42533e+06 862784 122231 81908.3
threshold=195.24718750000059 0.89665931010743594 -33.236151388889077 6560.6866500000006 223.06639999999973 -110.84329999999999
decision_type=2 2 2 2 2 2
left_child=1 3 -3 -1 5 -2
right_child=4 2 -4 -5 -6 -7
leaf_value=0.19312564205029717 2.1053054115712277 -5.7844546061239122 -0.64147783088338928 -2.3225737710986443 2.689106649822659 0.68144300166906713
leaf_weight=6096 163 161 802 360 215 267
leaf_count=6096 163 161 802 360 215 267
internal_value=-0.000546384 -0.15002 -1.50642 0.052507 1.71632 1.22482
internal_weight=8064 7419 963 6456 645 430
internal_count=8064 7419 963 6456 645 430
is_linear=0
shrinkage=0.05


Tree=52
num_leaves=7
num_cat=0
split_feature=3 0 11 11 13 4
split_gain=774602 664608 1.07184e+06 321189 243867 198167
threshold=-105.32718750000002 3544.9625500000006 -0.51864980417341167 0.77969889170510676 0.8425887240367157 -7.2726798611110999
decision_type=2 2 2 2 2 2
left_child=4 3 -3 -2 5 -1
right_child=1 2 -4 -5 -6 -7
leaf_value=-2.8037318602251933 1.0758083533465437 0.81680391784017703 -0.76902325811694583 -0.2823802545585416 0.37463985368095598 -1.050155361304032
leaf_weight=312 2094 1661 2968 549 144 336
leaf_count=312 2094 1661 2968 549 144 336
internal_value=-0.000538156 0.161255 -0.199936 0.793687 -1.48442 -1.89749
internal_weight=8064 7272 4629 2643 792 648
internal_count=8064 7272 4629 2643 792 648
is_linear=0
shrinkage=0.05


Tree=53
num_leaves=7
num_cat=0
split_feature=3 4 11 1 1 3
split_gain=762167 743939 1.48291e+06 435429 106877 76158
threshold=195.24718750000059 -15.966647569444147 0.48087430661751701 -95.950150000000107 223.06639999999973 264.1929750000009
decision_type=2 2 2 2 2 2
left_child=1 2 -1 -3 5 -2
right_child=4 3 -4 -5 -6 -7
leaf_value=-0.015664304198300536 0.65262774152850567 -0.43972690746594401 -2.6185521347227319 0.55516700724051016 2.5564968997681583 2.0194441737385378
leaf_weight=1727 263 1668 800 3224 215 167
leaf_count=1727 263 1668 800 3224 215 167
internal_value=-0.000527602 -0.143938 -0.840399 0.215923 1.64669 1.18691
internal_weight=8064 7419 2527 4892 645 430
internal_count=8064 7419 2527 4892 645 430
is_linear=0
shrinkage=0.05


Tree=54
num_leaves=7
num_cat=0
split_feature=3 11 4 0 11 3
split_gain=726429 492879 892111 432743 459287 270386
threshold=40.51742500000001 -0.48087430661751701 -116.58611111111166 6500.9886500000011 0.80625269229011354 -105.32718750000002
decision_type=2 2 2 2 2 2
left_child=1 5 -3 4 -2 -1
right_child=3 2 -4 -5 -6 -7
leaf_value=-1.0950172877202007 0.99929796423144601 -3.6557959395727906 -0.56050188052238104 -1.6604030280605728 -0.34079187001519901 0.49551586598439412
leaf_weight=325 2547 257 2389 212 853 1481
leaf_count=325 2547 257 2389 212 853 1481
internal_value=-0.000484421 -0.427895 -0.862408 0.526296 0.663092 0.208843
internal_weight=8064 4452 2646 3612 3400 1806
internal_count=8064 4452 2646 3612 3400 1806
is_linear=0
shrinkage=0.05


Tree=55
num_leaves=7
num_cat=0
split_feature=3 4 4 10 1 12
split_gain=689040 655339 1.38624e+06 395603 383192 331546
threshold=132.15249999999995 -15.966647569444147 -22.805487847222135 1.0000000180025095e-35 -95.950150000000107 0.75166088996455105
decision_type=2 2 2 2 2 2
left_child=1 2 -1 5 -3 -2
right_child=3 4 -4 -5 -6 -7
leaf_value=-0.48026308452347088 0.30803988746924027 -0.48879726125202688 -4.5093591603275121 3.031447047256842 0.48582694409293919 2.6175185016758458
leaf_weight=2003 1033 1562 238 204 2842 182
leaf_count=2003 1033 1562 238 204 2842 182
internal_value=-0.000496268 -0.214109 -0.909984 0.999272 0.140117 0.655855
internal_weight=8064 6645 2241 1419 4404 1215
internal_count=8064 6645 2241 1419 4404 1215
is_linear=0
shrinkage=0.05


Tree=56
num_leaves=7
num_cat=0
split_feature=0 4 4 3 14 11
split_gain=655252 687270 1.5468e+06 411807 220944 73522.3
threshold=2608.4069500000005 -15.966647569444147 -22.805487847222135 -56.803075000000256 0.42261826174069944 -1.0000000180025095e-35
decision_type=2 2 2 2 2 2
left_child=4 2 -2 -3 -1 -6
right_child=1 3 -4 -5 5 -7
leaf_value=3.1469867487748466 -0.38944478797460713 -0.61630837133615457 -4.5947135982927216 0.46333588127584485 0.32203144033654379 1.7846857244929961
leaf_weight=176 2271 1142 241 3886 194 154
leaf_count=176 2271 1142 241 3886 194 154
internal_value=-0.000465477 -0.119373 -0.794564 0.218045 1.7075 0.972557
internal_weight=8064 7540 2512 5028 524 348
internal_count=8064 7540 2512 5028 524 348
is_linear=0
shrinkage=0.05


Tree=57
num_leaves=7
num_cat=0
split_feature=3 11 4 12 1 2
split_gain=629557 620836 1.18497e+06 674250 98000 74878.8
threshold=195.24718750000059 0.89665931010743594 -33.236151388889077 -0.87651811848132988 223.06639999999973 -110.84329999999999
decision_type=2 2 2 2 2 2
left_child=1 3 -3 -1 5 -2
right_child=4 2 -4 -5 -6 -7
leaf_value=-1.0551698872767441 1.8982587667863546 -5.2150008265618926 -0.52580272013305285 0.28298404232686386 2.3675262986509891 0.53778444839391248
leaf_weight=1143 163 161 802 5313 215 267
leaf_count=1143 163 161 802 5313 215 267
internal_value=-0.000441478 -0.13078 -1.31437 0.0459444 1.49664 1.05671
internal_weight=8064 7419 963 6456 645 430
internal_count=8064 7419 963 6456 645 430
is_linear=0
shrinkage=0.05


Tree=58
num_leaves=6
num_cat=0
split_feature=3 0 11 11 13
split_gain=615070 562532 749761 413013 143324
threshold=-129.26991249999989 3496.8800000000006 -0.51864980417341167 0.65918890865110003 -0.17364817766692989
decision_type=2 2 2 2 2
left_child=4 3 -3 -2 -1
right_child=1 2 -4 -5 -6
leaf_value=-2.5188367260456088 1.0967637841213258 0.64832818602874276 -0.63103470428929398 -0.40652539831931578 -0.86551804588309356
leaf_weight=249 1879 1752 3302 603 279
leaf_count=249 1879 1752 3302 603 279
internal_value=-0.000430004 0.115243 -0.187495 0.731524 -1.6485
internal_weight=8064 7536 5054 2482 528
internal_count=8064 7536 5054 2482 528
is_linear=0
shrinkage=0.05


Tree=59
num_leaves=6
num_cat=0
split_feature=3 2 10 1 12
split_gain=591346 448676 383557 737331 376896
threshold=105.14874999999985 -345.95129999999966 1.0000000180025095e-35 -106.83789999999998 -0.87651811848132988
decision_type=2 2 2 2 2
left_child=1 -1 3 -2 -3
right_child=2 4 -4 -5 -6
leaf_value=-2.6199451973506562 -2.5457541943258715 -1.150907533062407 2.5060134760568062 0.84271878584788495 -0.0033008296977741006
leaf_weight=191 179 831 270 1486 5107
leaf_count=191 179 831 270 1486 5107
internal_value=-0.000425103 -0.241019 0.761372 0.477123 -0.164071
internal_weight=8064 6129 1935 1665 5938
internal_count=8064 6129 1935 1665 5938
is_linear=0
shrinkage=0.05


Tree=60
num_leaves=7
num_cat=0
split_feature=3 0 9 12 4 3
split_gain=555950 403755 447522 343251 442076 355543
threshold=-8.1238499999999458 2608.4069500000005 1.0000000180025095e-35 -0.87651811848132988 -6.7384590277783891 -164.65491249999988
decision_type=2 2 2 2 2 2
left_child=3 -2 -3 4 -1 -5
right_child=1 2 -4 5 -6 -7
leaf_value=-3.6117465546450669 1.862110570607213 0.36653617259618471 -1.1795286969874395 -2.1991748020116861 -0.20369349436319256 -0.15372139748315611
leaf_weight=193 391 4123 527 232 187 2411
leaf_count=193 391 4123 527 232 187 2411
internal_value=-0.000422267 0.321053 0.1911 -0.536428 -1.93956 -0.334033
internal_weight=8064 5041 4650 3023 380 2643
internal_count=8064 5041 4650 3023 380 2643
is_linear=0
shrinkage=0.05


Tree=61
num_leaves=7
num_cat=0
split_feature=3 11 4 0 4 12
split_gain=541997 548687 1.17343e+06 616971 65084.8 86256.9
threshold=211.28978749999968 0.89665931010743594 -34.098725694444504 6560.6866500000006 -10.485387500000796 -0.59116893267988335
decision_type=2 2 2 2 2 2
left_child=1 3 -3 -1 -2 -6
right_child=4 2 -4 -5 5 -7
leaf_value=0.17700963256020091 2.3532359728280987 -5.308759026088425 -0.48382310149042085 -1.930303866112524 2.0645838550385713 0.46177691536071974
leaf_weight=6184 174 147 850 367 148 194
leaf_count=6184 174 147 850 367 148 194
internal_value=-0.000432889 -0.107693 -1.19983 0.0586772 1.56574 1.15939
internal_weight=8064 7548 997 6551 516 342
internal_count=8064 7548 997 6551 516 342
is_linear=0
shrinkage=0.05


Tree=62
num_leaves=7
num_cat=0
split_feature=3 0 4 11 4 3
split_gain=501196 521866 564026 306364 238876 172737
threshold=-50.928749999999575 3496.8800000000006 -6.7384590277783891 0.77969889170510676 -116.58611111111166 -164.65491249999988
decision_type=2 2 2 2 2 2
left_child=4 3 -3 -2 -1 -6
right_child=1 2 -4 -5 5 -7
leaf_value=-2.4495989294424243 1.173421021293213 -0.67138504132362753 0.4980213602274069 -0.30224487408371981 -1.7682810863594949 -0.32537008641354442
leaf_weight=180 1643 2153 1977 447 242 1422
leaf_count=180 1643 2153 1977 447 242 1422
internal_value=-0.000427776 0.214213 -0.111614 0.857818 -0.724158 -0.536153
internal_weight=8064 6220 4130 2090 1844 1664
internal_count=8064 6220 4130 2090 1844 1664
is_linear=0
shrinkage=0.05


Tree=63
num_leaves=7
num_cat=0
split_feature=3 11 4 0 1 2
split_gain=488050 464795 940649 523703 82034.9 72363.3
threshold=195.24718750000059 0.89665931010743594 -10.195168402777652 6560.6866500000006 197.6532500000001 -110.84329999999999
decision_type=2 2 2 2 2 2
left_child=1 3 -3 -1 5 -2
right_child=4 2 -4 -5 -6 -7
leaf_value=0.14727782505045497 1.7142542405991081 -2.8402136512844067 0.2943877390550293 -1.8126953343440293 2.0617874417769708 0.35322162197732121
leaf_weight=6096 160 440 523 360 235 250
leaf_count=6096 160 440 523 360 235 250
internal_value=-0.000430225 -0.115189 -1.13929 0.0377218 1.3177 0.887235
internal_weight=8064 7419 963 6456 645 410
internal_count=8064 7419 963 6456 645 410
is_linear=0
shrinkage=0.05


Tree=64
num_leaves=7
num_cat=0
split_feature=3 1 8 10 1 10
split_gain=459247 417132 647346 356552 654455 292300
threshold=77.806250000000105 -169.97980000000004 1.0000000180025095e-35 1.0000000180025095e-35 -106.83789999999998 1.0000000180025095e-35
decision_type=2 2 2 2 2 2
left_child=1 5 -3 4 -2 -1
right_child=3 2 -4 -5 -6 -7
leaf_value=-1.58192873793001 -2.0605140383373439 0.33963783477522907 -1.3026244501689823 2.0070028205657602 0.62264813665163166 -0.23977942138872521
leaf_weight=836 256 3118 742 360 1964 788
leaf_count=836 256 3118 742 360 1964 788
internal_value=-0.000409222 -0.259212 0.0236935 0.549585 0.31245 -0.931237
internal_weight=8064 5484 3860 2580 2220 1624
internal_count=8064 5484 3860 2580 2220 1624
is_linear=0
shrinkage=0.05


Tree=65
num_leaves=7
num_cat=0
split_feature=0 8 1 1 14 4
split_gain=455855 612975 892994 432118 196667 53652.9
threshold=2608.4069500000005 1.0000000180025095e-35 197.6532500000001 2723.1649500000008 0.8191520442889918 -8.2794472222217319
decision_type=2 2 2 2 2 2
left_child=4 2 -2 -3 5 -1
right_child=1 3 -4 -5 -6 -7
leaf_value=2.7821886905404027 -0.09278091532389178 -2.0019008370122084 2.1860232295024966 0.47148538214066393 0.15926659168341223 1.488146138638258
leaf_weight=171 6188 649 461 242 194 159
leaf_count=171 6188 649 461 242 194 159
internal_value=-0.000402496 -0.0995813 0.0655221 -1.33034 1.42418 2.16508
internal_weight=8064 7540 6649 891 524 330
internal_count=8064 7540 6649 891 524 330
is_linear=0
shrinkage=0.05


Tree=66
num_leaves=6
num_cat=0
split_feature=3 0 11 0 13
split_gain=422340 419070 649205 253810 121201
threshold=-129.26991249999989 3544.9625500000006 -0.51864980417341167 3147.2914000000005 -0.17364817766692989
decision_type=2 2 2 2 2
left_child=4 3 -3 -2 -1
right_child=1 2 -4 -5 -6
leaf_value=-2.1660837486743927 0.100647694938025 0.5888685066133712 -0.62066679449612883 1.0659489261419137 -0.64678594052791594
leaf_weight=249 1341 1733 3079 1383 279
leaf_count=249 1341 1733 3079 1383 279
internal_value=-0.000351422 0.0955004 -0.185031 0.590951 -1.36601
internal_weight=8064 7536 4812 2724 528
internal_count=8064 7536 4812 2724 528
is_linear=0
shrinkage=0.05


Tree=67
num_leaves=7
num_cat=0
split_feature=3 4 12 1 4 12
split_gain=420166 426766 1.00106e+06 358857 59002.7 79882.8
threshold=211.28978749999968 -33.236151388889077 0.49999999999999978 8.195650000000116 -10.485387500000796 -0.59116893267988335
decision_type=2 2 2 2 2 2
left_child=1 2 -1 -3 -2 -6
right_child=4 3 -4 -5 5 -7
leaf_value=-1.9777597110746221 2.1278229423761368 -0.27793221036037746 1.0452856474320393 0.4772409886499831 1.8632474071227465 0.3217936716018579
leaf_weight=805 174 3411 414 2918 148 194
leaf_count=805 174 3411 414 2918 148 194
internal_value=-0.000344252 -0.0947833 -0.95105 0.0702625 1.37861 0.992343
internal_weight=8064 7548 1219 6329 516 342
internal_count=8064 7548 1219 6329 516 342
is_linear=0
shrinkage=0.05


Tree=68
num_leaves=7
num_cat=0
split_feature=0 8 1 1 14 11
split_gain=397614 571922 773252 379326 177014 51276
threshold=2608.4069500000005 1.0000000180025095e-35 180.96000000000006 2723.1649500000008 0.8191520442889918 0.27976242230339698
decision_type=2 2 2 2 2 2
left_child=4 2 -2 -3 5 -1
right_child=1 3 -4 -5 -6 -7
leaf_value=1.4361819736701622 -0.10010038460634761 -1.9109543816951604 1.8107666096219728 0.40653444540805722 0.13023286342620852 2.7015425123610806
leaf_weight=176 6070 649 579 242 194 154
leaf_count=176 6070 649 579 242 194 154
internal_value=-0.000304845 -0.0929316 0.0665466 -1.28176 1.33017 2.03306
internal_weight=8064 7540 6649 891 524 330
internal_count=8064 7540 6649 891 524 330
is_linear=0
shrinkage=0.05


Tree=69
num_leaves=6
num_cat=0
split_feature=3 11 4 0 0
split_gain=369994 394568 921156 449073 56968.3
threshold=211.28978749999968 0.89665931010743594 -34.098725694444504 3496.8800000000006 4026.2562500000008
decision_type=2 2 2 2 2
left_child=1 3 -3 -1 -2
right_child=4 2 -4 -5 -6
leaf_value=0.64085085779321949 0.73880489260742543 -4.6555421158268642 -0.38069398907460844 -0.23884924386976289 1.7947724769696098
leaf_weight=2167 246 147 850 4384 270
leaf_count=2167 246 147 850 4384 270
internal_value=-0.000261865 -0.0888833 -1.01502 0.0521994 1.29375
internal_weight=8064 7548 997 6551 516
internal_count=8064 7548 997 6551 516
is_linear=0
shrinkage=0.05


Tree=70
num_leaves=6
num_cat=0
split_feature=3 1 8 10 4
split_gain=364852 326596 590719 419437 152918
threshold=-143.74553749999993 8.195650000000116 1.0000000180025095e-35 1.0000000180025095e-35 -6.7384590277783891
decision_type=2 2 2 2 2
left_child=4 3 -3 -2 -1
right_child=1 2 -4 -5 -6
leaf_value=-2.4723365642795607 -0.54460244858263651 0.8374465790899388 -0.55291699831930063 0.60146844736198446 -0.50638800936170147
leaf_weight=195 2939 2543 1091 1095 201
leaf_count=195 2939 2543 1091 1095 201
internal_value=-0.000261797 0.0762494 0.419994 -0.233438 -1.47826
internal_weight=8064 7668 3634 4034 396
internal_count=8064 7668 3634 4034 396
is_linear=0
shrinkage=0.05


Tree=71
num_leaves=7
num_cat=0
split_feature=0 8 1 4 14 4
split_gain=346011 495863 667070 354285 159032 46997.3
threshold=2608.4069500000005 1.0000000180025095e-35 197.6532500000001 -22.805487847222135 0.8191520442889918 -8.2794472222217319
decision_type=2 2 2 2 2 2
left_child=4 2 -2 -3 5 -1
right_child=1 3 -4 -5 -6 -7
leaf_value=2.4839132244330511 -0.074997751625989997 -2.8995337467394475 1.8945594548598514 -0.61040267489176503 0.10362500853263415 1.2751206837780775
leaf_weight=171 6188 226 461 665 194 159
leaf_count=171 6188 226 461 665 194 159
internal_value=-0.000265059 -0.0866725 0.0618234 -1.19363 1.24087 1.90711
internal_weight=8064 7540 6649 891 524 330
internal_count=8064 7540 6649 891 524 330
is_linear=0
shrinkage=0.05


Tree=72
num_leaves=7
num_cat=0
split_feature=4 4 12 2 1 1
split_gain=327857 1.97179e+06 657932 267816 463887 224299
threshold=-15.966647569444147 -19.222128819444375 0.19504389580251646 75.955899999999943 -85.210000000000022 180.96000000000006
decision_type=2 2 2 2 2 2
left_child=1 2 -1 4 -2 -5
right_child=3 -3 -4 5 -6 -7
leaf_value=-0.82986737890469042 -0.20567406913697189 -6.1191495351544747 0.77530597793838907 -0.63810079908960349 0.95427126330316858 0.59699107936141926
leaf_weight=1458 1462 144 1134 1248 2098 520
leaf_count=1458 1462 144 1134 1248 2098 520
internal_value=-0.000238342 -0.445042 -0.127576 0.228215 0.477988 -0.274706
internal_weight=8064 2736 2592 5328 3560 1768
internal_count=8064 2736 2592 5328 3560 1768
is_linear=0
shrinkage=0.05


Tree=73
num_leaves=6
num_cat=0
split_feature=3 0 11 3 4
split_gain=318046 312206 612656 209236 135055
threshold=-143.74553749999993 3572.6925500000002 -0.48087430661751701 125.4215125000003 -6.7384590277783891
decision_type=2 2 2 2 2
left_child=4 3 -3 -2 -1
right_child=1 2 -4 -5 -6
leaf_value=-2.3144023698811629 0.26406908641176779 0.54871390281532706 -0.61898516240988011 1.3148842766444189 -0.46691263181221959
leaf_weight=195 2298 1806 2968 596 201
leaf_count=195 2298 1806 2968 596 201
internal_value=-0.00026031 0.0711748 -0.177223 0.480857 -1.3802
internal_weight=8064 7668 4774 2894 396
internal_count=8064 7668 4774 2894 396
is_linear=0
shrinkage=0.05


Tree=74
num_leaves=7
num_cat=0
split_feature=4 12 11 9 0 3
split_gain=313790 1.15649e+06 1.10645e+06 344254 565511 315027
threshold=-72.935870486111966 0.49999999999999978 -0.36235178784537908 1.0000000180025095e-35 3624.6018000000008 -17.495649999999838
decision_type=2 2 2 2 2 2
left_child=1 2 -1 5 -5 -2
right_child=3 -3 -4 4 -6 -7
leaf_value=0.37896343714613934 -0.24285424516673673 1.5670493755367991 -3.7328748113023114 -0.18927863011978424 -3.2950037322687304 0.519007098810358
leaf_weight=280 2054 336 392 831 177 3994
leaf_count=280 2054 336 392 831 177 3994
internal_value=-0.000255181 -0.82501 -2.02159 0.117667 -0.737354 0.260269
internal_weight=8064 1008 672 7056 1008 6048
internal_count=8064 1008 672 7056 1008 6048
is_linear=0
shrinkage=0.05


Tree=75
num_leaves=7
num_cat=0
split_feature=3 11 4 0 4 12
split_gain=308556 328308 799668 392585 61017.5 75659
threshold=211.28978749999968 -0.48087430661751701 -116.58611111111166 6168.5409000000009 -10.485387500000796 -0.59116893267988335
decision_type=2 2 2 2 2 2
left_child=1 3 -3 -1 -2 -6
right_child=4 2 -4 -5 5 -7
leaf_value=0.59414081292255372 1.9423394751548768 -2.1767506371055982 -0.10460345406427451 -1.1724221709243359 1.6371517658433659 0.13821994710080804
leaf_weight=2355 174 521 4310 362 148 194
leaf_count=2355 174 521 4310 362 148 194
internal_value=-0.000273392 -0.0812032 -0.328479 0.358428 1.18143 0.789762
internal_weight=8064 7548 4831 2717 516 342
internal_count=8064 7548 4831 2717 516 342
is_linear=0
shrinkage=0.05


Tree=76
num_leaves=6
num_cat=0
split_feature=0 8 1 0 11
split_gain=290330 400499 539762 333751 155490
threshold=2553.1991000000003 1.0000000180025095e-35 180.96000000000006 3706.8155000000006 -1.0000000180025095e-35
decision_type=2 2 2 2 2
left_child=4 2 -2 -3 -1
right_child=1 3 -4 -5 -6
leaf_value=0.42879052544565505 -0.072428448768621742 -0.62048085628967009 1.4990378949975907 -3.1840221357464 2.4291844034567478
leaf_weight=218 6119 803 599 150 175
leaf_count=218 6119 803 599 150 175
internal_value=-0.000254401 -0.0682343 0.0678911 -1.02689 1.32346
internal_weight=8064 7671 6718 953 393
internal_count=8064 7671 6718 953 393
is_linear=0
shrinkage=0.05


Tree=77
num_leaves=6
num_cat=0
split_feature=3 11 4 0 4
split_gain=273093 311450 715036 341961 55263.6
threshold=211.28978749999968 0.89665931010743594 -10.195168402777652 3442.1435500000002 -1.4050343749991041
decision_type=2 2 2 2 2
left_child=1 3 -3 -1 -2
right_child=4 2 -4 -5 -6
leaf_value=0.60674517365715619 1.595078872230606 -2.352472511405638 0.33276956251059797 -0.18492862003457422 0.55534677537973998
leaf_weight=1935 275 457 540 4616 241
leaf_count=1935 275 457 540 4616 241
internal_value=-0.000238707 -0.0763758 -0.899202 0.0489687 1.11148
internal_weight=8064 7548 997 6551 516
internal_count=8064 7548 997 6551 516
is_linear=0
shrinkage=0.05


Tree=78
num_leaves=6
num_cat=0
split_feature=3 0 11 11 13
split_gain=266888 257000 259996 218638 114865
threshold=-129.26991249999989 6560.6866500000006 0.69134849440110402 0.69134849440110402 -0.17364817766692989
decision_type=2 2 2 2 2
left_child=4 2 -2 -3 -1
right_child=1 3 -4 -5 -6
leaf_value=-1.8643821471929549 0.31441098488099256 -2.5113596858833569 -0.3788756906402484 -0.0082824834322525291 -0.38683487881507195
leaf_weight=249 5383 172 1805 176 279
leaf_count=249 5383 172 1805 176 279
internal_value=-0.000223346 0.0759729 0.140289 -1.24909 -1.08584
internal_weight=8064 7536 7188 348 528
internal_count=8064 7536 7188 348 528
is_linear=0
shrinkage=0.05


Tree=79
num_leaves=6
num_cat=0
split_feature=3 0 8 1 11
split_gain=255702 310246 290291 281562 202605
threshold=148.60736249999994 6633.2637000000004 1.0000000180025095e-35 -464.97960000000006 -0.10884096748385481
decision_type=2 2 2 2 2
left_child=1 2 -1 -2 -5
right_child=3 -3 -4 4 -6
leaf_value=0.082029498634381873 2.6268550175687544 -1.9172118005362941 -0.85640876067266536 1.7753092119243086 0.012819619498269303
leaf_weight=5711 160 230 962 204 797
leaf_count=5711 160 230 962 204 797
internal_value=-0.000242153 -0.115737 -0.0533667 0.685966 0.373422
internal_weight=8064 6903 6673 1161 1001
internal_count=8064 6903 6673 1161 1001
is_linear=0
shrinkage=0.05


Tree=80
num_leaves=7
num_cat=0
split_feature=0 8 9 1 14 11
split_gain=249442 417430 525788 311531 140250 51533.8
threshold=2608.4069500000005 1.0000000180025095e-35 1.0000000180025095e-35 2723.1649500000008 0.42261826174069944 -1.0000000180025095e-35
decision_type=2 2 2 2 2 2
left_child=4 2 -2 -3 -1 -6
right_child=1 3 -4 -5 5 -7
leaf_value=2.1998439206578637 0.23829150195174439 -1.6594556281194093 -1.0625791662312496 0.44053190608064308 -0.073490562171508109 1.1489749991509224
leaf_weight=176 5752 649 897 242 194 154
leaf_count=176 5752 649 897 242 194 154
internal_value=-0.000219361 -0.0735847 0.0626609 -1.08923 1.05359 0.469228
internal_weight=8064 7540 6649 891 524 348
internal_count=8064 7540 6649 891 524 348
is_linear=0
shrinkage=0.05


Tree=81
num_leaves=7
num_cat=0
split_feature=0 4 11 4 0 13
split_gain=250682 471176 692786 480387 270530 525924
threshold=3496.8800000000006 -6.7384590277783891 -0.51864980417341167 -3.1955857638886296 3147.2914000000005 -0.34202014332566827
decision_type=2 2 2 2 2 2
left_child=4 2 -2 -3 -1 -6
right_child=1 3 -4 -5 5 -7
leaf_value=-0.057022167239593705 0.43655556809871315 2.2491059073106316 -1.2200879867554528 0.053296442744081129 -0.35888959025267181 1.8135034862504555
leaf_weight=1434 964 277 1824 2395 456 714
leaf_count=1434 964 277 1824 2395 456 714
internal_value=-0.000200756 -0.192718 -0.647323 0.281687 0.403384 0.967244
internal_weight=8064 5460 2788 2672 2604 1170
internal_count=8064 5460 2788 2672 2604 1170
is_linear=0
shrinkage=0.05


Tree=82
num_leaves=6
num_cat=0
split_feature=3 0 11 11 4
split_gain=237549 268531 621818 178320 55568.9
threshold=211.28978749999968 3650.46675 -0.48087430661751701 0.98055188006607086 -1.4050343749991041
decision_type=2 2 2 2 2
left_child=1 3 -3 -1 -2
right_child=4 2 -4 -5 -6
leaf_value=0.362995807164539 1.5214703971061154 0.36037764158446661 -0.84473814402310943 -1.365353972533611 0.47949242556760141
leaf_weight=3028 275 1879 2485 156 241
leaf_count=3028 275 1879 2485 156 241
internal_value=-0.000172639 -0.0711823 -0.32589 0.277913 1.03668
internal_weight=8064 7548 4364 3184 516
internal_count=8064 7548 4364 3184 516
is_linear=0
shrinkage=0.05


Tree=83
num_leaves=6
num_cat=0
split_feature=3 1 8 10 4
split_gain=232637 211306 417083 343373 110537
threshold=-143.74553749999993 8.195650000000116 1.0000000180025095e-35 1.0000000180025095e-35 -6.7384590277783891
decision_type=2 2 2 2 2
left_child=4 3 -3 -2 -1
right_child=1 2 -4 -5 -6
leaf_value=-2.0254359069983567 -0.46970961309823711 0.68820559405366621 -0.48007434752220529 0.56724199185243052 -0.35453649086527306
leaf_weight=195 2939 2543 1091 1095 201
leaf_count=195 2939 2543 1091 1095 201
internal_value=-0.000160819 0.0609343 0.337429 -0.188166 -1.18036
internal_weight=8064 7668 3634 4034 396
internal_count=8064 7668 3634 4034 396
is_linear=0
shrinkage=0.05


Tree=84
num_leaves=6
num_cat=0
split_feature=0 9 4 4 11
split_gain=228836 343737 518724 472803 129817
threshold=2553.1991000000003 1.0000000180025095e-35 -19.222128819444375 -116.58611111111166 -1.0000000180025095e-35
decision_type=2 2 2 2 2
left_child=4 3 -3 -2 -1
right_child=1 2 -4 -5 -6
leaf_value=0.35774017595537178 -1.1642836600648658 0.59674138693192169 -1.8138487397175362 0.20965594361421669 2.1853178935358302
leaf_weight=218 698 349 616 6008 175
leaf_count=218 698 349 616 6008 175
internal_value=-0.000165636 -0.0605184 -0.942324 0.0664959 1.17503
internal_weight=8064 7671 965 6706 393
internal_count=8064 7671 965 6706 393
is_linear=0
shrinkage=0.05


Tree=85
num_leaves=7
num_cat=0
split_feature=0 0 4 11 3 4
split_gain=214150 518284 343324 214701 166535 167677
threshold=3650.46675 4161.0631500000009 -5.0424368055560072 -0.32136297141497078 -50.928749999999575 -22.805487847222135
decision_type=2 2 2 2 2 2
left_child=4 3 -3 -2 5 -1
right_child=1 2 -4 -5 -6 -7
leaf_value=0.864455575047403 0.45762600705430317 -0.43287152125463479 0.521217260678834 -1.6262793164836797 0.48287562400319417 -0.85556882127420986
leaf_weight=195 147 1904 1866 763 2678 511
leaf_count=195 147 1904 1866 763 2678 511
internal_value=-0.000155055 -0.219239 0.0393775 -1.28952 0.302808 -0.379941
internal_weight=8064 4680 3770 910 3384 706
internal_count=8064 4680 3770 910 3384 706
is_linear=0
shrinkage=0.05


Tree=86
num_leaves=7
num_cat=0
split_feature=3 1 1 1 8 0
split_gain=207257 323932 369404 216515 311849 283341
threshold=105.14874999999985 -464.97960000000006 -106.83789999999998 -169.97980000000004 1.0000000180025095e-35 3680.1888500000005
decision_type=2 2 2 2 2 2
left_child=3 -2 -3 5 -5 -1
right_child=1 2 -4 4 -6 -7
leaf_value=0.41115179354492881 2.054004551775451 -1.9630916820483262 0.44703332288972564 0.25063364241884328 -0.82092269402973006 -1.0078118007733345
leaf_weight=487 270 177 1488 3541 839 1262
leaf_count=487 270 177 1488 3541 839 1262
internal_value=-0.000150948 0.450846 0.189797 -0.142586 0.0452338 -0.6127
internal_weight=8064 1935 1665 6129 4380 1749
internal_count=8064 1935 1665 6129 4380 1749
is_linear=0
shrinkage=0.05


Tree=87
num_leaves=6
num_cat=0
split_feature=0 9 2 4 11
split_gain=201483 319636 504134 405490 114657
threshold=2553.1991000000003 1.0000000180025095e-35 -118.53479999999989 -116.58611111111166 -1.0000000180025095e-35
decision_type=2 2 2 2 2
left_child=4 3 -3 -2 -1
right_child=1 2 -4 -5 -6
leaf_value=0.33450241101114719 -1.0741039206453056 0.90541041412678647 -1.6260915611611513 0.19827974743416998 2.0520406026054512
leaf_weight=218 698 274 691 6008 175
leaf_count=218 698 274 691 6008 175
internal_value=-0.000147298 -0.0567783 -0.907109 0.0657022 1.10258
internal_weight=8064 7671 965 6706 393
internal_count=8064 7671 965 6706 393
is_linear=0
shrinkage=0.05


Tree=88
num_leaves=5
num_cat=0
split_feature=3 2 1 9
split_gain=199324 210881 336338 200181
threshold=-164.65491249999988 75.955899999999943 -85.210000000000022 1.0000000180025095e-35
decision_type=2 2 2 2
left_child=-1 2 -2 -3
right_child=1 3 -4 -5
leaf_value=-1.3487039244399881 -0.23650799245943663 -0.16353004177170383 0.55423099324107172 -1.486895705856178
leaf_weight=264 2357 1981 3129 333
leaf_count=264 2357 1981 3129 333
internal_value=-0.000135039 0.0456759 0.214517 -0.354531
internal_weight=8064 7800 5486 2314
internal_count=8064 7800 5486 2314
is_linear=0
shrinkage=0.05


Tree=89
num_leaves=7
num_cat=0
split_feature=8 4 1 2 2 4
split_gain=194382 539542 452033 301664 248624 152623
threshold=1.0000000180025095e-35 -24.806723263888895 180.96000000000006 75.955899999999943 211.4650000000004 12.384294097222211
decision_type=2 2 2 2 2 2
left_child=2 -2 3 -1 -4 -3
right_child=1 5 4 -5 -6 -7
leaf_value=0.1788764289958964 -3.45296834609118 0.19859883602135062 1.9808187891939533 -0.60646114832601394 -0.18803725803411137 -1.1614181463616322
leaf_weight=4603 144 720 460 1664 185 288
leaf_count=4603 144 720 460 1664 185 288
internal_value=-0.000144909 -0.601163 0.100097 -0.0297082 1.35942 -0.190743
internal_weight=8064 1152 6912 6267 645 1008
internal_count=8064 1152 6912 6267 645 1008
is_linear=0
shrinkage=0.05


Tree=90
num_leaves=7
num_cat=0
split_feature=0 4 11 4 0 13
split_gain=194067 361579 571008 442369 213378 461483
threshold=3496.8800000000006 -6.7384590277783891 -0.51864980417341167 -2.3392499999995375 3147.2914000000005 -0.34202014332566827
decision_type=2 2 2 2 2 2
left_child=4 2 -2 -3 -1 -6
right_child=1 3 -4 -5 5 -7
leaf_value=-0.053947605066754258 0.41621662620744559 1.7110556863903725 -1.0877812971725855 -0.036356752975050442 -0.38643166103952564 1.6484460005143307
leaf_weight=1434 964 431 1824 2241 456 714
leaf_count=1434 964 431 1824 2241 456 714
internal_value=-0.000156578 -0.169545 -0.567785 0.24604 0.354942 0.855713
internal_weight=8064 5460 2788 2672 2604 1170
internal_count=8064 5460 2788 2672 2604 1170
is_linear=0
shrinkage=0.05


Tree=91
num_leaves=7
num_cat=0
split_feature=0 8 9 1 12 0
split_gain=193849 416145 420065 335857 128738 127904
threshold=2650.0974500000007 1.0000000180025095e-35 1.0000000180025095e-35 2523.9348500000001 0.72219205899833583 2482.2500000000005
decision_type=2 2 2 2 2 2
left_child=4 2 -2 -3 -1 -6
right_child=1 3 -4 -5 5 -7
leaf_value=1.790291939786248 0.21167980812344178 -2.0236910139960811 -0.98778744035042365 0.01082052914477185 1.043570312774514 -0.70323854390117857
leaf_weight=225 5752 462 835 361 250 179
leaf_count=225 5752 462 835 361 250 179
internal_value=-0.000135038 -0.0730061 0.0595027 -1.13234 0.824365 0.314775
internal_weight=8064 7410 6587 823 654 429
internal_count=8064 7410 6587 823 654 429
is_linear=0
shrinkage=0.05


Tree=92
num_leaves=7
num_cat=0
split_feature=0 0 4 11 4 11
split_gain=188517 421831 276007 178008 152288 124313
threshold=3650.46675 4161.0631500000009 -72.935870486111966 -0.32136297141497078 20.190174305555505 0.98055188006607086
decision_type=2 2 2 2 2 2
left_child=4 3 -3 -2 5 -1
right_child=1 2 -4 -5 -6 -7
leaf_value=0.48585149372765735 0.4195901330459762 -1.0845196487604347 0.19210855087953521 -1.4778917237267835 -0.6182156214912008 -0.94307507767070153
leaf_weight=2814 147 485 3285 763 410 160
leaf_count=2814 147 485 3285 763 410 160
internal_value=-0.000132367 -0.205686 0.0276298 -1.17125 0.284121 0.408685
internal_weight=8064 4680 3770 910 3384 2974
internal_count=8064 4680 3770 910 3384 2974
is_linear=0
shrinkage=0.05


Tree=93
num_leaves=7
num_cat=0
split_feature=3 11 4 0 2 1
split_gain=179296 214935 521328 348489 72335.1 95494
threshold=195.24718750000059 -0.48087430661751701 -33.236151388889077 6168.5409000000009 68.114549999999795 95.79299999999968
decision_type=2 2 2 2 2 2
left_child=1 3 -3 -1 5 -2
right_child=4 2 -4 -5 -6 -7
leaf_value=0.51001127194190798 0.51309697110144814 -1.4707883896183938 -0.042661355147681379 -1.1552569012370568 0.046835005338801895 2.0145694514115653
leaf_weight=2336 243 761 3960 362 214 188
leaf_count=2336 243 761 3960 362 214 188
internal_value=-0.000144511 -0.0697014 -0.273131 0.286231 0.798791 1.17118
internal_weight=8064 7419 4721 2698 645 431
internal_count=8064 7419 4721 2698 645 431
is_linear=0
shrinkage=0.05


Tree=94
num_leaves=5
num_cat=0
split_feature=3 2 1 9
split_gain=171588 183319 281405 175515
threshold=-164.65491249999988 75.955899999999943 -85.210000000000022 1.0000000180025095e-35
decision_type=2 2 2 2
left_child=-1 2 -2 -3
right_child=1 3 -4 -5
leaf_value=-1.2513635893984927 -0.21276158777229881 -0.15192237422997967 0.51052600765237799 -1.3910763499505461
leaf_weight=264 2357 1981 3129 333
leaf_count=264 2357 1981 3129 333
internal_value=-0.000134708 0.0423696 0.199791 -0.330769
internal_weight=8064 7800 5486 2314
internal_count=8064 7800 5486 2314
is_linear=0
shrinkage=0.05


Tree=95
num_leaves=7
num_cat=0
split_feature=8 4 1 2 2 4
split_gain=171171 462758 384188 263949 214446 135553
threshold=1.0000000180025095e-35 -24.806723263888895 180.96000000000006 75.955899999999943 211.4650000000004 12.384294097222211
decision_type=2 2 2 2 2 2
left_child=2 -2 3 -1 -4 -3
right_child=1 5 4 -5 -6 -7
leaf_value=0.1693652269915944 -3.2052375747417581 0.18289441389087252 1.8320103289894842 -0.5652414962121316 -0.18222324828947745 -1.0988165849942237
leaf_weight=4603 144 720 460 1664 185 288
leaf_count=4603 144 720 460 1664 185 288
internal_value=-0.000143449 -0.564138 0.0939236 -0.025745 1.2549 -0.184035
internal_weight=8064 1152 6912 6267 645 1008
internal_count=8064 1152 6912 6267 645 1008
is_linear=0
shrinkage=0.05


Tree=96
num_leaves=7
num_cat=0
split_feature=0 9 8 4 0 4
split_gain=168796 389014 321458 137658 121500 103981
threshold=3650.46675 1.0000000180025095e-35 1.0000000180025095e-35 20.190174305555505 2650.0974500000007 23.832160416667197
decision_type=2 2 2 2 2 2
left_child=3 2 -2 4 -1 -5
right_child=1 -3 -4 5 -6 -7
leaf_value=1.0472397768246917 -0.016704803695794437 -2.50758887226241 -2.1287636173849411 -1.2274931690692903 0.23242559649930183 0.39976928782315907
leaf_weight=564 4319 174 187 249 2410 161
leaf_count=564 4319 174 187 249 2410 161
internal_value=-0.000154054 -0.194659 -0.104809 0.268821 0.38725 -0.589077
internal_weight=8064 4680 4506 3384 2974 410
internal_count=8064 4680 4506 3384 2974 410
is_linear=0
shrinkage=0.05


Tree=97
num_leaves=6
num_cat=0
split_feature=3 0 11 8 0
split_gain=158310 183651 410754 133562 51360.7
threshold=211.28978749999968 3650.46675 -0.48087430661751701 1.0000000180025095e-35 4026.2562500000008
decision_type=2 2 2 2 2
left_child=1 3 -3 -1 -2
right_child=4 2 -4 -5 -6
leaf_value=0.43315799575805169 0.32167920004501038 0.28898668626680019 -0.69047780710970053 -0.28670623606920176 1.3212714095617133
leaf_weight=2288 246 1879 2485 896 270
leaf_count=2288 246 1879 2485 896 270
internal_value=-0.000172397 -0.0581414 -0.268782 0.230557 0.846266
internal_weight=8064 7548 4364 3184 516
internal_count=8064 7548 4364 3184 516
is_linear=0
shrinkage=0.05


Tree=98
num_leaves=7
num_cat=0
split_feature=0 8 9 1 14 4
split_gain=151062 342602 365272 299459 112608 52195.1
threshold=2650.0974500000007 1.0000000180025095e-35 1.0000000180025095e-35 2523.9348500000001 0.42261826174069944 -8.2794472222217319
decision_type=2 2 2 2 2 2
left_child=4 2 -2 -3 -1 -6
right_child=1 3 -4 -5 5 -7
leaf_value=1.4935662535231036 0.19765333913670724 -1.8673340631773614 -0.92085289421834438 0.053656937153135222 0.76095147802230512 -0.41130583138045873
leaf_weight=276 5752 462 835 361 186 192
leaf_count=276 5752 462 835 361 186 192
internal_value=-0.000155173 -0.0644832 0.0557478 -1.02567 0.727685 0.166005
internal_weight=8064 7410 6587 823 654 378
internal_count=8064 7410 6587 823 654 378
is_linear=0
shrinkage=0.05


Tree=99
num_leaves=7
num_cat=0
split_feature=0 4 4 9 11 0
split_gain=155509 268000 425940 410880 237355 310334
threshold=3442.1435500000002 -6.7384590277783891 -3.1955857638886296 1.0000000180025095e-35 0.62577451934763018 2981.6392500000006
decision_type=2 2 2 2 2 2
left_child=4 3 -3 -2 5 -1
right_child=1 2 -4 -5 -6 -7
leaf_value=0.018045149741973434 -0.33134435922627314 2.0261475127461046 -0.00059069647406382502 -2.907774713172055 -0.51925967682728025 1.3534216617581285
leaf_weight=940 2752 288 2517 163 595 809
leaf_count=940 2752 288 2517 163 595 809
internal_value=-0.000151711 -0.140709 0.20815 -0.47636 0.34276 0.636144
internal_weight=8064 5720 2805 2915 2344 1749
internal_count=8064 5720 2805 2915 2344 1749
is_linear=0
shrinkage=0.05


end of trees

feature_importances:
Column_3=136
Column_4=94
Column_0=88
Column_11=83
Column_1=75
Column_8=25
Column_2=18
Column_10=16
Column_12=15
Column_9=11
Column_13=6
Column_14=6

parameters:
[boosting: gbdt]
[objective: regression]
[metric: l2]
[tree_learner: serial]
[device_type: cpu]
[data_sample_strategy: bagging]
[data: ]
[valid: ]
[num_iterations: 100]
[learning_rate: 0.05]
[num_leaves: 7]
[num_threads: 1]
[seed: 20250911]
[deterministic: 1]
[force_col_wise: 1]
[force_row_wise: 0]
[histogram_pool_size: -1]
[max_depth: 3]
[min_data_in_leaf: 144]
[min_sum_hessian_in_leaf: 0.001]
[bagging_fraction: 1]
[pos_bagging_fraction: 1]
[neg_bagging_fraction: 1]
[bagging_freq: 0]
[bagging_seed: 20250911]
[bagging_by_query: 0]
[feature_fraction: 1]
[feature_fraction_bynode: 1]
[feature_fraction_seed: 20250911]
[extra_trees: 0]
[extra_seed: 26685]
[early_stopping_round: 0]
[early_stopping_min_delta: 0]
[first_metric_only: 0]
[max_delta_step: 0]
[lambda_l1: 0]
[lambda_l2: 1]
[linear_lambda: 0]
[min_gain_to_split: 0]
[drop_rate: 0.1]
[max_drop: 50]
[skip_drop: 0.5]
[xgboost_dart_mode: 0]
[uniform_drop: 0]
[drop_seed: 2504]
[top_rate: 0.2]
[other_rate: 0.1]
[min_data_per_group: 100]
[max_cat_threshold: 32]
[cat_l2: 10]
[cat_smooth: 10]
[max_cat_to_onehot: 4]
[top_k: 20]
[monotone_constraints: ]
[monotone_constraints_method: basic]
[monotone_penalty: 0]
[feature_contri: ]
[forcedsplits_filename: ]
[refit_decay_rate: 0.9]
[cegb_tradeoff: 1]
[cegb_penalty_split: 0]
[cegb_penalty_feature_lazy: ]
[cegb_penalty_feature_coupled: ]
[path_smooth: 0]
[interaction_constraints: ]
[verbosity: -1]
[saved_feature_importance_type: 0]
[use_quantized_grad: 0]
[num_grad_quant_bins: 4]
[quant_train_renew_leaf: 0]
[stochastic_rounding: 1]
[linear_tree: 0]
[max_bin: 63]
[max_bin_by_feature: ]
[min_data_in_bin: 3]
[bin_construct_sample_cnt: 200000]
[data_random_seed: 20250911]
[is_enable_sparse: 1]
[enable_bundle: 1]
[use_missing: 1]
[zero_as_missing: 0]
[feature_pre_filter: 0]
[pre_partition: 0]
[two_round: 0]
[header: 0]
[label_column: ]
[weight_column: ]
[group_column: ]
[ignore_column: ]
[categorical_feature: ]
[forcedbins_filename: ]
[precise_float_parser: 0]
[parser_config_file: ]
[objective_seed: 19683]
[num_class: 1]
[is_unbalance: 0]
[scale_pos_weight: 1]
[sigmoid: 1]
[boost_from_average: 1]
[reg_sqrt: 0]
[alpha: 0.9]
[fair_c: 1]
[poisson_max_delta_step: 0.7]
[tweedie_variance_power: 1.5]
[lambdarank_truncation_level: 30]
[lambdarank_norm: 1]
[label_gain: ]
[lambdarank_position_bias_regularization: 0]
[eval_at: ]
[multi_error_top_k: 1]
[auc_mu_weights: ]
[num_machines: 1]
[local_listen_port: 12400]
[time_out: 120]
[machine_list_filename: ]
[machines: ]
[gpu_platform_id: -1]
[gpu_device_id: -1]
[gpu_device_id_list: ]
[gpu_use_dp: 0]
[num_gpu: 1]

end of parameters

pandas_categorical:null
