tree
version=v4
num_class=1
num_tree_per_iteration=1
label_index=0
max_feature_idx=14
objective=regression
feature_names=Column_0 Column_1 Column_2 Column_3 Column_4 Column_5 Column_6 Column_7 Column_8 Column_9 Column_10 Column_11 Column_12 Column_13 Column_14
feature_infos=[2081.9499999999998:6978.6701999999996] [-3944.6468000000004:3761.2650000000003] [-721.10999999999967:900.63000000000011] [-684.64274999999998:353.61749999999984] [-39.347378472221862:156.85130763888901] [0:1] [0:1] [0:1] [0:1] [0:1] [0:1] [-1:1] [-1:1] [-1:1] [-1:1]
tree_sizes=757 770 766 769 766 773 768 771 772 768 758 774 755 772 769 769 772 755 769 769 773 770 766 760 768 762 773 766 759 749 774 756 780 761 778 770 758 757 780 756 767 765 764 760 772 761 755 752 746 750 748 746 756 752 753 755 668 752 749 751 663 588 500 750 760 740 748 660 585 580 750 583 751 587 582 744 746 582 581 582 588 751 583 752 582 581 747 750 587 743 749 584 667 742 743 580 749 748 750 670

Tree=0
num_leaves=7
num_cat=0
split_feature=3 3 3 4 4 1
split_gain=4.74974e+07 8.9233e+06 7.51284e+06 5.98344e+06 3.44099e+06 2.89389e+06
threshold=1.0000000180025095e-35 93.878500000000273 -105.18696249999947 76.669907638888404 76.669907638888404 -124.26954999999974
decision_type=2 2 2 2 2 2
left_child=2 4 5 -4 -2 -1
right_child=1 -3 3 -5 -6 -7
leaf_value=5.1188633207181109 15.464631462465682 21.270885979454988 10.873222145100591 18.070462029788018 20.836626398932143 9.6141260015130179
leaf_weight=749 2243 1290 2420 327 343 692
leaf_count=749 2243 1290 2420 327 343 692
internal_value=13.8873 17.8755 10.1961 11.7312 16.1796 7.27313
internal_weight=8064 3876 4188 2747 2586 1441
internal_count=8064 3876 4188 2747 2586 1441
is_linear=0
shrinkage=1


Tree=1
num_leaves=7
num_cat=0
split_feature=3 3 3 4 4 1
split_gain=4.28705e+07 8.12602e+06 6.78186e+06 5.40116e+06 2.69438e+06 2.61207e+06
threshold=1.0000000180025095e-35 81.900800000000132 -105.18696249999947 76.669907638888404 76.669907638888404 -124.26954999999974
decision_type=2 2 2 2 2 2
left_child=2 4 5 -4 -2 -1
right_child=1 -3 3 -5 -6 -7
leaf_value=-8.3305602496112385 1.2512716699413757 6.595556359365343 -2.8633969751758697 3.9746808435313583 6.2453804010573108 -4.0597844302998309
leaf_weight=749 2017 1548 2420 327 311 692
leaf_count=749 2017 1548 2420 327 311 692
internal_value=2.50661e-05 3.78905 -3.50679 -2.04825 1.92084 -6.28388
internal_weight=8064 3876 4188 2747 2328 1441
internal_count=8064 3876 4188 2747 2328 1441
is_linear=0
shrinkage=0.05


Tree=2
num_leaves=7
num_cat=0
split_feature=3 3 3 4 4 1
split_gain=3.86941e+07 7.36861e+06 6.18679e+06 4.43109e+06 2.84057e+06 2.6906e+06
threshold=1.0000000180025095e-35 93.878500000000273 -90.32018749999996 76.669907638888404 76.669907638888404 -124.26954999999974
decision_type=2 2 2 2 2 2
left_child=2 4 5 -4 -2 -1
right_child=1 -3 3 -5 -6 -7
leaf_value=-7.59488712573817 1.4090915894882885 6.6852094051180702 -2.5117101590939437 4.0260586798596547 6.2899194246114689 -3.611939936570403
leaf_weight=871 2243 1290 2192 293 343 832
leaf_count=871 2243 1290 2192 293 343 832
internal_value=4.12254e-05 3.59978 -3.33158 -1.73955 2.05865 -5.65228
internal_weight=8064 3876 4188 2485 2586 1703
internal_count=8064 3876 4188 2485 2586 1703
is_linear=0
shrinkage=0.05


Tree=3
num_leaves=7
num_cat=0
split_feature=3 3 3 4 4 2
split_gain=3.49246e+07 6.71312e+06 5.58914e+06 4.44391e+06 2.24071e+06 2.19101e+06
threshold=1.0000000180025095e-35 81.900800000000132 -105.18696249999947 76.669907638888404 76.669907638888404 265.0923999999996
decision_type=2 2 2 2 2 2
left_child=2 5 -1 -4 -3 -2
right_child=1 4 3 -5 -6 -7
leaf_value=-5.6862005218470806 1.2868634127726366 5.2245437861573825 -2.5804411800085072 3.6221294214812723 10.865696217207349 7.1366403848621891
leaf_weight=1441 2156 1345 2420 327 203 172
leaf_count=1441 2156 1345 2420 327 203 172
internal_value=6.82372e-05 3.41997 -3.16512 -1.84104 5.97084 1.72194
internal_weight=8064 3876 4188 2747 1548 2328
internal_count=8064 3876 4188 2747 1548 2328
is_linear=0
shrinkage=0.05


Tree=4
num_leaves=7
num_cat=0
split_feature=3 3 1 4 3 4
split_gain=3.15232e+07 6.10931e+06 5.38966e+06 4.25195e+06 3.13065e+06 2.84291e+06
threshold=1.0000000180025095e-35 114.25627499999997 -46.94019999999977 117.93185763888893 -132.9774625000002 76.669907638888404
decision_type=2 2 2 2 2 2
left_child=2 5 4 -4 -1 -2
right_child=1 -3 3 -5 -6 -7
leaf_value=-7.4693986928250427 1.5508791480039976 6.8492503454694447 -2.06008241303469 4.4334771014176884 -3.4277276089592714 6.1220960465563961
leaf_weight=686 2582 903 1607 298 1597 391
leaf_count=686 2582 903 1607 298 1597 391
internal_value=0.000188012 3.24929 -3.00692 -1.0425 -4.64491 2.15393
internal_weight=8064 3876 4188 1905 2283 2973
internal_count=8064 3876 4188 1905 2283 2973
is_linear=0
shrinkage=0.05


Tree=5
num_leaves=7
num_cat=0
split_feature=3 3 1 4 3 4
split_gain=2.84525e+07 5.65918e+06 4.86502e+06 3.83838e+06 2.84082e+06 1.95326e+06
threshold=1.0000000180025095e-35 81.900800000000132 -46.94019999999977 117.93185763888893 -122.73750000000017 76.669907638888404
decision_type=2 2 2 2 2 2
left_child=2 -2 4 -4 -1 -3
right_child=1 5 3 -5 -6 -7
leaf_value=-6.9166724848989789 1.5279946391949388 4.7325054653851906 -1.9571423491212858 4.2125446965164164 -3.1671535441254282 9.9985486966722164
leaf_weight=757 2328 1345 1607 298 1526 203
leaf_count=757 2328 1345 1607 298 1526 203
internal_value=0.000215817 3.08701 -2.85668 -0.990312 -4.41291 5.42909
internal_weight=8064 3876 4188 1905 2283 1548
internal_count=8064 3876 4188 1905 2283 1548
is_linear=0
shrinkage=0.05


Tree=6
num_leaves=7
num_cat=0
split_feature=3 3 1 2 4 3
split_gain=2.58947e+07 6.3668e+06 3.80492e+06 3.19118e+06 2.96714e+06 2.07569e+06
threshold=-17.318012499999664 70.634924999999853 -17.267449999999595 291.98049999999972 117.93185763888893 146.83901250000011
decision_type=2 2 2 2 2 2
left_child=2 3 -1 -2 -4 -3
right_child=1 5 4 -5 -6 -7
leaf_value=-4.3615680224689148 0.55409661299030633 3.7888064278653264 -2.0663734909536808 7.9312646608322099 4.1480445002472921 7.5465714856953419
leaf_weight=2274 2435 1290 1165 155 229 516
leaf_count=2274 2435 1290 1165 155 229 516
internal_value=0.000257246 2.58812 -3.10109 0.998478 -1.04326 4.86604
internal_weight=8064 4396 3668 2590 1394 1806
internal_count=8064 4396 3668 2590 1394 1806
is_linear=0
shrinkage=0.05


Tree=7
num_leaves=7
num_cat=0
split_feature=3 3 1 2 11 3
split_gain=2.33722e+07 5.74651e+06 3.44896e+06 2.88212e+06 2.75245e+06 2.12356e+06
threshold=-17.318012499999664 70.634924999999853 -46.94019999999977 291.98049999999972 -0.48087430661751701 -192.38750000000024
decision_type=2 2 2 2 2 2
left_child=2 3 5 -2 -4 -1
right_child=1 -3 4 -5 -6 -7
leaf_value=-7.8471973753889177 0.52640314662495669 4.6230475404782725 1.2934382007548177 7.5372434225602021 -2.9336714486528632 -3.5650721722416741
leaf_weight=348 2435 1806 655 155 932 1733
leaf_count=348 2435 1806 655 155 932 1733
internal_value=0.00035312 2.45894 -2.94607 0.948718 -1.18931 -4.28459
internal_weight=8064 4396 3668 2590 1587 2081
internal_count=8064 4396 3668 2590 1587 2081
is_linear=0
shrinkage=0.05


Tree=8
num_leaves=7
num_cat=0
split_feature=3 3 2 11 4 3
split_gain=2.12168e+07 5.98555e+06 3.17548e+06 2.80438e+06 3.45582e+06 2.33642e+06
threshold=-30.055174999999959 70.634924999999853 291.98049999999972 -0.51864980417341167 35.124476736110417 -143.63664999999989
decision_type=2 2 2 2 2 2
left_child=3 2 -2 4 -1 -5
right_child=1 -3 -4 5 -6 -7
leaf_value=-2.2671901857170251 0.34037662624795234 4.392023107802828 7.3199852777052827 -7.5994537541808853 5.4589017591076701 -3.3854794781851751
leaf_weight=1086 2811 1806 172 414 166 1609
leaf_count=1086 2811 1806 172 414 166 1609
internal_value=0.000333277 2.12106 0.74514 -3.10049 -1.23927 -4.25118
internal_weight=8064 4789 2983 3275 1252 2023
internal_count=8064 4789 2983 3275 1252 2023
is_linear=0
shrinkage=0.05


Tree=9
num_leaves=7
num_cat=0
split_feature=3 3 3 4 4 11
split_gain=1.92352e+07 4.2077e+06 3.90363e+06 2.79393e+06 2.7031e+06 1.75216e+06
threshold=1.0000000180025095e-35 135.04760000000013 -90.32018749999996 76.669907638888404 76.669907638888404 -0.51864980417341167
decision_type=2 2 2 2 2 2
left_child=2 3 5 -2 -4 -1
right_child=1 -3 4 -5 -6 -7
leaf_value=-2.3707236434561181 1.2240045575785325 6.2227499295729602 -1.6873901194808312 5.5492312785782563 3.4186474439238204 -5.6077399554808238
leaf_weight=746 2801 645 2192 430 293 957
leaf_count=746 2801 645 2192 430 293 957
internal_value=0.000342999 2.53837 -2.34865 1.80117 -1.08422 -4.19199
internal_weight=8064 3876 4188 3231 2485 1703
internal_count=8064 3876 4188 3231 2485 1703
is_linear=0
shrinkage=0.05


Tree=10
num_leaves=7
num_cat=0
split_feature=3 2 3 3 4 1
split_gain=1.75108e+07 5.19843e+06 4.57475e+06 2.96681e+06 1.70646e+06 330450
threshold=26.143387499999793 365.98205000000058 -67.698100000000053 146.83901250000011 76.669907638888404 211.83799999999999
decision_type=2 2 2 2 2 2
left_child=1 2 -1 4 -2 -5
right_child=3 -3 -4 5 -6 -7
leaf_value=-3.8691065741982706 1.7388484751087052 6.6523485258564179 -0.76180898423271637 5.2898872214017505 5.4519099819080701 7.908967358608769
leaf_weight=2136 2221 173 2659 298 359 218
leaf_count=2136 2221 173 2659 298 359 218
internal_value=0.000367642 -1.83884 -2.14652 2.95129 2.25742 6.40956
internal_weight=8064 4968 4795 3096 2580 516
internal_count=8064 4968 4795 3096 2580 516
is_linear=0
shrinkage=0.05


Tree=11
num_leaves=7
num_cat=0
split_feature=3 3 2 1 11 4
split_gain=1.59435e+07 4.84743e+06 2.78037e+06 2.52359e+06 2.66282e+06 1.59599e+06
threshold=-34.475824999999979 81.900800000000132 291.98049999999972 -124.26954999999974 -0.48087430661751701 76.669907638888404
decision_type=2 2 2 2 2 2
left_child=3 2 -2 -1 -5 -3
right_child=1 5 -4 4 -6 -7
leaf_value=-4.3688716236584844 0.36096918560367836 3.4644458787928145 6.5569328824729993 0.80060145088165313 -3.1546908891218433 8.2202292913023154
leaf_weight=1392 3181 1345 191 726 1026 203
leaf_count=1392 3181 1345 191 726 1026 203
internal_value=0.000488224 1.77761 0.713767 -2.78018 -1.51616 4.09301
internal_weight=8064 4920 3372 3144 1752 1548
internal_count=8064 4920 3372 3144 1752 1548
is_linear=0
shrinkage=0.05


Tree=12
num_leaves=7
num_cat=0
split_feature=3 2 3 3 4 1
split_gain=1.4517e+07 4.52674e+06 4.13307e+06 2.41494e+06 1.55723e+06 294719
threshold=29.888287499999937 365.98205000000058 -90.32018749999996 146.83901250000011 76.669907638888404 211.83799999999999
decision_type=2 2 2 2 2 2
left_child=1 2 -1 4 -2 -5
right_child=3 -3 -4 5 -6 -7
leaf_value=-3.9591121247178713 1.6153150997225691 6.216429605360112 -0.88044755645809447 4.8313666106915001 5.2499239931822519 7.3016331759540867
leaf_weight=1630 2109 177 3290 298 342 218
leaf_count=1630 2109 177 3290 298 342 218
internal_value=0.000537478 -1.61796 -1.90101 2.78055 2.1244 5.88711
internal_weight=8064 5097 4920 2967 2451 516
internal_count=8064 5097 4920 2967 2451 516
is_linear=0
shrinkage=0.05


Tree=13
num_leaves=7
num_cat=0
split_feature=3 2 3 11 4 3
split_gain=1.33307e+07 4.89168e+06 4.86064e+06 2.01692e+06 1.93281e+06 1.16477e+06
threshold=-53.808050000000087 365.98205000000058 70.634924999999853 -0.1950438958025166 76.669907638888404 -143.63664999999989
decision_type=2 2 2 2 2 2
left_child=3 2 -2 4 -1 -5
right_child=1 -3 -4 5 -6 -7
leaf_value=-2.2754130378490736 0.090040745578268744 10.225211874858227 3.3099316757684187 -7.0287857498276622 3.5633157828579778 -3.4935347499002862
leaf_weight=1189 3541 152 1751 309 160 962
leaf_count=1189 3541 152 1751 309 160 962
internal_value=0.000636927 1.41091 1.15585 -2.92913 -1.58078 -4.35786
internal_weight=8064 5444 5292 2620 1349 1271
internal_count=8064 5444 5292 2620 1349 1271
is_linear=0
shrinkage=0.05


Tree=14
num_leaves=7
num_cat=0
split_feature=3 2 3 11 4 3
split_gain=1.20327e+07 4.41814e+06 4.38699e+06 1.8209e+06 1.74512e+06 1.0518e+06
threshold=-53.808050000000087 365.98205000000058 70.634924999999853 -0.1950438958025166 76.669907638888404 -143.63664999999989
decision_type=2 2 2 2 2 2
left_child=3 2 -2 4 -1 -5
right_child=1 -3 -4 5 -6 -7
leaf_value=-2.1617380114957814 0.085539963119150575 9.7172929168916227 3.1445295537206119 -6.6784800927509229 3.386256570105227 -3.3190393888226186
leaf_weight=1189 3541 152 1751 309 160 962
leaf_count=1189 3541 152 1751 309 160 962
internal_value=0.000632295 1.34049 1.09809 -2.78285 -1.50169 -4.14038
internal_weight=8064 5444 5292 2620 1349 1271
internal_count=8064 5444 5292 2620 1349 1271
is_linear=0
shrinkage=0.05


Tree=15
num_leaves=7
num_cat=0
split_feature=3 1 4 1 8 3
split_gain=1.1025e+07 3.53319e+06 3.10518e+06 2.22218e+06 1.79421e+06 1.7315e+06
threshold=26.143387499999793 -17.267449999999595 117.93185763888893 192.83000000000041 1.0000000180025095e-35 -192.38750000000024
decision_type=2 2 2 2 2 2
left_child=1 5 -3 -2 -5 -1
right_child=3 2 -4 4 -6 -7
leaf_value=-5.8277697652944775 1.4469824823932884 -0.74055326425042123 4.5204790728907271 6.3063888689453504 1.943034509977456 -2.1395019636968136
leaf_weight=365 2142 1806 331 525 429 2466
leaf_count=365 2142 1806 331 525 429 2466
internal_value=0.000626543 -1.45874 0.0760614 2.34212 4.34834 -2.61692
internal_weight=8064 4968 2137 3096 954 2831
internal_count=8064 4968 2137 3096 954 2831
is_linear=0
shrinkage=0.05


Tree=16
num_leaves=7
num_cat=0
split_feature=3 4 11 3 11 3
split_gain=1.01097e+07 4.01863e+06 8.2465e+06 3.11426e+06 1.65709e+06 1.57462e+06
threshold=-53.808050000000087 76.669907638888404 -0.1950438958025166 61.084137500000232 -0.1950438958025166 -265.80595000000034
decision_type=2 2 2 2 2 2
left_child=4 3 -3 -2 5 -1
right_child=1 2 -4 -5 -6 -7
leaf_value=-5.0484294304758954 -0.28194712911325298 11.370841534870367 0.27301177436589619 2.3619218008759968 -3.8457436920664971 -0.5442366784318321
leaf_weight=234 2970 281 412 1781 1271 1115
leaf_count=234 2970 281 412 1781 1271 1115
internal_value=0.000629371 1.22876 4.7829 0.709444 -2.55076 -1.3287
internal_weight=8064 5444 693 4751 2620 1349
internal_count=8064 5444 693 4751 2620 1349
is_linear=0
shrinkage=0.05


Tree=17
num_leaves=7
num_cat=0
split_feature=3 2 3 3 4 3
split_gain=9.21338e+06 2.77855e+06 2.37507e+06 2.28361e+06 1.68983e+06 226554
threshold=3.7712375000000979 365.98205000000058 146.83901250000011 -132.9774625000002 76.669907638888404 179.08293750000033
decision_type=2 2 2 2 2 2
left_child=1 3 4 -1 -2 -4
right_child=2 -3 5 -5 -6 -7
leaf_value=-3.9074308847222561 0.86180778341763509 5.0911076174469194 3.8841251574830657 -1.1595922529487088 4.2255341880801387 6.0203296647338798
leaf_weight=992 2800 150 258 3176 430 258
leaf_count=992 2800 150 258 3176 430 258
internal_value=0.00062448 -1.57336 1.81489 -1.81437 1.31078 4.96181
internal_weight=8064 4318 3746 4168 3230 516
internal_count=8064 4318 3746 4168 3230 516
is_linear=0
shrinkage=0.05


Tree=18
num_leaves=7
num_cat=0
split_feature=3 3 2 11 4 3
split_gain=8.41744e+06 2.7773e+06 1.96229e+06 1.93587e+06 1.74843e+06 1.29817e+06
threshold=-34.475824999999979 114.25627499999997 321.27760000000018 -0.55543802234893469 35.124476736110417 -192.38750000000024
decision_type=2 2 2 2 2 2
left_child=3 2 -2 4 -1 -5
right_child=1 -3 -4 5 -6 -7
leaf_value=-1.16290404284549 0.49373873371095267 3.7959724727061999 5.9375876377428201 -6.8240910991194283 4.51086607738665 -2.5418038520585102
leaf_weight=1004 3845 903 172 196 156 1788
leaf_count=1004 3845 903 172 196 156 1788
internal_value=0.000686338 1.29195 0.728253 -2.01976 -0.396652 -2.96808
internal_weight=8064 4920 4017 3144 1160 1984
internal_count=8064 4920 4017 3144 1160 1984
is_linear=0
shrinkage=0.05


Tree=19
num_leaves=7
num_cat=0
split_feature=3 1 11 1 4 3
split_gain=7.72127e+06 3.04934e+06 2.42899e+06 1.74283e+06 1.5267e+06 1.32293e+06
threshold=34.297874999999983 -17.267449999999595 -0.27976242230339682 192.83000000000041 117.93185763888893 -192.38750000000024
decision_type=2 2 2 2 2 2
left_child=1 5 -3 -2 -5 -1
right_child=3 2 -4 4 -6 -7
leaf_value=-5.0193695406933303 1.2480759046415901 1.993884844485412 -1.2729147417039757 2.8536451714914577 7.9214792227570685 -1.8042533793558686
leaf_weight=365 1929 1052 1237 722 187 2572
leaf_count=365 1929 1052 1237 722 187 2572
internal_value=0.000678133 -1.13942 0.228687 2.09976 3.90376 -2.20539
internal_weight=8064 5226 2289 2838 909 2937
internal_count=8064 5226 2289 2838 909 2937
is_linear=0
shrinkage=0.05


Tree=20
num_leaves=7
num_cat=0
split_feature=3 4 11 3 11 3
split_gain=7.1795e+06 3.14568e+06 7.18431e+06 2.25063e+06 1.35319e+06 1.29439e+06
threshold=-53.808050000000087 76.669907638888404 -0.2376293295203116 146.83901250000011 -0.1950438958025166 -265.80595000000034
decision_type=2 2 2 2 2 2
left_child=4 3 -3 -2 5 -1
right_child=1 2 -4 -5 -6 -7
leaf_value=-4.4176971034039845 0.22377247828163244 10.478561771688756 0.070986229089263497 3.9365215250598617 -3.3195608996165298 -0.33415730005016681
leaf_weight=234 4301 273 420 450 1271 1115
leaf_count=234 4301 273 420 450 1271 1115
internal_value=0.000680931 1.03564 4.18013 0.576187 -2.14939 -1.04524
internal_weight=8064 5444 693 4751 2620 1349
internal_count=8064 5444 693 4751 2620 1349
is_linear=0
shrinkage=0.05


Tree=21
num_leaves=7
num_cat=0
split_feature=3 1 4 1 8 3
split_gain=6.53471e+06 2.63754e+06 2.0762e+06 1.50618e+06 1.32878e+06 1.13071e+06
threshold=34.297874999999983 -17.267449999999595 117.93185763888893 192.83000000000041 1.0000000180025095e-35 -122.73750000000017
decision_type=2 2 2 2 2 2
left_child=1 5 -3 -2 -5 -1
right_child=3 2 -4 4 -6 -7
leaf_value=-3.6232401555191522 1.1400230022265041 -0.42042735162665412 3.7391778953058621 5.3052021006879739 1.4519036853380169 -1.4308986076210817
leaf_weight=814 1929 1935 354 508 401 2123
leaf_count=814 1929 1935 354 508 401 2123
internal_value=0.000688032 -1.04816 0.224219 1.93176 3.60881 -2.03954
internal_weight=8064 5226 2289 2838 909 2937
internal_count=8064 5226 2289 2838 909 2937
is_linear=0
shrinkage=0.05


Tree=22
num_leaves=7
num_cat=0
split_feature=3 2 3 11 4 3
split_gain=6.0075e+06 2.77119e+06 2.34861e+06 1.21773e+06 1.16994e+06 715346
threshold=-53.808050000000087 365.98205000000058 81.900800000000132 -0.1950438958025166 76.669907638888404 -143.63664999999989
decision_type=2 2 2 2 2 2
left_child=3 2 -2 4 -1 -5
right_child=1 -3 -4 5 -6 -7
leaf_value=-1.4593314734590044 0.092489333641528698 7.5815793654497945 2.4287379947105316 -5.1682405169067849 3.0827501363265593 -2.39942862501954
leaf_weight=1189 3791 152 1501 309 160 962
leaf_count=1189 3791 152 1501 309 160 962
internal_value=0.000691836 0.947413 0.755466 -1.96608 -0.918727 -3.0761
internal_weight=8064 5444 5292 2620 1349 1271
internal_count=8064 5444 5292 2620 1349 1271
is_linear=0
shrinkage=0.05


Tree=23
num_leaves=7
num_cat=0
split_feature=3 2 1 4 3 3
split_gain=5.43273e+06 2.01346e+06 1.65321e+06 2.45116e+06 1.49558e+06 778632
threshold=3.7712375000000979 365.98205000000058 192.83000000000041 122.17728715277805 -132.9774625000002 161.27161250000043
decision_type=2 2 2 2 2 2
left_child=1 4 5 -4 -1 -2
right_child=2 -3 3 -5 -6 -7
leaf_value=-3.1069828366562504 0.46753847295998557 4.4650193680102461 2.0663665156703273 8.8646212857264981 -0.88328313009006099 3.7749596452961365
leaf_weight=992 2439 150 963 153 3176 191
leaf_count=992 2439 150 963 153 3176 191
internal_value=0.000683024 -1.20797 1.39384 3.00549 -1.41315 0.709079
internal_weight=8064 4318 3746 1116 4168 2630
internal_count=8064 4318 3746 1116 4168 2630
is_linear=0
shrinkage=0.05


Tree=24
num_leaves=7
num_cat=0
split_feature=3 1 4 11 3 3
split_gain=4.99065e+06 2.45876e+06 2.67225e+06 1.11512e+06 1.01602e+06 977029
threshold=-53.808050000000087 96.760549999999753 122.17728715277805 -0.55543802234893469 124.06717499999992 -265.80595000000034
decision_type=2 2 2 2 2 2
left_child=3 4 -3 5 -2 -1
right_child=1 2 -4 -5 -6 -7
leaf_value=-3.616853215688407 -0.28603239847259615 1.4717381087787498 6.6218452648664341 -2.598660134700749 2.8965747558287465 0.30675031606793329
leaf_weight=197 2957 1925 289 1625 273 798
leaf_count=197 2957 1925 289 1625 273 798
internal_value=0.000745885 0.863633 2.14668 -1.79186 -0.0162248 -0.472935
internal_weight=8064 5444 2214 2620 3230 995
internal_count=8064 5444 2214 2620 3230 995
is_linear=0
shrinkage=0.05


Tree=25
num_leaves=7
num_cat=0
split_feature=3 2 1 1 8 3
split_gain=4.60755e+06 2.07373e+06 1.6093e+06 1.11609e+06 1.07596e+06 540883
threshold=34.297874999999983 365.98205000000058 -89.032599999999988 192.83000000000041 1.0000000180025095e-35 161.27161250000043
decision_type=2 2 2 2 2 2
left_child=1 2 -1 5 -5 -2
right_child=3 -3 -4 4 -6 -7
leaf_value=-2.0824489023418127 0.66210666219947534 4.3790202232849529 -0.28217022844613826 4.5922402489659602 1.1255790201215008 3.4595045018863555
leaf_weight=2203 1738 180 2843 508 401 191
leaf_count=2203 1738 180 2843 508 401 191
internal_value=0.00073832 -0.879971 -1.0684 1.62225 3.06586 0.94074
internal_weight=8064 5226 5046 2838 909 1929
internal_count=8064 5226 5046 2838 909 1929
is_linear=0
shrinkage=0.05


Tree=26
num_leaves=7
num_cat=0
split_feature=3 4 11 3 11 0
split_gain=4.23137e+06 2.2021e+06 5.93756e+06 1.4618e+06 1.00964e+06 1.07179e+06
threshold=-53.808050000000087 76.669907638888404 -0.2376293295203116 146.83901250000011 -0.1950438958025166 6331.8837000000012
decision_type=2 2 2 2 2 2
left_child=4 3 -3 -2 5 -1
right_child=1 2 -4 -5 -6 -7
leaf_value=-0.15248081232642843 0.12691198753219865 9.1521582715267691 -0.30850199990133775 3.1190723955499098 -2.6605492077764925 -4.3468770090682165
leaf_weight=1175 4301 273 420 450 1271 174
leaf_count=1175 4301 273 420 450 1271 174
internal_value=0.000774897 0.795315 3.42624 0.410917 -1.64984 -0.696312
internal_weight=8064 5444 693 4751 2620 1349
internal_count=8064 5444 693 4751 2620 1349
is_linear=0
shrinkage=0.05


Tree=27
num_leaves=7
num_cat=0
split_feature=3 1 11 1 8 3
split_gain=3.90056e+06 1.81884e+06 1.80587e+06 968188 1.12817e+06 869355
threshold=34.297874999999983 -17.267449999999595 -0.27976242230339682 211.83799999999999 1.0000000180025095e-35 -192.38750000000024
decision_type=2 2 2 2 2 2
left_child=1 5 -3 -2 -5 -1
right_child=3 2 -4 4 -6 -7
leaf_value=-3.9137396466780885 0.9006745025130819 1.7690345103704748 -1.0477550937524081 4.7296382035507873 1.0291172606138448 -1.3077419611868972
leaf_weight=365 2013 1052 1237 424 401 2572
leaf_count=365 2013 1052 1237 424 401 2572
internal_value=0.000766718 -0.809561 0.247019 1.49269 2.93438 -1.63283
internal_weight=8064 5226 2289 2838 825 2937
internal_count=8064 5226 2289 2838 825 2937
is_linear=0
shrinkage=0.05


Tree=28
num_leaves=7
num_cat=0
split_feature=3 4 11 3 11 3
split_gain=3.56615e+06 1.94274e+06 5.28679e+06 1.29339e+06 882532 834506
threshold=-53.808050000000087 76.669907638888404 -0.48087430661751701 179.08293750000033 -0.55543802234893469 -265.80595000000034
decision_type=2 2 2 2 2 2
left_child=4 3 -3 -2 5 -1
right_child=1 2 -4 -5 -6 -7
leaf_value=-3.2469595497003709 0.182184509676979 9.5226789068696771 0.18815403019657434 4.0101376962045148 -2.2323201757601403 0.37912911393205273
leaf_weight=197 4520 223 470 231 1625 798
leaf_count=197 4520 223 470 231 1625 798
internal_value=0.000741761 0.730158 3.2013 0.369109 -1.51458 -0.341339
internal_weight=8064 5444 693 4751 2620 995
internal_count=8064 5444 693 4751 2620 995
is_linear=0
shrinkage=0.05


Tree=29
num_leaves=7
num_cat=0
split_feature=3 2 3 1 4 3
split_gain=3.3168e+06 1.63756e+06 1.32098e+06 835219 847159 406398
threshold=34.297874999999983 365.98205000000058 -132.9774625000002 192.83000000000041 117.93185763888893 161.27161250000043
decision_type=2 2 2 2 2 2
left_child=1 2 -1 5 -5 -2
right_child=3 -3 -4 4 -6 -7
leaf_value=-2.5484277056003966 0.54549063185873636 3.9267952825812347 -0.51343790244838194 1.8436878714205525 5.6173952425493212 2.9702499363105748
leaf_weight=992 1738 180 4054 722 187 191
leaf_count=992 1738 180 4054 722 187 191
internal_value=0.000759253 -0.746476 -0.913925 1.37652 2.62534 0.786993
internal_weight=8064 5226 5046 2838 909 1929
internal_count=8064 5226 5046 2838 909 1929
is_linear=0
shrinkage=0.05


Tree=30
num_leaves=7
num_cat=0
split_feature=3 11 4 1 11 3
split_gain=3.01216e+06 1.23093e+06 1.90165e+06 1.11372e+06 1.34386e+06 930557
threshold=-17.318012499999664 -0.55543802234893469 76.669907638888404 96.760549999999753 -0.1950438958025166 -192.38750000000024
decision_type=2 2 2 2 2 2
left_child=1 2 -1 -2 -5 -3
right_child=3 5 -4 4 -6 -7
leaf_value=-0.52161255147363039 0.17624541307425171 -5.0290086893865906 5.3940015870255316 3.3838983210680098 0.69917006845506591 -1.4375098514522691
leaf_weight=1152 2457 196 153 779 1160 2167
leaf_count=1152 2457 196 153 779 1160 2167
internal_value=0.000794702 -1.05696 0.175541 0.883418 1.77896 -1.73741
internal_weight=8064 3668 1305 4396 1939 2363
internal_count=8064 3668 1305 4396 1939 2363
is_linear=0
shrinkage=0.05


Tree=31
num_leaves=7
num_cat=0
split_feature=3 11 4 3 3 0
split_gain=2.7822e+06 1.53164e+06 3.06665e+06 978639 825042 616116
threshold=26.143387499999793 -0.55543802234893469 76.669907638888404 -192.38750000000024 146.83901250000011 6122.4693500000003
decision_type=2 2 2 2 2 2
left_child=1 2 -1 -3 5 -2
right_child=4 3 -4 -5 -6 -7
leaf_value=-0.3090377773915976 1.1834796420232281 -4.7788346453669108 6.161734644569564 -1.1426874294758376 3.0003736488449047 -0.79128635968684058
leaf_weight=1477 2094 196 208 3087 516 486
leaf_count=1477 2094 196 208 3087 516 486
internal_value=0.00077149 -0.732341 0.492909 -1.36116 1.17702 0.811326
internal_weight=8064 4968 1685 3283 3096 2580
internal_count=8064 4968 1685 3283 3096 2580
is_linear=0
shrinkage=0.05


Tree=32
num_leaves=7
num_cat=0
split_feature=1 4 1 10 1 8
split_gain=2.6404e+06 1.69333e+06 3.04731e+06 1.61398e+06 1.62856e+06 1.01911e+06
threshold=-8.1401000000000732 122.17728715277805 269.85629999999998 1.0000000180025095e-35 -168.86499999999998 1.0000000180025095e-35
decision_type=2 2 2 2 2 2
left_child=3 5 -3 4 -1 -2
right_child=1 2 -4 -5 -6 -7
leaf_value=-3.4025371402908768 1.0603182523300347 0.93974698831042847 9.4299864392991992 0.63061426468550175 -0.7720216056748137 -0.73160703864175347
leaf_weight=860 2559 333 154 1148 1861 1149
leaf_count=860 2559 333 154 1148 1861 1149
internal_value=0.000753516 0.86954 3.63837 -0.941218 -1.60437 0.505006
internal_weight=8064 4195 487 3869 2721 3708
internal_count=8064 4195 487 3869 2721 3708
is_linear=0
shrinkage=0.05


Tree=33
num_leaves=7
num_cat=0
split_feature=3 4 11 3 3 11
split_gain=2.42377e+06 1.43442e+06 4.3344e+06 976810 709006 890138
threshold=-53.808050000000087 76.669907638888404 -0.1950438958025166 179.08293750000033 -192.38750000000024 1.0000000180025095e-35
decision_type=2 2 2 2 2 2
left_child=4 3 -3 -2 -1 -6
right_child=1 2 -4 -5 5 -7
leaf_value=-2.8919715241193771 0.12943010345427661 7.5017005414616138 -0.54237159904787091 3.4560656145343494 0.16401419981072349 -1.8970138489843251
leaf_weight=524 4520 281 412 231 1079 1017
leaf_count=524 4520 281 412 231 1079 1017
internal_value=0.000760197 0.602101 2.72548 0.291869 -1.2485 -0.836445
internal_weight=8064 5444 693 4751 2620 2096
internal_count=8064 5444 693 4751 2620 2096
is_linear=0
shrinkage=0.05


Tree=34
num_leaves=7
num_cat=0
split_feature=1 11 4 10 1 4
split_gain=2.27627e+06 1.46231e+06 2.87808e+06 1.42122e+06 1.44739e+06 960032
threshold=-8.1401000000000732 -0.1950438958025166 117.93185763888893 1.0000000180025095e-35 -255.21964999999975 76.669907638888404
decision_type=2 2 2 2 2 2
left_child=3 2 -2 4 -1 -5
right_child=1 -3 -4 5 -6 -7
leaf_value=-4.5954393867909733 0.95225779987727144 -0.018256850739102614 6.1569598878762744 0.051824410567384453 -1.0666444190179021 4.4042102534195475
leaf_weight=330 1520 2354 321 1004 2391 144
leaf_count=330 1520 2354 321 1004 2391 144
internal_value=0.00075889 0.807419 1.86261 -0.873853 -1.49614 0.601126
internal_weight=8064 4195 1841 3869 2721 1148
internal_count=8064 4195 1841 3869 2721 1148
is_linear=0
shrinkage=0.05


Tree=35
num_leaves=7
num_cat=0
split_feature=3 11 4 0 3 12
split_gain=2.16156e+06 1.18089e+06 2.18146e+06 1.01362e+06 637755 598714
threshold=34.297874999999983 -0.55543802234893469 76.669907638888404 3636.9138000000007 179.08293750000033 -0.021809693682668031
decision_type=2 2 2 2 2 2
left_child=1 2 -1 -3 5 -2
right_child=4 3 -4 -5 -6 -7
leaf_value=-0.22000019075998734 0.13200894304681823 -0.18376864393639891 5.0592714715649247 -1.9067243830476066 3.4771839723393727 1.6557179030861446
leaf_weight=1547 1325 1538 223 1918 258 1255
leaf_count=1547 1325 1538 223 1918 258 1255
internal_value=0.00075743 -0.602469 0.44761 -1.14024 1.11138 0.873547
internal_weight=8064 5226 1770 3456 2838 2580
internal_count=8064 5226 1770 3456 2838 2580
is_linear=0
shrinkage=0.05


Tree=36
num_leaves=7
num_cat=0
split_feature=3 4 11 3 11 0
split_gain=2.01733e+06 1.18539e+06 3.71403e+06 809322 697171 922030
threshold=-67.698100000000053 76.669907638888404 -0.51864980417341167 179.08293750000033 1.0000000180025095e-35 4874.7198500000013
decision_type=2 2 2 2 2 2
left_child=4 3 -3 -2 5 -1
right_child=1 2 -4 -5 -6 -7
leaf_value=0.36421564784951704 0.079506200679442932 7.7017394633419745 0.017700393781296075 3.1022943838017767 -2.3457193517245125 -2.4632382386852711
leaf_weight=896 4864 225 517 231 907 424
leaf_count=896 4864 225 517 231 907 424
internal_value=0.000769237 0.489259 2.355 0.217137 -1.27921 -0.545174
internal_weight=8064 5837 742 5095 2227 1320
internal_count=8064 5837 742 5095 2227 1320
is_linear=0
shrinkage=0.05


Tree=37
num_leaves=7
num_cat=0
split_feature=3 11 4 3 0 4
split_gain=1.85441e+06 1.16847e+06 2.2723e+06 610809 482558 362268
threshold=52.238437499999925 -0.2376293295203116 76.669907638888404 -143.63664999999989 6122.4693500000003 76.669907638888404
decision_type=2 2 2 2 2 2
left_child=1 2 -1 -3 5 -2
right_child=4 3 -4 -5 -6 -7
leaf_value=-0.25589131295492923 1.2413583987568484 -3.1867501347242126 4.2097262410115617 -0.89113028612330314 -0.38640861566877577 3.2100905417058714
leaf_weight=2257 1650 322 325 2838 400 272
leaf_count=2257 1650 322 325 2838 400 272
internal_value=0.000770809 -0.481398 0.307614 -1.12599 1.19281 1.5215
internal_weight=8064 5742 2582 3160 2322 1922
internal_count=8064 5742 2582 3160 2322 1922
is_linear=0
shrinkage=0.05


Tree=38
num_leaves=7
num_cat=0
split_feature=1 8 1 10 1 0
split_gain=1.75842e+06 1.35938e+06 3.3041e+06 1.18641e+06 1.28924e+06 1.09639e+06
threshold=-8.1401000000000732 1.0000000180025095e-35 324.27244999999999 1.0000000180025095e-35 -168.86499999999998 2697.8013500000002
decision_type=2 2 2 2 2 2
left_child=3 2 -2 4 -1 -3
right_child=1 5 -4 -5 -6 -7
leaf_value=-2.9364091260192113 0.76775511035576427 1.4394236045872446 6.7460500675061397 0.57966260217240417 -0.59601407921117777 -1.8402225607120759
leaf_weight=860 2795 380 251 1148 1861 769
leaf_count=860 2795 380 251 1148 1861 769
internal_value=0.0007567 0.709747 1.26244 -0.767957 -1.33653 -0.755262
internal_weight=8064 4195 3046 3869 2721 1149
internal_count=8064 4195 3046 3869 2721 1149
is_linear=0
shrinkage=0.05


Tree=39
num_leaves=7
num_cat=0
split_feature=3 4 11 3 0 8
split_gain=1.62025e+06 920152 3.14864e+06 678041 613688 902916
threshold=-67.698100000000053 76.669907638888404 -0.36235178784537908 179.08293750000033 4874.7198500000013 1.0000000180025095e-35
decision_type=2 2 2 2 2 2
left_child=4 3 -3 -2 5 -1
right_child=1 2 -4 -5 -6 -7
leaf_value=0.066492022648831278 0.07279799259965522 6.4666857806147284 -0.33340895992703734 2.8395807673448119 -2.3291852358368792 -2.9610400498679983
leaf_weight=1183 4864 263 479 231 734 310
leaf_count=1183 4864 263 479 231 734 310
internal_value=0.000744658 0.438526 2.08233 0.198773 -1.14637 -0.563693
internal_weight=8064 5837 742 5095 2227 1493
internal_count=8064 5837 742 5095 2227 1493
is_linear=0
shrinkage=0.05


Tree=40
num_leaves=7
num_cat=0
split_feature=1 12 4 3 3 3
split_gain=1.5504e+06 1.29047e+06 1.98187e+06 1.03316e+06 704639 521987
threshold=8.8814999999999618 -0.021809693682668031 117.93185763888893 93.878500000000273 -67.698100000000053 -192.38750000000024
decision_type=2 2 2 2 2 2
left_child=3 4 -3 5 -2 -1
right_child=1 2 -4 -5 -6 -7
leaf_value=-2.6738468726542086 -2.641403075967804 0.90286354088707255 5.1518325234433959 2.0576355921016964 0.16189652171263044 -0.71097495260131272
leaf_weight=375 258 1685 327 318 1666 3435
leaf_count=375 258 1685 327 318 1666 3435
internal_value=0.000731122 0.710639 1.59564 -0.676166 -0.215191 -0.904822
internal_weight=8064 3936 2012 4128 1924 3810
internal_count=8064 3936 2012 4128 1924 3810
is_linear=0
shrinkage=0.05


Tree=41
num_leaves=7
num_cat=0
split_feature=3 11 4 3 1 10
split_gain=1.40852e+06 1.15085e+06 3.56918e+06 972028 418525 827516
threshold=-132.9774625000002 -0.27976242230339682 76.669907638888404 56.382925000000121 -168.86499999999998 1.0000000180025095e-35
decision_type=2 2 2 2 2 2
left_child=4 2 -2 -3 5 -1
right_child=1 3 -4 -5 -6 -7
leaf_value=-4.2106073187511752 0.36658969956064985 -0.76963442408771032 5.8030000879029373 0.82146015247104887 -0.76248983641935364 0.12537448420582048
leaf_weight=329 2325 2915 346 1430 554 165
leaf_count=329 2325 2915 346 1430 554 165
internal_value=0.000708501 0.256176 1.07273 -0.245915 -1.70817 -2.76503
internal_weight=8064 7016 2671 4345 1048 494
internal_count=8064 7016 2671 4345 1048 494
is_linear=0
shrinkage=0.05


Tree=42
num_leaves=7
num_cat=0
split_feature=1 8 1 0 3 10
split_gain=1.31748e+06 1.23491e+06 2.56689e+06 922343 912033 508592
threshold=8.8814999999999618 1.0000000180025095e-35 324.27244999999999 2697.8013500000002 114.25627499999997 1.0000000180025095e-35
decision_type=2 2 2 2 2 2
left_child=4 2 -2 -3 5 -1
right_child=1 3 -4 -5 -6 -7
leaf_value=-1.1266777319758772 0.74506477806926408 1.289215845593161 6.0366794512459334 -1.7189050299742004 2.6882475963144596 0.17013305005380053
leaf_weight=2910 2536 380 251 769 197 1021
leaf_count=2910 2536 380 251 769 197 1021
internal_value=0.000681593 0.655094 1.22363 -0.723796 -0.623301 -0.789899
internal_weight=8064 3936 2787 1149 4128 3931
internal_count=8064 3936 2787 1149 4128 3931
is_linear=0
shrinkage=0.05


Tree=43
num_leaves=7
num_cat=0
split_feature=3 11 4 3 8 1
split_gain=1.22781e+06 1.03646e+06 2.8981e+06 675655 382965 854311
threshold=-132.9774625000002 1.0000000180025095e-35 76.669907638888404 135.04760000000013 1.0000000180025095e-35 -124.26954999999974
decision_type=2 2 2 2 2 2
left_child=4 2 -2 -3 5 -1
right_child=1 3 -4 -5 -6 -7
leaf_value=-2.408034573363051 0.31588089478227693 -0.56079892916352303 4.748073614200238 1.6697007862880591 -3.9820261305776139 0.75853898913623996
leaf_weight=562 2881 3336 422 377 144 342
leaf_count=562 2881 3336 422 377 144 342
internal_value=0.000697628 0.239214 0.883415 -0.333936 -1.59479 -1.21055
internal_weight=8064 7016 3303 3713 1048 904
internal_count=8064 7016 3303 3713 1048 904
is_linear=0
shrinkage=0.05


Tree=44
num_leaves=7
num_cat=0
split_feature=1 10 12 4 1 4
split_gain=1.16683e+06 1.10238e+06 1.09825e+06 1.47416e+06 894513 675999
threshold=-46.94019999999977 1.0000000180025095e-35 -0.021809693682668031 117.93185763888893 -255.21964999999975 25.14184548611161
decision_type=2 2 2 2 2 2
left_child=1 4 -2 -4 -1 -3
right_child=2 5 3 -5 -6 -7
leaf_value=-3.7682213947311989 -0.26734425695835867 -0.16331088559293166 0.73477324690631418 4.2019694822151576 -0.94596230426783201 2.6316692001679365
leaf_weight=330 2329 860 2038 360 1859 288
leaf_count=330 2329 860 2038 360 1859 288
internal_value=0.000666097 -0.715048 0.505965 1.25682 -1.37295 0.539549
internal_weight=8064 3337 4727 2398 2189 1148
internal_count=8064 3337 4727 2398 2189 1148
is_linear=0
shrinkage=0.05


Tree=45
num_leaves=7
num_cat=0
split_feature=3 11 4 12 0 11
split_gain=1.08086e+06 808045 1.10853e+06 638304 470944 468583
threshold=34.297874999999983 -0.6913484944011038 76.669907638888404 0.72219205899833583 6122.4693500000003 0.27976242230339698
decision_type=2 2 2 2 2 2
left_child=1 2 -1 -3 5 -2
right_child=4 3 -4 -5 -6 -7
leaf_value=0.049881958281635962 1.6967321729203597 -1.287677443557494 4.2018511053012766 0.077757038364592301 -0.57462389401142278 0.25722495937883733
leaf_weight=1273 1342 2457 183 1313 519 977
leaf_count=1273 1342 2457 183 1313 519 977
internal_value=0.000647824 -0.425913 0.574255 -0.812235 0.786007 1.09064
internal_weight=8064 5226 1456 3770 2838 2319
internal_count=8064 5226 1456 3770 2838 2319
is_linear=0
shrinkage=0.05


Tree=46
num_leaves=7
num_cat=0
split_feature=3 12 4 3 0 11
split_gain=1.07562e+06 1.0099e+06 2.14429e+06 411395 371569 653087
threshold=-192.38750000000024 -0.44218343748786698 76.669907638888404 56.382925000000121 4874.7198500000013 -0.59116893267988335
decision_type=2 2 2 2 2 2
left_child=4 3 -3 -2 5 -1
right_child=1 2 -4 -5 -6 -7
leaf_value=0.53309711246488345 -0.99972128572725227 0.1905078291771064 3.3769032728204063 0.32598193581683926 -4.235354498525461 -3.6988683894000673
leaf_weight=208 1952 4149 604 835 155 161
leaf_count=208 1952 4149 604 835 155 161
internal_value=0.000642841 0.15299 0.596053 -0.602559 -2.18765 -1.31838
internal_weight=8064 7540 4753 2787 524 369
internal_count=8064 7540 4753 2787 524 369
is_linear=0
shrinkage=0.05


Tree=47
num_leaves=7
num_cat=0
split_feature=3 11 4 0 8 1
split_gain=986346 863844 2.50947e+06 784854 370099 709892
threshold=-132.9774625000002 -0.27976242230339682 76.669907638888404 3550.3627000000006 1.0000000180025095e-35 -168.86499999999998
decision_type=2 2 2 2 2 2
left_child=4 2 -2 -3 5 -1
right_child=1 3 -4 -5 -6 -7
leaf_value=-2.329323753649708 0.32969751808990955 0.6145368740603816 4.8881801264945643 -0.76109096367380091 -3.7758392409004018 0.48227591346740245
leaf_weight=493 2325 1707 346 2638 144 411
leaf_count=493 2325 1707 346 2638 144 411
internal_value=0.000582754 0.214363 0.921809 -0.220637 -1.42944 -1.05192
internal_weight=8064 7016 2671 4345 1048 904
internal_count=8064 7016 2671 4345 1048 904
is_linear=0
shrinkage=0.05


Tree=48
num_leaves=7
num_cat=0
split_feature=3 1 8 10 1 1
split_gain=949627 844688 923935 478377 251889 429114
threshold=93.878500000000273 -46.94019999999977 1.0000000180025095e-35 1.0000000180025095e-35 211.83799999999999 -386.84999999999985
decision_type=2 2 2 2 2 2
left_child=1 3 -3 -1 5 -2
right_child=4 2 -4 -5 -6 -7
leaf_value=-1.2633109893193006 2.7948724676747072 0.74346153643732771 -1.0620368923842052 0.081332380193113452 2.163730931218903 0.083813806310319677
leaf_weight=2130 189 2729 956 959 471 630
leaf_count=2130 189 2729 956 959 471 630
internal_value=0.000550197 -0.236274 0.2749 -0.845967 1.24337 0.712088
internal_weight=8064 6774 3685 3089 1290 819
internal_count=8064 6774 3685 3089 1290 819
is_linear=0
shrinkage=0.05


Tree=49
num_leaves=7
num_cat=0
split_feature=3 11 4 3 0 11
split_gain=873164 897501 2.12574e+06 574908 341786 578534
threshold=-192.38750000000024 1.0000000180025095e-35 76.669907638888404 135.04760000000013 4874.7198500000013 -0.59116893267988335
decision_type=2 2 2 2 2 2
left_child=4 2 -2 -3 5 -1
right_child=1 3 -4 -5 -6 -7
leaf_value=0.60430736670083407 0.24051525412024094 -0.58034159343303748 3.8631481466498432 1.4705411516603024 -3.9346552655291869 -3.3784545455449897
leaf_weight=208 3137 3562 464 377 155 161
leaf_count=208 3137 3562 464 377 155 161
internal_value=0.000544649 0.137808 0.708246 -0.383729 -1.97108 -1.13786
internal_weight=8064 7540 3601 3939 524 369
internal_count=8064 7540 3601 3939 524 369
is_linear=0
shrinkage=0.05


Tree=50
num_leaves=7
num_cat=0
split_feature=3 1 8 10 0 1
split_gain=815504 735504 829929 424501 225216 184661
threshold=93.878500000000273 -46.94019999999977 1.0000000180025095e-35 1.0000000180025095e-35 6251.8525000000018 211.83799999999999
decision_type=2 2 2 2 2 2
left_child=1 3 -3 -1 5 -2
right_child=4 2 -4 -5 -6 -7
leaf_value=-1.1810238958016941 0.88164841975626906 0.70212244624643838 -1.0090612475261045 0.085631690985076905 -0.6192976418363898 2.1896978232630384
leaf_weight=2130 687 2729 956 959 157 446
leaf_count=2130 687 2729 956 959 157 446
internal_value=0.00050678 -0.218957 0.258037 -0.787882 1.15222 1.39803
internal_weight=8064 6774 3685 3089 1290 1133
internal_count=8064 6774 3685 3089 1290 1133
is_linear=0
shrinkage=0.05


Tree=51
num_leaves=7
num_cat=0
split_feature=3 12 4 4 0 11
split_gain=764374 866982 1.67677e+06 461606 309750 518493
threshold=-192.38750000000024 -0.44218343748786698 76.669907638888404 117.93185763888893 4874.7198500000013 -0.59116893267988335
decision_type=2 2 2 2 2 2
left_child=4 3 -3 -2 5 -1
right_child=1 2 -4 -5 -6 -7
leaf_value=0.5980464640701787 -0.34674046426400351 0.1808108448471919 2.9985159562752886 -2.417121150469892 -3.7134309998689554 -3.1723097865228302
leaf_weight=208 2486 4149 604 301 155 161
leaf_count=208 2486 4149 604 301 155 161
internal_value=0.000487951 0.128916 0.539434 -0.571131 -1.84422 -1.05114
internal_weight=8064 7540 4753 2787 524 369
internal_count=8064 7540 4753 2787 524 369
is_linear=0
shrinkage=0.05


Tree=52
num_leaves=7
num_cat=0
split_feature=3 1 8 10 11 12
split_gain=726216 643947 745910 375352 213802 291276
threshold=93.878500000000273 -46.94019999999977 1.0000000180025095e-35 1.0000000180025095e-35 -1.0000000180025095e-35 -0.44218343748786698
decision_type=2 2 2 2 2 2
left_child=1 3 -3 -1 5 -2
right_child=4 2 -4 -5 -6 -7
leaf_value=-1.1086951611554823 0.37882777812580271 0.6606538284752832 -0.96160179844813154 0.082376010071796679 0.53903993312915166 2.7622448541492495
leaf_weight=2130 209 2729 956 959 749 332
leaf_count=2130 209 2729 956 959 749 332
internal_value=0.000427146 -0.206674 0.239645 -0.739012 1.08727 1.84388
internal_weight=8064 6774 3685 3089 1290 541
internal_count=8064 6774 3685 3089 1290 541
is_linear=0
shrinkage=0.05


Tree=53
num_leaves=7
num_cat=0
split_feature=11 4 12 0 3 4
split_gain=693030 1.10532e+06 3.55785e+06 575524 500439 330127
threshold=0.40265084705289472 76.669907638888404 -0.4026508470528945 6251.8525000000018 56.382925000000121 32.371668402778148
decision_type=2 2 2 2 2 2
left_child=1 3 -3 -1 5 -2
right_child=4 2 -4 -5 -6 -7
leaf_value=0.29774629438334954 -0.78400869176171661 -2.3126409478986214 5.3184992047171527 -1.3762655597494764 0.36387932483220475 -2.6109350102022293
leaf_weight=3868 1764 252 385 591 917 287
leaf_count=3868 1764 252 385 591 917 287
internal_value=0.000420376 0.354144 2.30069 0.0756124 -0.606832 -1.0408
internal_weight=8064 5096 637 4459 2968 2051
internal_count=8064 5096 637 4459 2968 2051
is_linear=0
shrinkage=0.05


Tree=54
num_leaves=7
num_cat=0
split_feature=3 11 4 4 8 1
split_gain=682677 624427 1.22786e+06 407465 345782 588940
threshold=-122.73750000000017 0.40265084705289472 76.669907638888404 32.371668402778148 1.0000000180025095e-35 -185.48354999999989
decision_type=2 2 2 2 2 2
left_child=4 2 -2 -3 5 -1
right_child=1 3 -4 -5 -6 -7
leaf_value=-1.9562135514236418 0.24476890381600783 -0.13070509368409078 2.8073492364749426 -1.7912006086050387 -3.2122184923007375 0.45433169370942994
leaf_weight=510 3657 2252 535 441 167 502
leaf_count=510 3657 2252 535 441 167 502
internal_value=0.000392512 0.19081 0.572407 -0.403188 -1.1108 -0.761201
internal_weight=8064 6885 4192 2693 1179 1012
internal_count=8064 6885 4192 2693 1179 1012
is_linear=0
shrinkage=0.05


Tree=55
num_leaves=7
num_cat=0
split_feature=3 12 11 4 0 11
split_gain=631535 721214 1.34987e+06 402964 276840 457315
threshold=-192.38750000000024 -0.44218343748786698 0.21643961393810304 117.93185763888893 4874.7198500000013 -0.59116893267988335
decision_type=2 2 2 2 2 2
left_child=4 3 -3 -2 5 -1
right_child=1 2 -4 -5 -6 -7
leaf_value=0.62169448707662711 -0.31175532168220049 1.2878278115362951 -0.39978286857482664 -2.2461488256095263 -3.4433805806514544 -2.9190681564955065
leaf_weight=208 2486 2510 2243 301 155 161
leaf_count=208 2486 2510 2243 301 155 161
internal_value=0.000350674 0.117087 0.491507 -0.521403 -1.67642 -0.926905
internal_weight=8064 7540 4753 2787 524 369
internal_count=8064 7540 4753 2787 524 369
is_linear=0
shrinkage=0.05


Tree=56
num_leaves=6
num_cat=0
split_feature=3 11 12 4 12
split_gain=624351 580188 856391 387663 94080.1
threshold=146.83901250000011 0.40265084705289472 -0.48087430661751701 32.371668402778148 -0.19504389580251641
decision_type=2 2 2 2 2
left_child=1 2 -1 -3 -2
right_child=4 3 -4 -5 -6
leaf_value=-0.65571404971883729 1.0207504806468046 -0.43964549790646079 0.72766349069447012 -2.0808511762272026 2.3771272205736533
leaf_weight=1773 266 2322 3028 425 250
leaf_count=1773 266 2322 3028 425 250
internal_value=0.000287192 -0.114834 0.216755 -0.694228 1.68124
internal_weight=8064 7548 4801 2747 516
internal_count=8064 7548 4801 2747 516
is_linear=0
shrinkage=0.05


Tree=57
num_leaves=7
num_cat=0
split_feature=3 1 11 8 1 0
split_gain=608742 415432 587749 395211 799042 262676
threshold=-67.698100000000053 96.760549999999753 -0.1950438958025166 1.0000000180025095e-35 108.25460000000022 6527.0661500000015
decision_type=2 2 2 2 2 2
left_child=3 5 -3 4 -1 -2
right_child=1 2 -4 -5 -6 -7
leaf_value=-0.73659464964651578 0.029856448105653518 1.7423888968217711 0.12220649449260022 -2.3563266316410814 3.0079394401802171 -1.8861786902581574
leaf_weight=1763 3339 951 1359 310 154 188
leaf_count=1763 3339 951 1359 310 154 188
internal_value=0.000278722 0.268617 0.789682 -0.702846 -0.43437 -0.0727798
internal_weight=8064 5837 2310 2227 1917 3527
internal_count=8064 5837 2310 2227 1917 3527
is_linear=0
shrinkage=0.05


Tree=58
num_leaves=7
num_cat=0
split_feature=3 12 4 4 0 11
split_gain=560516 587816 1.32988e+06 355320 248786 403414
threshold=-192.38750000000024 -0.44218343748786698 76.669907638888404 117.93185763888893 4874.7198500000013 -0.59116893267988335
decision_type=2 2 2 2 2 2
left_child=4 3 -3 -2 5 -1
right_child=1 2 -4 -5 -6 -7
leaf_value=0.5855429054162149 -0.26933182662927363 0.12889303042129222 2.6382549155546613 -2.0857486548802711 -3.2544323038978455 -2.7400082792028968
leaf_weight=208 2486 4149 604 301 155 161
leaf_count=208 2486 4149 604 301 155 161
internal_value=0.000264308 0.110241 0.448265 -0.466185 -1.57942 -0.868927
internal_weight=8064 7540 4753 2787 524 369
internal_count=8064 7540 4753 2787 524 369
is_linear=0
shrinkage=0.05


Tree=59
num_leaves=7
num_cat=0
split_feature=3 1 8 10 1 1
split_gain=552886 479728 618112 317619 202160 339685
threshold=93.878500000000273 -46.94019999999977 1.0000000180025095e-35 1.0000000180025095e-35 -386.84999999999985 211.83799999999999
decision_type=2 2 2 2 2 2
left_child=1 3 -3 -1 -2 -6
right_child=4 2 -4 -5 5 -7
leaf_value=-0.98002428027203781 2.4553967939081947 0.58799674970453275 -0.88875928848491381 0.1155895343294833 -0.071855835033294332 1.702051255411579
leaf_weight=2130 189 2729 956 959 630 471
leaf_count=2130 189 2729 956 959 630 471
internal_value=0.000220118 -0.180484 0.204745 -0.639957 0.94853 0.687865
internal_weight=8064 6774 3685 3089 1290 1101
internal_count=8064 6774 3685 3089 1290 1101
is_linear=0
shrinkage=0.05


Tree=60
num_leaves=6
num_cat=0
split_feature=3 11 4 4 12
split_gain=508984 511366 777672 375272 77823.1
threshold=146.83901250000011 0.40265084705289472 76.669907638888404 32.371668402778148 -0.19504389580251641
decision_type=2 2 2 2 2
left_child=1 2 -1 -3 -2
right_child=4 3 -4 -5 -6
leaf_value=-0.032845491805902037 0.91730678127276333 -0.39719965277357749 1.8914598076939584 -2.011922640363935 2.1508331223936437
leaf_weight=4202 266 2322 599 425 250
leaf_count=4202 266 2322 599 425 250
internal_value=0.000227212 -0.103715 0.207586 -0.647662 1.51795
internal_weight=8064 7548 4801 2747 516
internal_count=8064 7548 4801 2747 516
is_linear=0
shrinkage=0.05


Tree=61
num_leaves=5
num_cat=0
split_feature=3 11 4 0
split_gain=507761 561612 1.79393e+06 658840
threshold=-265.80595000000034 -0.6913484944011038 76.669907638888404 3529.2345000000005
decision_type=2 2 2 2
left_child=-1 2 -2 -3
right_child=1 3 -4 -5
leaf_value=-2.1606131374212727 0.23482153522627464 0.52470323270477659 4.8520722399361409 -0.57017823385359578
leaf_weight=262 1656 2173 240 3733
leaf_count=262 1656 2173 240 3733
internal_value=0.000231462 0.0730627 0.821533 -0.167317
internal_weight=8064 7802 1896 5906
internal_count=8064 7802 1896 5906
is_linear=0
shrinkage=0.05


Tree=62
num_leaves=4
num_cat=0
split_feature=0 3 13
split_gain=481530 470958 479065
threshold=6572.4714500000009 -265.80595000000034 -0.42261826174069911
decision_type=2 2 2
left_child=1 -1 -3
right_child=-2 2 -4
leaf_value=-2.0642536449670792 -2.1123697066215721 0.70316413384687193 -0.14067325305352896
leaf_weight=249 260 2526 5029
leaf_count=249 260 2526 5029
internal_value=0.000237743 0.0708835 0.141518
internal_weight=8064 7804 7555
internal_count=8064 7804 7555
is_linear=0
shrinkage=0.05


Tree=63
num_leaves=7
num_cat=0
split_feature=3 0 8 0 3 12
split_gain=459594 386340 578745 359340 329413 306125
threshold=-34.475824999999979 4874.7198500000013 1.0000000180025095e-35 5801.8087500000011 179.08293750000033 0.38268343236509
decision_type=2 2 2 2 2 2
left_child=1 2 -1 -3 5 -2
right_child=4 3 -4 -5 -6 -7
leaf_value=0.35160783906591286 -0.095715916140833399 -3.3674389349638361 -1.6799482854430599 -0.84844877946786079 2.0375746653116806 0.75035511318594228
leaf_weight=1651 3003 168 444 881 258 1659
leaf_count=1651 3003 168 444 881 258 1659
internal_value=0.000203456 -0.471908 -0.0795424 -1.25469 0.301929 0.20546
internal_weight=8064 3144 2095 1049 4920 4662
internal_count=8064 3144 2095 1049 4920 4662
is_linear=0
shrinkage=0.05


Tree=64
num_leaves=7
num_cat=0
split_feature=1 12 11 3 3 10
split_gain=428720 643202 685995 455067 412947 247064
threshold=8.8814999999999618 -0.021809693682668031 0.15208718494349097 114.25627499999997 -67.698100000000053 1.0000000180025095e-35
decision_type=2 2 2 2 2 2
left_child=3 4 -3 5 -2 -1
right_child=1 2 -4 -5 -6 -7
leaf_value=-0.70820312567889609 -2.1374208898963154 1.8274746871889442 -0.029143115816948312 1.9833156879426856 0.0086503539750621798 0.19558987489987145
leaf_weight=2910 258 1113 899 197 1666 1021
leaf_count=2910 258 1113 899 197 1666 1021
internal_value=0.000175597 0.373484 0.9983 -0.355774 -0.280089 -0.473471
internal_weight=8064 3936 2012 4128 1924 3931
internal_count=8064 3936 2012 4128 1924 3931
is_linear=0
shrinkage=0.05


Tree=65
num_leaves=7
num_cat=0
split_feature=0 11 4 4 2 0
split_gain=414042 392700 619935 391354 204388 89838.9
threshold=6441.6930500000008 0.62577451934763018 76.669907638888404 32.371668402778148 40.884450000000022 6527.0661500000015
decision_type=2 2 2 2 2 2
left_child=1 2 -1 -3 5 -2
right_child=4 3 -4 -5 -6 -7
leaf_value=0.12154517590679828 0.41233551397579477 -0.19344312507174169 1.7233232626896031 -2.1264773633405927 -2.2581427672032501 -1.1341993958866874
leaf_weight=4755 166 1658 691 310 270 214
leaf_count=4755 166 1658 691 310 270 214
internal_value=0.00017389 0.106319 0.325061 -0.498861 -1.20883 -0.459299
internal_weight=8064 7414 5446 1968 650 380
internal_count=8064 7414 5446 1968 650 380
is_linear=0
shrinkage=0.05


Tree=66
num_leaves=7
num_cat=0
split_feature=3 11 4 0 8 1
split_gain=413578 364134 1.37792e+06 400319 284800 434909
threshold=-132.9774625000002 -0.27976242230339682 76.669907638888404 3529.2345000000005 1.0000000180025095e-35 -168.86499999999998
decision_type=2 2 2 2 2 2
left_child=4 2 -2 -3 5 -1
right_child=1 3 -4 -5 -6 -7
leaf_value=-1.5950999403704686 0.1591652313134011 0.482415313314211 3.5369751688619 -0.51146291830077473 -2.9834477185791939 0.6052506093514487
leaf_weight=493 2325 1607 346 2738 144 411
leaf_count=493 2325 1607 346 2738 144 411
internal_value=0.000143777 0.138574 0.597885 -0.14385 -0.925849 -0.595156
internal_weight=8064 7016 2671 4345 1048 904
internal_count=8064 7016 2671 4345 1048 904
is_linear=0
shrinkage=0.05


Tree=67
num_leaves=6
num_cat=0
split_feature=3 12 4 2 4
split_gain=387606 372897 679264 381894 73760.5
threshold=146.83901250000011 -0.15208718494349094 76.669907638888404 265.0923999999996 7.8511864583331326
decision_type=2 2 2 2 2
left_child=1 3 -3 -1 -2
right_child=4 2 -4 -5 -6
leaf_value=-0.35037168737970237 1.8683017844709409 -0.01401627255180158 1.9251783475773501 -2.6358220404225219 0.66417574684670644
leaf_weight=3174 282 3667 514 193 234
leaf_count=3174 282 3667 514 193 234
internal_value=0.000134691 -0.0905715 0.224786 -0.48212 1.32459
internal_weight=8064 7548 4181 3367 516
internal_count=8064 7548 4181 3367 516
is_linear=0
shrinkage=0.05


Tree=68
num_leaves=5
num_cat=0
split_feature=3 11 4 3
split_gain=377547 448927 1.40785e+06 473192
threshold=-265.80595000000034 -0.6913484944011038 76.669907638888404 26.143387499999793
decision_type=2 2 2 2
left_child=-1 2 -2 -3
right_child=1 3 -4 -5
leaf_value=-1.8631483563423836 0.2123619969019202 -0.52480895039535991 4.302701318276374 0.38508335918900533
leaf_weight=262 1656 3486 240 2420
leaf_count=262 1656 3486 240 2420
internal_value=0.000136991 0.062939 0.732122 -0.151976
internal_weight=8064 7802 1896 5906
internal_count=8064 7802 1896 5906
is_linear=0
shrinkage=0.05


Tree=69
num_leaves=5
num_cat=0
split_feature=3 12 4 2
split_gain=351841 378942 660637 331845
threshold=179.08293750000033 -0.15208718494349094 76.669907638888404 265.0923999999996
decision_type=2 2 2 2
left_child=1 3 -3 -1
right_child=-2 2 -4 -5
leaf_value=-0.3267326943004516 1.8131814497490648 0.020584656703003169 1.8965698598446186 -2.4293843172902441
leaf_weight=3302 258 3771 535 198
leaf_count=3302 258 3771 535 198
internal_value=0.000145716 -0.0600024 0.254053 -0.446343
internal_weight=8064 7806 4306 3500
internal_count=8064 7806 4306 3500
is_linear=0
shrinkage=0.05


Tree=70
num_leaves=7
num_cat=0
split_feature=3 11 4 4 0 11
split_gain=347175 362214 1.12043e+06 409495 189881 357812
threshold=-192.38750000000024 -0.27976242230339682 76.669907638888404 32.371668402778148 4874.7198500000013 -0.59116893267988335
decision_type=2 2 2 2 2 2
left_child=4 2 -2 -3 5 -1
right_child=1 3 -4 -5 -6 -7
leaf_value=0.74619130606286266 0.14413997510653712 0.017851677083196179 3.0592436548430566 -1.261799267500439 -2.7061334361632667 -2.3852756505395161
leaf_weight=208 2531 3887 378 744 155 161
leaf_count=208 2531 3887 378 744 155 161
internal_value=0.000144469 0.0866971 0.523854 -0.187961 -1.24308 -0.622867
internal_weight=8064 7540 2909 4631 524 369
internal_count=8064 7540 2909 4631 524 369
is_linear=0
shrinkage=0.05


Tree=71
num_leaves=5
num_cat=0
split_feature=0 13 4 4
split_gain=332116 368237 938243 574382
threshold=6572.4714500000009 -0.42261826174069911 76.669907638888404 7.8511864583331326
decision_type=2 2 2 2
left_child=1 2 -1 -3
right_child=-2 3 -4 -5
leaf_value=0.17880994948650486 -1.7543710297837114 0.23686418590161901 3.0008755172926169 -0.84596896949913791
leaf_weight=2338 260 3112 336 2018
leaf_count=2338 260 3112 336 2018
internal_value=0.000122448 0.0587929 0.534404 -0.189174
internal_weight=8064 7804 2674 5130
internal_count=8064 7804 2674 5130
is_linear=0
shrinkage=0.05


Tree=72
num_leaves=7
num_cat=0
split_feature=3 1 10 8 1 1
split_gain=325877 341564 634420 396414 172993 262116
threshold=93.878500000000273 -168.86499999999998 1.0000000180025095e-35 1.0000000180025095e-35 -386.84999999999985 211.83799999999999
decision_type=2 2 2 2 2 2
left_child=1 2 -1 -3 -2 -6
right_child=4 3 -4 -5 5 -7
leaf_value=-1.7181300942776212 2.1218281693315428 0.29406869710923328 0.15700488274835345 -0.83805060552273702 -0.17997252932275909 1.3781349698302605
leaf_weight=852 189 4008 957 957 630 471
leaf_count=852 189 4008 957 957 630 471
internal_value=0.000121392 -0.13861 -0.726605 0.0757287 0.728168 0.487221
internal_weight=8064 6774 1809 4965 1290 1101
internal_count=8064 6774 1809 4965 1290 1101
is_linear=0
shrinkage=0.05


Tree=73
num_leaves=5
num_cat=0
split_feature=3 11 4 0
split_gain=313364 375243 1.13008e+06 430674
threshold=-265.80595000000034 -0.6913484944011038 76.669907638888404 3550.3627000000006
decision_type=2 2 2 2
left_child=-1 2 -2 -3
right_child=1 3 -4 -5
leaf_value=-1.6974118525820996 0.20346319004151395 0.39613006098798415 3.8681604723218075 -0.4796083650361655
leaf_weight=262 1656 2296 240 3610
leaf_count=262 1656 2296 240 3610
internal_value=0.000122853 0.0573382 0.669143 -0.139149
internal_weight=8064 7802 1896 5906
internal_count=8064 7802 1896 5906
is_linear=0
shrinkage=0.05


Tree=74
num_leaves=5
num_cat=0
split_feature=3 11 0 4
split_gain=302313 332042 564191 342157
threshold=179.08293750000033 0.40265084705289472 6156.3900000000012 32.371668402778148
decision_type=2 2 2 2
left_child=1 2 -1 -3
right_child=-2 3 -4 -5
leaf_value=0.46495034017430159 1.6807202094194971 -0.25015962095714567 -0.84522852877637189 -1.7600350012270252
leaf_weight=3928 258 2396 1038 444
leaf_count=3928 258 2396 1038 444
internal_value=0.00013091 -0.0556233 0.19098 -0.486747
internal_weight=8064 7806 4966 2840
internal_count=8064 7806 4966 2840
is_linear=0
shrinkage=0.05


Tree=75
num_leaves=7
num_cat=0
split_feature=3 4 2 7 8 0
split_gain=291263 270743 520101 452436 267714 372280
threshold=-132.9774625000002 3.8858993055555406 291.98049999999972 1.0000000180025095e-35 1.0000000180025095e-35 3721.4062000000004
decision_type=2 2 2 2 2 2
left_child=4 3 -3 -2 5 -1
right_child=1 2 -4 -5 -6 -7
leaf_value=1.1680290096270756 0.21755779900684438 -0.44345776924517077 1.7501897704840506 2.0419408445305964 -2.7717095854775664 -1.0886870468892387
leaf_weight=253 3537 2806 298 375 144 651
leaf_count=253 3537 2806 298 375 144 651
internal_value=0.00011997 0.11629 -0.23236 0.392918 -0.776971 -0.456513
internal_weight=8064 7016 3104 3912 1048 904
internal_count=8064 7016 3104 3912 1048 904
is_linear=0
shrinkage=0.05


Tree=76
num_leaves=7
num_cat=0
split_feature=3 4 4 2 0 0
split_gain=273265 358511 730034 299988 164371 107711
threshold=52.238437499999925 -9.6378677083332587 -22.196741319444978 244.25984999999994 6122.4693500000003 5002.0006500000009
decision_type=2 2 2 2 2 2
left_child=1 2 -1 -3 5 -2
right_child=4 3 -4 -5 -6 -7
leaf_value=-0.46216662551411986 0.48453064664138745 -0.6091689841913106 1.5711201111150883 0.76409085625699646 -0.46355589981982837 1.5002726444210381
leaf_weight=1043 1611 3487 764 448 400 311
leaf_count=1043 1611 3487 764 448 400 311
internal_value=0.000119387 -0.184973 0.397901 -0.452669 0.457711 0.649583
internal_weight=8064 5742 1807 3935 2322 1922
internal_count=8064 5742 1807 3935 2322 1922
is_linear=0
shrinkage=0.05


Tree=77
num_leaves=5
num_cat=0
split_feature=3 11 4 0
split_gain=276043 318690 991992 364176
threshold=-265.80595000000034 -0.6913484944011038 76.669907638888404 3529.2345000000005
decision_type=2 2 2 2
left_child=-1 2 -2 -3
right_child=1 3 -4 -5
leaf_value=-1.5931141101192159 0.18135568996330451 0.38725341388239443 3.6148460054174993 -0.42676223941466829
leaf_weight=262 1656 2173 240 3733
leaf_count=262 1656 2173 240 3733
internal_value=0.000130685 0.053831 0.617651 -0.127246
internal_weight=8064 7802 1896 5906
internal_count=8064 7802 1896 5906
is_linear=0
shrinkage=0.05


Tree=78
num_leaves=5
num_cat=0
split_feature=3 12 4 2
split_gain=262354 290929 511271 344734
threshold=179.08293750000033 -0.15208718494349094 76.669907638888404 265.0923999999996
decision_type=2 2 2 2
left_child=1 3 -3 -1
right_child=-2 2 -4 -5
leaf_value=-0.26842766574671639 1.5657241143573897 0.017989795851140467 1.6683307830299903 -2.4114539576507172
leaf_weight=3302 258 3771 535 198
leaf_count=3302 258 3771 535 198
internal_value=0.000137562 -0.0518013 0.223377 -0.390316
internal_weight=8064 7806 4306 3500
internal_count=8064 7806 4306 3500
is_linear=0
shrinkage=0.05


Tree=79
num_leaves=5
num_cat=0
split_feature=0 13 4 4
split_gain=254300 336409 767666 524291
threshold=6572.4714500000009 -0.42261826174069911 76.669907638888404 7.8511864583331326
decision_type=2 2 2 2
left_child=1 2 -1 -3
right_child=-2 3 -4 -5
leaf_value=0.1844065791868747 -1.5351202049660158 0.22150406163811703 2.7370959954507628 -0.81303691419303681
leaf_weight=2338 260 3112 336 2018
leaf_count=2338 260 3112 336 2018
internal_value=0.000134232 0.0514733 0.506067 -0.185535
internal_weight=8064 7804 2674 5130
internal_count=8064 7804 2674 5130
is_linear=0
shrinkage=0.05


Tree=80
num_leaves=5
num_cat=0
split_feature=3 11 12 4
split_gain=253338 294422 580451 344507
threshold=-265.80595000000034 0.40265084705289472 -0.44218343748786698 32.371668402778148
decision_type=2 2 2 2
left_child=-1 2 -2 -3
right_child=1 3 -4 -5
leaf_value=-1.5261827620150019 -0.37492905478064831 -0.10477680325662403 0.74132073000347165 -1.5718107638175773
leaf_weight=262 1949 2486 2891 476
leaf_count=262 1949 2486 2891 476
internal_value=0.000132447 0.0515769 0.291838 -0.340983
internal_weight=8064 7802 4840 2962
internal_count=8064 7802 4840 2962
is_linear=0
shrinkage=0.05


Tree=81
num_leaves=7
num_cat=0
split_feature=3 8 1 4 13 7
split_gain=239825 243644 325460 231241 449938 392698
threshold=-132.9774625000002 1.0000000180025095e-35 -168.86499999999998 3.8858993055555406 -0.53678821817552291 1.0000000180025095e-35
decision_type=2 2 2 2 2 2
left_child=1 2 -1 5 -5 -2
right_child=3 -3 -4 4 -6 -7
leaf_value=-1.2644581615087778 0.19780289016763006 -2.607939850207547 0.63886754717496996 0.67241498943796141 -0.6239916000882505 1.8974776560381212
leaf_weight=493 3537 144 411 975 2129 375
leaf_count=493 3537 144 411 975 2129 375
internal_value=0.000108241 -0.705034 -0.399369 0.105523 -0.216691 0.361175
internal_weight=8064 1048 904 7016 3104 3912
internal_count=8064 1048 904 7016 3104 3912
is_linear=0
shrinkage=0.05


Tree=82
num_leaves=5
num_cat=0
split_feature=3 11 0 4
split_gain=237783 266603 423181 283147
threshold=179.08293750000033 0.59116893267988335 6156.3900000000012 32.371668402778148
decision_type=2 2 2 2
left_child=1 2 -1 -3
right_child=-2 3 -4 -5
leaf_value=0.37439914925034229 1.4905655556892379 -0.2615891250944144 -0.67759407290010121 -1.7852420358450374
leaf_weight=4278 258 1937 1230 361
leaf_count=4278 258 1937 1230 361
internal_value=9.60686e-05 -0.0493508 0.139397 -0.501617
internal_weight=8064 7806 5508 2298
internal_count=8064 7806 5508 2298
is_linear=0
shrinkage=0.05


Tree=83
num_leaves=7
num_cat=0
split_feature=3 1 10 8 1 1
split_gain=224638 249869 554885 353017 161816 209470
threshold=93.878500000000273 -168.86499999999998 1.0000000180025095e-35 1.0000000180025095e-35 -386.84999999999985 211.83799999999999
decision_type=2 2 2 2 2 2
left_child=1 2 -1 -3 -2 -6
right_child=4 3 -4 -5 5 -7
leaf_value=-1.5453120556735334 1.9523013550827379 0.27426968529645285 0.20829817757305996 -0.79408511726228459 -0.22471517254871487 1.1680911331137611
leaf_weight=852 189 4008 957 957 630 471
leaf_count=852 189 4008 957 957 630 471
internal_value=8.59386e-05 -0.115098 -0.618012 0.0682267 0.604555 0.371637
internal_weight=8064 6774 1809 4965 1290 1101
internal_count=8064 6774 1809 4965 1290 1101
is_linear=0
shrinkage=0.05


Tree=84
num_leaves=5
num_cat=0
split_feature=0 13 4 4
split_gain=215161 274560 709734 427488
threshold=6572.4714500000009 -0.42261826174069911 76.669907638888404 7.8511864583331326
decision_type=2 2 2 2
left_child=1 2 -1 -3
right_child=-2 3 -4 -5
leaf_value=0.14872309461478089 -1.4120876210231434 0.20074165584479117 2.6031867771102699 -0.7334228541897615
leaf_weight=2338 260 3112 336 2018
leaf_count=2338 260 3112 336 2018
internal_value=8.80874e-05 0.0473114 0.457995 -0.166804
internal_weight=8064 7804 2674 5130
internal_count=8064 7804 2674 5130
is_linear=0
shrinkage=0.05


Tree=85
num_leaves=5
num_cat=0
split_feature=3 11 4 3
split_gain=212385 250288 854553 301361
threshold=-265.80595000000034 -0.6913484944011038 76.669907638888404 26.143387499999793
decision_type=2 2 2 2
left_child=-1 2 -2 -3
right_child=1 3 -4 -5
leaf_value=-1.3974255778037099 0.14192605791012064 -0.41081677039544084 3.3286776020071813 0.31531328772972134
leaf_weight=262 1656 3486 240 2420
leaf_count=262 1656 3486 240 2420
internal_value=8.8685e-05 0.0471919 0.546854 -0.11328
internal_weight=8064 7802 1896 5906
internal_count=8064 7802 1896 5906
is_linear=0
shrinkage=0.05


Tree=86
num_leaves=7
num_cat=0
split_feature=0 4 4 0 1 4
split_gain=204547 441929 451942 333013 527785 345011
threshold=3529.2345000000005 17.720606250000177 -9.6378677083332587 3930.6265500000004 324.27244999999999 32.371668402778148
decision_type=2 2 2 2 2 2
left_child=1 2 -1 5 -5 -2
right_child=3 -3 -4 4 -6 -7
leaf_value=1.014094211915318 -0.51020627553329334 1.5378933799730952 -0.51851665187605667 -0.058776978395378321 2.9278601681982934 -2.7049665644835859
leaf_weight=734 1221 609 1391 3747 153 209
leaf_count=734 1221 609 1391 3747 153 209
internal_value=9.65073e-05 0.351627 0.0110932 -0.180251 0.0591116 -0.832645
internal_weight=8064 2734 2125 5330 3900 1430
internal_count=8064 2734 2125 5330 3900 1430
is_linear=0
shrinkage=0.05


Tree=87
num_leaves=7
num_cat=0
split_feature=12 4 11 4 2 4
split_gain=197269 422972 1.88002e+06 520196 297893 241565
threshold=-0.19504389580251641 76.669907638888404 0.15208718494349097 3.8858993055555406 265.0923999999996 32.371668402778148
decision_type=2 2 2 2 2 2
left_child=4 3 -3 -2 5 -1
right_child=1 2 -4 -5 -6 -7
leaf_value=0.012106280711416166 0.45271454604979744 4.128694032698653 -1.6422169781590885 -0.74948892241049192 -2.1798034036529659 -1.1683316359180027
leaf_weight=2823 2592 308 259 1377 194 511
leaf_count=2823 2592 308 259 1377 194 511
internal_value=0.000102145 0.21818 1.49435 0.0355398 -0.280266 -0.169115
internal_weight=8064 4536 567 3969 3528 3334
internal_count=8064 4536 567 3969 3528 3334
is_linear=0
shrinkage=0.05


Tree=88
num_leaves=5
num_cat=0
split_feature=3 11 4 12
split_gain=201353 213739 803770 274476
threshold=-265.80595000000034 -0.80625269229011332 76.669907638888404 0.55543802234893513
decision_type=2 2 2 2
left_child=-1 2 -2 -3
right_child=1 3 -4 -5
leaf_value=-1.3606430967271104 0.14080743739001977 -0.33472175951492783 3.6322895866222482 0.34623510403931773
leaf_weight=262 1290 3964 188 2360
leaf_count=262 1290 3964 188 2360
internal_value=8.99322e-05 0.0459534 0.587076 -0.0805867
internal_weight=8064 7802 1478 6324
internal_count=8064 7802 1478 6324
is_linear=0
shrinkage=0.05


Tree=89
num_leaves=7
num_cat=0
split_feature=8 1 0 1 2 1
split_gain=198462 984608 441881 344748 336002 95980.1
threshold=1.0000000180025095e-35 324.27244999999999 2652.8523000000005 2733.6200000000008 -144.09500000000023 1059.3684500000002
decision_type=2 2 2 2 2 2
left_child=1 4 5 -4 -1 -2
right_child=2 -3 3 -5 -6 -7
leaf_value=0.71771885799567225 0.050454468188747284 3.1692656885477763 -1.8645802109024012 0.39061684163929034 -0.1868061707381149 1.7716450323138322
leaf_weight=1267 154 251 591 237 5394 170
leaf_count=1267 154 251 591 237 5394 170
internal_value=0.000100464 0.101389 -0.607192 -1.21938 -0.014673 0.956221
internal_weight=8064 6912 1152 828 6661 324
internal_count=8064 6912 1152 828 6661 324
is_linear=0
shrinkage=0.05


Tree=90
num_leaves=7
num_cat=0
split_feature=4 1 10 13 4 1
split_gain=189060 375720 347231 313770 643450 295572
threshold=3.8858993055555406 -185.48354999999989 1.0000000180025095e-35 -0.53678821817552291 76.669907638888404 664.54655000000014
decision_type=2 2 2 2 2 2
left_child=1 2 -1 4 -2 -5
right_child=3 -3 -4 5 -6 -7
leaf_value=-1.6084607134725837 -0.35926332167488922 0.43465578229061408 0.34083430191805197 -0.43282832090591272 2.2931799038460379 -2.424777595538135
leaf_weight=487 782 3692 429 2149 322 203
leaf_count=487 782 3692 429 2149 322 203
internal_value=0.000120537 0.209766 -0.696151 -0.279387 0.415741 -0.60571
internal_weight=8064 4608 916 3456 1104 2352
internal_count=8064 4608 916 3456 1104 2352
is_linear=0
shrinkage=0.05


Tree=91
num_leaves=5
num_cat=0
split_feature=3 11 0 4
split_gain=187877 198740 340595 237544
threshold=179.08293750000033 0.59116893267988335 6156.3900000000012 32.371668402778148
decision_type=2 2 2 2
left_child=1 2 -1 -3
right_child=-2 3 -4 -5
leaf_value=0.32994363195173398 1.3249645435787076 -0.21449840818267504 -0.61383062138862965 -1.6100427666998041
leaf_weight=4278 258 1937 1230 361
leaf_count=4278 258 1937 1230 361
internal_value=0.000103624 -0.0438491 0.119115 -0.434334
internal_weight=8064 7806 5508 2298
internal_count=8064 7806 5508 2298
is_linear=0
shrinkage=0.05


Tree=92
num_leaves=6
num_cat=0
split_feature=2 3 1 11 13
split_gain=184909 231354 199435 172991 134873
threshold=-207.51025000000001 -265.80595000000034 8.8814999999999618 -0.44218343748786698 -0.08715574274765843
decision_type=2 2 2 2 2
left_child=3 -2 -3 -1 -5
right_child=1 2 -4 4 -6
leaf_value=1.7338672011982703 -1.6992093113607893 -0.30965267505653399 0.22288769073043527 0.98431805327422639 -0.60950153813890695
leaf_weight=275 213 3352 3695 265 264
leaf_count=275 213 3352 3695 265 264
internal_value=9.35815e-05 -0.0796176 -0.0304303 0.719078 0.189265
internal_weight=8064 7260 7047 804 529
internal_count=8064 7260 7047 804 529
is_linear=0
shrinkage=0.05


Tree=93
num_leaves=7
num_cat=0
split_feature=8 1 0 1 2 1
split_gain=191549 857999 399776 308078 298628 85164
threshold=1.0000000180025095e-35 324.27244999999999 2652.8523000000005 2733.6200000000008 -66.066699999999841 1059.3684500000002
decision_type=2 2 2 2 2 2
left_child=1 4 5 -4 -1 -2
right_child=2 -3 3 -5 -6 -7
leaf_value=0.4519812410826804 0.037427766655962313 2.9634446470273867 -1.7887266206057946 0.343243124138783 -0.25194112364154903 1.6586696250484003
leaf_weight=2301 154 251 591 237 4360 170
leaf_count=2301 154 251 591 237 4360 170
internal_value=9.09041e-05 0.0995998 -0.596531 -1.17881 -0.00874428 0.890566
internal_weight=8064 6912 1152 828 6661 324
internal_count=8064 6912 1152 828 6661 324
is_linear=0
shrinkage=0.05


Tree=94
num_leaves=7
num_cat=0
split_feature=8 1 0 4 1 1
split_gain=172879 774666 360926 280089 278102 76907.7
threshold=1.0000000180025095e-35 324.27244999999999 2652.8523000000005 136.5041118055556 2733.6200000000008 1059.3684500000002
decision_type=2 2 2 2 2 2
left_child=1 3 5 -1 -4 -2
right_child=2 -3 4 -5 -6 -7
leaf_value=0.069056674819626906 0.035568448219846394 2.8158604162198211 -1.6994413695373649 -1.3667547721073323 0.32615310199120467 1.5762211402257285
leaf_weight=6303 154 251 591 358 237 170
leaf_count=6303 154 251 591 358 237 170
internal_value=0.000107528 0.0946427 -0.566694 -0.00830557 -1.11996 0.846298
internal_weight=8064 6912 1152 6661 828 324
internal_count=8064 6912 1152 6661 828 324
is_linear=0
shrinkage=0.05


Tree=95
num_leaves=5
num_cat=0
split_feature=0 13 4 0
split_gain=170134 208364 481896 361161
threshold=6572.4714500000009 -0.42261826174069911 76.669907638888404 6331.8837000000012
decision_type=2 2 2 2
left_child=1 2 -1 -3
right_child=-2 3 -4 -5
leaf_value=0.14502107937893521 -1.255636307009107 -0.050879515671832458 2.1675198657407759 -2.0258263389162199
leaf_weight=2338 260 4888 336 242
leaf_count=2338 260 4888 336 242
internal_value=0.00011304 0.0421054 0.399872 -0.144421
internal_weight=8064 7804 2674 5130
internal_count=8064 7804 2674 5130
is_linear=0
shrinkage=0.05


Tree=96
num_leaves=7
num_cat=0
split_feature=4 1 10 2 10 4
split_gain=175591 333566 316388 294618 275194 505352
threshold=3.8858993055555406 -185.48354999999989 1.0000000180025095e-35 46.725949999999564 1.0000000180025095e-35 25.14184548611161
decision_type=2 2 2 2 2 2
left_child=1 2 -1 -3 -2 -6
right_child=4 3 -4 -5 5 -7
leaf_value=-1.522300933838868 -0.49813343716001324 0.76844330688096774 0.33838777727858971 -0.1486311789761175 -0.48176963416382024 2.2184825123697003
leaf_weight=487 2736 2265 429 1427 432 288
leaf_count=487 2736 2265 429 1427 432 288
internal_value=0.000101063 0.202142 -0.651446 0.414039 -0.269267 0.59991
internal_weight=8064 4608 916 3692 3456 720
internal_count=8064 4608 916 3692 3456 720
is_linear=0
shrinkage=0.05


Tree=97
num_leaves=7
num_cat=0
split_feature=8 1 11 0 2 1
split_gain=165292 716373 339235 326916 297441 252982
threshold=1.0000000180025095e-35 211.83799999999999 -0.44218343748786698 2652.8523000000005 -66.066699999999841 1659.6460500000005
decision_type=2 2 2 2 2 2
left_child=1 4 -3 -2 -1 -5
right_child=3 2 -4 5 -6 -7
leaf_value=0.38788915250438905 0.79067525090621071 3.0131026527156002 0.67497212926463257 -2.4101875430822375 -0.32799412346921025 -0.50573688463661182
leaf_weight=2273 324 275 356 249 4008 579
leaf_count=2273 324 275 356 249 4008 579
internal_value=0.000100192 0.0925377 1.69712 -0.554124 -0.0689062 -1.08067
internal_weight=8064 6912 631 1152 6281 828
internal_count=8064 6912 631 1152 6281 828
is_linear=0
shrinkage=0.05


Tree=98
num_leaves=7
num_cat=0
split_feature=4 13 4 1 1 10
split_gain=164167 293729 510083 252241 235959 416356
threshold=7.8511864583331326 -0.53678821817552291 76.669907638888404 664.54655000000014 -203.29500000000004 1.0000000180025095e-35
decision_type=2 2 2 2 2 2
left_child=4 2 -2 -3 5 -1
right_child=1 3 -4 -5 -6 -7
leaf_value=-1.7561393379679597 -0.34504132941365245 -0.43553713887320156 2.0620887919245492 -2.2878322568506446 0.3540995832206314 0.34777182405115631
leaf_weight=398 690 1954 322 202 3926 572
leaf_count=398 690 1954 322 202 3926 572
internal_value=0.000105244 -0.280301 0.422143 -0.610063 0.181565 -0.516402
internal_weight=8064 3168 1012 2156 4896 970
internal_count=8064 3168 1012 2156 4896 970
is_linear=0
shrinkage=0.05


Tree=99
num_leaves=6
num_cat=0
split_feature=2 3 12 11 13
split_gain=163959 198299 173936 159493 117602
threshold=-207.51025000000001 -265.80595000000034 -0.065387565056497052 -0.44218343748786698 -0.08715574274765843
decision_type=2 2 2 2 2
left_child=3 -2 -3 -1 -5
right_child=1 2 -4 4 -6
leaf_value=1.6515060600136284 -1.5744082423849641 -0.28346877325650616 0.2134005180023586 0.91084158982997554 -0.57742787290856523
leaf_weight=275 213 3444 3603 265 264
leaf_count=275 213 3444 3603 265 264
internal_value=8.72075e-05 -0.0749728 -0.0294345 0.677119 0.168425
internal_weight=8064 7260 7047 804 529
internal_count=8064 7260 7047 804 529
is_linear=0
shrinkage=0.05


end of trees

feature_importances:
Column_3=155
Column_4=109
Column_1=79
Column_11=67
Column_0=45
Column_2=28
Column_8=26
Column_12=22
Column_10=17
Column_13=10
Column_7=2

parameters:
[boosting: gbdt]
[objective: regression]
[metric: l2]
[tree_learner: serial]
[device_type: cpu]
[data_sample_strategy: bagging]
[data: ]
[valid: ]
[num_iterations: 100]
[learning_rate: 0.05]
[num_leaves: 7]
[num_threads: 1]
[seed: 20250911]
[deterministic: 1]
[force_col_wise: 1]
[force_row_wise: 0]
[histogram_pool_size: -1]
[max_depth: 3]
[min_data_in_leaf: 144]
[min_sum_hessian_in_leaf: 0.001]
[bagging_fraction: 1]
[pos_bagging_fraction: 1]
[neg_bagging_fraction: 1]
[bagging_freq: 0]
[bagging_seed: 20250911]
[bagging_by_query: 0]
[feature_fraction: 1]
[feature_fraction_bynode: 1]
[feature_fraction_seed: 20250911]
[extra_trees: 0]
[extra_seed: 26685]
[early_stopping_round: 0]
[early_stopping_min_delta: 0]
[first_metric_only: 0]
[max_delta_step: 0]
[lambda_l1: 0]
[lambda_l2: 1]
[linear_lambda: 0]
[min_gain_to_split: 0]
[drop_rate: 0.1]
[max_drop: 50]
[skip_drop: 0.5]
[xgboost_dart_mode: 0]
[uniform_drop: 0]
[drop_seed: 2504]
[top_rate: 0.2]
[other_rate: 0.1]
[min_data_per_group: 100]
[max_cat_threshold: 32]
[cat_l2: 10]
[cat_smooth: 10]
[max_cat_to_onehot: 4]
[top_k: 20]
[monotone_constraints: ]
[monotone_constraints_method: basic]
[monotone_penalty: 0]
[feature_contri: ]
[forcedsplits_filename: ]
[refit_decay_rate: 0.9]
[cegb_tradeoff: 1]
[cegb_penalty_split: 0]
[cegb_penalty_feature_lazy: ]
[cegb_penalty_feature_coupled: ]
[path_smooth: 0]
[interaction_constraints: ]
[verbosity: -1]
[saved_feature_importance_type: 0]
[use_quantized_grad: 0]
[num_grad_quant_bins: 4]
[quant_train_renew_leaf: 0]
[stochastic_rounding: 1]
[linear_tree: 0]
[max_bin: 63]
[max_bin_by_feature: ]
[min_data_in_bin: 3]
[bin_construct_sample_cnt: 200000]
[data_random_seed: 20250911]
[is_enable_sparse: 1]
[enable_bundle: 1]
[use_missing: 1]
[zero_as_missing: 0]
[feature_pre_filter: 0]
[pre_partition: 0]
[two_round: 0]
[header: 0]
[label_column: ]
[weight_column: ]
[group_column: ]
[ignore_column: ]
[categorical_feature: ]
[forcedbins_filename: ]
[precise_float_parser: 0]
[parser_config_file: ]
[objective_seed: 19683]
[num_class: 1]
[is_unbalance: 0]
[scale_pos_weight: 1]
[sigmoid: 1]
[boost_from_average: 1]
[reg_sqrt: 0]
[alpha: 0.9]
[fair_c: 1]
[poisson_max_delta_step: 0.7]
[tweedie_variance_power: 1.5]
[lambdarank_truncation_level: 30]
[lambdarank_norm: 1]
[label_gain: ]
[lambdarank_position_bias_regularization: 0]
[eval_at: ]
[multi_error_top_k: 1]
[auc_mu_weights: ]
[num_machines: 1]
[local_listen_port: 12400]
[time_out: 120]
[machine_list_filename: ]
[machines: ]
[gpu_platform_id: -1]
[gpu_device_id: -1]
[gpu_device_id_list: ]
[gpu_use_dp: 0]
[num_gpu: 1]

end of parameters

pandas_categorical:null
