tree
version=v4
num_class=1
num_tree_per_iteration=1
label_index=0
max_feature_idx=7
objective=regression
feature_names=Column_0 Column_1 Column_2 Column_3 Column_4 Column_5 Column_6 Column_7
feature_infos=[0:7833.7124999999996] [-1755.3374999999996:1407.4499999999998] [-1086:908.8171857142861] [-187.22570902777761:214.93497222222231] [-1:1] [-1:1] [-1:1] [-1:1]
tree_sizes=660 673 674 672 673 675 671 757 757 759 760 758 674 763 674 759 756 762 754 763 756 754 746 752 754 756 752 758 677 761 668 752 755 584 761 661 754 759 758 585 754 674 586 678 754 753 594 593 590 583 591 580 749 752 580 662 587 588 754 661 584 583 659 583 589 660 745 496 659 749 660 575 756 578 754 583 586 586 672 664 748 668 586 666 668 586 661 583 750 661 742 673 580 656 585 661 660 749 586 670

Tree=0
num_leaves=6
num_cat=0
split_feature=2 2 2 2 2
split_gain=9.41687e+07 5.70527e+07 1.47157e+07 1.19422e+07 2.27159e+06
threshold=36.828364285713867 -440.59704285714309 306.13562142857114 -148.69017857142839 125.71790714285704
decision_type=2 2 2 2 2
left_child=1 -1 4 -3 -2
right_child=2 3 -4 -5 -6
leaf_value=-8.3254826033967575 27.10666740161961 10.858980706398341 47.206677782397634 17.532911579321759 33.280349431345428
leaf_weight=236 280 767 168 5269 336
leaf_count=236 280 767 168 5269 336
internal_value=17.7818 15.7388 34.108 16.6838 30.4938
internal_weight=7056 6272 784 6036 616
internal_count=7056 6272 784 6036 616
is_linear=0
shrinkage=1


Tree=1
num_leaves=6
num_cat=0
split_feature=2 2 2 2 2
split_gain=8.50235e+07 5.15137e+07 1.32922e+07 1.08089e+07 2.05055e+06
threshold=36.828364285713867 -440.59704285714309 306.13562142857114 -174.46607142857144 125.71790714285704
decision_type=2 2 2 2 2
left_child=1 -1 4 -3 -2
right_child=2 3 -4 -5 -6
leaf_value=-24.807468089373302 8.8602413793899828 -7.1338644451170881 27.962298495388598 -0.3081936522029512 14.725880166012738
leaf_weight=236 280 649 168 5387 336
leaf_count=236 280 649 168 5387 336
internal_value=0.000148599 -1.94117 15.5133 -1.04316 12.0784
internal_weight=7056 6272 784 6036 616
internal_count=7056 6272 784 6036 616
is_linear=0
shrinkage=0.05


Tree=2
num_leaves=6
num_cat=0
split_feature=2 2 2 2 2
split_gain=7.67664e+07 4.65124e+07 1.20063e+07 9.82114e+06 1.85229e+06
threshold=36.828364285713867 -440.59704285714309 306.13562142857114 -148.69017857142839 107.72075000000088
decision_type=2 2 2 2 2
left_child=1 -1 4 -3 -2
right_child=2 3 -4 -5 -6
leaf_value=-23.572328223659017 7.7890604948004087 -6.2733787865814525 26.572455583239446 -0.22108135549218147 13.558199902815369
leaf_weight=236 224 767 168 5269 392
leaf_count=236 224 767 168 5269 392
internal_value=0.000277841 -1.84436 14.741 -0.991064 11.4764
internal_weight=7056 6272 784 6036 616
internal_count=7056 6272 784 6036 616
is_linear=0
shrinkage=0.05


Tree=3
num_leaves=6
num_cat=0
split_feature=2 2 2 2 2
split_gain=6.93107e+07 4.21645e+07 1.14397e+07 1.0845e+07 1.70202e+06
threshold=36.828364285713867 -498.66638571428615 -224.90667857142873 306.13562142857114 125.71790714285704
decision_type=2 2 2 2 2
left_child=1 -1 -3 4 -2
right_child=3 2 -4 -5 -6
leaf_value=-25.739890544317412 7.9732526664632077 -8.0564475582685002 -0.38184786397069259 25.251694486338714 13.315872113782504
leaf_weight=177 280 531 5564 168 336
leaf_count=177 280 531 5564 168 336
internal_value=0.000390433 -1.75239 -1.05168 14.007 10.9043
internal_weight=7056 6272 6095 784 616
internal_count=7056 6272 6095 784 616
is_linear=0
shrinkage=0.05


Tree=4
num_leaves=6
num_cat=0
split_feature=2 2 2 2 3
split_gain=6.25799e+07 3.81273e+07 9.7959e+06 8.15265e+06 1.548e+06
threshold=36.828364285713867 -440.59704285714309 306.13562142857114 -148.69017857142839 -14.380384375000174
decision_type=2 2 2 2 2
left_child=1 -1 4 -3 -2
right_child=2 3 -4 -5 -6
leaf_value=-21.337230725429229 7.9741020282436956 -5.7052166471859289 23.996581126105855 -0.19094057053751692 13.059538474223681
leaf_weight=236 329 767 168 5269 287
leaf_count=236 329 767 168 5269 287
internal_value=0.000458564 -1.66504 13.3096 -0.892474 10.3608
internal_weight=7056 6272 784 6036 616
internal_count=7056 6272 784 6036 616
is_linear=0
shrinkage=0.05


Tree=5
num_leaves=6
num_cat=0
split_feature=2 2 2 2 3
split_gain=5.65845e+07 3.50733e+07 9.53378e+06 8.08843e+06 1.79755e+06
threshold=54.811314285714396 -498.66638571428615 -224.90667857142873 306.13562142857114 -47.619798611111143
decision_type=2 2 2 2 2
left_child=1 -1 -3 4 -2
right_child=3 2 -4 -5 -6
leaf_value=-23.399258942014718 6.0697220093045159 -7.2829762335880703 -0.27987257125699211 22.80385175654169 12.209942093265898
leaf_weight=177 178 531 5620 168 382
leaf_count=177 178 531 5620 168 382
internal_value=0.000561689 -1.51885 -0.885518 13.1917 10.2725
internal_weight=7056 6328 6151 728 560
internal_count=7056 6328 6151 728 560
is_linear=0
shrinkage=0.05


Tree=6
num_leaves=6
num_cat=0
split_feature=2 2 2 2 2
split_gain=5.11924e+07 3.14906e+07 8.44736e+06 7.95757e+06 1.52412e+06
threshold=36.828364285713867 -498.66638571428615 -224.90667857142873 306.13562142857114 153.79608571428528
decision_type=2 2 2 2 2
left_child=1 -1 -3 4 -2
right_child=3 2 -4 -5 -6
leaf_value=-22.235868828057239 7.0716416160722524 -6.9195122562180789 -0.3246069084818794 21.67040535707093 12.115418075009174
leaf_weight=177 336 531 5564 168 280
leaf_count=177 336 531 5564 168 280
internal_value=0.000605299 -1.50576 -0.9002 12.0381 9.38019
internal_weight=7056 6272 6095 784 616
internal_count=7056 6272 6095 784 616
is_linear=0
shrinkage=0.05


Tree=7
num_leaves=7
num_cat=0
split_feature=2 2 2 2 2 2
split_gain=4.6562e+07 2.80131e+07 8.71519e+06 4.92873e+06 3.59372e+06 2.21639e+06
threshold=3.576192857143099 -368.31345000000005 306.13562142857114 -498.66638571428615 -135.46257142857152 107.72075000000088
decision_type=2 2 2 2 2 2
left_child=1 3 5 -1 -3 -2
right_child=2 4 -4 -5 -6 -7
leaf_value=-21.130321146464084 5.3651052040225684 -4.09529391228312 20.593296379944277 -9.2539568713541787 -0.29341686259426164 10.706208414309504
leaf_weight=177 392 708 168 177 5042 392
leaf_count=177 392 708 168 177 5042 392
internal_value=0.000655694 -1.60388 10.2794 -15.2349 -0.762174 8.04589
internal_weight=7056 6104 952 354 5750 784
internal_count=7056 6104 952 354 5750 784
is_linear=0
shrinkage=0.05


Tree=8
num_leaves=7
num_cat=0
split_feature=2 2 2 2 2 2
split_gain=4.20386e+07 2.52975e+07 7.87217e+06 4.45081e+06 3.25536e+06 2.00083e+06
threshold=3.576192857143099 -368.31345000000005 306.13562142857114 -498.66638571428615 -148.69017857142839 107.72075000000088
decision_type=2 2 2 2 2 2
left_child=1 3 5 -1 -3 -2
right_child=2 4 -4 -5 -6 -7
leaf_value=-20.07974056487673 5.09753256726811 -4.0566138302706758 19.569724904291732 -8.7938587172982405 -0.29939671473074542 10.172260130509621
leaf_weight=177 392 649 168 177 5101 392
leaf_count=177 392 649 168 177 5101 392
internal_value=0.000636296 -1.52397 9.76738 -14.4775 -0.724104 7.64462
internal_weight=7056 6104 952 354 5750 784
internal_count=7056 6104 952 354 5750 784
is_linear=0
shrinkage=0.05


Tree=9
num_leaves=7
num_cat=0
split_feature=2 2 2 2 2 0
split_gain=3.79547e+07 2.2845e+07 7.11069e+06 4.01923e+06 2.94237e+06 1.81542e+06
threshold=3.576192857143099 -368.31345000000005 306.13562142857114 -498.66638571428615 -135.46257142857152 3455.8107500000006
decision_type=2 2 2 2 2 2
left_child=1 3 5 -1 -3 -2
right_child=2 4 -4 -5 -6 -7
leaf_value=-19.081394408676733 3.5533266769793443 -3.7039063553048672 18.597027871453552 -8.3566355411926008 -0.26378209040609274 8.8325023527803097
leaf_weight=177 234 708 168 177 5042 550
leaf_count=177 234 708 168 177 5042 550
internal_value=0.000615879 -1.44804 9.28084 -13.7577 -0.687936 7.26336
internal_weight=7056 6104 952 354 5750 784
internal_count=7056 6104 952 354 5750 784
is_linear=0
shrinkage=0.05


Tree=10
num_leaves=7
num_cat=0
split_feature=2 2 2 2 2 3
split_gain=3.45068e+07 2.16125e+07 3.75371e+06 3.6295e+06 3.15892e+06 1.3077e+06
threshold=86.635714285714371 -368.31345000000005 306.13562142857114 -498.66638571428615 -135.46257142857152 -14.380384375000174
decision_type=2 2 2 2 2 2
left_child=1 3 5 -1 -3 -2
right_child=2 4 -4 -5 -6 -7
leaf_value=-18.132684221227517 6.4663098453072934 -3.5189722940325741 17.672679369266216 -7.941151238961166 0.031670218474192012 11.970543190026895
leaf_weight=177 254 708 168 177 5378 194
leaf_count=177 254 708 168 177 5378 194
internal_value=0.000582086 -1.08147 11.2963 -13.0736 -0.381895 8.87119
internal_weight=7056 6440 616 354 6086 448
internal_count=7056 6440 616 354 6086 448
is_linear=0
shrinkage=0.05


Tree=11
num_leaves=7
num_cat=0
split_feature=2 2 2 2 2 0
split_gain=3.14934e+07 1.85913e+07 5.69809e+06 3.27756e+06 2.39801e+06 1.57092e+06
threshold=3.576192857143099 -368.31345000000005 306.13562142857114 -498.66638571428615 -148.69017857142839 3455.8107500000006
decision_type=2 2 2 2 2 2
left_child=1 3 5 -1 -3 -2
right_child=2 4 -4 -5 -6 -7
leaf_value=-17.231143232175473 3.1973725783064015 -3.4935067958568156 16.794273895095792 -7.546324265354805 -0.26878438936126603 8.1072991164972485
leaf_weight=177 234 649 168 177 5101 550
leaf_count=177 234 649 168 177 5101 550
internal_value=0.000599415 -1.319 8.45408 -12.4236 -0.633302 6.64778
internal_weight=7056 6104 952 354 5750 784
internal_count=7056 6104 952 354 5750 784
is_linear=0
shrinkage=0.05


Tree=12
num_leaves=6
num_cat=0
split_feature=2 2 2 2 2
split_gain=2.84333e+07 1.67897e+07 5.14707e+06 3.58651e+06 1.52372e+06
threshold=3.576192857143099 -440.59704285714309 306.13562142857114 -224.90667857142873 153.79608571428528
decision_type=2 2 2 2 2
left_child=1 -1 4 -3 -2
right_child=2 3 -4 -5 -6
leaf_value=-14.300615127189753 4.6573343353995149 -4.9009665113926948 15.959528385393719 -0.36018259730303931 9.274699448351333
leaf_weight=236 504 472 168 5396 280
leaf_count=236 504 472 168 5396 280
internal_value=0.000566283 -1.25329 8.03285 -0.726199 6.31611
internal_weight=7056 6104 952 5868 784
internal_count=7056 6104 952 5868 784
is_linear=0
shrinkage=0.05


Tree=13
num_leaves=7
num_cat=0
split_feature=2 2 2 2 2 3
split_gain=2.57297e+07 1.59912e+07 2.76417e+06 2.70286e+06 2.37293e+06 1.23688e+06
threshold=86.635714285714371 -368.31345000000005 -498.66638571428615 306.13562142857114 -135.46257142857152 -47.619798611111143
decision_type=2 2 2 2 2 2
left_child=1 2 -1 5 -3 -2
right_child=3 4 -4 -5 -6 -7
leaf_value=-15.663413124807764 3.917600328470237 -3.0509170255514735 -6.7716758027505337 15.166273745770992 0.026452551950354477 9.5406906571746664
leaf_weight=177 148 708 177 168 5378 300
leaf_count=177 148 708 177 168 5378 300
internal_value=0.000611149 -0.933746 -11.2491 9.75457 -0.331988 7.69593
internal_weight=7056 6440 354 616 6086 448
internal_count=7056 6440 354 616 6086 448
is_linear=0
shrinkage=0.05


Tree=14
num_leaves=6
num_cat=0
split_feature=2 2 2 2 0
split_gain=2.35975e+07 1.38512e+07 4.12238e+06 3.75892e+06 1.32584e+06
threshold=3.576192857143099 -498.66638571428615 306.13562142857114 -224.90667857142873 3455.8107500000006
decision_type=2 2 2 2 2
left_child=1 -1 4 -3 -2
right_child=2 3 -4 -5 -6
leaf_value=-14.88464164752304 2.6137816429962504 -4.7386746068254002 14.412447183513079 -0.33340661380852771 7.1218695027990355
leaf_weight=177 234 531 168 5396 550
leaf_count=177 234 531 168 5396 550
internal_value=0.000603055 -1.14166 7.31804 -0.728807 5.78139
internal_weight=7056 6104 952 5927 784
internal_count=7056 6104 952 5927 784
is_linear=0
shrinkage=0.05


Tree=15
num_leaves=7
num_cat=0
split_feature=2 2 2 2 2 2
split_gain=2.13044e+07 1.25286e+07 3.72376e+06 2.20579e+06 1.6419e+06 1.19806e+06
threshold=3.576192857143099 -368.31345000000005 306.13562142857114 -498.66638571428615 -148.69017857142839 153.79608571428528
decision_type=2 2 2 2 2 2
left_child=1 3 5 -1 -3 -2
right_child=2 4 -4 -5 -6 -7
leaf_value=-14.144590618369286 4.0224960435609711 -2.8885550572963865 13.69608935273787 -6.1993910868683564 -0.22021817499191237 8.1159984974992661
leaf_weight=177 504 649 168 177 5101 280
leaf_count=177 504 649 168 177 5101 280
internal_value=0.000602596 -1.08474 6.95341 -10.2006 -0.521842 5.49294
internal_weight=7056 6104 952 354 5750 784
internal_count=7056 6104 952 354 5750 784
is_linear=0
shrinkage=0.05


Tree=16
num_leaves=7
num_cat=0
split_feature=2 2 2 2 2 0
split_gain=1.9235e+07 1.1314e+07 3.36353e+06 1.9919e+06 1.48564e+06 1.16913e+06
threshold=3.576192857143099 -368.31345000000005 306.13562142857114 -498.66638571428615 -135.46257142857152 3455.8107500000006
decision_type=2 2 2 2 2 2
left_child=1 3 5 -1 -3 -2
right_child=2 4 -4 -5 -6 -7
leaf_value=-13.441334416625205 2.2459285167747356 -2.6388415581777256 13.015336897457846 -5.891163067737323 -0.19438327842737557 6.4776262059077601
leaf_weight=177 234 708 168 177 5042 550
leaf_count=177 234 708 168 177 5042 550
internal_value=0.000589356 -1.0307 6.60709 -9.69348 -0.495777 5.21906
internal_weight=7056 6104 952 354 5750 784
internal_count=7056 6104 952 354 5750 784
is_linear=0
shrinkage=0.05


Tree=17
num_leaves=7
num_cat=0
split_feature=2 2 2 1 2 3
split_gain=1.74687e+07 1.07831e+07 2.86737e+06 2.12432e+06 1.72987e+06 1.17685e+06
threshold=86.635714285714371 -290.05994285714308 -498.66638571428615 -5.2316500000000152 306.13562142857114 -14.380384375000174
decision_type=2 2 2 2 2 2
left_child=1 2 -1 -3 5 -2
right_child=4 3 -4 -5 -6 -7
leaf_value=-12.773043646973171 4.1239253955728872 2.3521722497884814 -4.9660267499425039 -0.51371939679752454 12.368420840579377 9.3195289585529224
leaf_weight=177 254 738 354 5171 168 194
leaf_count=177 254 738 354 5171 168 194
internal_value=0.00055683 -0.769328 -7.58748 -0.155449 8.03756 6.38955
internal_weight=7056 6440 531 5909 616 448
internal_count=7056 6440 531 5909 616 448
is_linear=0
shrinkage=0.05


Tree=18
num_leaves=7
num_cat=0
split_feature=2 2 2 2 2 2
split_gain=1.58272e+07 9.25371e+06 2.81663e+06 1.609e+06 1.28922e+06 877551
threshold=3.576192857143099 -368.31345000000005 153.79608571428528 -498.66638571428615 -135.46257142857152 306.13562142857114
decision_type=2 2 2 2 2 2
left_child=1 3 -2 -1 -3 -4
right_child=2 4 5 -5 -6 -7
leaf_value=-12.137979271170799 3.4188056163711127 -2.4474859249104233 7.1132117061004099 -5.3513533138157285 -0.17035101261119179 11.753658493877163
leaf_weight=177 504 708 280 177 5042 168
leaf_count=177 504 708 280 177 5042 168
internal_value=0.000599225 -0.934881 5.99337 -8.7693 -0.451112 8.87568
internal_weight=7056 6104 952 354 5750 448
internal_count=7056 6104 952 354 5750 448
is_linear=0
shrinkage=0.05


Tree=19
num_leaves=7
num_cat=0
split_feature=2 2 2 1 2 3
split_gain=1.42906e+07 8.86585e+06 2.31176e+06 1.85414e+06 1.40239e+06 1.07619e+06
threshold=86.635714285714371 -290.05994285714308 -498.66638571428615 -5.2316500000000152 306.13562142857114 -47.619798611111143
decision_type=2 2 2 2 2 2
left_child=1 2 -1 -3 5 -2
right_child=4 3 -4 -5 -6 -7
leaf_value=-11.534489602185367 2.2761066074339338 2.2036183521852242 -4.5240030669662321 -0.47383181085220882 11.169452886909424 7.5039636581047038
leaf_weight=177 148 738 354 5171 168 300
leaf_count=177 148 738 354 5171 168 300
internal_value=0.000584679 -0.695753 -6.87812 -0.139117 7.26981 5.78582
internal_weight=7056 6440 531 5909 616 448
internal_count=7056 6440 531 5909 616 448
is_linear=0
shrinkage=0.05


Tree=20
num_leaves=7
num_cat=0
split_feature=2 2 2 2 2 0
split_gain=1.30226e+07 7.56804e+06 2.31337e+06 1.29985e+06 1.12081e+06 744762
threshold=3.576192857143099 -368.31345000000005 153.79608571428528 -498.66638571428615 -148.69017857142839 3147.5768000000003
decision_type=2 2 2 2 2 2
left_child=1 3 5 -1 -3 -2
right_child=2 4 -4 -5 -6 -7
leaf_value=-10.961005495907216 0.3323857183438359 -2.3658672850063218 8.0486950115647105 -4.8603595706184262 -0.1612603004361059 4.4349269129051843
leaf_weight=177 164 649 448 177 5101 340
leaf_count=177 164 649 448 177 5101 340
internal_value=0.000602382 -0.847955 5.43653 -7.93297 -0.410461 3.10327
internal_weight=7056 6104 952 354 5750 504
internal_count=7056 6104 952 354 5750 504
is_linear=0
shrinkage=0.05


Tree=21
num_leaves=7
num_cat=0
split_feature=2 2 2 2 1 2
split_gain=1.17561e+07 6.86689e+06 2.08819e+06 1.86532e+06 1.08828e+06 699532
threshold=3.576192857143099 -290.05994285714308 153.79608571428528 -498.66638571428615 -164.1426500000002 306.13562142857114
decision_type=2 2 2 2 2 2
left_child=1 3 -2 -1 -3 -4
right_child=2 4 5 -5 -6 -7
leaf_value=-10.416034030571078 2.9485829879712355 3.6757167725690771 6.0760431913718635 -4.1182933598108802 -0.4106377493789144 10.214231368634827
leaf_weight=177 504 167 280 354 5406 168
leaf_count=177 504 167 280 354 5406 168
internal_value=0.000533024 -0.805708 5.16538 -6.23317 -0.287549 7.64716
internal_weight=7056 6104 952 531 5573 448
internal_count=7056 6104 952 531 5573 448
is_linear=0
shrinkage=0.05


Tree=22
num_leaves=7
num_cat=0
split_feature=2 2 2 2 1 3
split_gain=1.0614e+07 6.20043e+06 1.886e+06 1.68478e+06 982726 881768
threshold=3.576192857143099 -290.05994285714308 306.13562142857114 -498.66638571428615 -164.1426500000002 30.043188541667067
decision_type=2 2 2 2 2 2
left_child=1 3 5 -1 -3 -2
right_child=2 4 -4 -5 -6 -7
leaf_value=-9.8981582987174566 2.7129416904271206 3.4930249331962493 9.7065419554710388 -3.9129587036958884 -0.39010965519903196 6.3171707960951373
leaf_weight=177 534 167 168 354 5406 250
leaf_count=177 534 167 168 354 5406 250
internal_value=0.00056285 -0.765515 4.90812 -5.92288 -0.273142 3.86883
internal_weight=7056 6104 952 531 5573 784
internal_count=7056 6104 952 531 5573 784
is_linear=0
shrinkage=0.05


Tree=23
num_leaves=7
num_cat=0
split_feature=2 2 2 1 2 3
split_gain=9.71476e+06 5.9897e+06 1.52171e+06 1.39034e+06 809434 844704
threshold=107.72075000000088 -290.05994285714308 -498.66638571428615 -5.2316500000000152 306.13562142857114 -14.380384375000174
decision_type=2 2 2 2 2 2
left_child=1 2 -1 -3 5 -2
right_child=4 3 -4 -5 -6 -7
leaf_value=-9.4060309276821918 2.9933478518719099 1.869864365552214 -3.7178617482286107 -0.38814191161840006 9.2240865717272786 7.6924565518111514
leaf_weight=177 222 784 354 5181 168 170
leaf_count=177 222 784 354 5181 168 170
internal_value=0.000591609 -0.544501 -5.62803 -0.0911009 6.31336 5.04561
internal_weight=7056 6496 531 5965 560 392
internal_count=7056 6496 531 5965 560 392
is_linear=0
shrinkage=0.05


Tree=24
num_leaves=7
num_cat=0
split_feature=2 2 2 1 2 3
split_gain=8.77259e+06 5.40827e+06 1.37442e+06 1.25528e+06 731020 762886
threshold=107.72075000000088 -290.05994285714308 -498.66638571428615 -13.885400000000002 306.13562142857114 -14.380384375000174
decision_type=2 2 2 2 2 2
left_child=1 2 -1 -3 5 -2
right_child=4 3 -4 -5 -6 -7
leaf_value=-8.9383710796578537 2.8443515962816677 1.8513636802037288 -3.5324923749372994 -0.35791135661220458 8.7656115492420081 7.3100829378380414
leaf_weight=177 222 732 354 5233 168 170
leaf_count=177 222 732 354 5233 168 170
internal_value=0.000620608 -0.517365 -5.34787 -0.0865334 5.99947 4.79469
internal_weight=7056 6496 531 5965 560 392
internal_count=7056 6496 531 5965 560 392
is_linear=0
shrinkage=0.05


Tree=25
num_leaves=7
num_cat=0
split_feature=2 2 0 3 3 2
split_gain=7.97448e+06 4.61132e+06 1.5354e+06 1.33337e+06 1.14766e+06 875766
threshold=3.576192857143099 -368.31345000000005 3775.6180500000005 -81.988322569444207 117.18852326388891 -135.46257142857152
decision_type=2 2 2 2 2 2
left_child=1 4 -2 -4 -1 -3
right_child=2 5 3 -5 -6 -7
leaf_value=-9.1995334070353287 1.1146888938524739 -1.9672770848411052 1.6510774716025307 6.8118264688021544 -3.4749548067437845 -0.090484619328699348
leaf_weight=167 277 708 167 508 187 5042
leaf_count=167 277 708 167 508 187 5042
internal_value=0.00064584 -0.663379 4.25444 5.53935 -6.19384 -0.321877
internal_weight=7056 6104 952 675 354 5750
internal_count=7056 6104 952 675 354 5750
is_linear=0
shrinkage=0.05


Tree=26
num_leaves=7
num_cat=0
split_feature=2 2 3 1 2 3
split_gain=7.28353e+06 4.43041e+06 1.23409e+06 1.08269e+06 660958 671355
threshold=107.72075000000088 -290.05994285714308 156.17226250000024 -5.2316500000000152 306.13562142857114 -14.380384375000174
decision_type=2 2 2 2 2 2
left_child=1 2 -1 -3 5 -2
right_child=4 3 -4 -5 -6 -7
leaf_value=-3.1170686341253884 2.4940430836159018 1.649002360173851 -8.2305894663880004 -0.34358639137014974 8.0952339645673543 6.6814131745818059
leaf_weight=353 222 784 178 5181 168 170
leaf_count=353 222 784 178 5181 168 170
internal_value=0.000577039 -0.471405 -4.84345 -0.0814613 5.46664 4.32237
internal_weight=7056 6496 531 5965 560 392
internal_count=7056 6496 531 5965 560 392
is_linear=0
shrinkage=0.05


Tree=27
num_leaves=7
num_cat=0
split_feature=1 2 3 2 3 2
split_gain=6.6505e+06 4.39394e+06 3.58033e+06 3.19137e+06 1.57594e+06 680058
threshold=-83.555900000000165 -368.31345000000005 -95.445787847222377 269.1001571428572 117.18852326388891 -135.46257142857152
decision_type=2 2 2 2 2 2
left_child=2 4 -1 -4 -2 -3
right_child=1 5 3 -5 -6 -7
leaf_value=-2.966509589203346 -9.7497771017206549 -1.8382107014790106 3.6194148750159578 11.489838393749842 -2.9553497744367476 -0.093405948396436136
leaf_weight=161 158 626 654 160 187 5110
leaf_count=161 158 626 654 160 187 5110
internal_value=0.000599397 -0.614235 3.83197 5.17863 -6.08619 -0.284113
internal_weight=7056 6081 975 814 345 5736
internal_count=7056 6081 975 814 345 5736
is_linear=0
shrinkage=0.05


Tree=28
num_leaves=6
num_cat=0
split_feature=2 2 2 3 2
split_gain=6.07415e+06 3.7438e+06 1.22429e+06 1.12838e+06 1.14996e+06
threshold=54.811314285714396 -498.66638571428615 -174.46607142857144 -81.988322569444207 269.1001571428572
decision_type=2 2 2 2 2
left_child=1 -1 -3 -2 -5
right_child=3 2 -4 4 -6
leaf_value=-7.6459049404169734 0.76414960210406502 -2.2446863484819786 -0.035768938434572344 4.040374300912366 9.2177251227047972
leaf_weight=177 171 708 5443 411 146
leaf_count=177 171 708 5443 411 146
internal_value=0.000551755 -0.497263 -0.290346 4.32246 5.41154
internal_weight=7056 6328 6151 728 557
internal_count=7056 6328 6151 728 557
is_linear=0
shrinkage=0.05


Tree=29
num_leaves=7
num_cat=0
split_feature=1 2 3 3 3 2
split_gain=5.62483e+06 3.62526e+06 3.13575e+06 2.67618e+06 1.4359e+06 549396
threshold=-83.555900000000165 -368.31345000000005 -95.445787847222377 -61.805358333333508 117.18852326388891 -135.46257142857152
decision_type=2 2 2 2 2 2
left_child=2 4 -1 -4 -2 -3
right_child=1 5 3 -5 -6 -7
leaf_value=-2.8380383200115631 -9.0315342663219145 -1.6618708347601658 10.411763032419342 3.3180915016267036 -2.5487720428629128 -0.093613244390388109
leaf_weight=161 158 626 167 647 187 5110
leaf_count=161 158 626 167 647 187 5110
internal_value=0.000553192 -0.564885 3.52412 4.78442 -5.53521 -0.265025
internal_weight=7056 6081 975 814 345 5736
internal_count=7056 6081 975 814 345 5736
is_linear=0
shrinkage=0.05


Tree=30
num_leaves=6
num_cat=0
split_feature=2 2 2 3 3
split_gain=5.20062e+06 3.22191e+06 1.08962e+06 578726 604951
threshold=125.71790714285704 -498.66638571428615 -135.46257142857152 -47.619798611111143 -9.8714784722225186
decision_type=2 2 2 2 2
left_child=1 -1 -3 -2 -5
right_child=3 2 -4 4 -6
leaf_value=-7.0112186044161575 2.7712003432512287 -1.8180372833616982 0.071589887917374723 8.583152883231234 4.0831296687945722
leaf_weight=177 199 885 5490 146 159
leaf_count=177 199 885 5490 146 159
internal_value=0.000508207 -0.376267 -0.190979 4.88963 6.25825
internal_weight=7056 6552 6375 504 305
internal_count=7056 6552 6375 504 305
is_linear=0
shrinkage=0.05


Tree=31
num_leaves=7
num_cat=0
split_feature=2 2 0 0 2 3
split_gain=4.79238e+06 2.75748e+06 1.30558e+06 1.0803e+06 810988 683876
threshold=0.44026428571487491 -498.66638571428615 4066.9687500000005 5707.4880500000008 -174.46607142857144 -14.380384375000174
decision_type=2 2 2 2 2 2
left_child=1 -1 5 -4 -3 -2
right_child=2 4 3 -5 -6 -7
leaf_value=-6.662626990763826 -1.7691279690786705 -1.931319495627843 6.2095787251937971 1.9808161584377288 -0.12787100825647049 2.5933709091783781
leaf_weight=177 150 708 388 249 5163 221
leaf_count=177 150 708 388 249 5163 221
internal_value=0.000530136 -0.531589 3.1906 4.56227 -0.345646 0.829543
internal_weight=7056 6048 1008 637 5871 371
internal_count=7056 6048 1008 637 5871 371
is_linear=0
shrinkage=0.05


Tree=32
num_leaves=7
num_cat=0
split_feature=1 3 2 3 3 0
split_gain=4.47131e+06 2.80435e+06 2.73686e+06 2.4433e+06 1.31875e+06 535320
threshold=-83.555900000000165 -95.445787847222377 -368.31345000000005 -61.805358333333508 117.18852326388891 5245.2809500000012
decision_type=2 2 2 2 2 2
left_child=1 -1 4 -3 -2 -4
right_child=2 3 5 -5 -6 -7
leaf_value=-2.8737981896433569 -8.1718032896624138 9.7102902051948377 -0.38528577430748556 2.9334551454326254 -1.9636731484468948 1.396751997374226
leaf_weight=161 158 167 5279 647 187 457
leaf_count=161 158 167 5279 647 187 457
internal_value=0.000505687 3.14206 -0.503631 4.334 -4.82222 -0.243088
internal_weight=7056 975 6081 814 345 5736
internal_count=7056 975 6081 814 345 5736
is_linear=0
shrinkage=0.05


Tree=33
num_leaves=5
num_cat=0
split_feature=2 2 2 3
split_gain=4.06497e+06 2.46031e+06 893780 459693
threshold=153.79608571428528 -498.66638571428615 -135.46257142857152 -47.619798611111143
decision_type=2 2 2 2
left_child=1 -1 -3 -2
right_child=3 2 -4 -5
leaf_value=-6.110928763407335 2.6637373895902892 -1.6263955326805535 0.083810628256645536 5.9413789689765792
leaf_weight=177 184 885 5546 264
leaf_count=177 184 885 5546 264
internal_value=0.000484999 -0.312276 -0.151755 4.60414
internal_weight=7056 6608 6431 448
internal_count=7056 6608 6431 448
is_linear=0
shrinkage=0.05


Tree=34
num_leaves=7
num_cat=0
split_feature=1 3 2 3 3 5
split_gain=3.81442e+06 2.50909e+06 2.3046e+06 2.22807e+06 1.58055e+06 973487
threshold=-83.555900000000165 -95.445787847222377 -263.13055000000026 -61.805358333333508 117.18852326388891 -0.85470842479866194
decision_type=2 2 2 2 2 2
left_child=1 -1 4 -3 -2 -4
right_child=2 3 5 -5 -6 -7
leaf_value=-2.7880094766616823 -5.9500461314154451 9.1633324665682654 2.3046810417254764 2.6923791804017476 -0.61910817882894076 -0.33401816843042087
leaf_weight=161 304 167 374 647 256 5147
leaf_count=161 304 167 374 647 256 5147
internal_value=0.000467481 2.90209 -0.465167 4.02957 -3.51849 -0.154884
internal_weight=7056 975 6081 814 560 5521
internal_count=7056 975 6081 814 560 5521
is_linear=0
shrinkage=0.05


Tree=35
num_leaves=6
num_cat=0
split_feature=1 2 2 2 3
split_gain=3.47868e+06 2.20875e+06 829140 741978 799680
threshold=-187.94350000000028 -498.66638571428615 54.811314285714396 306.13562142857114 -39.551330208333404
decision_type=2 2 2 2 2
left_child=3 -2 -3 4 -1
right_child=1 2 -4 -5 -6
leaf_value=0.57266280712450246 -5.8885462754152043 -0.32850447841364555 2.5723478068405554 6.4474707359581984 4.4269535277261225
leaf_weight=271 175 5935 256 152 267
leaf_count=271 175 5935 256 152 267
internal_value=0.00047577 -0.36521 -0.208157 3.36997 2.49014
internal_weight=7056 6366 6191 690 538
internal_count=7056 6366 6191 690 538
is_linear=0
shrinkage=0.05


Tree=36
num_leaves=7
num_cat=0
split_feature=2 2 0 0 3 3
split_gain=3.15541e+06 1.79897e+06 1.04327e+06 1.04599e+06 765350 646525
threshold=0.44026428571487491 -498.66638571428615 4195.3157000000001 5626.988800000001 -36.501835416666943 117.18852326388891
decision_type=2 2 2 2 2 2
left_child=1 -1 4 -4 -2 -3
right_child=2 5 3 -5 -6 -7
leaf_value=-5.383383021495316 -2.2952515868291465 -0.51983322662652642 5.7824697996298955 1.6293872617660687 2.2546691154676775 0.87150155001076035
leaf_weight=177 145 4864 331 281 251 1007
leaf_count=177 145 4864 331 281 251 1007
internal_value=0.00050727 -0.431271 2.58904 3.88135 0.587078 -0.281082
internal_weight=7056 6048 1008 612 396 5871
internal_count=7056 6048 1008 612 396 5871
is_linear=0
shrinkage=0.05


Tree=37
num_leaves=7
num_cat=0
split_feature=1 2 3 5 3 2
split_gain=2.93757e+06 1.91078e+06 1.71461e+06 1.63345e+06 652889 1.01517e+06
threshold=-187.94350000000028 -224.90667857142873 117.18852326388891 -0.85470842479866194 -39.551330208333404 107.72075000000088
decision_type=2 2 2 2 2 2
left_child=4 2 -2 -3 -1 -6
right_child=1 3 -4 -5 5 -7
leaf_value=1.6761958105087282 -4.9478696853519981 3.0496035457404336 0.13463583415014702 -0.26808679045340233 1.9328505519032479 7.6082285194457331
leaf_weight=374 398 398 284 5286 159 157
leaf_count=374 398 398 284 5286 159 157
internal_value=0.000498482 -0.335545 -2.8343 -0.0352829 3.09686 4.76769
internal_weight=7056 6366 682 5684 690 316
internal_count=7056 6366 682 5684 690 316
is_linear=0
shrinkage=0.05


Tree=38
num_leaves=7
num_cat=0
split_feature=1 3 3 2 3 3
split_gain=2.679e+06 2.19696e+06 2.08425e+06 1.74409e+06 1.00722e+06 480687
threshold=-83.555900000000165 -95.445787847222377 -61.805358333333508 -368.31345000000005 117.18852326388891 117.18852326388891
decision_type=2 2 2 2 2 2
left_child=1 -1 -3 4 -2 -5
right_child=3 2 -4 5 -6 -7
leaf_value=-2.8911687987086214 -6.7638131720125205 8.4518064528881087 2.1949873285782004 -0.38294455429443008 -1.3415340358272514 0.85888955054584371
leaf_weight=161 158 167 647 4807 187 929
leaf_count=161 158 167 647 4807 187 929
internal_value=0.000538628 2.43226 3.48743 -0.389688 -3.83715 -0.181703
internal_weight=7056 975 814 6081 345 5736
internal_count=7056 975 814 6081 345 5736
is_linear=0
shrinkage=0.05


Tree=39
num_leaves=5
num_cat=0
split_feature=2 2 2 5
split_gain=2.50458e+06 1.54914e+06 645798 464207
threshold=153.79608571428528 -498.66638571428615 -135.46257142857152 -0.94670478576706751
decision_type=2 2 2 2
left_child=1 -1 -3 -2
right_child=3 2 -4 -5
leaf_value=-4.846261064791948 5.4279448434559994 -1.3710988099579584 0.082621700962330819 2.1746421073164259
leaf_weight=177 197 885 5546 251
leaf_count=177 197 885 5546 251
internal_value=0.000512605 -0.244988 -0.117614 3.61413
internal_weight=7056 6608 6431 448
internal_count=7056 6608 6431 448
is_linear=0
shrinkage=0.05


Tree=40
num_leaves=7
num_cat=0
split_feature=1 2 3 5 3 2
split_gain=2.29047e+06 1.47952e+06 1.61058e+06 1.43222e+06 619356 867577
threshold=-187.94350000000028 -206.63904285714281 117.18852326388891 -0.85470842479866194 -39.551330208333404 107.72075000000088
decision_type=2 2 2 2 2 2
left_child=4 2 -2 -3 -1 -6
right_child=1 3 -4 -5 5 -7
leaf_value=1.3520560267289481 -4.3076821288123357 2.948362386509737 0.45450889685438939 -0.23428610147288631 1.7412610635627062 6.9873933754012558
leaf_weight=374 442 378 296 5250 159 157
leaf_count=374 442 378 296 5250 159 157
internal_value=0.000497367 -0.296234 -2.39961 -0.0200403 2.73463 4.36155
internal_weight=7056 6366 738 5628 690 316
internal_count=7056 6366 738 5628 690 316
is_linear=0
shrinkage=0.05


Tree=41
num_leaves=6
num_cat=0
split_feature=1 3 3 2 3
split_gain=2.0843e+06 1.96611e+06 1.90159e+06 1.39963e+06 573247
threshold=-83.555900000000165 -95.445787847222377 -61.805358333333508 -498.66638571428615 117.18852326388891
decision_type=2 2 2 2 2
left_child=1 -1 -3 -2 -5
right_child=3 2 -4 4 -6
leaf_value=-2.8900318339099123 -4.7375311304899785 7.885205015752998 1.9095963269610097 -0.43684321636530837 0.86937867715014283
leaf_weight=161 175 167 647 4893 1013
leaf_count=161 175 167 647 4893 1013
internal_value=0.000535852 2.14544 3.14372 -0.343664 -0.21269
internal_weight=7056 975 814 6081 5906
internal_count=7056 975 814 6081 5906
is_linear=0
shrinkage=0.05


Tree=42
num_leaves=5
num_cat=0
split_feature=2 2 3 5
split_gain=1.94391e+06 1.22384e+06 541047 429006
threshold=153.79608571428528 -440.59704285714309 -78.447285416666418 -0.94670478576706751
decision_type=2 2 2 2
left_child=1 -1 -3 -2
right_child=3 2 -4 -5
leaf_value=-3.7437535029580573 4.9268582585484095 1.0726279508489092 -0.26790107052112411 1.8021195907441396
leaf_weight=236 197 871 5501 251
leaf_count=236 197 871 5501 251
internal_value=0.000527473 -0.215756 -0.0845222 3.18408
internal_weight=7056 6608 6372 448
internal_count=7056 6608 6372 448
is_linear=0
shrinkage=0.05


Tree=43
num_leaves=6
num_cat=0
split_feature=1 3 3 2 3
split_gain=1.80005e+06 1.39387e+06 5.47635e+06 1.12934e+06 504856
threshold=-13.885400000000002 -95.445787847222377 -75.113009722222259 -498.66638571428615 117.18852326388891
decision_type=2 2 2 2 2
left_child=1 -1 -3 -2 -5
right_child=3 2 -4 4 -6
leaf_value=-2.445725762912597 -4.3158760722387921 11.316256280525311 0.96738090326101001 -0.46812443629425804 0.77286816805070002
leaf_weight=173 175 147 940 4626 995
leaf_count=173 175 147 940 4626 995
internal_value=0.00052796 1.71257 2.37602 -0.371887 -0.248352
internal_weight=7056 1260 1087 5796 5621
internal_count=7056 1260 1087 5796 5621
is_linear=0
shrinkage=0.05


Tree=44
num_leaves=7
num_cat=0
split_feature=2 2 3 5 3 4
split_gain=1.66718e+06 962652 1.36536e+06 964653 879429 1.35556e+06
threshold=0.44026428571487491 -148.69017857142839 117.18852326388891 -0.87651811848132988 38.131362499999803 0.40265084705289472
decision_type=2 2 2 2 2 2
left_child=1 2 -1 -3 5 -2
right_child=4 3 -4 -5 -6 -7
leaf_value=-3.0234054183764827 2.5951910715100017 3.5019152069604527 0.89364804003510745 -0.16712999370924683 5.1625038711463702 -1.7053431361141032
leaf_weight=671 570 185 332 4860 169 269
leaf_count=671 570 185 332 4860 169 269
internal_value=0.000542837 -0.313309 -1.72723 -0.0319189 1.8821 1.21597
internal_weight=7056 6048 1003 5045 1008 839
internal_count=7056 6048 1003 5045 1008 839
is_linear=0
shrinkage=0.05


Tree=45
num_leaves=7
num_cat=0
split_feature=1 0 0 5 3 2
split_gain=1.54102e+06 1.24109e+06 2.14979e+06 1.25442e+06 625148 725010
threshold=-187.94350000000028 6427.1647500000008 6914.3980500000007 -0.94670478576706751 -39.551330208333404 107.72075000000088
decision_type=2 2 2 2 2 2
left_child=4 3 -3 -2 -1 -6
right_child=1 2 -4 -5 5 -7
leaf_value=0.85602855379581466 3.5642629871021811 -7.0555949977023067 1.1611331366405293 -0.2243864820044128 1.4827079642936587 6.2773343985027914
leaf_weight=374 226 172 147 5821 159 157
leaf_count=374 226 172 147 5821 159 157
internal_value=0.000567123 -0.242824 -3.27741 -0.0822239 2.24322 3.87714
internal_weight=7056 6366 319 6047 690 316
internal_count=7056 6366 319 6047 690 316
is_linear=0
shrinkage=0.05


Tree=46
num_leaves=5
num_cat=0
split_feature=3 1 3 0
split_gain=1.53414e+06 2.69088e+06 1.50748e+06 1.13679e+06
threshold=-175.07053298611103 -187.94350000000028 -75.113009722222259 6427.1647500000008
decision_type=2 2 2 2
left_child=-1 2 -2 -3
right_child=1 3 -4 -5
leaf_value=-5.0893397842604537 6.638428910043074 -0.055101710764079548 1.4985059824948377 -3.1144575997628277
leaf_weight=144 210 5940 443 319
leaf_count=144 210 5940 443 319
internal_value=0.000581719 0.107343 3.15909 -0.211499
internal_weight=7056 6912 653 6259
internal_count=7056 6912 653 6259
is_linear=0
shrinkage=0.05


Tree=47
num_leaves=5
num_cat=0
split_feature=3 1 3 2
split_gain=1.38557e+06 2.4295e+06 1.36128e+06 1.02947e+06
threshold=-175.07053298611103 -187.94350000000028 -75.113009722222259 -206.63904285714281
decision_type=2 2 2 2
left_child=-1 2 -2 -3
right_child=1 3 -4 -5
leaf_value=-4.8366277060837586 6.3080804984716448 -1.9535241790972802 1.4237494050449617 0.033630843094047645
leaf_weight=144 210 738 443 5521
leaf_count=144 210 738 443 5521
internal_value=0.000551771 0.102011 3.00176 -0.20095
internal_weight=7056 6912 653 6259
internal_count=7056 6912 653 6259
is_linear=0
shrinkage=0.05


Tree=48
num_leaves=5
num_cat=0
split_feature=3 1 3 0
split_gain=1.25139e+06 2.1935e+06 1.22926e+06 982345
threshold=-175.07053298611103 -187.94350000000028 -75.113009722222259 6427.1647500000008
decision_type=2 2 2 2
left_child=-1 2 -2 -3
right_child=1 3 -4 -5
leaf_value=-4.5964641395108456 5.9941714182849184 -0.045532515203654172 1.3527222927324138 -2.8894843715638854
leaf_weight=144 210 5940 443 319
leaf_count=144 210 5940 443 319
internal_value=0.000531089 0.0969529 2.85226 -0.190918
internal_weight=7056 6912 653 6259
internal_count=7056 6912 653 6259
is_linear=0
shrinkage=0.05


Tree=49
num_leaves=5
num_cat=0
split_feature=3 1 2 3
split_gain=1.13019e+06 1.98254e+06 931754 517206
threshold=-175.07053298611103 -272.76979999999998 -174.46607142857144 -75.113009722222259
decision_type=2 2 2 2
left_child=-1 3 -3 -2
right_child=1 2 -4 -5
leaf_value=-4.3682259020312086 5.3565321544121058 -1.6655032617288119 0.096774646294463348 1.94501561884098
leaf_weight=144 173 866 5560 313
leaf_count=144 173 866 5560 313
internal_value=0.00050322 0.0921371 -0.140941 3.16791
internal_weight=7056 6912 6426 486
internal_count=7056 6912 6426 486
is_linear=0
shrinkage=0.05


Tree=50
num_leaves=5
num_cat=0
split_feature=3 1 3 2
split_gain=1.02075e+06 1.81553e+06 1.03492e+06 880688
threshold=-175.07053298611103 -187.94350000000028 -75.113009722222259 -498.66638571428615
decision_type=2 2 2 2
left_child=-1 2 -2 -3
right_child=1 3 -4 -5
leaf_value=-4.1513208674973461 5.4771126839786914 -3.6611711438406598 1.2184396145714296 -0.073444273486402853
leaf_weight=144 210 175 443 6084
leaf_count=144 210 175 443 6084
internal_value=0.00048773 0.0875717 2.59428 -0.174325
internal_weight=7056 6912 653 6259
internal_count=7056 6912 653 6259
is_linear=0
shrinkage=0.05


Tree=51
num_leaves=5
num_cat=0
split_feature=3 1 3 0
split_gain=921888 1.63919e+06 934550 815403
threshold=-175.07053298611103 -187.94350000000028 -75.113009722222259 6427.1647500000008
decision_type=2 2 2 2
left_child=-1 2 -2 -3
right_child=1 3 -4 -5
leaf_value=-3.9451863514143848 5.2045549493830352 -0.03318335193970743 1.1576548188488496 -2.6242350417003037
leaf_weight=144 210 5940 443 319
leaf_count=144 210 5940 443 319
internal_value=0.000454911 0.0832146 2.46508 -0.165639
internal_weight=7056 6912 653 6259
internal_count=7056 6912 653 6259
is_linear=0
shrinkage=0.05


Tree=52
num_leaves=7
num_cat=0
split_feature=1 3 0 3 3 0
split_gain=862571 2.78065e+06 1.19337e+06 1.99753e+06 1.13085e+06 263328
threshold=295.8205500000002 117.18852326388891 4603.9523500000005 30.043188541667067 28.855384027777976 7.3851500000000003
decision_type=2 2 2 2 2 2
left_child=2 4 5 -4 -2 -1
right_child=1 -3 3 -5 -6 -7
leaf_value=-0.33381831481298457 -1.3375134272752582 2.1633552859770133 0.44810184396389457 5.6373598390221602 -7.10088720283672 0.4350182159562887
leaf_weight=3930 147 255 719 249 203 1553
leaf_count=3930 147 255 719 249 203 1553
internal_value=0.000430463 -1.80316 0.169831 1.78738 -4.69098 -0.116014
internal_weight=7056 605 6451 968 350 5483
internal_count=7056 605 6451 968 350 5483
is_linear=0
shrinkage=0.05


Tree=53
num_leaves=7
num_cat=0
split_feature=2 0 3 3 3 4
split_gain=848543 1.58019e+06 4.24839e+06 1.24867e+06 3.12936e+06 481471
threshold=-135.46257142857152 3775.6180500000005 38.131362499999803 117.18852326388891 53.069185763888989 0.065387565056497135
decision_type=2 2 2 2 2 2
left_child=3 -2 -3 4 -1 -5
right_child=1 2 -4 5 -6 -7
leaf_value=-0.67187660124139459 -0.12580585468702826 0.61398467451645211 9.5514780111845194 3.2809585972247941 -8.4831754727188695 -0.4835971569459056
leaf_weight=553 5023 813 158 151 166 192
leaf_count=553 5023 813 158 151 166 192
internal_value=0.000408308 0.231263 2.07661 -1.30154 -2.4846 1.17841
internal_weight=7056 5994 971 1062 719 343
internal_count=7056 5994 971 1062 719 343
is_linear=0
shrinkage=0.05


Tree=54
num_leaves=5
num_cat=0
split_feature=3 1 3 0
split_gain=833278 1.39543e+06 781526 376462
threshold=-175.07053298611103 -272.76979999999998 -78.447285416666418 5707.4880500000008
decision_type=2 2 2 2
left_child=-1 3 -3 -2
right_child=1 2 -4 -5
leaf_value=-3.7508144135105201 3.6458347883788345 1.4432169612403178 -0.31131805905124965 0.69483885703290382
leaf_weight=144 323 713 5713 163
leaf_count=144 323 713 5713 163
internal_value=0.000413983 0.0790958 -0.116448 2.65956
internal_weight=7056 6912 6426 486
internal_count=7056 6912 6426 486
is_linear=0
shrinkage=0.05


Tree=55
num_leaves=6
num_cat=0
split_feature=0 0 5 2 3
split_gain=759628 1.65112e+06 1.38494e+06 821510 601797
threshold=6427.1647500000008 6914.3980500000007 -0.94670478576706751 211.60749285714317 -78.447285416666418
decision_type=2 2 2 2 2
left_child=2 -2 3 -1 -4
right_child=1 -3 4 -5 -6
leaf_value=1.2622074443099114 -4.982674561906185 1.6198247722832555 1.1350025207730432 5.9098658461023028 -0.26165568430553193
leaf_weight=268 220 165 900 147 5356
leaf_count=268 220 165 900 147 5356
internal_value=0.000405491 -2.15617 0.125171 2.91874 -0.0605805
internal_weight=7056 385 6671 415 6256
internal_count=7056 385 6671 415 6256
is_linear=0
shrinkage=0.05


Tree=56
num_leaves=5
num_cat=0
split_feature=3 1 3 2
split_gain=783746 1.24769e+06 1.67174e+06 672336
threshold=-175.07053298611103 -13.885400000000002 -75.113009722222259 -498.66638571428615
decision_type=2 2 2 2
left_child=-1 2 -2 -3
right_child=1 3 -4 -5
leaf_value=-3.6376101424365213 4.9273278212248215 -3.2762721256014298 0.519153701607039 -0.13699604379168404
leaf_weight=144 278 175 940 5519
leaf_count=144 278 175 940 5519
internal_value=0.000418389 0.0767259 1.52851 -0.234037
internal_weight=7056 6912 1218 5694
internal_count=7056 6912 1218 5694
is_linear=0
shrinkage=0.05


Tree=57
num_leaves=5
num_cat=0
split_feature=3 1 3 2
split_gain=707840 1.12638e+06 1.50936e+06 607162
threshold=-175.07053298611103 -13.885400000000002 -75.113009722222259 -498.66638571428615
decision_type=2 2 2 2
left_child=-1 2 -2 -3
right_child=1 3 -4 -5
leaf_value=-3.4569840266375707 4.6818444350927964 -3.1133892285552895 0.49322360975788587 -0.13014747979903959
leaf_weight=144 278 175 940 5519
leaf_count=144 278 175 940 5519
internal_value=0.000386104 0.0729043 1.4523 -0.222365
internal_weight=7056 6912 1218 5694
internal_count=7056 6912 1218 5694
is_linear=0
shrinkage=0.05


Tree=58
num_leaves=7
num_cat=0
split_feature=2 5 3 3 3 3
split_gain=663866 1.22246e+06 3.04193e+06 1.1885e+06 2.75416e+06 463685
threshold=-135.46257142857152 -0.87651811848132988 30.043188541667067 117.18852326388891 53.069185763888989 161.67915451388913
decision_type=2 2 2 2 2 2
left_child=3 2 -2 4 -1 -5
right_child=1 -3 -4 5 -6 -7
leaf_value=-0.60495529834866957 0.29429452437162401 -0.040111396196924859 8.3443632510228039 2.9017656134286276 -7.9329675012006025 -0.79051494243877396
leaf_weight=553 474 5365 155 191 166 152
leaf_count=553 474 5365 155 191 166 152
internal_value=0.000355989 0.204549 2.28811 -1.15123 -2.30549 1.26799
internal_weight=7056 5994 629 1062 719 343
internal_count=7056 5994 629 1062 719 343
is_linear=0
shrinkage=0.05


Tree=59
num_leaves=6
num_cat=0
split_feature=0 3 5 2 3
split_gain=649826 1.64476e+06 1.13145e+06 687200 510873
threshold=6427.1647500000008 71.982794444444281 -0.94670478576706751 211.60749285714317 -78.447285416666418
decision_type=2 2 2 2 2
left_child=2 -2 3 -1 -4
right_child=1 -3 4 -5 -6
leaf_value=1.1258151067233884 -4.7124856453062156 1.9160798072814942 1.0494223409236205 5.376415084503793 -0.23740862133951512
leaf_weight=268 227 158 900 147 5356
leaf_count=268 227 158 900 147 5356
internal_value=0.000353578 -1.99427 0.11575 2.64075 -0.0521446
internal_weight=7056 385 6671 415 6256
internal_count=7056 385 6671 415 6256
is_linear=0
shrinkage=0.05


Tree=60
num_leaves=5
num_cat=0
split_feature=3 1 3 2
split_gain=665490 964108 1.32669e+06 528270
threshold=-175.07053298611103 -13.885400000000002 -75.113009722222259 -498.66638571428615
decision_type=2 2 2 2
left_child=-1 2 -2 -3
right_child=1 3 -4 -5
leaf_value=-3.3519802528414235 4.3746573348199176 -2.8991565274921332 0.44770493274732764 -0.11647367187819538
leaf_weight=144 278 175 940 5519
leaf_count=144 278 175 940 5519
internal_value=0.000367916 0.0706833 1.34686 -0.202491
internal_weight=7056 6912 1218 5694
internal_count=7056 6912 1218 5694
is_linear=0
shrinkage=0.05


Tree=61
num_leaves=5
num_cat=0
split_feature=3 1 3 2
split_gain=601036 870372 1.19782e+06 477060
threshold=-175.07053298611103 -13.885400000000002 -75.113009722222259 -498.66638571428615
decision_type=2 2 2 2
left_child=-1 2 -2 -3
right_child=1 3 -4 -5
leaf_value=-3.185537123310155 4.1567084773894285 -2.7550225124779075 0.42534347601496203 -0.11065104251817304
leaf_weight=144 278 175 940 5519
leaf_count=144 278 175 940 5519
internal_value=0.000338568 0.0671622 1.27971 -0.192393
internal_weight=7056 6912 1218 5694
internal_count=7056 6912 1218 5694
is_linear=0
shrinkage=0.05


Tree=62
num_leaves=6
num_cat=0
split_feature=0 3 5 2 3
split_gain=560952 1.55191e+06 972407 573236 436602
threshold=6427.1647500000008 71.982794444444281 -0.94670478576706751 211.60749285714317 -78.447285416666418
decision_type=2 2 2 2 2
left_child=2 -2 3 -1 -4
right_child=1 -3 4 -5 -6
leaf_value=1.0645433928665176 -4.4933900986781765 1.9450997255508256 0.97022919694869292 4.9469596739556341 -0.21938964009206915
leaf_weight=268 227 158 900 147 5356
leaf_count=268 227 158 900 147 5356
internal_value=0.000311226 -1.85291 0.107527 2.44835 -0.0481211
internal_weight=7056 385 6671 415 6256
internal_count=7056 385 6671 415 6256
is_linear=0
shrinkage=0.05


Tree=63
num_leaves=5
num_cat=0
split_feature=3 1 3 1
split_gain=565309 766387 1.16765e+06 435191
threshold=-175.07053298611103 -13.885400000000002 38.131362499999803 295.8205500000002
decision_type=2 2 2 2
left_child=-1 2 -2 -3
right_child=1 3 -4 -5
leaf_value=-3.0894112121185353 0.54782128505660721 -0.027591051094431603 4.861603923359433 -1.4450355158911683
leaf_weight=144 1034 5089 184 605
leaf_count=144 1034 5089 184 605
internal_value=0.000325515 0.0651326 1.20295 -0.178425
internal_weight=7056 6912 1218 5694
internal_count=7056 6912 1218 5694
is_linear=0
shrinkage=0.05


Tree=64
num_leaves=5
num_cat=0
split_feature=3 3 0 3
split_gain=510564 746486 1.98888e+06 1.23441e+06
threshold=-175.07053298611103 -87.099058333333446 3455.8107500000006 -81.988322569444207
decision_type=2 2 2 2
left_child=-1 2 -2 -3
right_child=1 3 -4 -5
leaf_value=-2.9360059283519617 -0.050316666783048559 -4.6551397183845786 6.4820743618923942 0.011912897595302313
leaf_weight=144 415 144 161 6192
leaf_count=144 415 144 161 6192
internal_value=0.000315257 0.0619045 1.78365 -0.0948743
internal_weight=7056 6912 576 6336
internal_count=7056 6912 576 6336
is_linear=0
shrinkage=0.05


Tree=65
num_leaves=6
num_cat=0
split_feature=0 0 5 0 3
split_gain=510852 1.46933e+06 862730 521693 424431
threshold=6427.1647500000008 6914.3980500000007 -0.94670478576706751 5869.0135500000006 -78.447285416666418
decision_type=2 2 2 2 2
left_child=2 -2 3 -1 -4
right_child=1 -3 4 -5 -6
leaf_value=4.5029884421970783 -4.4349256699980657 1.7926523332854352 0.96005484916592287 0.87516603341156785 -0.21286581343018837
leaf_weight=163 220 165 900 252 5356
leaf_count=163 220 165 900 252 5356
internal_value=0.000291354 -1.76823 0.102607 2.30747 -0.0440008
internal_weight=7056 385 6671 415 6256
internal_count=7056 385 6671 415 6256
is_linear=0
shrinkage=0.05


Tree=66
num_leaves=7
num_cat=0
split_feature=1 3 3 0 3 2
split_gain=488769 2.27809e+06 982898 595054 1.86454e+06 154132
threshold=295.8205500000002 117.18852326388891 28.855384027777976 4603.9523500000005 30.043188541667067 -1.7527571428570126
decision_type=2 2 2 2 2 2
left_child=3 2 -2 5 -5 -1
right_child=1 -3 -4 4 -6 -7
leaf_value=0.44286809124365684 -0.84832290815743239 2.2321478348458186 -6.217838683549096 -0.023232425445069871 4.989572896957398 -0.20993155455180312
leaf_weight=1141 147 255 203 719 249 4342
leaf_count=1141 147 255 203 719 249 4342
internal_value=0.000301468 -1.35736 -3.97148 0.127819 1.27004 -0.0740294
internal_weight=7056 605 350 6451 968 5483
internal_count=7056 605 350 6451 968 5483
is_linear=0
shrinkage=0.05


Tree=67
num_leaves=4
num_cat=0
split_feature=3 2 3
split_gain=480256 659016 715950
threshold=-175.07053298611103 241.18928571428572 -78.447285416666418
decision_type=2 2 2
left_child=-1 2 -2
right_child=1 -3 -4
leaf_value=-2.8475449048239612 1.3804375019859358 2.5004000514969791 -0.22745848097069771
leaf_weight=144 784 265 5863
leaf_count=144 784 265 5863
internal_value=0.000288977 0.0600222 -0.0376313
internal_weight=7056 6912 6647
internal_count=7056 6912 6647
is_linear=0
shrinkage=0.05


Tree=68
num_leaves=6
num_cat=0
split_feature=0 3 5 0 3
split_gain=478656 1.39926e+06 748071 465598 349753
threshold=6427.1647500000008 71.982794444444281 -0.94670478576706751 5869.0135500000006 -78.447285416666418
decision_type=2 2 2 2 2
left_child=2 -2 3 -1 -4
right_child=1 -3 4 -5 -6
leaf_value=4.2265305517650233 -4.218933084267273 1.8945667191871309 0.87425428931079352 0.79946809515887107 -0.19049118191126593
leaf_weight=163 227 158 900 252 5356
leaf_count=163 227 158 900 252 5356
internal_value=0.00028024 -1.71161 0.0993193 2.15244 -0.0371996
internal_weight=7056 385 6671 415 6256
internal_count=7056 385 6671 415 6256
is_linear=0
shrinkage=0.05


Tree=69
num_leaves=7
num_cat=0
split_feature=2 3 3 3 5 4
split_gain=454825 935316 2.42099e+06 895384 1.69279e+06 416925
threshold=-135.46257142857152 117.18852326388891 53.069185763888989 -154.50830763888902 -0.91509365977396839 0.065387565056497135
decision_type=2 2 2 2 2 2
left_child=1 2 -1 -2 -5 -3
right_child=3 5 -4 4 -6 -7
leaf_value=-0.38288486024317758 -2.6948566371282401 3.1495843604991314 -7.2529514218697289 3.1451647417717044 0.040289938302073947 -0.35392853449354522
leaf_weight=553 260 151 166 478 5256 192
leaf_count=553 260 151 166 478 5256 192
internal_value=0.000290215 -0.9529 -1.97689 0.169305 0.299623 1.19311
internal_weight=7056 1062 719 5994 5734 343
internal_count=7056 1062 719 5994 5734 343
is_linear=0
shrinkage=0.05


Tree=70
num_leaves=6
num_cat=0
split_feature=0 0 5 2 3
split_gain=434255 1.29093e+06 615914 416055 334913
threshold=6427.1647500000008 6914.3980500000007 -0.94670478576706751 211.60749285714317 -78.447285416666418
decision_type=2 2 2 2 2
left_child=2 -2 3 -1 -4
right_child=1 -3 4 -5 -6
leaf_value=0.77922217123570503 -4.1299106354997983 1.7072891612009831 0.86260951272192343 4.0859855368330669 -0.17930172796756325
leaf_weight=268 220 165 900 147 5356
leaf_count=268 220 165 900 147 5356
internal_value=0.00024489 -1.63031 0.0945786 1.95754 -0.0292965
internal_weight=7056 385 6671 415 6256
internal_count=7056 385 6671 415 6256
is_linear=0
shrinkage=0.05


Tree=71
num_leaves=5
num_cat=0
split_feature=3 1 3 3
split_gain=427230 531319 462652 416633
threshold=-175.07053298611103 -272.76979999999998 -39.551330208333404 201.71815798611138
decision_type=2 2 2 2
left_child=-1 2 -2 -3
right_child=1 3 -4 -5
leaf_value=-2.6857655893112051 0.22572875605388121 -0.12521073449413128 3.3188019341656139 2.5857174240206851
leaf_weight=144 263 6282 223 144
leaf_count=144 263 6282 223 144
internal_value=0.000254782 0.056594 1.64888 -0.0640688
internal_weight=7056 6912 486 6426
internal_count=7056 6912 486 6426
is_linear=0
shrinkage=0.05


Tree=72
num_leaves=7
num_cat=0
split_feature=3 3 0 2 1 5
split_gain=426199 2.48603e+06 5.91994e+06 1.87282e+06 1.85017e+06 245161
threshold=156.17226250000024 117.18852326388891 2136.4263000000005 -338.57965714285723 369.52499999999992 -0.23762932952031213
decision_type=2 2 2 2 2 2
left_child=1 4 -3 -2 -1 -5
right_child=3 2 -4 5 -6 -7
leaf_value=0.057996347357750277 -5.9425758749434037 -0.38033108876811134 11.985139351674956 1.9508824486184766 -4.1567611374697844 -0.41870100168654556
leaf_weight=5632 158 287 145 147 272 415
leaf_count=5632 158 287 145 147 272 415
internal_value=0.000265559 0.131323 3.78821 -1.15162 -0.136851 0.203465
internal_weight=7056 6336 432 720 5904 562
internal_count=7056 6336 432 720 5904 562
is_linear=0
shrinkage=0.05


Tree=73
num_leaves=5
num_cat=0
split_feature=0 3 0 3
split_gain=390004 1.70077e+06 650980 398859
threshold=6317.1161500000007 71.982794444444281 6071.1863500000009 -154.50830763888902
decision_type=2 2 2 2
left_child=2 -2 3 -1
right_child=1 -3 -4 -5
leaf_value=-1.8646926771490664 -3.9596756242943885 2.3777442360466181 3.1783119779860902 0.09857891397998135
leaf_weight=269 265 175 166 6181
leaf_count=269 265 175 166 6181
internal_value=0.000274223 -1.43943 0.0962258 0.0164235
internal_weight=7056 440 6616 6450
internal_count=7056 440 6616 6450
is_linear=0
shrinkage=0.05


Tree=74
num_leaves=7
num_cat=0
split_feature=3 3 0 2 1 5
split_gain=401463 2.21719e+06 5.30813e+06 1.72427e+06 1.67432e+06 216973
threshold=156.17226250000024 117.18852326388891 2136.4263000000005 -338.57965714285723 369.52499999999992 -0.23762932952031213
decision_type=2 2 2 2 2 2
left_child=1 4 -3 -2 -1 -5
right_child=3 2 -4 5 -6 -7
leaf_value=0.059553317243926734 -5.7147224182602745 -0.3662923951322834 11.342774808343041 1.8264603120249672 -3.9499083187553907 -0.40273337113456087
leaf_weight=5632 158 287 145 147 272 415
leaf_count=5632 158 287 145 147 272 415
internal_value=0.000259311 0.127456 3.58095 -1.1177 -0.125802 0.182556
internal_weight=7056 6336 432 720 5904 562
internal_count=7056 6336 432 720 5904 562
is_linear=0
shrinkage=0.05


Tree=75
num_leaves=5
num_cat=0
split_feature=3 3 2 3
split_gain=384019 922553 2.35188e+06 2.00249e+06
threshold=201.71815798611138 156.17226250000024 -263.13055000000026 117.18852326388891
decision_type=2 2 2 2
left_child=1 3 -3 -1
right_child=-2 2 -4 -5
leaf_value=-0.11954490013941051 2.5468308030736857 -7.3530994616250203 -0.075020617246627813 3.4031734225931674
leaf_weight=5904 144 149 427 432
leaf_count=5904 144 149 427 432
internal_value=0.000266144 -0.053148 -1.9672 0.12114
internal_weight=7056 6912 576 6336
internal_count=7056 6912 576 6336
is_linear=0
shrinkage=0.05


Tree=76
num_leaves=5
num_cat=0
split_feature=3 3 0 3
split_gain=358342 554536 1.76378e+06 1.21588e+06
threshold=-175.07053298611103 -87.099058333333446 3455.8107500000006 -81.988322569444207
decision_type=2 2 2 2
left_child=-1 2 -2 -3
right_child=1 3 -4 -5
leaf_value=-2.4597127694919192 -0.19092627709838922 -4.6091919062055391 5.9603824386626121 0.022693199313600768
leaf_weight=144 415 144 161 6192
leaf_count=144 415 144 161 6192
internal_value=0.000241523 0.051839 1.5358 -0.0832877
internal_weight=7056 6912 576 6336
internal_count=7056 6912 576 6336
is_linear=0
shrinkage=0.05


Tree=77
num_leaves=5
num_cat=0
split_feature=3 3 2 3
split_gain=346515 834206 2.12407e+06 1.80624e+06
threshold=201.71815798611138 156.17226250000024 -263.13055000000026 117.18852326388891
decision_type=2 2 2 2
left_child=1 3 -3 -1
right_child=-2 2 -4 -5
leaf_value=-0.11337254563485298 2.4192406327148963 -6.9890226045846946 -0.072410358028991192 3.2322757225113707
leaf_weight=5904 144 149 427 432
leaf_count=5904 144 149 427 432
internal_value=0.000220402 -0.0505185 -1.87062 0.115214
internal_weight=7056 6912 576 6336
internal_count=7056 6912 576 6336
is_linear=0
shrinkage=0.05


Tree=78
num_leaves=6
num_cat=0
split_feature=3 3 5 3 5
split_gain=327819 896784 2.37735e+06 1.09491e+06 812532
threshold=-154.50830763888902 -87.099058333333446 -0.48087430661751701 -81.988322569444207 1.0000000180025095e-35
decision_type=2 2 2 2 2
left_child=4 2 -2 -3 -1
right_child=1 3 -4 -5 -6
leaf_value=-4.2916471136027372 7.4133594810157213 -4.3746921987369145 -0.39636496388568332 0.02074302756513657 1.0051191698271653
leaf_weight=144 147 144 285 6192 144
leaf_count=144 147 144 285 6192 144
internal_value=0.000198593 0.0706084 2.27209 -0.0798278 -1.64895
internal_weight=7056 6768 432 6336 288
internal_count=7056 6768 432 6336 288
is_linear=0
shrinkage=0.05


Tree=79
num_leaves=6
num_cat=0
split_feature=0 3 0 3 1
split_gain=329335 1.14982e+06 522729 1.90262e+06 325594
threshold=6427.1647500000008 71.982794444444281 4887.9028000000008 38.131362499999803 144.80555000000007
decision_type=2 2 2 2 2
left_child=2 -2 4 -4 -1
right_child=1 -3 3 -5 -6
leaf_value=-0.0037903076075532548 -3.6928576525888945 1.8486175463634469 -0.26301294379322621 4.6652362032321051 -1.6080587811590661
leaf_weight=5387 227 158 674 275 335
leaf_count=5387 227 158 674 275 335
internal_value=0.000184239 -1.4198 0.0823354 1.1685 -0.0979783
internal_weight=7056 385 6671 949 5722
internal_count=7056 385 6671 949 5722
is_linear=0
shrinkage=0.05


Tree=80
num_leaves=7
num_cat=0
split_feature=2 3 3 3 5 1
split_gain=316726 705848 2.19379e+06 665248 1.40712e+06 401772
threshold=-135.46257142857152 117.18852326388891 53.069185763888989 -154.50830763888902 -0.91509365977396839 496.66214999999971
decision_type=2 2 2 2 2 2
left_child=1 2 -1 -2 -5 -3
right_child=3 5 -4 4 -6 -7
leaf_value=-0.16781785392104934 -2.3275677920758038 -0.64634007471938471 -6.7071569882824038 2.8479027495876981 0.01711539993047911 2.7681698216868273
leaf_weight=553 260 171 166 478 5256 172
leaf_count=553 260 171 166 478 5256 172
internal_value=0.000181729 -0.795243 -1.68481 0.141222 0.253552 1.06896
internal_weight=7056 1062 719 5994 5734 343
internal_count=7056 1062 719 5994 5734 343
is_linear=0
shrinkage=0.05


Tree=81
num_leaves=6
num_cat=0
split_feature=3 0 0 2 5
split_gain=327026 1.6484e+06 1.48163e+06 1.36985e+06 212492
threshold=156.17226250000024 6797.4468000000006 6317.1161500000007 -338.57965714285723 -0.23762932952031213
decision_type=2 2 2 2 2
left_child=1 2 -1 -2 -5
right_child=3 -3 -4 4 -6
leaf_value=0.11500885753087015 -5.1062761317821419 4.9867257655724977 -4.5139918364165874 1.7769806426119161 -0.42905488395347047
leaf_weight=5991 158 168 177 147 415
leaf_count=5991 158 168 177 147 415
internal_value=0.000142777 0.114944 -0.0185374 -1.00886 0.1501
internal_weight=7056 6336 6168 720 562
internal_count=7056 6336 6168 720 562
is_linear=0
shrinkage=0.05


Tree=82
num_leaves=5
num_cat=0
split_feature=3 3 2 3
split_gain=313402 751877 1.89212e+06 1.57206e+06
threshold=201.71815798611138 156.17226250000024 -263.13055000000026 117.18852326388891
decision_type=2 2 2 2
left_child=1 3 -3 -1
right_child=-2 2 -4 -5
leaf_value=-0.10405324815290647 2.3006506142122993 -6.6069552143414816 -0.078880850455471288 3.0171894381644409
leaf_weight=5904 144 149 427 432
leaf_count=5904 144 149 427 432
internal_value=0.000113171 -0.0481406 -1.77609 0.109201
internal_weight=7056 6912 576 6336
internal_count=7056 6912 576 6336
is_linear=0
shrinkage=0.05


Tree=83
num_leaves=6
num_cat=0
split_feature=0 3 0 3 1
split_gain=289768 1.08342e+06 475020 1.66817e+06 209954
threshold=6427.1647500000008 71.982794444444281 4603.9523500000005 38.131362499999803 144.80555000000007
decision_type=2 2 2 2 2
left_child=2 -2 4 -4 -1
right_child=1 -3 3 -5 -6
leaf_value=-0.034718256028206267 -3.5383787227304362 1.8405932918284673 -0.21943706137455063 4.1473784585761555 -1.4117647661278918
leaf_weight=5319 227 158 754 307 291
leaf_count=5319 227 158 754 307 291
internal_value=9.70858e-05 -1.33185 0.0771554 1.04682 -0.106387
internal_weight=7056 385 6671 1061 5610
internal_count=7056 385 6671 1061 5610
is_linear=0
shrinkage=0.05


Tree=84
num_leaves=6
num_cat=0
split_feature=3 0 0 3 6
split_gain=283068 1.5453e+06 1.29528e+06 1.21647e+06 650001
threshold=156.17226250000024 6797.4468000000006 6317.1161500000007 159.42839722222246 0.13040196020729419
decision_type=2 2 2 2 2
left_child=1 2 -1 -2 -5
right_child=3 -3 -4 4 -6
leaf_value=0.10253260739574158 -5.0320214157268923 4.8238732044513419 -4.2255779926696517 -1.4513380493540258 1.9137544123631605
leaf_weight=5991 144 168 177 312 264
leaf_count=5991 144 168 177 312 264
internal_value=9.77862e-05 0.106905 -0.0223338 -0.93865 0.0916397
internal_weight=7056 6336 6168 720 576
internal_count=7056 6336 6168 720 576
is_linear=0
shrinkage=0.05


Tree=85
num_leaves=5
num_cat=0
split_feature=3 3 2 0
split_gain=274932 653565 1.7582e+06 1.39552e+06
threshold=201.71815798611138 156.17226250000024 -263.13055000000026 6797.4468000000006
decision_type=2 2 2 2
left_child=1 3 -3 -1
right_child=-2 2 -4 -5
leaf_value=-0.021250578400181193 2.1547854788550018 -6.3129174153407419 -0.020241612126337034 4.5841066284997929
leaf_weight=6168 144 149 427 168
leaf_count=6168 144 149 427 168
internal_value=6.54774e-05 -0.0451297 -1.65615 0.101565
internal_weight=7056 6912 576 6336
internal_count=7056 6912 576 6336
is_linear=0
shrinkage=0.05


Tree=86
num_leaves=6
num_cat=0
split_feature=0 3 5 3 0
split_gain=298726 1.03909e+06 459164 394411 374272
threshold=6427.1647500000008 71.982794444444281 -0.94670478576706751 -78.447285416666418 5869.0135500000006
decision_type=2 2 2 2 2
left_child=2 -2 4 -4 -1
right_child=1 -3 3 -5 -6
leaf_value=3.5461230110467938 -3.5131571394571091 1.7547442502945476 0.93924258757283408 -0.19143653587932427 0.47493067730085659
leaf_weight=163 227 158 900 5356 252
leaf_count=163 227 158 900 5356 252
internal_value=6.49273e-05 -1.35232 0.0783054 -0.0286508 1.68683
internal_weight=7056 385 6671 6256 415
internal_count=7056 385 6671 6256 415
is_linear=0
shrinkage=0.05


Tree=87
num_leaves=5
num_cat=0
split_feature=3 3 3 3
split_gain=283311 451098 1.68343e+06 996334
threshold=-175.07053298611103 -87.099058333333446 -95.445787847222377 -81.988322569444207
decision_type=2 2 2 2
left_child=-1 2 -2 -3
right_child=1 3 -4 -5
leaf_value=-2.1872263073099072 -0.17986994358188288 -4.1728771462111638 6.0460221787978865 0.02002442986210401
leaf_weight=144 432 144 144 6192
leaf_count=144 432 144 144 6192
internal_value=8.30131e-05 0.0459618 1.38438 -0.0759122
internal_weight=7056 6912 576 6336
internal_count=7056 6912 576 6336
is_linear=0
shrinkage=0.05


Tree=88
num_leaves=7
num_cat=0
split_feature=3 3 1 3 1 3
split_gain=281547 2.37672e+06 1.05126e+06 804023 730815 388796
threshold=38.131362499999803 43.657071180555484 144.80555000000007 3.1359649305555881 -27.925899999999725 -154.50830763888902
decision_type=2 2 2 2 2 2
left_child=2 -2 5 -4 -3 -1
right_child=1 4 3 -5 -6 -7
leaf_value=-1.8103393967186072 6.6503407932149958 3.4661130244361944 -0.8690593815931289 -5.5179167400706897 -0.20895022706534527 0.1253155355489359
leaf_weight=276 144 144 236 153 2016 4087
leaf_count=276 144 144 236 153 2016 4087
internal_value=7.55053e-05 0.45355 -0.21984 -2.70699 0.0375446 0.00248073
internal_weight=7056 2304 4752 389 2160 4363
internal_count=7056 2304 4752 389 2160 4363
is_linear=0
shrinkage=0.05


Tree=89
num_leaves=6
num_cat=0
split_feature=0 3 0 3 1
split_gain=260966 925097 435959 1.53053e+06 164054
threshold=6427.1647500000008 71.982794444444281 4603.9523500000005 38.131362499999803 144.80555000000007
decision_type=2 2 2 2 2
left_child=2 -2 4 -4 -1
right_child=1 -3 3 -5 -6
leaf_value=-0.039267018146767405 -3.3028296446068248 1.6677002724049228 -0.21073653705862183 3.9720442634511302 -1.2565210723101279
leaf_weight=5319 227 158 754 307 291
leaf_count=5319 227 158 754 307 291
internal_value=8.47446e-05 -1.26394 0.0732133 1.00215 -0.102621
internal_weight=7056 385 6671 1061 5610
internal_count=7056 385 6671 1061 5610
is_linear=0
shrinkage=0.05


Tree=90
num_leaves=7
num_cat=0
split_feature=1 3 3 0 3 3
split_gain=245111 1.6697e+06 990763 388095 869456 144241
threshold=295.8205500000002 117.18852326388891 28.855384027777976 62.607050000000008 38.131362499999803 -154.50830763888902
decision_type=2 2 2 2 2 2
left_child=3 2 -2 5 -5 -1
right_child=1 -3 -4 4 -6 -7
leaf_value=1.2422310982013773 -0.069715861533139203 2.1112060249084608 -5.4545621508476785 0.046330725792338906 2.2246469451457656 -0.27660348240225247
leaf_weight=162 147 255 203 1858 607 3824
leaf_count=162 147 255 203 1858 607 3824
internal_value=8.63861e-05 -0.961353 -3.19957 0.090389 0.58342 -0.214579
internal_weight=7056 605 350 6451 2465 3986
internal_count=7056 605 350 6451 2465 3986
is_linear=0
shrinkage=0.05


Tree=91
num_leaves=6
num_cat=0
split_feature=3 0 2 0 5
split_gain=267952 1.39422e+06 1.14148e+06 1.06129e+06 166464
threshold=156.17226250000024 6797.4468000000006 -338.57965714285723 6317.1161500000007 -0.23762932952031213
decision_type=2 2 2 2 2
left_child=1 3 -2 -1 -4
right_child=2 -3 4 -5 -6
leaf_value=0.094264469083674626 -4.6535744634064491 4.5844578955653148 1.5846150065193305 -3.8234639877683665 -0.36794195982555933
leaf_weight=5991 158 168 147 177 415
leaf_count=5991 158 168 147 177 415
internal_value=8.08161e-05 0.103997 -0.913258 -0.0187622 0.144688
internal_weight=7056 6336 720 6168 562
internal_count=7056 6336 720 6168 562
is_linear=0
shrinkage=0.05


Tree=92
num_leaves=5
num_cat=0
split_feature=3 3 5 2
split_gain=243092 458975 1.51894e+06 740824
threshold=-175.07053298611103 -78.447285416666418 -0.44218343748786698 269.1001571428572
decision_type=2 2 2 2
left_child=-1 2 -2 -3
right_child=1 3 -4 -5
leaf_value=-2.0260545731824022 3.9446629120200778 -0.19818454306638919 -0.43353672627399614 3.419350749541973
leaf_weight=144 306 5904 558 144
leaf_count=144 306 5904 558 144
internal_value=5.84813e-05 0.0425561 1.11984 -0.111502
internal_weight=7056 6912 864 6048
internal_count=7056 6912 864 6048
is_linear=0
shrinkage=0.05


Tree=93
num_leaves=6
num_cat=0
split_feature=0 3 5 0 3
split_gain=246304 862949 396047 390094 359385
threshold=6427.1647500000008 71.982794444444281 -0.94670478576706751 6071.1863500000009 -78.447285416666418
decision_type=2 2 2 2 2
left_child=2 -2 3 -1 -4
right_child=1 -3 4 -5 -6
leaf_value=0.44329798712449914 -3.1971167013310549 1.6035707828196342 0.89571707264151224 3.6584192797233324 -0.18358907973331562
leaf_weight=271 227 158 900 144 5356
leaf_count=271 227 158 900 144 5356
internal_value=8.89014e-05 -1.22791 0.0711334 1.56502 -0.0281997
internal_weight=7056 385 6671 415 6256
internal_count=7056 385 6671 415 6256
is_linear=0
shrinkage=0.05


Tree=94
num_leaves=5
num_cat=0
split_feature=3 3 2 0
split_gain=244184 600428 1.61207e+06 1.3087e+06
threshold=201.71815798611138 156.17226250000024 -263.13055000000026 6797.4468000000006
decision_type=2 2 2 2
left_child=1 3 -3 -1
right_child=-2 2 -4 -5
leaf_value=-0.020814807019159467 2.0307661908453909 -6.0456818200747175 -0.0201726610206555 4.4389857161679922
leaf_weight=6168 144 149 427 168
leaf_count=6168 144 149 427 168
internal_value=0.000107265 -0.0424858 -1.58663 0.0981193
internal_weight=7056 6912 576 6336
internal_count=7056 6912 576 6336
is_linear=0
shrinkage=0.05


Tree=95
num_leaves=6
num_cat=0
split_feature=0 3 0 3 1
split_gain=247074 825066 370195 1.48423e+06 138512
threshold=6427.1647500000008 71.982794444444281 4603.9523500000005 38.131362499999803 144.80555000000007
decision_type=2 2 2 2 2
left_child=2 -2 4 -4 -1
right_child=1 -3 3 -5 -6
leaf_value=-0.032557992761082864 -3.1552670040151529 1.5389450196949941 -0.26705915102106059 3.8519145129369452 -1.1510429922032031
leaf_weight=5319 227 158 754 307 291
leaf_count=5319 227 158 754 307 291
internal_value=0.000104622 -1.22982 0.07126 0.927269 -0.0907705
internal_weight=7056 385 6671 1061 5610
internal_count=7056 385 6671 1061 5610
is_linear=0
shrinkage=0.05


Tree=96
num_leaves=6
num_cat=0
split_feature=3 5 1 3 2
split_gain=232054 728641 720171 482510 338185
threshold=-154.50830763888902 1.0000000180025095e-35 -272.76979999999998 -75.113009722222259 -191.03352142857077
decision_type=2 2 2 2 2
left_child=1 -1 3 -2 -4
right_child=2 -3 4 -5 -6
leaf_value=-3.8902123989832811 4.3330076126825245 1.1249662530833278 -1.0440034804310441 0.8564796088037977 0.059064074117147342
leaf_weight=144 146 144 794 313 5515
leaf_count=144 146 144 794 313 5515
internal_value=0.000104958 -1.38741 0.0593443 1.96932 -0.0799026
internal_weight=7056 288 6768 459 6309
internal_count=7056 288 6768 459 6309
is_linear=0
shrinkage=0.05


Tree=97
num_leaves=7
num_cat=0
split_feature=3 3 1 4 1 3
split_gain=224293 2.12712e+06 836110 718625 587333 344371
threshold=38.131362499999803 43.657071180555484 144.80555000000007 0.21643961393810304 -27.925899999999725 -154.50830763888902
decision_type=2 2 2 2 2 2
left_child=2 -2 5 -4 -3 -1
right_child=1 4 3 -5 -6 -7
leaf_value=-1.704016426808137 6.2672265717078908 3.0849517932559909 -0.43524134755837474 -4.7446393625030305 -0.20965122855709378 0.11769825211710638
leaf_weight=276 144 144 211 178 2016 4087
leaf_count=276 144 144 211 178 2016 4087
internal_value=0.000109909 0.404859 -0.196176 -2.41426 0.0113149 0.00209393
internal_weight=7056 2304 4752 389 2160 4363
internal_count=7056 2304 4752 389 2160 4363
is_linear=0
shrinkage=0.05


Tree=98
num_leaves=5
num_cat=0
split_feature=3 2 4 3
split_gain=224120 1.03652e+06 664413 419009
threshold=175.16083750000021 -440.59704285714309 1.0000000180025095e-35 38.131362499999803
decision_type=2 2 2 2
left_child=1 -1 -2 -3
right_child=2 3 -4 -5
leaf_value=-3.6793581273406746 3.7536009159581414 -0.20469665090450426 -1.0355890791169529 0.67868810956678127
leaf_weight=191 144 4699 144 1878
leaf_count=191 144 4699 144 1878
internal_value=0.000121249 -0.0580966 1.36371 0.0476103
internal_weight=7056 6768 288 6577
internal_count=7056 6768 288 6577
is_linear=0
shrinkage=0.05


Tree=99
num_leaves=6
num_cat=0
split_feature=3 0 3 0 4
split_gain=235244 1.28966e+06 1.04116e+06 880493 561468
threshold=156.17226250000024 6797.4468000000006 159.42839722222246 6317.1161500000007 -1.0000000180025095e-35
decision_type=2 2 2 2 2
left_child=1 3 -2 -1 -4
right_child=2 -3 4 -5 -6
leaf_value=0.082363977710789793 -4.6426159007590391 4.4066535681662478 1.6773925209672829 -3.486086558157139 -1.4396418918521738
leaf_weight=5991 144 168 284 177 292
leaf_count=5991 144 168 284 177 292
internal_value=0.000111731 0.0974792 -0.855669 -0.0205866 0.0974728
internal_weight=7056 6336 720 6168 576
internal_count=7056 6336 720 6168 576
is_linear=0
shrinkage=0.05


end of trees

feature_importances:
Column_2=196
Column_3=174
Column_0=61
Column_1=47
Column_5=26
Column_4=6
Column_6=1

parameters:
[boosting: gbdt]
[objective: regression]
[metric: l2]
[tree_learner: serial]
[device_type: cpu]
[data_sample_strategy: bagging]
[data: ]
[valid: ]
[num_iterations: 100]
[learning_rate: 0.05]
[num_leaves: 7]
[num_threads: 1]
[seed: 20250911]
[deterministic: 1]
[force_col_wise: 1]
[force_row_wise: 0]
[histogram_pool_size: -1]
[max_depth: 3]
[min_data_in_leaf: 144]
[min_sum_hessian_in_leaf: 0.001]
[bagging_fraction: 1]
[pos_bagging_fraction: 1]
[neg_bagging_fraction: 1]
[bagging_freq: 0]
[bagging_seed: 20250911]
[bagging_by_query: 0]
[feature_fraction: 1]
[feature_fraction_bynode: 1]
[feature_fraction_seed: 20250911]
[extra_trees: 0]
[extra_seed: 26685]
[early_stopping_round: 0]
[early_stopping_min_delta: 0]
[first_metric_only: 0]
[max_delta_step: 0]
[lambda_l1: 0]
[lambda_l2: 1]
[linear_lambda: 0]
[min_gain_to_split: 0]
[drop_rate: 0.1]
[max_drop: 50]
[skip_drop: 0.5]
[xgboost_dart_mode: 0]
[uniform_drop: 0]
[drop_seed: 2504]
[top_rate: 0.2]
[other_rate: 0.1]
[min_data_per_group: 100]
[max_cat_threshold: 32]
[cat_l2: 10]
[cat_smooth: 10]
[max_cat_to_onehot: 4]
[top_k: 20]
[monotone_constraints: ]
[monotone_constraints_method: basic]
[monotone_penalty: 0]
[feature_contri: ]
[forcedsplits_filename: ]
[refit_decay_rate: 0.9]
[cegb_tradeoff: 1]
[cegb_penalty_split: 0]
[cegb_penalty_feature_lazy: ]
[cegb_penalty_feature_coupled: ]
[path_smooth: 0]
[interaction_constraints: ]
[verbosity: -1]
[saved_feature_importance_type: 0]
[use_quantized_grad: 0]
[num_grad_quant_bins: 4]
[quant_train_renew_leaf: 0]
[stochastic_rounding: 1]
[linear_tree: 0]
[max_bin: 63]
[max_bin_by_feature: ]
[min_data_in_bin: 3]
[bin_construct_sample_cnt: 200000]
[data_random_seed: 20250911]
[is_enable_sparse: 1]
[enable_bundle: 1]
[use_missing: 1]
[zero_as_missing: 0]
[feature_pre_filter: 0]
[pre_partition: 0]
[two_round: 0]
[header: 0]
[label_column: ]
[weight_column: ]
[group_column: ]
[ignore_column: ]
[categorical_feature: ]
[forcedbins_filename: ]
[precise_float_parser: 0]
[parser_config_file: ]
[objective_seed: 19683]
[num_class: 1]
[is_unbalance: 0]
[scale_pos_weight: 1]
[sigmoid: 1]
[boost_from_average: 1]
[reg_sqrt: 0]
[alpha: 0.9]
[fair_c: 1]
[poisson_max_delta_step: 0.7]
[tweedie_variance_power: 1.5]
[lambdarank_truncation_level: 30]
[lambdarank_norm: 1]
[label_gain: ]
[lambdarank_position_bias_regularization: 0]
[eval_at: ]
[multi_error_top_k: 1]
[auc_mu_weights: ]
[num_machines: 1]
[local_listen_port: 12400]
[time_out: 120]
[machine_list_filename: ]
[machines: ]
[gpu_platform_id: -1]
[gpu_device_id: -1]
[gpu_device_id_list: ]
[gpu_use_dp: 0]
[num_gpu: 1]

end of parameters

pandas_categorical:null
