tree
version=v4
num_class=1
num_tree_per_iteration=1
label_index=0
max_feature_idx=7
objective=regression
feature_names=Column_0 Column_1 Column_2 Column_3 Column_4 Column_5 Column_6 Column_7
feature_infos=[0:10076.8909] [-1637.6999999999989:2238.2599999999993] [-1776.6499857142862:1232.9571428571435] [-222.63616805555557:502.61053680555551] [-1:1] [-1:1] [-1:1] [-1:1]
tree_sizes=752 761 757 761 759 759 755 761 760 759 767 757 760 759 765 758 766 755 755 759 675 675 680 755 755 757 676 762 587 761 585 681 758 765 590 677 591 680 509 768 590 759 508 763 587 677 507 763 593 509 755 678 769 506 766 757 669 500 759 503 674 503 753 496 760 761 767 753 750 498 756 749 497 752 579 502 496 757 500 499 751 497 497 747 756 494 575 587 580 496 751 765 758 759 588 765 763 496 752 752

Tree=0
num_leaves=7
num_cat=0
split_feature=2 2 2 2 0 2
split_gain=9.06793e+07 5.75516e+07 1.31515e+07 1.06863e+07 4.58333e+06 2.05738e+06
threshold=225.14679285714308 -64.048164285713924 410.26381428571409 -376.67331428571418 2119.6192500000002 529.2231285714289
decision_type=2 2 2 2 2 2
left_child=1 3 -2 -1 -3 -4
right_child=2 4 5 -5 -6 -7
leaf_value=-34.170051022891201 -1.3115946707652899 -10.29170337435467 6.8426911662830143 -21.394548673505049 -13.801066786603087 14.230630158562349
leaf_weight=219 544 5099 204 657 1137 204
leaf_count=219 544 5099 204 657 1137 204
internal_value=-10.6781 -12.6186 3.80542 -24.6116 -10.932 10.5885
internal_weight=8064 7112 952 876 6236 408
internal_count=8064 7112 952 876 6236 408
is_linear=0
shrinkage=1


Tree=1
num_leaves=7
num_cat=0
split_feature=2 2 2 2 0 2
split_gain=8.18693e+07 5.19885e+07 1.20002e+07 1.18783e+07 2.42221e+06 1.85774e+06
threshold=225.14679285714308 -7.4062499999995444 -376.67331428571418 410.26381428571409 2703.7049000000006 529.2231285714289
decision_type=2 2 2 2 2 2
left_child=1 2 -1 -2 -3 -5
right_child=3 4 -4 5 -6 -7
leaf_value=-22.322672656557778 8.8990590600361781 0.38386986163377168 -9.2286747804024394 16.649044848476969 -2.5033795817416804 23.669388796469065
leaf_weight=219 544 5175 874 204 844 204
leaf_count=219 544 5175 874 204 844 204
internal_value=9.20428e-05 -1.84374 -11.8703 13.7621 -0.0213364 20.2085
internal_weight=8064 7112 1093 952 6019 408
internal_count=8064 7112 1093 952 6019 408
is_linear=0
shrinkage=0.05


Tree=2
num_leaves=7
num_cat=0
split_feature=2 2 2 2 0 2
split_gain=7.39151e+07 4.72138e+07 1.07284e+07 8.64454e+06 3.70188e+06 1.67747e+06
threshold=225.14679285714308 -64.048164285713924 410.26381428571409 -376.67331428571418 2119.6192500000002 529.2231285714289
decision_type=2 2 2 2 2 2
left_child=1 3 -2 -1 -3 -4
right_child=2 4 5 -5 -6 -7
leaf_value=-21.211611814932393 8.4549227093013197 0.35130332031729178 15.820653382510674 -9.7206880023686004 -2.8026015747371269 22.491692422483027
leaf_weight=219 544 5099 204 657 1137 204
leaf_count=219 544 5099 204 657 1137 204
internal_value=0.000183857 -1.75179 13.0766 -12.6143 -0.2241 19.203
internal_weight=8064 7112 952 876 6236 408
internal_count=8064 7112 952 876 6236 408
is_linear=0
shrinkage=0.05


Tree=3
num_leaves=7
num_cat=0
split_feature=2 2 3 2 2 1
split_gain=6.67339e+07 4.27015e+07 1.03858e+07 9.71409e+06 4.88499e+06 1.99988e+06
threshold=225.14679285714308 -7.4062499999995444 -115.88908020833331 -376.67331428571418 377.8356142857138 -309.02084999999983
decision_type=2 2 2 2 2 2
left_child=1 3 -2 -1 -4 -3
right_child=2 5 4 -5 -6 -7
leaf_value=-20.155851895375687 22.382688134156385 -5.7333561456043451 5.6269883566731167 -8.374561722153425 13.73385926940108 0.13235235773762866
leaf_weight=219 205 148 376 874 371 5871
leaf_count=219 205 148 376 874 371 5871
internal_value=0.000257665 -1.66443 12.4252 -10.7514 9.66627 -0.0128068
internal_weight=8064 7112 952 1093 747 6019
internal_count=8064 7112 952 1093 747 6019
is_linear=0
shrinkage=0.05


Tree=4
num_leaves=7
num_cat=0
split_feature=2 2 3 2 2 0
split_gain=6.02492e+07 3.87321e+07 9.37958e+06 6.99261e+06 4.47182e+06 3.11726e+06
threshold=225.14679285714308 -64.048164285713924 -115.88908020833331 -376.67331428571418 410.26381428571409 2119.6192500000002
decision_type=2 2 2 2 2 2
left_child=1 3 -2 -1 -4 -3
right_child=2 5 4 -5 -6 -7
leaf_value=-19.152640585499732 21.268986372403731 0.33024275522936575 5.8500695626492858 -8.817300866351756 13.699021283440786 -2.5639276156905773
leaf_weight=219 205 5099 431 657 316 1137
leaf_count=219 205 5099 431 657 316 1137
internal_value=0.000291943 -1.58145 11.8061 -11.42 9.18425 -0.197773
internal_weight=8064 7112 952 876 747 6236
internal_count=8064 7112 952 876 747 6236
is_linear=0
shrinkage=0.05


Tree=5
num_leaves=7
num_cat=0
split_feature=2 2 2 3 2 3
split_gain=5.45314e+07 3.75748e+07 7.86309e+06 7.40368e+06 4.63791e+06 2.23463e+06
threshold=320.51702857142851 -7.4062499999995444 -376.67331428571418 -100.42767083333341 168.76074285714313 -14.338105902777327
decision_type=2 2 2 2 2 2
left_child=1 2 -1 -2 -3 -5
right_child=3 4 -4 5 -6 -7
leaf_value=-18.199361785758626 24.196453146411951 -0.14715263305896883 -7.5994467420139493 8.7051003639592288 4.4280116080314071 16.077621386860901
leaf_weight=219 145 5747 874 309 612 158
leaf_count=219 145 5747 874 309 612 158
internal_value=0.000343132 -1.1787 -9.738 14.3354 0.293795 11.2285
internal_weight=8064 7452 1093 612 6359 467
internal_count=8064 7452 1093 612 6359 467
is_linear=0
shrinkage=0.05


Tree=6
num_leaves=7
num_cat=0
split_feature=2 2 2 2 1 0
split_gain=4.9306e+07 3.1754e+07 8.03913e+06 5.82746e+06 2.85904e+06 1.63842e+06
threshold=225.14679285714308 -64.048164285713924 410.26381428571409 -521.61201428571474 1.2167000000000001 6647.4550500000014
decision_type=2 2 2 2 2 2
left_child=1 3 5 -1 -3 -2
right_child=2 4 -4 -5 -6 -7
leaf_value=-19.443878170259957 8.5768952414272288 0.21578230812496291 15.982592745747846 -8.4935979584468946 -3.0907946739877978 2.693491541329077
leaf_weight=146 368 5495 408 730 741 176
leaf_count=146 368 5495 408 730 741 176
internal_value=0.00049628 -1.43041 10.6805 -10.3387 -0.177558 6.68188
internal_weight=8064 7112 952 876 6236 544
internal_count=8064 7112 952 876 6236 544
is_linear=0
shrinkage=0.05


Tree=7
num_leaves=7
num_cat=0
split_feature=2 2 3 2 2 3
split_gain=4.47173e+07 3.08282e+07 6.65947e+06 6.49037e+06 3.88981e+06 2.05544e+06
threshold=320.51702857142851 -7.4062499999995444 -100.42767083333341 -376.67331428571418 155.34151428571445 -14.338105902777327
decision_type=2 2 2 2 2 2
left_child=1 3 -2 -1 -3 -4
right_child=2 4 5 -5 -6 -7
leaf_value=-16.50742949659174 22.330395764030825 -0.16163988712794661 7.6223336141460365 -6.8772575654170343 3.8373527238372489 14.682863422234854
leaf_weight=219 145 5679 309 874 680 158
leaf_count=219 145 5679 309 874 680 158
internal_value=0.000449383 -1.06724 12.9816 -8.82014 0.266529 10.0374
internal_weight=8064 7452 612 1093 6359 467
internal_count=8064 7452 612 1093 6359 467
is_linear=0
shrinkage=0.05


Tree=8
num_leaves=7
num_cat=0
split_feature=2 2 3 3 2 5
split_gain=4.03802e+07 2.78295e+07 6.03095e+06 6.01561e+06 3.51107e+06 2.00453e+06
threshold=320.51702857142851 -7.4062499999995444 55.872129166666817 -100.42767083333341 155.34151428571445 -0.94670478576706751
decision_type=2 2 2 2 2 2
left_child=1 2 -1 -2 -3 -5
right_child=3 4 -4 5 -6 -7
leaf_value=-5.6556269852053225 21.221522909647799 -0.15355933018915791 -13.464106895917357 13.773211681605742 3.6457668840042738 6.9612757828455329
leaf_weight=713 145 5679 380 175 680 292
leaf_count=713 145 5679 380 175 680 292
internal_value=0.000581434 -1.01401 -8.3802 12.3362 0.253231 9.5379
internal_weight=8064 7452 1093 612 6359 467
internal_count=8064 7452 1093 612 6359 467
is_linear=0
shrinkage=0.05


Tree=9
num_leaves=7
num_cat=0
split_feature=2 2 3 3 0 1
split_gain=3.66192e+07 2.38946e+07 6.92902e+06 4.00321e+06 3.94534e+06 3.32215e+06
threshold=225.14679285714308 -126.7607142857148 -115.88908020833331 55.872129166666817 2119.6192500000002 -285.19819999999976
decision_type=2 2 2 2 2 2
left_child=1 3 -2 -1 -3 -4
right_child=2 4 5 -5 -6 -7
leaf_value=-7.080617215404958 17.334719443726311 0.3259822999596057 10.005431386088858 -15.070423438436581 -2.7200215231349638 3.3008864683365964
leaf_weight=393 205 5114 406 264 1341 341
leaf_count=393 205 5114 406 264 1341 341
internal_value=0.000715578 -1.23243 9.20469 -10.3092 -0.307136 6.95336
internal_weight=8064 7112 952 657 6455 747
internal_count=8064 7112 952 657 6455 747
is_linear=0
shrinkage=0.05


Tree=10
num_leaves=7
num_cat=0
split_feature=2 2 2 3 2 3
split_gain=3.34516e+07 2.30315e+07 5.63758e+06 5.02278e+06 2.83394e+06 1.88902e+06
threshold=320.51702857142851 -0.77369999999999983 -521.61201428571474 -100.42767083333341 155.34151428571445 -14.338105902777327
decision_type=2 2 2 2 2 2
left_child=1 2 -1 -2 -3 -5
right_child=3 4 -4 5 -6 -7
leaf_value=-16.542441110181159 19.347075677244632 -0.095688921592189016 -6.0487271670091394 6.3624143554991299 3.320017823525951 13.118853105838944
leaf_weight=146 145 5607 1019 309 680 158
leaf_count=146 145 5607 1019 309 680 158
internal_value=0.000717577 -0.922733 -7.37688 11.2283 0.274222 8.67147
internal_weight=8064 7452 1165 612 6287 467
internal_count=8064 7452 1165 612 6287 467
is_linear=0
shrinkage=0.05


Tree=11
num_leaves=7
num_cat=0
split_feature=2 2 3 3 2 5
split_gain=3.02073e+07 2.0903e+07 4.53714e+06 4.27974e+06 2.85266e+06 1.8191e+06
threshold=320.51702857142851 -64.048164285713924 -100.42767083333341 55.872129166666817 155.34151428571445 -0.94670478576706751
decision_type=2 2 2 2 2 2
left_child=1 3 -2 -1 -3 -4
right_child=2 4 5 -5 -6 -7
leaf_value=-5.4470497753813465 18.386347669475292 -0.26359005278461323 12.27002767730843 -12.708333587904832 3.1542606831714242 5.7910680836784962
leaf_weight=554 145 5896 175 322 680 292
leaf_count=554 145 5896 175 322 680 292
internal_value=0.000802379 -0.876727 10.67 -8.1276 0.0902632 8.23997
internal_weight=8064 7452 612 876 6576 467
internal_count=8064 7452 612 876 6576 467
is_linear=0
shrinkage=0.05


Tree=12
num_leaves=7
num_cat=0
split_feature=2 2 3 0 2 3
split_gain=2.72774e+07 1.90644e+07 4.09849e+06 3.58412e+06 3.04881e+06 1.70849e+06
threshold=320.51702857142851 -126.7607142857148 -100.42767083333341 6647.4550500000014 -0.77369999999999983 -14.338105902777327
decision_type=2 2 2 2 2 2
left_child=1 3 -2 -1 -3 -4
right_child=2 4 5 -5 -6 -7
leaf_value=-4.94329854367595 17.473326932240838 -3.7680338558373148 5.6365261841781686 -12.37326652792138 0.25523332740758126 12.057058968933873
leaf_weight=303 145 508 309 354 6287 158
leaf_count=303 145 508 309 354 6287 158
internal_value=0.000893587 -0.832993 10.1395 -8.95938 -0.0460598 7.8299
internal_weight=8064 7452 612 657 6795 467
internal_count=8064 7452 612 657 6795 467
is_linear=0
shrinkage=0.05


Tree=13
num_leaves=7
num_cat=0
split_feature=2 2 2 0 0 3
split_gain=2.49713e+07 1.62939e+07 5.54207e+06 3.24858e+06 3.23552e+06 1.93442e+06
threshold=225.14679285714308 -126.7607142857148 529.2231285714289 2119.6192500000002 6647.4550500000014 -115.88908020833331
decision_type=2 2 2 2 2 2
left_child=1 4 5 -3 -1 -2
right_child=2 3 -4 -5 -6 -7
leaf_value=-4.6969466573338172 10.480041027422995 0.32120807517260741 14.893047991264158 -2.4427718817260557 -11.75634572499235 4.2614864296352462
leaf_weight=303 159 5114 204 1341 354 589
leaf_count=303 159 5114 204 1341 354 589
internal_value=0.000937795 -1.01738 7.60143 -0.253287 -8.51273 5.59557
internal_weight=8064 7112 952 6455 657 748
internal_count=8064 7112 952 6455 657 748
is_linear=0
shrinkage=0.05


Tree=14
num_leaves=7
num_cat=0
split_feature=2 2 3 2 3 1
split_gain=2.25902e+07 1.50202e+07 5.10089e+06 4.35837e+06 2.40143e+06 1.2477e+06
threshold=257.98497857142871 -0.77369999999999983 -115.88908020833331 -521.61201428571474 -70.700591319444342 1.2167000000000001
decision_type=2 2 2 2 2 2
left_child=1 3 -2 -1 -4 -3
right_child=2 5 4 -5 -6 -7
leaf_value=-14.143239959405392 15.45995697325468 0.34475955756404908 0.8065384578975765 -4.9186929195045552 7.6769676584463857 -2.0657696483822678
leaf_weight=146 174 5489 175 1019 467 594
leaf_count=146 174 5489 175 1019 467 594
internal_value=0.000959465 -0.887367 7.88282 -6.08587 5.80835 0.109072
internal_weight=8064 7248 816 1165 642 6083
internal_count=8064 7248 816 1165 642 6083
is_linear=0
shrinkage=0.05


Tree=15
num_leaves=7
num_cat=0
split_feature=2 2 3 2 1 2
split_gain=2.08238e+07 1.43664e+07 3.00301e+06 2.78606e+06 2.59091e+06 1.22134e+06
threshold=349.38744999999977 -126.7607142857148 55.872129166666817 155.34151428571445 -341.01085000000006 529.2231285714289
decision_type=2 2 2 2 2 2
left_child=1 2 -1 -3 5 -2
right_child=4 3 -4 -5 -6 -7
leaf_value=-4.949595454879824 9.027212248987226 -0.35879579998572292 -11.860639956672237 2.8720077042028969 4.3075460263462952 14.877087959612922
leaf_weight=393 200 6115 264 748 171 173
leaf_count=393 200 6115 264 748 171 173
internal_value=0.000931103 -0.682951 -7.74044 -0.00630264 9.4385 11.7729
internal_weight=8064 7520 657 6863 544 373
internal_count=8064 7520 657 6863 544 373
is_linear=0
shrinkage=0.05


Tree=16
num_leaves=7
num_cat=0
split_feature=2 2 2 1 2 2
split_gain=1.88039e+07 1.32961e+07 3.70292e+06 2.33958e+06 2.08381e+06 1.10308e+06
threshold=349.38744999999977 -0.77369999999999983 -521.61201428571474 -341.01085000000006 155.34151428571445 529.2231285714289
decision_type=2 2 2 2 2 2
left_child=1 2 -1 5 -3 -2
right_child=3 4 -4 -5 -6 -7
leaf_value=-12.983530006866879 8.5780973663377527 -0.079305784249234512 -4.4811351354566282 4.0934209167938356 2.7285990308477821 14.137508633287474
leaf_weight=146 200 5607 1019 171 748 173
leaf_count=146 200 5607 1019 171 748 173
internal_value=0.000970807 -0.648898 -5.55689 8.96916 0.251569 11.1875
internal_weight=8064 7520 1165 544 6355 373
internal_count=8064 7520 1165 544 6355 373
is_linear=0
shrinkage=0.05


Tree=17
num_leaves=7
num_cat=0
split_feature=2 2 3 1 2 2
split_gain=1.69801e+07 1.20031e+07 3.55168e+06 2.11262e+06 1.88285e+06 996260
threshold=349.38744999999977 -0.77369999999999983 55.872129166666817 -341.01085000000006 168.76074285714313 529.2231285714289
decision_type=2 2 2 2 2 2
left_child=1 2 -1 5 -3 -2
right_child=3 4 -4 -5 -6 -7
leaf_value=-3.2953315059836812 8.1513263544929568 -0.0590881970937484 -9.1301579750876751 3.8899398042712101 2.7232631145310471 13.434695584575335
leaf_weight=770 200 5675 395 171 680 173
leaf_count=770 200 5675 395 171 680 173
internal_value=0.000996615 -0.616552 -5.2798 8.52316 0.239012 10.6312
internal_weight=8064 7520 1165 544 6355 373
internal_count=8064 7520 1165 544 6355 373
is_linear=0
shrinkage=0.05


Tree=18
num_leaves=7
num_cat=0
split_feature=2 2 4 3 1 2
split_gain=1.5333e+07 1.09919e+07 2.88396e+06 2.65701e+06 1.90769e+06 899788
threshold=349.38744999999977 -148.39532142857158 -0.40265084705289461 -115.88908020833331 -341.01085000000006 529.2231285714289
decision_type=2 2 2 2 2 2
left_child=1 2 -1 -3 5 -2
right_child=4 3 -4 -5 -6 -7
leaf_value=-1.5325435123299107 7.7457878658575794 2.7989847530157141 -9.359085042863164 -0.36900477658332659 3.6965736007967664 12.766821424851473
leaf_weight=164 200 740 420 6196 171 173
leaf_count=164 200 740 420 6196 171 173
internal_value=0.00104421 -0.585789 -7.1676 -0.0306581 8.09934 10.1025
internal_weight=8064 7520 584 6936 544 373
internal_count=8064 7520 584 6936 544 373
is_linear=0
shrinkage=0.05


Tree=19
num_leaves=7
num_cat=0
split_feature=2 0 3 3 3 2
split_gain=1.40733e+07 9.56795e+06 5.73239e+06 4.20294e+06 2.36755e+06 760874
threshold=225.14679285714308 3318.8063000000006 55.872129166666817 -115.88908020833331 -70.700591319444342 145.01550714285716
decision_type=2 2 2 2 2 2
left_child=1 5 -3 -2 -5 -1
right_child=3 2 -4 4 -6 -7
leaf_value=0.14945064977234337 12.034690777074944 -2.1431987109343242 -8.5241035523213977 -0.64947918843404917 5.6734709568417401 3.6493057016097015
leaf_weight=5284 205 1165 504 203 544 159
leaf_count=5284 205 1165 504 203 544 159
internal_value=0.00108962 -0.763378 -4.07404 5.70692 3.95661 0.252339
internal_weight=8064 7112 1669 952 747 5443
internal_count=8064 7112 1669 952 747 5443
is_linear=0
shrinkage=0.05


Tree=20
num_leaves=6
num_cat=0
split_feature=2 1 0 2 4
split_gain=1.29613e+07 1.00702e+07 4.66513e+06 3.29566e+06 1.36449e+06
threshold=410.26381428571409 173.02205000000052 7770.0528000000004 155.34151428571445 -0.15208718494349127
decision_type=2 2 2 2 2
left_child=1 3 -3 -1 -2
right_child=4 2 -4 -5 -6
leaf_value=-0.19860431603636952 4.7518329186909867 -3.261871578492654 -11.410202552290524 3.2290022003177392 10.832291911412101
leaf_weight=5949 146 676 237 794 262
leaf_count=5949 146 676 237 794 262
internal_value=0.00109833 -0.462133 -5.38722 0.205421 8.67338
internal_weight=8064 7656 913 6743 408
internal_count=8064 7656 913 6743 408
is_linear=0
shrinkage=0.05


Tree=21
num_leaves=6
num_cat=0
split_feature=2 1 2 2 4
split_gain=1.17029e+07 9.09118e+06 4.38975e+06 2.9747e+06 1.23164e+06
threshold=410.26381428571409 173.02205000000052 -376.67331428571418 155.34151428571445 -0.15208718494349127
decision_type=2 2 2 2 2
left_child=1 3 -3 -1 -2
right_child=4 2 -4 -5 -6
leaf_value=-0.18867575880997434 4.5158575406589483 -12.218034011159432 -3.4209460962064697 3.067755184409402 10.292736724800937
leaf_weight=5949 146 175 738 794 262
leaf_count=5949 146 175 738 794 262
internal_value=0.00106786 -0.439103 -5.11866 0.195173 8.24162
internal_weight=8064 7656 913 6743 408
internal_count=8064 7656 913 6743 408
is_linear=0
shrinkage=0.05


Tree=22
num_leaves=6
num_cat=0
split_feature=2 2 0 1 4
split_gain=1.05668e+07 8.37641e+06 2.77518e+06 1.68879e+06 1.11171e+06
threshold=410.26381428571409 -0.77369999999999983 6769.2971000000007 246.74604999999977 -0.15208718494349127
decision_type=2 2 2 2 2
left_child=1 2 -1 -3 -2
right_child=4 3 -4 -5 -6
leaf_value=-2.3247802439944212 4.2916005939042483 0.41011479345730867 -7.3099666154179959 -4.8558863125359402 9.7800566002443272
leaf_weight=700 146 6336 465 155 262
leaf_count=700 146 6336 465 155 262
internal_value=0.00102715 -0.417231 -4.31914 0.283638 7.83135
internal_weight=8064 7656 1165 6491 408
internal_count=8064 7656 1165 6491 408
is_linear=0
shrinkage=0.05


Tree=23
num_leaves=7
num_cat=0
split_feature=2 0 3 3 3 2
split_gain=9.74336e+06 7.14391e+06 4.58403e+06 3.68919e+06 2.28147e+06 578097
threshold=225.14679285714308 3318.8063000000006 55.872129166666817 -115.88908020833331 -14.338105902777327 145.01550714285716
decision_type=2 2 2 2 2 2
left_child=1 5 -3 -2 -5 -1
right_child=3 2 -4 4 -6 -7
leaf_value=0.15286877043067029 10.675705396789082 -1.7693431315889285 -7.4751659103062487 1.0621145390235813 6.8382848488131787 3.2035408506169918
leaf_weight=5284 205 1165 504 483 264 159
leaf_count=5284 205 1165 504 483 264 159
internal_value=0.00097574 -0.63511 -3.49582 4.74859 3.1099 0.242557
internal_weight=8064 7112 1669 952 747 5443
internal_count=8064 7112 1669 952 747 5443
is_linear=0
shrinkage=0.05


Tree=24
num_leaves=7
num_cat=0
split_feature=2 2 4 3 2 4
split_gain=8.97892e+06 7.02232e+06 2.75008e+06 2.40359e+06 1.52536e+06 395798
threshold=349.38744999999977 -262.47750714285797 -0.10884096748385481 -115.88908020833331 529.2231285714289 0.21643961393810304
decision_type=2 2 2 2 2 2
left_child=1 2 -1 -3 5 -2
right_child=4 3 -4 -5 -6 -7
leaf_value=-2.045559958178623 2.5535467798697122 2.587677488579748 -10.857085524234817 -0.41458480561777433 9.6123765647120596 5.9996589562200739
leaf_weight=152 186 743 213 6412 204 154
leaf_count=152 186 743 213 6412 204 154
internal_value=0.00100562 -0.448064 -7.20324 -0.102501 6.19816 4.12745
internal_weight=8064 7520 365 7155 544 340
internal_count=8064 7520 365 7155 544 340
is_linear=0
shrinkage=0.05


Tree=25
num_leaves=7
num_cat=0
split_feature=1 2 0 3 0 5
split_gain=8.1551e+06 8.32798e+06 3.67342e+06 2.38048e+06 1.6529e+06 513114
threshold=173.02205000000052 225.14679285714308 8172.9740000000011 -115.88908020833331 1731.5062500000001 -0.65918890865109969
decision_type=2 2 2 2 2 2
left_child=1 4 5 -3 -1 -2
right_child=2 3 -4 -5 -6 -7
leaf_value=0.33151247846573473 -3.7509912304157482 9.8150639517423599 -11.341411915215307 3.6684667844567209 -1.7025473187501448 -0.7986578497424055
leaf_weight=5000 563 204 158 692 1247 200
leaf_count=5000 563 204 158 692 1247 200
internal_value=0.00100145 0.572152 -4.42448 5.0773 -0.0747255 -2.97917
internal_weight=8064 7143 921 896 6247 763
internal_count=8064 7143 921 896 6247 763
is_linear=0
shrinkage=0.05


Tree=26
num_leaves=6
num_cat=0
split_feature=2 2 0 0 4
split_gain=7.57833e+06 6.03338e+06 2.10253e+06 1.42162e+06 952239
threshold=410.26381428571409 -0.77369999999999983 6769.2971000000007 7770.0528000000004 -0.15208718494349127
decision_type=2 2 2 2 2
left_child=1 2 -1 -3 -2
right_child=4 3 -4 -5 -6
leaf_value=-1.9290893517487739 3.3633577240973107 0.35758656221971741 -6.2679763874270886 -4.4739312878785986 8.4340155136279282
leaf_weight=700 146 6336 465 155 262
leaf_count=700 146 6336 465 155 262
internal_value=0.000927935 -0.353281 -3.66481 0.241542 6.63218
internal_weight=8064 7656 1165 6491 408
internal_count=8064 7656 1165 6491 408
is_linear=0
shrinkage=0.05


Tree=27
num_leaves=7
num_cat=0
split_feature=2 0 3 3 3 0
split_gain=7.00954e+06 6.01582e+06 4.51788e+06 3.00102e+06 2.79738e+06 252537
threshold=168.76074285714313 1731.5062500000001 -115.88908020833331 55.872129166666817 -70.700591319444342 78.104900000000015
decision_type=2 2 2 2 2 2
left_child=1 5 -2 -3 -4 -1
right_child=2 3 4 -5 -6 -7
leaf_value=0.40905377506389784 9.4967407055647985 -1.7159285314461608 -2.5459213941125203 -6.0772614311466233 3.5388546471976756 -0.73061982729257302
leaf_weight=4433 248 1295 255 567 721 545
leaf_count=4433 248 1295 255 567 721 545
internal_value=0.000878333 -0.622848 3.48407 -3.04655 1.9481 0.284159
internal_weight=8064 6840 1224 1862 976 4978
internal_count=8064 6840 1224 1862 976 4978
is_linear=0
shrinkage=0.05


Tree=28
num_leaves=5
num_cat=0
split_feature=2 0 2 4
split_gain=6.48496e+06 5.35508e+06 3.2033e+06 854443
threshold=410.26381428571409 8351.5790500000021 -64.048164285713924 -0.15208718494349127
decision_type=2 2 2 2
left_child=1 2 -1 -2
right_child=3 -3 -4 -5
leaf_value=-3.2307014627316892 3.0403438095738289 -8.506454634146813 0.23111103212062412 7.8415538912405314
leaf_weight=741 146 194 6721 262
leaf_count=741 146 194 6721 262
internal_value=0.000849155 -0.326813 -0.113045 6.13511
internal_weight=8064 7656 7462 408
internal_count=8064 7656 7462 408
is_linear=0
shrinkage=0.05


Tree=29
num_leaves=7
num_cat=0
split_feature=2 0 3 3 3 0
split_gain=5.94914e+06 5.39084e+06 4.25328e+06 2.57341e+06 2.34168e+06 229165
threshold=155.34151428571445 1731.5062500000001 -115.88908020833331 -79.273668749999942 -70.700591319444342 78.104900000000015
decision_type=2 2 2 2 2 2
left_child=1 5 -2 -3 -4 -1
right_child=2 3 4 -5 -6 -7
leaf_value=0.37705273320266192 8.8670723291686553 1.9467123996908382 -2.3193326267918977 -3.6554833044364181 3.0888926680912565 -0.7230919271967603
leaf_weight=4433 256 235 270 1575 766 529
leaf_count=4433 256 235 270 1575 766 529
internal_value=0.00080281 -0.5925 3.10865 -2.92745 1.67854 0.259644
internal_weight=8064 6772 1292 1810 1036 4962
internal_count=8064 6772 1292 1810 1036 4962
is_linear=0
shrinkage=0.05


Tree=30
num_leaves=5
num_cat=0
split_feature=2 0 2 2
split_gain=5.55599e+06 4.73933e+06 2.61334e+06 837732
threshold=410.26381428571409 8351.5790500000021 -64.048164285713924 529.2231285714289
decision_type=2 2 2 2
left_child=1 2 -1 -2
right_child=3 -3 -4 -5
leaf_value=-2.917342889244666 3.3874700826842616 -7.9974944653877849 0.20947787389649664 7.9422843307402076
leaf_weight=741 204 194 6721 204
leaf_count=741 204 194 6721 204
internal_value=0.000809681 -0.302477 -0.101375 5.67873
internal_weight=8064 7656 7462 408
internal_count=8064 7656 7462 408
is_linear=0
shrinkage=0.05


Tree=31
num_leaves=6
num_cat=0
split_feature=3 3 0 2 3
split_gain=5.26422e+06 2.24369e+07 5.61848e+06 2.67017e+06 1.35328e+06
threshold=-115.88908020833331 -124.78350590277749 8172.9740000000011 -7.4062499999995444 -181.02418715277767
decision_type=2 2 2 2 2
left_child=1 4 3 -2 -1
right_child=2 -3 -4 -5 -6
leaf_value=2.7219544977155938 -2.7191313738223113 21.630526792982529 -8.1482128246382342 0.18951771732242276 -1.6961835044911497
leaf_weight=288 906 144 228 6066 432
leaf_count=288 906 144 228 6066 432
internal_value=0.000773078 3.68627 -0.441937 -0.188792 0.0723958
internal_weight=8064 864 7200 6972 720
internal_count=8064 864 7200 6972 720
is_linear=0
shrinkage=0.05


Tree=32
num_leaves=7
num_cat=0
split_feature=2 2 4 3 1 2
split_gain=4.97223e+06 3.81911e+06 2.32905e+06 1.49791e+06 1.16943e+06 539845
threshold=349.38744999999977 -262.47750714285797 -0.10884096748385481 -115.88908020833331 -341.01085000000006 529.2231285714289
decision_type=2 2 2 2 2 2
left_child=1 2 -1 -3 5 -2
right_child=4 3 -4 -5 -6 -7
leaf_value=-0.57848234753203553 4.3726478803217113 2.0451751938853313 -8.6766711997651615 -0.3248965478740527 1.1794568079502084 8.229999089378051
leaf_weight=152 200 743 213 6412 171 173
leaf_count=152 200 743 213 6412 171 173
internal_value=0.000808677 -0.333369 -5.31507 -0.0785287 4.61246 6.17894
internal_weight=8064 7520 365 7155 544 373
internal_count=8064 7520 365 7155 544 373
is_linear=0
shrinkage=0.05


Tree=33
num_leaves=7
num_cat=0
split_feature=2 5 3 3 3 0
split_gain=4.58319e+06 3.77041e+06 3.35444e+06 2.64446e+06 2.5598e+06 172072
threshold=168.76074285714313 -0.36235178784537897 -115.88908020833331 -14.338105902777327 55.872129166666817 13.898100000000001
decision_type=2 2 2 2 2 2
left_child=1 4 -2 -4 -1 -3
right_child=2 5 3 -5 -6 -7
leaf_value=-1.2062249851098006 7.9981270673284577 0.33196472581821462 -0.55812807931482888 4.7900599434534712 -5.2274352296338389 -0.58964045376469743
leaf_weight=1341 248 4366 602 374 561 572
leaf_count=1341 248 4366 602 374 561 572
internal_value=0.000806985 -0.503544 2.81735 1.49409 -2.39442 0.225112
internal_weight=8064 6840 1224 976 1902 4938
internal_count=8064 6840 1224 976 1902 4938
is_linear=0
shrinkage=0.05


Tree=34
num_leaves=5
num_cat=0
split_feature=2 0 2 4
split_gain=4.24783e+06 3.58951e+06 1.87814e+06 770177
threshold=410.26381428571409 8351.5790500000021 -148.39532142857158 -0.15208718494349127
decision_type=2 2 2 2
left_child=1 2 -1 -2
right_child=3 -3 -4 -5
leaf_value=-3.1950414937515328 2.0362941619490278 -6.9612098734959575 0.11319320518373265 6.5838386317169713
leaf_weight=456 146 194 7006 262
leaf_count=456 146 194 7006 262
internal_value=0.000800955 -0.264389 -0.0893728 4.96549
internal_weight=8064 7656 7462 408
internal_count=8064 7656 7462 408
is_linear=0
shrinkage=0.05


Tree=35
num_leaves=6
num_cat=0
split_feature=3 3 0 2 3
split_gain=4.07159e+06 2.0264e+07 4.3423e+06 1.93886e+06 1.25919e+06
threshold=-115.88908020833331 -124.78350590277749 8172.9740000000011 -7.4062499999995444 -181.02418715277767
decision_type=2 2 2 2 2
left_child=1 4 3 -2 -1
right_child=2 -3 -4 -5 -6
leaf_value=2.3641052379946395 -2.3222108955034022 20.29521475183553 -7.1633716629582196 0.15632092909069553 -1.8977103712192069
leaf_weight=288 906 144 228 6066 432
leaf_count=288 906 144 228 6066 432
internal_value=0.000752095 3.24199 -0.388593 -0.166047 -0.19207
internal_weight=8064 864 7200 6972 720
internal_count=8064 864 7200 6972 720
is_linear=0
shrinkage=0.05


Tree=36
num_leaves=5
num_cat=0
split_feature=2 1 2 2
split_gain=3.85683e+06 3.15294e+06 2.22673e+06 1.8777e+06
threshold=529.2231285714289 173.02205000000052 -376.67331428571418 155.34151428571445
decision_type=2 2 2 2
left_child=1 3 -3 -1
right_child=-2 2 -4 -5
leaf_value=-0.14681080197931087 6.7712420627256726 -7.9841122744774289 -1.7269569546363788 2.2028904385266226
leaf_weight=5949 204 175 745 991
leaf_count=5949 204 175 745 991
internal_value=0.000785371 -0.175775 -2.92455 0.188985
internal_weight=8064 7860 920 6940
internal_count=8064 7860 920 6940
is_linear=0
shrinkage=0.05


Tree=37
num_leaves=6
num_cat=0
split_feature=3 3 0 2 3
split_gain=3.59176e+06 1.83037e+07 3.73872e+06 1.67211e+06 1.14508e+06
threshold=-115.88908020833331 -124.78350590277749 8172.9740000000011 349.38744999999977 -181.02418715277767
decision_type=2 2 2 2 2
left_child=1 4 3 -2 -1
right_child=2 -3 -4 -5 -6
leaf_value=2.2189621572353744 -0.35191529334315214 19.252445823077498 -6.6512634357315479 2.9393964200793974 -1.8451566983728431
leaf_weight=288 6563 144 228 409 432
leaf_count=288 6563 144 228 409 432
internal_value=0.000740617 3.04501 -0.364944 -0.158442 -0.218686
internal_weight=8064 864 7200 6972 720
internal_count=8064 864 7200 6972 720
is_linear=0
shrinkage=0.05


Tree=38
num_leaves=4
num_cat=0
split_feature=2 0 2
split_gain=3.34428e+06 2.72956e+06 1.72799e+06
threshold=529.2231285714289 8351.5790500000021 114.12512142857169
decision_type=2 2 2
left_child=1 2 -1
right_child=-2 -3 -4
leaf_value=-0.35782540982979077 6.3053500989515605 -5.9598210767664099 1.6246048271785059
leaf_weight=6334 204 197 1329
leaf_count=6334 204 197 1329
internal_value=0.00080008 -0.163611 -0.0138439
internal_weight=8064 7860 7663
internal_count=8064 7860 7663
is_linear=0
shrinkage=0.05


Tree=39
num_leaves=7
num_cat=0
split_feature=3 3 2 4 3 3
split_gain=3.2005e+06 1.65248e+07 3.18619e+06 2.25204e+06 1.70232e+06 1.04616e+06
threshold=-115.88908020833331 -124.78350590277749 -214.94342142857155 -0.2376293295203116 -100.42767083333341 -181.02418715277767
decision_type=2 2 2 2 2 2
left_child=1 5 3 -2 -4 -1
right_child=2 -3 4 -5 -6 -7
leaf_value=2.1034383560701637 0.43939726092168041 18.27418124034487 -3.8333566958310286 -7.1406128944234659 0.088700325474768318 -1.7811802149008245
leaf_weight=288 150 144 288 281 6481 432
leaf_count=288 150 144 288 281 6481 432
internal_value=0.000770057 2.87445 -0.344423 -4.50765 -0.0787126 -0.226571
internal_weight=8064 864 7200 431 6769 720
internal_count=8064 864 7200 431 6769 720
is_linear=0
shrinkage=0.05


Tree=40
num_leaves=5
num_cat=0
split_feature=2 1 0 2
split_gain=2.99998e+06 2.49124e+06 1.78854e+06 1.44833e+06
threshold=529.2231285714289 173.02205000000052 7770.0528000000004 225.14679285714308
decision_type=2 2 2 2
left_child=1 3 -3 -1
right_child=-2 2 -4 -5
leaf_value=-0.071425058928147808 5.9719874367263266 -1.2881331987438664 -6.310565387805303 2.3362484601192093
leaf_weight=6247 204 681 239 693
leaf_count=6247 204 681 239 693
internal_value=0.00078209 -0.154936 -2.59831 0.169297
internal_weight=8064 7860 920 6940
internal_count=8064 7860 920 6940
is_linear=0
shrinkage=0.05


Tree=41
num_leaves=7
num_cat=0
split_feature=3 3 1 2 3 3
split_gain=2.8258e+06 1.49331e+07 2.82912e+06 2.29829e+06 1.44606e+06 951521
threshold=-115.88908020833331 -124.78350590277749 38.175000000000075 -376.67331428571418 -100.42767083333341 -181.02418715277767
decision_type=2 2 2 2 2 2
left_child=1 5 4 -4 -2 -1
right_child=2 -3 3 -5 -6 -7
leaf_value=1.9752967224040661 -3.457491815607503 17.340257773481564 -7.5675490409619108 -1.56434490867985 0.32254756841260956 -1.7294673833918628
leaf_weight=288 264 144 184 1161 5591 432
leaf_count=288 264 144 184 1161 5591 432
internal_value=0.00074694 2.70097 -0.32361 -2.39061 0.151546 -0.246877
internal_weight=8064 864 7200 1345 5855 720
internal_count=8064 864 7200 1345 5855 720
is_linear=0
shrinkage=0.05


Tree=42
num_leaves=4
num_cat=0
split_feature=2 0 2
split_gain=2.68458e+06 2.03514e+06 1.39426e+06
threshold=529.2231285714289 8351.5790500000021 114.12512142857169
decision_type=2 2 2
left_child=1 2 -1
right_child=-2 -3 -4
leaf_value=-0.32622481633734468 5.64934461529662 -5.1514631547711112 1.4545091252656359
leaf_weight=6334 204 197 1329
leaf_count=6334 204 197 1329
internal_value=0.000742575 -0.146562 -0.0172413
internal_weight=8064 7860 7663
internal_count=8064 7860 7663
is_linear=0
shrinkage=0.05


Tree=43
num_leaves=7
num_cat=0
split_feature=3 3 1 2 3 3
split_gain=2.51765e+06 1.34818e+07 2.4948e+06 1.99897e+06 1.30694e+06 891350
threshold=-115.88908020833331 -124.78350590277749 38.175000000000075 -376.67331428571418 -100.42767083333341 -135.92341701388861
decision_type=2 2 2 2 2 2
left_child=1 5 4 -4 -2 -1
right_child=2 -3 3 -5 -6 -7
leaf_value=-1.1318021336722106 -3.2902874933098851 16.459190273449337 -7.0745766157717318 -1.4758721357317268 0.30332088609082319 3.253474781431001
leaf_weight=576 264 144 184 1161 5591 144
leaf_count=576 264 144 184 1161 5591 144
internal_value=0.000715526 2.54946 -0.305446 -2.24648 0.140752 -0.251451
internal_weight=8064 864 7200 1345 5855 720
internal_count=8064 864 7200 1345 5855 720
is_linear=0
shrinkage=0.05


Tree=44
num_leaves=5
num_cat=0
split_feature=2 1 0 2
split_gain=2.38621e+06 1.74487e+06 1.42085e+06 1.189e+06
threshold=529.2231285714289 173.02205000000052 7770.0528000000004 225.14679285714308
decision_type=2 2 2 2
left_child=1 3 -3 -1
right_child=-2 2 -4 -5
leaf_value=-0.0849086053082308 5.3261890498603268 -1.0154921826969321 -5.4916231922308612 2.096584794011171
leaf_weight=6247 204 681 239 693
leaf_count=6247 204 681 239 693
internal_value=0.000723422 -0.138155 -2.18301 0.133197
internal_weight=8064 7860 920 6940
internal_count=8064 7860 920 6940
is_linear=0
shrinkage=0.05


Tree=45
num_leaves=6
num_cat=0
split_feature=3 3 0 0 3
split_gain=2.2238e+06 1.21827e+07 2.10443e+06 1.08974e+06 911498
threshold=-115.88908020833331 -124.78350590277749 8172.9740000000011 396.44930000000005 -181.02418715277767
decision_type=2 2 2 2 2
left_child=1 4 3 -2 -1
right_child=2 -3 -4 -5 -6
leaf_value=1.9085538067000962 0.39289737201606006 15.618663232408721 -5.0033638292785305 -0.87619321843112086 -1.7174680783759642
leaf_weight=288 4088 144 228 2884 432
leaf_count=288 4088 144 228 2884 432
internal_value=0.000692392 2.39609 -0.287048 -0.132118 -0.266424
internal_weight=8064 864 7200 6972 720
internal_count=8064 864 7200 6972 720
is_linear=0
shrinkage=0.05


Tree=46
num_leaves=4
num_cat=0
split_feature=2 0 2
split_gain=2.17003e+06 1.4638e+06 1.19109e+06
threshold=529.2231285714289 8351.5790500000021 114.12512142857169
decision_type=2 2 2
left_child=1 2 -1
right_child=-2 -3 -4
leaf_value=-0.3076231866848862 5.0792291926320008 -4.376336365020034 1.3382606940843251
leaf_weight=6334 204 197 1329
leaf_count=6334 204 197 1329
internal_value=0.000721788 -0.131716 -0.0220389
internal_weight=8064 7860 7663
internal_count=8064 7860 7663
is_linear=0
shrinkage=0.05


Tree=47
num_leaves=7
num_cat=0
split_feature=3 3 1 2 3 3
split_gain=1.98038e+06 1.09985e+07 1.92578e+06 1.84043e+06 1.17523e+06 831628
threshold=-115.88908020833331 -124.78350590277749 1.2167000000000001 -376.67331428571418 -100.42767083333341 -181.02418715277767
decision_type=2 2 2 2 2 2
left_child=1 5 4 -4 -2 -1
right_child=2 -3 3 -5 -6 -7
leaf_value=1.8089317670124214 -3.1240038456930512 14.824738101301524 -6.4948493198596227 -1.1977633887704517 0.31103952189109896 -1.654588603987154
leaf_weight=288 260 144 186 1339 5415 432
leaf_count=288 260 144 186 1339 5415 432
internal_value=0.000696432 2.26119 -0.270839 -1.84767 0.15314 -0.268593
internal_weight=8064 864 7200 1525 5675 720
internal_count=8064 864 7200 1525 5675 720
is_linear=0
shrinkage=0.05


Tree=48
num_leaves=5
num_cat=0
split_feature=2 1 0 2
split_gain=1.94252e+06 1.26185e+06 1.10535e+06 1.01233e+06
threshold=529.2231285714289 173.02205000000052 7770.0528000000004 225.14679285714308
decision_type=2 2 2 2
left_child=1 3 -3 -1
right_child=-2 2 -4 -5
leaf_value=-0.095103401068846072 4.8056017923936611 -0.83389768452544721 -4.7817430511737866 1.9178008460989948
leaf_weight=6247 204 681 239 693
leaf_count=6247 204 681 239 693
internal_value=0.000689343 -0.124614 -1.86356 0.106144
internal_weight=8064 7860 920 6940
internal_count=8064 7860 920 6940
is_linear=0
shrinkage=0.05


Tree=49
num_leaves=4
num_cat=0
split_feature=2 3 2
split_gain=1.75402e+06 1.22461e+06 2.28925e+06
threshold=529.2231285714289 328.78225173611105 -262.47750714285797
decision_type=2 2 2
left_child=1 2 -1
right_child=-2 -3 -4
leaf_value=-4.3716071860699719 4.5664936774823728 4.4340468032658107 -0.025980543894934833
leaf_weight=315 204 144 7401
leaf_count=315 204 144 7401
internal_value=0.000661145 -0.118407 -0.203931
internal_weight=8064 7860 7716
internal_count=8064 7860 7716
is_linear=0
shrinkage=0.05


Tree=50
num_leaves=7
num_cat=0
split_feature=3 3 0 3 3 2
split_gain=1.73268e+06 9.94611e+06 1.64445e+06 2.49507e+06 844510 336360
threshold=-115.88908020833331 -124.78350590277749 3718.3176500000004 -56.653780902778173 -135.92341701388861 195.68854285714249
decision_type=2 2 2 2 2 2
left_child=1 4 5 -4 -1 -2
right_child=2 -3 3 -5 -6 -7
leaf_value=-1.1474471422373937 0.16152610255204958 14.06240988895811 -4.471644670843494 -0.4566766278762579 3.1210767029071675 2.5197559783091914
leaf_weight=576 4931 144 509 1605 144 155
leaf_count=576 4931 144 509 1605 144 155
internal_value=0.000656637 2.11506 -0.25333 -1.42504 -0.290598 0.233876
internal_weight=8064 864 7200 2114 720 5086
internal_count=8064 864 7200 2114 720 5086
is_linear=0
shrinkage=0.05


Tree=51
num_leaves=6
num_cat=0
split_feature=2 3 2 3 5
split_gain=1.67515e+06 1.15673e+06 1.90174e+06 1.12142e+06 1.5129e+06
threshold=320.51702857142851 328.78225173611105 -262.47750714285797 -100.42767083333341 -0.94670478576706751
decision_type=2 2 2 2 2
left_child=1 2 -1 -2 -5
right_child=3 -3 -4 4 -6
leaf_value=-4.087711502456024 6.3391491592338642 4.2162983523566151 -0.12217788889923496 4.9763740097934557 -0.89000472544403209
leaf_weight=315 145 144 6993 175 292
leaf_count=315 145 144 6993 175 292
internal_value=0.000709298 -0.205939 -0.293642 2.51319 1.31425
internal_weight=8064 7452 7308 612 467
internal_count=8064 7452 7308 612 467
is_linear=0
shrinkage=0.05


Tree=52
num_leaves=7
num_cat=0
split_feature=2 3 6 3 0 3
split_gain=1.54269e+06 2.28771e+06 5.63893e+06 3.04064e+06 1.95095e+06 1.58828e+06
threshold=104.95133571428592 -115.88908020833331 -0.1736481776669305 -70.700591319444342 396.44930000000005 -83.858329861111187
decision_type=2 2 2 2 2 2
left_child=4 2 -2 -3 -1 -6
right_child=1 3 -4 -5 5 -7
leaf_value=0.21056365559310575 12.305742817346742 -3.7280022827609458 -1.442897457198093 1.8367725287997123 2.1691967610398244 -2.2518986946725748
leaf_weight=4559 146 323 151 1012 231 1642
leaf_count=4559 146 323 151 1012 231 1642
internal_value=0.000738497 1.37318 5.33431 0.488606 -0.347652 -1.70577
internal_weight=8064 1632 297 1335 6432 1873
internal_count=8064 1632 297 1335 6432 1873
is_linear=0
shrinkage=0.05


Tree=53
num_leaves=4
num_cat=0
split_feature=2 3 3
split_gain=1.45979e+06 1.02318e+06 2.12659e+06
threshold=529.2231285714289 328.78225173611105 151.79005486111103
decision_type=2 2 2
left_child=1 2 -1
right_child=-2 -3 -4
leaf_value=-0.07117129770465068 4.1660755937201221 4.0533732333676573 -6.1840775807561554
leaf_weight=7572 204 144 144
leaf_count=7572 204 144 144
internal_value=0.000757982 -0.107866 -0.18604
internal_weight=8064 7860 7716
internal_count=8064 7860 7716
is_linear=0
shrinkage=0.05


Tree=54
num_leaves=7
num_cat=0
split_feature=2 3 3 0 3 3
split_gain=1.35373e+06 2.18605e+06 5.73646e+06 1.76692e+06 1.4347e+06 419441
threshold=104.95133571428592 -135.92341701388861 -100.42767083333341 396.44930000000005 -83.858329861111187 -115.88908020833331
decision_type=2 2 2 2 2 2
left_child=3 -2 -3 5 -5 -1
right_child=1 2 -4 4 -6 -7
leaf_value=-1.1941939521682039 -3.6688107793428459 10.557195524165506 0.80004710427688119 2.0647477103461482 -2.1371565456877959 0.36981823905409916
leaf_weight=478 195 170 1267 231 1642 4081
leaf_count=478 195 170 1267 231 1642 4081
internal_value=0.000732258 1.28638 1.96088 -0.325625 -1.6181 0.205609
internal_weight=8064 1632 1437 6432 1873 4559
internal_count=8064 1632 1437 6432 1873 4559
is_linear=0
shrinkage=0.05


Tree=55
num_leaves=7
num_cat=0
split_feature=3 3 0 3 3 2
split_gain=1.33199e+06 8.6943e+06 1.36755e+06 2.47841e+06 830754 288765
threshold=-115.88908020833331 -124.78350590277749 3318.8063000000006 -56.653780902778173 -181.02418715277767 181.25845714285745
decision_type=2 2 2 2 2 2
left_child=1 4 5 -4 -1 -2
right_child=2 -3 3 -5 -6 -7
leaf_value=1.6822420333856944 0.17383606884609235 13.024863194761606 -4.1920265124870397 -0.30647238887291639 -1.779528357635745 2.4385054389156147
leaf_weight=288 4824 144 541 1691 432 144
leaf_count=288 4824 144 541 1691 432 144
internal_value=0.000737756 1.85461 -0.221954 -1.24972 -0.394408 0.239956
internal_weight=8064 864 7200 2232 720 4968
internal_count=8064 864 7200 2232 720 4968
is_linear=0
shrinkage=0.05


Tree=56
num_leaves=6
num_cat=0
split_feature=2 3 2 3 3
split_gain=1.30261e+06 981132 1.53073e+06 836095 1.43559e+06
threshold=320.51702857142851 328.78225173611105 -262.47750714285797 -100.42767083333341 -14.338105902777327
decision_type=2 2 2 2 2
left_child=1 2 -1 -2 -5
right_child=3 -3 -4 4 -6
leaf_value=-3.6661518153510517 5.5199857784664799 3.8913078535014187 -0.10839891852306967 -0.80307984088697748 5.0418102774230196
leaf_weight=315 145 144 6993 309 158
leaf_count=315 145 144 6993 309 158
internal_value=0.000769329 -0.181458 -0.262231 2.21633 1.18097
internal_weight=8064 7452 7308 612 467
internal_count=8064 7452 7308 612 467
is_linear=0
shrinkage=0.05


Tree=57
num_leaves=4
num_cat=0
split_feature=2 0 2
split_gain=1.23157e+06 932336 729694
threshold=529.2231285714289 8351.5790500000021 114.12512142857169
decision_type=2 2 2
left_child=1 2 -1
right_child=-2 -3 -4
leaf_value=-0.23497868394512969 3.8266789841143094 -3.4865169073596145 1.053262627481385
leaf_weight=6334 204 197 1329
leaf_count=6334 204 197 1329
internal_value=0.000792086 -0.0989799 -0.0114497
internal_weight=8064 7860 7663
internal_count=8064 7860 7663
is_linear=0
shrinkage=0.05


Tree=58
num_leaves=7
num_cat=0
split_feature=3 3 0 3 0 2
split_gain=1.13834e+06 7.85433e+06 1.25283e+06 2.09884e+06 826835 249778
threshold=-115.88908020833331 -124.78350590277749 3718.3176500000004 -56.653780902778173 5933.7375000000002 195.68854285714249
decision_type=2 2 2 2 2 2
left_child=1 4 5 -4 -1 -2
right_child=2 -3 3 -5 -6 -7
leaf_value=0.42952373846492264 0.15779287260211172 12.331549827641455 -4.0220577930848975 -0.33972959525229074 -3.7833558479400531 2.1899808974411243
leaf_weight=575 4931 144 509 1605 145 155
leaf_count=575 4931 144 509 1605 145 155
internal_value=0.000759666 1.71458 -0.205108 -1.22783 -0.422974 0.220144
internal_weight=8064 864 7200 2114 720 5086
internal_count=8064 864 7200 2114 720 5086
is_linear=0
shrinkage=0.05


Tree=59
num_leaves=4
num_cat=0
split_feature=2 3 3
split_gain=1.15903e+06 867232 1.91575e+06
threshold=529.2231285714289 328.78225173611105 151.79005486111103
decision_type=2 2 2
left_child=1 2 -1
right_child=-2 -3 -4
leaf_value=-0.05897087651123753 3.7122736447213627 3.7349902998887261 -5.8609295056400628
leaf_weight=7572 204 144 144
leaf_count=7572 204 144 144
internal_value=0.000764844 -0.0960244 -0.167995
internal_weight=8064 7860 7716
internal_count=8064 7860 7716
is_linear=0
shrinkage=0.05


Tree=60
num_leaves=6
num_cat=0
split_feature=2 3 3 3 2
split_gain=1.07144e+06 1.01924e+06 1.75511e+06 828810 1.26005e+06
threshold=257.98497857142871 7.2777118055554419 -115.88908020833331 328.78225173611105 -262.47750714285797
decision_type=2 2 2 2 2
left_child=3 2 -2 4 -1
right_child=1 -3 -4 -5 -6
leaf_value=-3.3554057193690134 5.0890044920785087 5.1629954304414643 -0.77061435715747284 3.5495286964548045 -0.12539776201372274
leaf_weight=315 174 169 473 144 6789
leaf_count=315 174 169 473 144 6789
internal_value=0.000736076 1.71728 0.810655 -0.192727 -0.269072
internal_weight=8064 816 647 7248 7104
internal_count=8064 816 647 7248 7104
is_linear=0
shrinkage=0.05


Tree=61
num_leaves=4
num_cat=0
split_feature=2 0 2
split_gain=1.00999e+06 789488 630987
threshold=529.2231285714289 8351.5790500000021 104.95133571428592
decision_type=2 2 2
left_child=1 2 -1
right_child=-2 -3 -4
leaf_value=-0.22312260014403892 3.4654328074106355 -3.2068363307890566 0.95230127816064492
leaf_weight=6268 204 197 1395
leaf_count=6268 204 197 1395
internal_value=0.000758479 -0.0895938 -0.00904789
internal_weight=8064 7860 7663
internal_count=8064 7860 7663
is_linear=0
shrinkage=0.05


Tree=62
num_leaves=7
num_cat=0
split_feature=3 3 0 3 0 2
split_gain=949290 7.09577e+06 1.17976e+06 2.93361e+06 816016 137996
threshold=-115.88908020833331 -124.78350590277749 2703.7049000000006 -87.089065972222429 5933.7375000000002 145.01550714285716
decision_type=2 2 2 2 2 2
left_child=1 4 5 -4 -1 -2
right_child=2 -3 3 -5 -6 -7
leaf_value=0.38112542241449576 0.21631572771922869 11.657067250876592 -7.8369710732374758 -0.63823052662178015 -3.8041436672210693 1.6966810085290782
leaf_weight=575 4628 144 150 2260 145 162
leaf_count=575 4628 144 150 2260 145 162
internal_value=0.00072668 1.56578 -0.187271 -1.08935 -0.465848 0.266726
internal_weight=8064 864 7200 2410 720 4790
internal_count=8064 864 7200 2410 720 4790
is_linear=0
shrinkage=0.05


Tree=63
num_leaves=4
num_cat=0
split_feature=2 3 3
split_gain=947834 723424 1.7304e+06
threshold=529.2231285714289 328.78225173611105 151.79005486111103
decision_type=2 2 2
left_child=1 2 -1
right_child=-2 -3 -4
leaf_value=-0.048945199477295823 3.3570635526500099 3.412161627309076 -5.5630912059751054
leaf_weight=7572 204 144 144
leaf_count=7572 204 144 144
internal_value=0.000700712 -0.086827 -0.152561
internal_weight=8064 7860 7716
internal_count=8064 7860 7716
is_linear=0
shrinkage=0.05


Tree=64
num_leaves=7
num_cat=0
split_feature=2 3 3 0 3 3
split_gain=907773 2.00911e+06 4.53686e+06 1.22327e+06 1.4167e+06 536740
threshold=104.95133571428592 -135.92341701388861 -100.42767083333341 396.44930000000005 -83.858329861111187 -115.88908020833331
decision_type=2 2 2 2 2 2
left_child=3 -2 -3 5 -5 -1
right_child=1 2 -4 4 -6 -7
leaf_value=-1.4080162461465984 -3.6966543165092567 9.3449930994093346 0.66787154854081388 2.3171472817563035 -1.857863609153807 0.36120708478548069
leaf_weight=478 195 170 1267 231 1642 4081
leaf_count=478 195 170 1267 231 1642 4081
internal_value=0.000672845 1.05347 1.70018 -0.266576 -1.34199 0.17544
internal_weight=8064 1632 1437 6432 1873 4559
internal_count=8064 1632 1437 6432 1873 4559
is_linear=0
shrinkage=0.05


Tree=65
num_leaves=7
num_cat=0
split_feature=3 3 3 5 1 3
split_gain=865321 6.1986e+06 1.11141e+06 2.12039e+06 1.00537e+06 821035
threshold=-115.88908020833331 -124.78350590277749 -100.42767083333341 1.0000000180025095e-35 1.2167000000000001 -181.02418715277767
decision_type=2 2 2 2 2 2
left_child=1 5 3 -2 -4 -1
right_child=2 -3 4 -5 -6 -7
leaf_value=1.6605000036617157 -7.4851361975176589 10.926679228914196 0.26530761069362291 1.0740156666985874 -1.1982279842204659 -1.7809685300459213
leaf_weight=288 144 144 5415 144 1497 432
leaf_count=288 144 144 5415 144 1497 432
internal_value=0.000674723 1.49491 -0.178816 -3.21665 -0.0517922 -0.403987
internal_weight=8064 864 7200 288 6912 720
internal_count=8064 864 7200 288 6912 720
is_linear=0
shrinkage=0.05


Tree=66
num_leaves=7
num_cat=0
split_feature=2 3 3 0 6 3
split_gain=827371 1.81097e+06 4.09809e+06 1.01446e+06 1.34878e+06 517715
threshold=104.95133571428592 -135.92341701388861 -100.42767083333341 396.44930000000005 -0.25881904510252163 -115.88908020833331
decision_type=2 2 2 2 2 2
left_child=3 -2 -3 5 -5 -1
right_child=1 2 -4 4 -6 -7
leaf_value=-1.4070791958300457 -3.5040617148030777 8.8854883529986548 0.63862024409584828 -2.7124720384756511 -0.016923872545810438 0.33050140754672452
leaf_weight=478 195 170 1267 845 1028 4081
leaf_count=478 195 170 1267 845 1028 4081
internal_value=0.000662453 1.00575 1.61974 -0.254477 -1.23381 0.148052
internal_weight=8064 1632 1437 6432 1873 4559
internal_count=8064 1632 1437 6432 1873 4559
is_linear=0
shrinkage=0.05


Tree=67
num_leaves=7
num_cat=0
split_feature=3 0 3 0 3 2
split_gain=816200 5.54179e+06 1.07048e+06 2.00644e+06 932887 877885
threshold=-115.88908020833331 3718.3176500000004 -100.42767083333341 0.022000000000000002 -135.92341701388861 -376.67331428571418
decision_type=2 2 2 2 2 2
left_child=1 4 3 -2 -1 -4
right_child=2 -3 5 -5 -6 -7
leaf_value=0.20894839464874934 1.0188973439972977 7.5070583439371887 -3.1864113596854384 -7.3072328518793501 -3.9522140325290231 0.05216698661703148
leaf_weight=400 144 262 215 144 202 6697
leaf_count=400 144 262 215 144 202 6697
internal_value=0.000643047 1.45184 -0.173679 -3.15505 -1.19156 -0.0490164
internal_weight=8064 864 7200 288 602 6912
internal_count=8064 864 7200 288 602 6912
is_linear=0
shrinkage=0.05


Tree=68
num_leaves=7
num_cat=0
split_feature=3 3 3 5 0 1
split_gain=736891 5.51931e+06 966804 1.8198e+06 901573 818854
threshold=-115.88908020833331 -124.78350590277749 -100.42767083333341 1.0000000180025095e-35 5933.7375000000002 1.2167000000000001
decision_type=2 2 2 2 2 2
left_child=1 4 3 -2 -1 -4
right_child=2 -3 5 -5 -6 -7
leaf_value=0.47783178020165207 -6.952736389842527 10.279455944505232 0.23958928245480862 0.97664924884664606 -3.9213083944908562 -1.0812283900560182
leaf_weight=575 144 144 5415 144 145 1497
leaf_count=575 144 144 5415 144 145 1497
internal_value=0.000575819 1.37947 -0.16506 -2.99838 -0.412316 -0.0465883
internal_weight=8064 864 7200 288 720 6912
internal_count=8064 864 7200 288 720 6912
is_linear=0
shrinkage=0.05


Tree=69
num_leaves=4
num_cat=0
split_feature=2 3 3
split_gain=740760 707062 1.54712e+06
threshold=529.2231285714289 328.78225173611105 151.79005486111103
decision_type=2 2 2
left_child=1 2 -1
right_child=-2 -3 -4
leaf_value=-0.043843666940955053 2.9677113698459254 3.3823579415987277 -5.2578070361886562
leaf_weight=7572 204 144 144
leaf_count=7572 204 144 144
internal_value=0.000547132 -0.076831 -0.141818
internal_weight=8064 7860 7716
internal_count=8064 7860 7716
is_linear=0
shrinkage=0.05


Tree=70
num_leaves=7
num_cat=0
split_feature=2 3 3 0 3 3
split_gain=696911 1.7666e+06 3.69861e+06 818356 1.23132e+06 469364
threshold=104.95133571428592 -135.92341701388861 -100.42767083333341 78.104900000000015 -83.858329861111187 -115.88908020833331
decision_type=2 2 2 2 2 2
left_child=3 -2 -3 5 -5 -1
right_child=1 2 -4 4 -6 -7
leaf_value=-1.3578788651702225 -3.531135387384162 8.431961784725301 0.59736448069241144 2.1661568532756066 -1.5478509505229727 0.32113372681535762
leaf_weight=464 195 170 1267 255 1744 3969
leaf_count=464 195 170 1267 255 1744 3969
internal_value=0.000526294 0.922977 1.52943 -0.233635 -1.07323 0.145126
internal_weight=8064 1632 1437 6432 1999 4433
internal_count=8064 1632 1437 6432 1999 4433
is_linear=0
shrinkage=0.05


Tree=71
num_leaves=7
num_cat=0
split_feature=3 0 3 3 0 2
split_gain=673399 5.01574e+06 986575 962635 1.76319e+06 764442
threshold=-115.88908020833331 3718.3176500000004 -135.92341701388861 -100.42767083333341 0.022000000000000002 -376.67331428571418
decision_type=2 2 2 2 2 2
left_child=1 2 -1 4 -2 -5
right_child=3 -3 -4 5 -6 -7
leaf_value=0.24413101170722984 0.92791341518533654 7.0793778637516187 -4.0350339396540162 -2.967265522411024 -6.8773544628866787 0.054825850397628717
leaf_weight=400 144 262 202 215 144 6697
leaf_count=400 144 262 202 215 144 6697
internal_value=0.000531465 1.31868 -1.19605 -0.157808 -2.98501 -0.0395929
internal_weight=8064 864 602 7200 288 6912
internal_count=8064 864 602 7200 288 6912
is_linear=0
shrinkage=0.05


Tree=72
num_leaves=4
num_cat=0
split_feature=3 3 2
split_gain=637577 1.43447e+06 795936
threshold=328.78225173611105 151.79005486111103 -310.54207142857189
decision_type=2 2 2
left_child=1 2 -1
right_child=-2 -3 -4
leaf_value=-2.808551126088807 3.2860593081342766 -4.9870921154448702 0.12225584022514002
leaf_weight=238 144 144 7538
leaf_count=238 144 144 7538
internal_value=0.000470341 -0.059675 0.032203
internal_weight=8064 7920 7776
internal_count=8064 7920 7776
is_linear=0
shrinkage=0.05


Tree=73
num_leaves=7
num_cat=0
split_feature=3 3 0 3 5 1
split_gain=602751 4.92867e+06 967292 873737 1.59932e+06 698302
threshold=-115.88908020833331 -124.78350590277749 5933.7375000000002 -100.42767083333341 1.0000000180025095e-35 -415.38054999999935
decision_type=2 2 2 2 2 2
left_child=1 2 -1 4 -2 -5
right_child=3 -3 -4 5 -6 -7
leaf_value=0.47643462054224478 -6.5499319125043947 9.6578288506433889 -4.0802359605692837 2.1231361837118445 0.88377015607110398 -0.15365646501574545
leaf_weight=575 144 144 145 354 144 6558
leaf_count=575 144 144 145 354 144 6558
internal_value=0.000419617 1.24751 -0.445615 -0.149384 -2.84288 -0.0367596
internal_weight=8064 864 720 7200 288 6912
internal_count=8064 864 720 7200 288 6912
is_linear=0
shrinkage=0.05


Tree=74
num_leaves=5
num_cat=0
split_feature=0 2 1 3
split_gain=590175 745286 1.13087e+06 888690
threshold=8351.5790500000021 257.98497857142871 -341.01085000000006 7.2777118055554419
decision_type=2 2 2 2
left_child=1 2 -1 -3
right_child=-2 3 -4 -5
leaf_value=-3.9209563354703976 -2.6887006830330473 0.6539110605205809 0.0095518189658265282 4.7488413418332733
leaf_weight=187 198 629 6883 167
leaf_count=187 198 629 6883 167
internal_value=0.000413243 0.0684358 -0.0949491 1.5179
internal_weight=8064 7866 7070 796
internal_count=8064 7866 7070 796
is_linear=0
shrinkage=0.05


Tree=75
num_leaves=4
num_cat=0
split_feature=3 3 2
split_gain=586088 1.29579e+06 712146
threshold=328.78225173611105 151.79005486111103 104.95133571428592
decision_type=2 2 2
left_child=1 2 -1
right_child=-2 -3 -4
leaf_value=-0.21429824791903007 3.1505145504967924 -4.7404728175853865 0.96684661446019993
leaf_weight=6168 144 144 1608
leaf_count=6168 144 144 1608
internal_value=0.000385166 -0.0572804 0.0300438
internal_weight=8064 7920 7776
internal_count=8064 7920 7776
is_linear=0
shrinkage=0.05


Tree=76
num_leaves=4
num_cat=0
split_feature=2 1 0
split_gain=541208 568111 938205
threshold=529.2231285714289 -612.63545000000011 8351.5790500000021
decision_type=2 2 2
left_child=1 -1 -3
right_child=-2 2 -4
leaf_value=-3.0241387835557356 2.5365696383394845 0.079662595100217878 -3.6133499710566621
leaf_weight=158 204 7527 175
leaf_count=158 204 7527 175
internal_value=0.000360711 -0.0657789 -0.0047059
internal_weight=8064 7860 7702
internal_count=8064 7860 7702
is_linear=0
shrinkage=0.05


Tree=77
num_leaves=7
num_cat=0
split_feature=3 0 3 6 3 3
split_gain=542376 4.66812e+06 993328 820473 3.41021e+06 1.32165e+06
threshold=-115.88908020833331 3718.3176500000004 -135.92341701388861 -0.34202014332566827 -51.81827569444453 -29.135861805555461
decision_type=2 2 2 2 2 2
left_child=1 2 -1 4 -2 -5
right_child=3 -3 -4 5 -6 -7
leaf_value=0.20260494812914265 -3.7164624584693153 6.7408394562994118 -4.0912689682298113 1.4517962657271788 0.22455834718606482 -0.36343369671001469
leaf_weight=400 741 262 202 1566 2109 2784
leaf_count=400 741 262 202 1566 2109 2784
internal_value=0.000317747 1.1833 -1.24259 -0.141785 -0.801051 0.290233
internal_weight=8064 864 602 7200 2850 4350
internal_count=8064 864 602 7200 2850 4350
is_linear=0
shrinkage=0.05


Tree=78
num_leaves=4
num_cat=0
split_feature=3 3 2
split_gain=540209 1.16864e+06 651754
threshold=328.78225173611105 151.79005486111103 -310.54207142857189
decision_type=2 2 2
left_child=1 2 -1
right_child=-2 -3 -4
leaf_value=-2.5427407578647014 3.0246247861303135 -4.5025502443313599 0.10936082088372319
leaf_weight=238 144 144 7538
leaf_count=238 144 144 7538
internal_value=0.000304649 -0.0550579 0.0278714
internal_weight=8064 7920 7776
internal_count=8064 7920 7776
is_linear=0
shrinkage=0.05


Tree=79
num_leaves=4
num_cat=0
split_feature=3 3 2
split_gain=487901 1.05545e+06 592045
threshold=328.78225173611105 151.79005486111103 -262.47750714285797
decision_type=2 2 2
left_child=1 2 -1
right_child=-2 -3 -4
leaf_value=-2.1182356013159924 2.8744365132471614 -4.2789753483903814 0.11518697686581802
leaf_weight=308 144 144 7468
leaf_count=308 144 144 7468
internal_value=0.00026517 -0.0523488 0.0264622
internal_weight=8064 7920 7776
internal_count=8064 7920 7776
is_linear=0
shrinkage=0.05


Tree=80
num_leaves=7
num_cat=0
split_feature=3 3 2 3 4 3
split_gain=480953 4.5506e+06 1.00321e+06 771647 1.55439e+06 618863
threshold=-115.88908020833331 -124.78350590277749 211.39821428571443 -100.42767083333341 1.0000000180025095e-35 -79.273668749999942
decision_type=2 2 2 2 2 2
left_child=1 2 -1 4 -2 -5
right_child=3 -3 -4 5 -6 -7
leaf_value=0.56625028888311058 1.0082728018688745 9.195565343560844 -3.73424997109076 1.8023804542116011 -6.319572620494613 -0.15001236667887902
leaf_weight=540 144 144 180 432 144 6480
leaf_count=540 144 144 180 432 144 6480
internal_value=0.000230781 1.11422 -0.512563 -0.133584 -2.66484 -0.0277447
internal_weight=8064 864 720 7200 288 6912
internal_count=8064 864 720 7200 288 6912
is_linear=0
shrinkage=0.05


Tree=81
num_leaves=4
num_cat=0
split_feature=2 1 0
split_gain=455877 540039 821563
threshold=529.2231285714289 -612.63545000000011 8351.5790500000021
decision_type=2 2 2
left_child=1 -1 -3
right_child=-2 2 -4
leaf_value=-2.9448104085084403 2.3279314035031855 0.078025912535060138 -3.3778041505339473
leaf_weight=158 204 7527 175
leaf_count=158 204 7527 175
internal_value=0.000233927 -0.060468 -0.000923596
internal_weight=8064 7860 7702
internal_count=8064 7860 7702
is_linear=0
shrinkage=0.05


Tree=82
num_leaves=4
num_cat=0
split_feature=3 3 2
split_gain=450332 951259 583462
threshold=328.78225173611105 151.79005486111103 104.95133571428592
decision_type=2 2 2
left_child=1 2 -1
right_child=-2 -3 -4
leaf_value=-0.19669631880008001 2.7614970654172115 -4.0629275752604013 0.87241980919951312
leaf_weight=6168 144 144 1608
leaf_count=6168 144 144 1608
internal_value=0.000197949 -0.0503498 0.0244701
internal_weight=8064 7920 7776
internal_count=8064 7920 7776
is_linear=0
shrinkage=0.05


Tree=83
num_leaves=7
num_cat=0
split_feature=3 0 3 0 3 2
split_gain=429381 4.31656e+06 998547 752860 1.875e+06 165050
threshold=-115.88908020833331 3718.3176500000004 -135.92341701388861 3318.8063000000006 -51.81827569444453 181.25845714285745
decision_type=2 2 2 2 2 2
left_child=1 2 -1 5 -5 -2
right_child=3 -3 -4 4 -6 -7
leaf_value=0.16918153805922986 0.16646705623770164 6.3969731619829462 -4.1360319418217903 -3.3262673371038556 -0.027582498261652016 1.8786424126347592
leaf_weight=400 4824 262 202 582 1650 144
leaf_count=400 4824 262 202 582 1650 144
internal_value=0.000184177 1.05275 -1.27989 -0.126253 -0.888828 0.216463
internal_weight=8064 864 602 7200 2232 4968
internal_count=8064 864 602 7200 2232 4968
is_linear=0
shrinkage=0.05


Tree=84
num_leaves=7
num_cat=0
split_feature=3 3 5 3 6 3
split_gain=426840 3.64859e+06 1.18811e+07 2.32473e+06 743246 702772
threshold=-135.92341701388861 -115.88908020833331 1.0000000180025095e-35 -159.90655381944416 -0.42261826174069911 -203.1015222222222
decision_type=2 2 2 2 2 2
left_child=3 2 -2 5 -3 -1
right_child=1 4 -4 -5 -6 -7
leaf_value=-2.3146340431838204 15.716135272712544 -0.79549809959887174 -4.5354073004887026 -6.7883780556711661 0.26197271909613012 1.9513923874363355
leaf_weight=144 144 2600 144 144 4600 288
leaf_count=144 144 2600 144 144 4600 288
internal_value=0.000181913 0.101142 5.60971 -1.3102 -0.119949 0.527322
internal_weight=8064 7488 288 576 7200 432
internal_count=8064 7488 288 576 7200 432
is_linear=0
shrinkage=0.05


Tree=85
num_leaves=4
num_cat=0
split_feature=3 3 3
split_gain=407038 859938 581688
threshold=328.78225173611105 151.79005486111103 61.785570138888723
decision_type=2 2 2
left_child=1 2 -1
right_child=-2 -3 -4
leaf_value=-0.1436686550427054 2.625407412864011 -3.8629792049013334 1.1432206371952334
leaf_weight=6768 144 144 1008
leaf_count=6768 144 144 1008
internal_value=0.000194493 -0.0478621 0.0232759
internal_weight=8064 7920 7776
internal_count=8064 7920 7776
is_linear=0
shrinkage=0.05


Tree=86
num_leaves=5
num_cat=0
split_feature=0 2 1 3
split_gain=403527 468270 981933 879145
threshold=8351.5790500000021 257.98497857142871 -341.01085000000006 7.2777118055554419
decision_type=2 2 2 2
left_child=1 2 -1 -3
right_child=-2 3 -4 -5
leaf_value=-3.6382512580841144 -2.2234100538881583 0.34656653642358765 0.024295815403390847 4.4186829874735505
leaf_weight=187 198 629 6883 167
leaf_count=187 198 629 6883 167
internal_value=0.000183288 0.0564303 -0.0730786 1.20536
internal_weight=8064 7866 7070 796
internal_count=8064 7866 7070 796
is_linear=0
shrinkage=0.05


Tree=87
num_leaves=5
num_cat=0
split_feature=2 3 3 5
split_gain=380337 403883 2.5865e+06 2.16458e+06
threshold=-521.61201428571474 -135.92341701388861 -115.88908020833331 -0.6913484944011038
decision_type=2 2 2 2
left_child=-1 3 -3 -2
right_child=1 2 -4 -5
leaf_value=-2.5198381934847154 -6.4173344538515851 4.8084350046734299 -0.041878148560858496 0.57881883737437934
leaf_weight=146 148 285 7057 428
leaf_count=146 148 285 7057 428
internal_value=0.000167473 0.0469462 0.147029 -1.22681
internal_weight=8064 7918 7342 576
internal_count=8064 7918 7342 576
is_linear=0
shrinkage=0.05


Tree=88
num_leaves=5
num_cat=0
split_feature=3 1 3 5
split_gain=383148 818578 1.4888e+06 885722
threshold=328.78225173611105 173.02205000000052 55.872129166666817 -0.94670478576706751
decision_type=2 2 2 2
left_child=1 3 -3 -1
right_child=-2 2 -4 -5
leaf_value=2.1171209541536298 2.5471456734887488 0.092920286495163082 -4.2121266068557865 -0.026891276501722745
leaf_weight=519 144 542 318 6541
leaf_count=519 144 542 318 6541
internal_value=0.00013684 -0.0464881 -1.50199 0.130998
internal_weight=8064 7920 860 7060
internal_count=8064 7920 860 7060
is_linear=0
shrinkage=0.05


Tree=89
num_leaves=4
num_cat=0
split_feature=3 3 3
split_gain=346042 757333 552810
threshold=328.78225173611105 151.79005486111103 61.785570138888723
decision_type=2 2 2
left_child=1 2 -1
right_child=-2 -3 -4
leaf_value=-0.14016529488414284 2.4206667868844396 -3.6244607185495314 1.1143739647639046
leaf_weight=6768 144 144 1008
leaf_count=6768 144 144 1008
internal_value=0.000133209 -0.0441765 0.0225825
internal_weight=8064 7920 7776
internal_count=8064 7920 7776
is_linear=0
shrinkage=0.05


Tree=90
num_leaves=7
num_cat=0
split_feature=3 3 0 3 0 0
split_gain=362392 2.86804e+06 4.48087e+06 1.69172e+06 7.6202e+06 1.86799e+06
threshold=55.872129166666817 61.785570138888723 1329.45 7.2777118055554419 6647.4550500000014 7069.2344000000003
decision_type=2 2 2 2 2 2
left_child=3 2 -2 5 -5 -1
right_child=1 -3 -4 4 -6 -7
leaf_value=0.12019442936313079 0.11044031791063164 0.69572558425073916 -8.8571675194633457 0.27719760637751895 12.664310499059743 -3.1790065094639188
leaf_weight=4713 342 1296 234 864 144 471
leaf_count=4713 342 1296 234 864 144 471
internal_value=0.000125129 -0.609288 -3.54169 0.184435 2.05758 -0.180115
internal_weight=8064 1872 576 6192 1008 5184
internal_count=8064 1872 576 6192 1008 5184
is_linear=0
shrinkage=0.05


Tree=91
num_leaves=7
num_cat=0
split_feature=3 0 3 6 3 3
split_gain=341048 3.92351e+06 1.0579e+06 666278 2.77935e+06 1.31323e+06
threshold=-115.88908020833331 3718.3176500000004 -135.92341701388861 -0.25881904510252018 -9.3003065972224004 -29.135861805555461
decision_type=2 2 2 2 2 2
left_child=1 2 -1 4 -2 -5
right_child=3 -3 -4 5 -6 -7
leaf_value=0.20582844108863366 -2.1821824878903393 6.0333475300171076 -4.2254258315551461 1.4851686825620689 0.8356384763247573 -0.36733041437140168
leaf_weight=400 1525 262 202 1494 1525 2656
leaf_count=400 1525 262 202 1494 1525 2656
internal_value=0.000130226 0.938204 -1.28561 -0.112553 -0.673493 0.299766
internal_weight=8064 864 602 7200 3050 4150
internal_count=8064 864 602 7200 3050 4150
is_linear=0
shrinkage=0.05


Tree=92
num_leaves=7
num_cat=0
split_feature=3 3 5 3 4 3
split_gain=389222 3.09018e+06 1.04125e+07 2.09592e+06 659973 634212
threshold=-135.92341701388861 -115.88908020833331 1.0000000180025095e-35 -159.90655381944416 0.065387565056497135 -203.1015222222222
decision_type=2 2 2 2 2 2
left_child=3 2 -2 5 -3 -1
right_child=1 4 -4 -5 -6 -7
leaf_value=-2.2061534871315138 14.627415820442398 0.35218742027977085 -4.3308961144809066 -6.4527816509994969 -0.60592222081001301 1.8464350952563813
leaf_weight=144 144 3750 144 144 3450 288
leaf_count=144 144 3750 144 144 3450 288
internal_value=0.000134772 0.0965433 5.16607 -1.25117 -0.106927 0.493597
internal_weight=8064 7488 288 576 7200 432
internal_count=8064 7488 288 576 7200 432
is_linear=0
shrinkage=0.05


Tree=93
num_leaves=7
num_cat=0
split_feature=3 3 5 5 3 0
split_gain=351634 2.79088e+06 9.40408e+06 2.08974e+06 653636 23814.9
threshold=-135.92341701388861 -115.88908020833331 1.0000000180025095e-35 -0.6913484944011038 -100.42767083333341 0.0044000000000000003
decision_type=2 2 2 2 2 2
left_child=3 2 -2 -1 -3 -5
right_child=1 4 -4 5 -6 -7
leaf_value=-6.2892135075274735 13.90108902248843 -2.4312527327285918 -4.1158446147524073 0.31180867690632774 -0.0041753262629535531 1.0960025668144227
leaf_weight=148 144 288 144 280 6912 148
leaf_count=148 144 288 144 280 6912 148
internal_value=0.000148069 0.0917832 4.90955 -1.1892 -0.101583 0.584901
internal_weight=8064 7488 288 576 7200 428
internal_count=8064 7488 288 576 7200 428
is_linear=0
shrinkage=0.05


Tree=94
num_leaves=5
num_cat=0
split_feature=2 3 0 0
split_gain=332103 387099 2.70246e+06 2.16721e+06
threshold=-521.61201428571474 -14.338105902777327 7674.2062500000011 7770.0528000000004
decision_type=2 2 2 2
left_child=-1 3 -3 -2
right_child=1 2 -4 -5
leaf_value=-2.354644376363884 -0.032765479651058436 0.094365718584177902 6.0728969572782523 -5.428359096661592
leaf_weight=146 4081 3444 199 194
leaf_count=146 4081 3444 199 194
internal_value=0.000155965 0.043868 0.422522 -0.27883
internal_weight=8064 7918 3643 4275
internal_count=8064 7918 3643 4275
is_linear=0
shrinkage=0.05


Tree=95
num_leaves=7
num_cat=0
split_feature=3 3 0 3 0 0
split_gain=349225 2.59228e+06 4.08892e+06 1.47553e+06 6.72759e+06 1.61918e+06
threshold=55.872129166666817 61.785570138888723 1731.5062500000001 7.2777118055554419 6647.4550500000014 7069.2344000000003
decision_type=2 2 2 2 2 2
left_child=3 2 -2 5 -5 -1
right_child=1 -3 -4 4 -6 -7
leaf_value=0.12019969945410754 0.0037640256674541031 0.64260067460841652 -8.6124184406276321 0.25757801867633889 11.896600029304111 -2.9514323921274332
leaf_weight=4713 350 1296 226 864 144 471
leaf_count=4713 350 1296 226 864 144 471
internal_value=0.000137947 -0.598102 -3.38596 0.181069 1.93044 -0.159393
internal_weight=8064 1872 576 6192 1008 5184
internal_count=8064 1872 576 6192 1008 5184
is_linear=0
shrinkage=0.05


Tree=96
num_leaves=7
num_cat=0
split_feature=3 3 0 3 0 0
split_gain=315421 2.34047e+06 3.69846e+06 1.33251e+06 6.07614e+06 1.46162e+06
threshold=55.872129166666817 61.785570138888723 2703.7049000000006 7.2777118055554419 6647.4550500000014 7069.2344000000003
decision_type=2 2 2 2 2 2
left_child=3 2 -2 5 -5 -1
right_child=1 -3 -4 4 -6 -7
leaf_value=0.11419100064182111 -0.25628756724975327 0.61049540071714459 -8.6303520109139242 0.24471400231295237 11.305872254947136 -2.8041734184501537
leaf_weight=4713 373 1296 203 864 144 471
leaf_count=4713 373 1296 203 864 144 471
internal_value=0.000139465 -0.568409 -3.21741 0.17209 1.83452 -0.151451
internal_weight=8064 1872 576 6192 1008 5184
internal_count=8064 1872 576 6192 1008 5184
is_linear=0
shrinkage=0.05


Tree=97
num_leaves=4
num_cat=0
split_feature=3 3 5
split_gain=294000 736492 572797
threshold=328.78225173611105 151.79005486111103 -0.94670478576706751
decision_type=2 2 2
left_child=1 2 -1
right_child=-2 -3 -4
leaf_value=1.2827426543659113 2.2312445868294817 -3.5713848064685694 -0.12126972702938331
leaf_weight=810 144 144 6966
leaf_count=810 144 144 6966
internal_value=0.000136116 -0.0407061 0.0251277
internal_weight=8064 7920 7776
internal_count=8064 7920 7776
is_linear=0
shrinkage=0.05


Tree=98
num_leaves=7
num_cat=0
split_feature=3 3 5 3 0 3
split_gain=289486 2.55275e+06 8.55107e+06 1.88185e+06 607117 563025
threshold=-135.92341701388861 -115.88908020833331 1.0000000180025095e-35 -159.90655381944416 3718.3176500000004 -203.1015222222222
decision_type=2 2 2 2 2 2
left_child=3 2 -2 5 -3 -1
right_child=1 4 -4 -5 -6 -7
leaf_value=-1.9700562322036974 13.26495907701295 0.19436361819995612 -3.9154615783691407 -6.0078827817172842 -0.81360734690764558 1.8484766944778834
leaf_weight=144 144 5086 144 144 2114 288
leaf_count=144 144 5086 144 144 2114 288
internal_value=0.0001282 0.0832722 4.69092 -1.07901 -0.10166 0.574022
internal_weight=8064 7488 288 576 7200 432
internal_count=8064 7488 288 576 7200 432
is_linear=0
shrinkage=0.05


Tree=99
num_leaves=7
num_cat=0
split_feature=3 3 0 3 0 1
split_gain=274832 2.12122e+06 3.35842e+06 1.2138e+06 5.48645e+06 1.39928e+06
threshold=55.872129166666817 61.785570138888723 1329.45 7.2777118055554419 6647.4550500000014 356.45655000000062
decision_type=2 2 2 2 2 2
left_child=3 2 -2 5 -5 -1
right_child=1 -3 -4 4 -6 -7
leaf_value=0.0049104418261522982 0.10930167376647537 0.59175131674927761 -7.654259525131673 0.23659732620151055 10.747325793134756 -4.5560846635665015
leaf_weight=5011 342 1296 234 864 144 173
leaf_count=5011 342 1296 234 864 144 173
internal_value=0.000137914 -0.530571 -3.05244 0.160644 1.74729 -0.148148
internal_weight=8064 1872 576 6192 1008 5184
internal_count=8064 1872 576 6192 1008 5184
is_linear=0
shrinkage=0.05


end of trees

feature_importances:
Column_3=200
Column_2=164
Column_0=78
Column_1=29
Column_5=16
Column_4=13
Column_6=5

parameters:
[boosting: gbdt]
[objective: regression]
[metric: l2]
[tree_learner: serial]
[device_type: cpu]
[data_sample_strategy: bagging]
[data: ]
[valid: ]
[num_iterations: 100]
[learning_rate: 0.05]
[num_leaves: 7]
[num_threads: 1]
[seed: 20250911]
[deterministic: 1]
[force_col_wise: 1]
[force_row_wise: 0]
[histogram_pool_size: -1]
[max_depth: 3]
[min_data_in_leaf: 144]
[min_sum_hessian_in_leaf: 0.001]
[bagging_fraction: 1]
[pos_bagging_fraction: 1]
[neg_bagging_fraction: 1]
[bagging_freq: 0]
[bagging_seed: 20250911]
[bagging_by_query: 0]
[feature_fraction: 1]
[feature_fraction_bynode: 1]
[feature_fraction_seed: 20250911]
[extra_trees: 0]
[extra_seed: 26685]
[early_stopping_round: 0]
[early_stopping_min_delta: 0]
[first_metric_only: 0]
[max_delta_step: 0]
[lambda_l1: 0]
[lambda_l2: 1]
[linear_lambda: 0]
[min_gain_to_split: 0]
[drop_rate: 0.1]
[max_drop: 50]
[skip_drop: 0.5]
[xgboost_dart_mode: 0]
[uniform_drop: 0]
[drop_seed: 2504]
[top_rate: 0.2]
[other_rate: 0.1]
[min_data_per_group: 100]
[max_cat_threshold: 32]
[cat_l2: 10]
[cat_smooth: 10]
[max_cat_to_onehot: 4]
[top_k: 20]
[monotone_constraints: ]
[monotone_constraints_method: basic]
[monotone_penalty: 0]
[feature_contri: ]
[forcedsplits_filename: ]
[refit_decay_rate: 0.9]
[cegb_tradeoff: 1]
[cegb_penalty_split: 0]
[cegb_penalty_feature_lazy: ]
[cegb_penalty_feature_coupled: ]
[path_smooth: 0]
[interaction_constraints: ]
[verbosity: -1]
[saved_feature_importance_type: 0]
[use_quantized_grad: 0]
[num_grad_quant_bins: 4]
[quant_train_renew_leaf: 0]
[stochastic_rounding: 1]
[linear_tree: 0]
[max_bin: 63]
[max_bin_by_feature: ]
[min_data_in_bin: 3]
[bin_construct_sample_cnt: 200000]
[data_random_seed: 20250911]
[is_enable_sparse: 1]
[enable_bundle: 1]
[use_missing: 1]
[zero_as_missing: 0]
[feature_pre_filter: 0]
[pre_partition: 0]
[two_round: 0]
[header: 0]
[label_column: ]
[weight_column: ]
[group_column: ]
[ignore_column: ]
[categorical_feature: ]
[forcedbins_filename: ]
[precise_float_parser: 0]
[parser_config_file: ]
[objective_seed: 19683]
[num_class: 1]
[is_unbalance: 0]
[scale_pos_weight: 1]
[sigmoid: 1]
[boost_from_average: 1]
[reg_sqrt: 0]
[alpha: 0.9]
[fair_c: 1]
[poisson_max_delta_step: 0.7]
[tweedie_variance_power: 1.5]
[lambdarank_truncation_level: 30]
[lambdarank_norm: 1]
[label_gain: ]
[lambdarank_position_bias_regularization: 0]
[eval_at: ]
[multi_error_top_k: 1]
[auc_mu_weights: ]
[num_machines: 1]
[local_listen_port: 12400]
[time_out: 120]
[machine_list_filename: ]
[machines: ]
[gpu_platform_id: -1]
[gpu_device_id: -1]
[gpu_device_id_list: ]
[gpu_use_dp: 0]
[num_gpu: 1]

end of parameters

pandas_categorical:null
