tree
version=v4
num_class=1
num_tree_per_iteration=1
label_index=0
max_feature_idx=7
objective=regression
feature_names=Column_0 Column_1 Column_2 Column_3 Column_4 Column_5 Column_6 Column_7
feature_infos=[0:7256.5787] [-1755.3374999999996:1407.4499999999998] [-1086:908.8171857142861] [-187.22570902777761:188.50134375000039] [-1:1] [-1:1] [-1:1] [-1:1]
tree_sizes=657 667 665 674 755 669 753 758 755 675 679 757 680 673 755 683 670 669 591 669 671 751 750 670 592 587 675 594 589 669 588 583 589 673 586 584 586 510 509 591 752 510 587 596 509 586 594 584 598 593 511 583 747 592 593 574 587 501 573 586 574 591 498 498 584 747 582 498 743 582 497 751 492 758 499 673 498 500 666 757 493 500 757 668 504 494 661 753 758 499 670 499 496 661 738 586 748 660 744 577

Tree=0
num_leaves=6
num_cat=0
split_feature=2 2 2 2 3
split_gain=6.88382e+07 5.18112e+07 1.04756e+07 7.42626e+06 454000
threshold=90.753628571428877 -360.03430000000088 -147.2318071428567 280.08510000000052 -39.551330208333404
decision_type=2 2 2 2 2
left_child=1 -1 -3 4 -2
right_child=3 2 -4 -5 -6
leaf_value=-11.055018270133955 27.384864915973218 7.2380700573263859 15.732088768227902 42.863991885510337 31.493556265202411
leaf_weight=200 163 400 3829 155 149
leaf_count=200 163 400 3829 155 149
internal_value=15.6745 13.7478 14.9269 33.9115 29.3913
internal_weight=4896 4429 4229 467 312
internal_count=4896 4429 4229 467 312
is_linear=0
shrinkage=1


Tree=1
num_leaves=6
num_cat=0
split_feature=2 2 2 2 3
split_gain=6.2167e+07 4.67845e+07 9.45798e+06 6.70672e+06 410106
threshold=90.753628571428877 -360.03430000000088 -130.8698928571425 280.08510000000052 -39.551330208333404
decision_type=2 2 2 2 2
left_child=1 -1 -3 4 -2
right_child=3 2 -4 -5 -6
leaf_value=-25.399661631163081 11.128446936607361 -7.6404531880571191 0.096260962617371021 25.838761488290938 15.033406981706619
leaf_weight=200 163 440 3789 155 149
leaf_count=200 163 440 3789 155 149
internal_value=0.000200192 -1.83069 -0.71031 17.331 13.0354
internal_weight=4896 4429 4229 467 312
internal_count=4896 4429 4229 467 312
is_linear=0
shrinkage=0.05


Tree=2
num_leaves=6
num_cat=0
split_feature=2 2 2 2 4
split_gain=5.61422e+07 4.22454e+07 8.58355e+06 6.0569e+06 376684
threshold=90.753628571428877 -360.03430000000088 -157.3164071428566 280.08510000000052 0.21643961393810304
decision_type=2 2 2 2 2
left_child=1 -1 -3 4 -2
right_child=3 2 -4 -5 -6
leaf_value=-24.135996990180136 14.251519530160088 -8.0484754242560221 0.013111687698714359 24.55510520201463 10.51654130101204
leaf_weight=200 153 360 3869 155 159
leaf_count=200 153 360 3869 155 159
internal_value=0.000384773 -1.73952 -0.674884 16.47 12.3878
internal_weight=4896 4429 4229 467 312
internal_count=4896 4429 4229 467 312
is_linear=0
shrinkage=0.05


Tree=3
num_leaves=6
num_cat=0
split_feature=2 2 2 2 0
split_gain=5.09884e+07 3.69299e+07 8.85871e+06 7.06397e+06 1.85311e+06
threshold=20.497292857142728 -360.03430000000088 280.08510000000052 -147.2318071428567 3874.5560500000006
decision_type=2 2 2 2 2
left_child=1 -1 4 -3 -2
right_child=2 3 -4 -5 -6
leaf_value=-22.935200557186832 5.5761906766500635 -7.2733470610884075 23.335220093604846 -0.28044567268518567 11.926128714216269
leaf_weight=200 182 400 155 3634 325
leaf_count=200 182 400 155 3634 325
internal_value=0.000540675 -2.01795 12.8939 -0.975473 9.66213
internal_weight=4896 4234 662 4034 507
internal_count=4896 4234 662 4034 507
is_linear=0
shrinkage=0.05


Tree=4
num_leaves=7
num_cat=0
split_feature=2 2 2 2 2 2
split_gain=4.62264e+07 3.42461e+07 6.21235e+06 6.04863e+06 3.22518e+06 944076
threshold=57.562557142857038 -263.80350714285754 280.08510000000052 -402.35448571428486 -130.8698928571425 147.07083571428532
decision_type=2 2 2 2 2 2
left_child=1 3 5 -1 -3 -2
right_child=2 4 -4 -5 -6 -7
leaf_value=-24.304511040356591 7.7687491583048685 -5.2763065428005946 22.175938397187455 -10.462140209186153 -0.052222023335594593 12.785127225214122
leaf_weight=160 195 320 155 160 3711 195
leaf_count=160 195 320 155 160 3711 195
internal_value=0.00061931 -1.71989 13.7143 -17.4375 -0.468141 10.3032
internal_weight=4896 4351 545 320 4031 390
internal_count=4896 4351 545 320 4031 390
is_linear=0
shrinkage=0.05


Tree=5
num_leaves=6
num_cat=0
split_feature=2 2 2 2 0
split_gain=4.19195e+07 3.02786e+07 7.21536e+06 7.15316e+06 1.60572e+06
threshold=20.497292857142728 -402.35448571428486 -157.3164071428566 280.08510000000052 3874.5560500000006
decision_type=2 2 2 2 2
left_child=1 -1 -3 4 -2
right_child=3 2 -4 -5 -6
leaf_value=-23.09683335212447 4.9855363650155855 -7.3573344706522867 -0.29371751550909408 21.0742490034837 10.8937730652423
leaf_weight=160 182 400 3674 155 325
leaf_count=160 182 400 3674 155 325
internal_value=0.000615245 -1.82959 -0.988884 11.6913 8.78686
internal_weight=4896 4234 4074 662 507
internal_count=4896 4234 4074 662 507
is_linear=0
shrinkage=0.05


Tree=6
num_leaves=7
num_cat=0
split_feature=2 2 2 2 2 3
split_gain=3.78992e+07 2.86378e+07 4.82941e+06 3.90618e+06 3.05372e+06 409165
threshold=90.753628571428877 -263.80350714285754 -402.35448571428486 280.08510000000052 1.7581000000000537 -39.551330208333404
decision_type=2 2 2 2 2 2
left_child=1 2 -1 5 -3 -2
right_child=3 4 -4 -5 -6 -7
leaf_value=-21.94916445185309 8.4070840742529906 -0.66927740986234197 -9.5767005232920557 20.027291666391569 4.7944556094026263 12.201027247057608
leaf_weight=160 163 3836 160 155 273 149
leaf_count=160 163 3836 160 155 273 149
internal_value=0.000647852 -1.42889 -15.812 13.5324 -0.305191 10.2521
internal_weight=4896 4429 320 467 4109 312
internal_count=4896 4429 320 467 4109 312
is_linear=0
shrinkage=0.05


Tree=7
num_leaves=7
num_cat=0
split_feature=2 2 2 2 2 0
split_gain=3.4227e+07 2.4847e+07 5.82589e+06 4.36139e+06 2.40326e+06 1.42005e+06
threshold=20.497292857142728 -263.80350714285754 280.08510000000052 -402.35448571428486 -130.8698928571425 3874.5560500000006
decision_type=2 2 2 2 2 2
left_child=1 3 5 -1 -3 -2
right_child=2 4 -4 -5 -6 -7
leaf_value=-20.858523222045129 4.3716233739904204 -4.7012529307993773 19.032346100684926 -9.1008396187184015 -0.18580818861163376 9.9238116689437739
leaf_weight=160 182 320 155 160 3594 325
leaf_count=160 182 320 155 160 3594 325
internal_value=0.000750588 -1.65302 10.5644 -15.0263 -0.556088 7.94325
internal_weight=4896 4234 662 320 3914 507
internal_count=4896 4234 662 320 3914 507
is_linear=0
shrinkage=0.05


Tree=8
num_leaves=7
num_cat=0
split_feature=2 2 2 2 2 3
split_gain=3.11209e+07 2.33407e+07 3.93873e+06 3.13997e+06 2.47028e+06 377537
threshold=90.753628571428877 -263.80350714285754 -402.35448571428486 280.08510000000052 1.7581000000000537 -39.551330208333404
decision_type=2 2 2 2 2 2
left_child=1 2 -1 5 -3 -2
right_child=3 4 -4 -5 -6 -7
leaf_value=-19.822074484677049 7.5587595920555479 -0.60770520430449271 -8.6486241673830886 18.086828800883051 4.3064413571444744 11.185442905743917
leaf_weight=160 163 3836 160 155 273 149
leaf_count=160 163 3836 160 155 273 149
internal_value=0.000697546 -1.29471 -14.2797 12.2628 -0.280243 9.32094
internal_weight=4896 4429 320 467 4109 312
internal_count=4896 4429 320 467 4109 312
is_linear=0
shrinkage=0.05


Tree=9
num_leaves=6
num_cat=0
split_feature=2 2 2 2 5
split_gain=2.81731e+07 2.1257e+07 3.55703e+06 2.67557e+06 2.38825e+06
threshold=107.00915714285681 -263.80350714285754 -402.35448571428486 1.7581000000000537 -0.94670478576706751
decision_type=2 2 2 2 2
left_child=1 2 -1 -3 -2
right_child=4 3 -4 -5 -6
leaf_value=-18.837126602741503 16.899929184885419 -0.57732784964798611 -8.2188785747711712 4.2303545215068921 9.1757964606257687
leaf_weight=160 168 3836 160 312 260
leaf_count=160 168 3836 160 312 260
internal_value=0.000785804 -1.17412 -13.5701 -0.214776 12.24
internal_weight=4896 4468 320 4148 428
internal_count=4896 4468 320 4148 428
is_linear=0
shrinkage=0.05


Tree=10
num_leaves=6
num_cat=0
split_feature=2 2 2 2 5
split_gain=2.54394e+07 1.94128e+07 4.70571e+06 2.30025e+06 2.27442e+06
threshold=107.00915714285681 -201.81130714285743 -402.35448571428486 280.08510000000052 -0.80625269229011354
decision_type=2 2 2 2 2
left_child=1 2 -1 -2 -3
right_child=3 4 -4 -5 -6
leaf_value=-17.901120661800693 8.8124492048659793 3.7847699102233436 -7.1246958332553874 16.507148545865828 -0.39558394546241482
leaf_weight=160 273 356 280 155 3672
leaf_count=160 273 356 280 155 3672
internal_value=0.000773806 -1.11567 -11.0751 11.6311 -0.025271
internal_weight=4896 4468 440 428 4028
internal_count=4896 4468 440 428 4028
is_linear=0
shrinkage=0.05


Tree=11
num_leaves=7
num_cat=0
split_feature=2 2 2 2 2 0
split_gain=2.3086e+07 1.65509e+07 3.99355e+06 2.87984e+06 2.07636e+06 1.0963e+06
threshold=20.497292857142728 -263.80350714285754 280.08510000000052 -402.35448571428486 -130.8698928571425 3874.5560500000006
decision_type=2 2 2 2 2 2
left_child=1 3 5 -1 -3 -2
right_child=2 4 -4 -5 -6 -7
leaf_value=-17.011623918838939 3.3728502231461754 -4.315102925455645 15.687081761552523 -7.4564651056846474 -0.11800025155640859 8.245671631148987
leaf_weight=160 182 320 155 160 3594 325
leaf_count=160 182 320 155 160 3594 325
internal_value=0.000772722 -1.35743 8.67648 -12.2722 -0.462161 6.50654
internal_weight=4896 4234 662 320 3914 507
internal_count=4896 4234 662 320 3914 507
is_linear=0
shrinkage=0.05


Tree=12
num_leaves=6
num_cat=0
split_feature=2 2 2 5 5
split_gain=2.09093e+07 1.58885e+07 3.81297e+06 1.9999e+06 1.97757e+06
threshold=107.00915714285681 -201.81130714285743 -402.35448571428486 -0.94670478576706751 -0.80625269229011354
decision_type=2 2 2 2 2
left_child=1 2 -1 -2 -3
right_child=3 4 -4 -5 -6
leaf_value=-16.166325421955275 14.804563300990495 3.5277354083892676 -6.4653076120118662 7.7460933604459656 -0.37028537918865512
leaf_weight=160 168 356 280 260 3672
leaf_count=160 168 356 280 260 3672
internal_value=0.000717802 -1.01145 -10.0216 10.5448 -0.024983
internal_weight=4896 4468 440 428 4028
internal_count=4896 4468 440 428 4028
is_linear=0
shrinkage=0.05


Tree=13
num_leaves=6
num_cat=0
split_feature=2 2 2 2 0
split_gain=1.91261e+07 1.3437e+07 3.56429e+06 3.21736e+06 1.21631e+06
threshold=10.114285714285531 -360.03430000000088 280.08510000000052 -130.8698928571425 3874.5560500000006
decision_type=2 2 2 2 2
left_child=1 -1 4 -3 -2
right_child=2 3 -4 -5 -6
leaf_value=-13.891656524072685 2.6710877763044429 -4.6706127956746117 14.317061740312822 -0.14270300540153286 7.5558105798061295
leaf_weight=200 206 440 155 3555 340
leaf_count=200 206 440 155 3555 340
internal_value=0.000713318 -1.27727 7.63947 -0.64244 5.72111
internal_weight=4896 4195 701 3995 546
internal_count=4896 4195 701 3995 546
is_linear=0
shrinkage=0.05


Tree=14
num_leaves=7
num_cat=0
split_feature=2 2 2 2 0 5
split_gain=1.72693e+07 1.22006e+07 3.21966e+06 3.15778e+06 1.09793e+06 654130
threshold=10.114285714285531 -201.81130714285743 280.08510000000052 -402.35448571428486 3874.5560500000006 -0.87651811848132988
decision_type=2 2 2 2 2 2
left_child=1 3 4 -1 -2 -3
right_child=2 5 -4 -5 -6 -7
leaf_value=-14.672761792425783 2.5381785441522942 2.5851605671834439 13.605797265622861 -5.8448628736136223 7.1791279806769142 -0.44092705786900388
leaf_weight=160 206 187 155 280 340 3568
leaf_count=160 206 187 155 280 340 3568
internal_value=0.000737263 -1.21363 7.25924 -9.081 5.43599 -0.289579
internal_weight=4896 4195 701 440 546 3755
internal_count=4896 4195 701 440 546 3755
is_linear=0
shrinkage=0.05


Tree=15
num_leaves=6
num_cat=0
split_feature=2 2 2 5 5
split_gain=1.56446e+07 1.17687e+07 2.85229e+06 1.64449e+06 1.53072e+06
threshold=107.00915714285681 -201.81130714285743 -402.35448571428486 -0.94670478576706751 -0.80625269229011354
decision_type=2 2 2 2 2
left_child=1 2 -1 -2 -3
right_child=3 4 -4 -5 -6
leaf_value=-13.943680257678773 12.981267784121474 3.0998908311045135 -5.5536597030336745 6.5869217528636881 -0.32956539081171737
leaf_weight=160 168 356 280 260 3672
leaf_count=160 168 356 280 260 3672
internal_value=0.000750925 -0.874769 -8.62928 9.12126 -0.0257713
internal_weight=4896 4468 440 428 4028
internal_count=4896 4468 440 428 4028
is_linear=0
shrinkage=0.05


Tree=16
num_leaves=6
num_cat=0
split_feature=2 0 2 2 0
split_gain=1.42671e+07 1.04305e+07 3.84199e+06 2.70586e+06 891667
threshold=10.114285714285531 6325.3862000000008 -201.81130714285743 280.08510000000052 3619.1062500000003
decision_type=2 2 2 2 2
left_child=1 2 -1 4 -2
right_child=3 -3 -4 -5 -6
leaf_value=-5.8345693977698225 2.0423090418288998 -14.232847877112153 -0.17397955257107639 12.416131225304726 6.3479015903883296
leaf_weight=325 181 145 3725 155 365
leaf_count=325 181 145 3725 155 365
internal_value=0.000742388 -1.10303 -0.629553 6.59822 4.92693
internal_weight=4896 4195 4050 701 546
internal_count=4896 4195 4050 701 546
is_linear=0
shrinkage=0.05


Tree=17
num_leaves=6
num_cat=0
split_feature=2 0 2 2 3
split_gain=1.28821e+07 9.4205e+06 3.46855e+06 2.46021e+06 820266
threshold=10.114285714285531 6325.3862000000008 -201.81130714285743 250.15982142857186 23.641321180555568
decision_type=2 2 2 2 2
left_child=1 2 -1 4 -2
right_child=3 -3 -4 -5 -6
leaf_value=-5.5437357668496352 2.8310871552569528 -13.526079863636461 -0.16528291083868318 11.050192589087365 6.9835648928106453
leaf_weight=325 314 145 3725 194 193
leaf_count=325 314 145 3725 194 193
internal_value=0.000711038 -1.04812 -0.598149 6.26979 4.42245
internal_weight=4896 4195 4050 701 507
internal_count=4896 4195 4050 701 507
is_linear=0
shrinkage=0.05


Tree=18
num_leaves=5
num_cat=0
split_feature=2 0 2 5
split_gain=1.17625e+07 9.1924e+06 3.52881e+06 1.12834e+06
threshold=147.07083571428532 6325.3862000000008 -201.81130714285743 -0.94670478576706751
decision_type=2 2 2 2
left_child=1 2 -1 -2
right_child=3 -3 -4 -5
leaf_value=-5.2673992730357169 12.08619134703553 -12.768801035379109 0.1389606397706504 6.2930468851923944
leaf_weight=325 151 151 4070 199
leaf_count=325 151 151 4070 199
internal_value=0.000692119 -0.680079 -0.261934 8.81969
internal_weight=4896 4546 4395 350
internal_count=4896 4546 4395 350
is_linear=0
shrinkage=0.05


Tree=19
num_leaves=6
num_cat=0
split_feature=2 2 2 2 0
split_gain=1.07994e+07 8.02222e+06 2.1977e+06 2.02092e+06 779308
threshold=10.114285714285531 -402.35448571428486 -130.8698928571425 280.08510000000052 3874.5560500000006
decision_type=2 2 2 2 2
left_child=1 -1 -3 4 -2
right_child=3 2 -4 -5 -6
leaf_value=-11.90453628753283 1.8568618617915877 -3.6947579783455247 -0.093610596099524809 10.768734597472045 5.7643381833636873
leaf_weight=160 206 480 3555 155 340
leaf_count=160 206 480 3555 155 340
internal_value=0.00066247 -0.959649 -0.522809 5.74064 4.29618
internal_weight=4896 4195 4035 701 546
internal_count=4896 4195 4035 701 546
is_linear=0
shrinkage=0.05


Tree=20
num_leaves=6
num_cat=0
split_feature=2 2 2 2 3
split_gain=9.78052e+06 7.4041e+06 2.12105e+06 1.33696e+06 739343
threshold=57.562557142857038 -402.35448571428486 -130.8698928571425 280.08510000000052 -13.734499652777798
decision_type=2 2 2 2 2
left_child=1 -1 -3 4 -2
right_child=3 2 -4 -5 -6
leaf_value=-11.313006394250053 2.8616946787164927 -3.5104041853776344 0.018481945820004231 10.233749267076835 7.2901146486401558
leaf_weight=160 227 480 3711 155 163
leaf_count=160 227 480 3711 155 163
internal_value=0.000656854 -0.790738 -0.386426 6.30863 4.72646
internal_weight=4896 4351 4191 545 390
internal_count=4896 4351 4191 545 390
is_linear=0
shrinkage=0.05


Tree=21
num_leaves=7
num_cat=0
split_feature=2 0 2 2 5 0
split_gain=8.92662e+06 6.74792e+06 2.16676e+06 1.80726e+06 954175 620729
threshold=1.7581000000000537 6325.3862000000008 -201.81130714285743 147.07083571428532 -0.94670478576706751 3160.5507000000002
decision_type=2 2 2 2 2 2
left_child=1 2 -1 5 -5 -2
right_child=3 -3 -4 4 -6 -7
leaf_value=-4.4246543218570258 0.16497539566953978 -11.497083105218822 -0.1718981505215568 10.662149759737384 5.3425103647708898 4.2682417097170493
leaf_weight=325 149 144 3687 151 199 241
leaf_count=325 149 144 3687 151 199 241
internal_value=0.000681009 -0.900523 -0.517418 5.05642 7.66139 2.70501
internal_weight=4896 4156 4012 740 350 390
internal_count=4896 4156 4012 740 350 390
is_linear=0
shrinkage=0.05


Tree=22
num_leaves=7
num_cat=0
split_feature=2 0 2 2 5 0
split_gain=8.06075e+06 6.09456e+06 1.95615e+06 1.63224e+06 861888 560446
threshold=1.7581000000000537 6325.3862000000008 -201.81130714285743 147.07083571428532 -0.94670478576706751 3160.5507000000002
decision_type=2 2 2 2 2 2
left_child=1 2 -1 5 -5 -2
right_child=3 -3 -4 4 -6 -7
leaf_value=-4.2041002549368178 0.15678161297241847 -10.926193485917716 -0.1633055875709542 10.132550039103158 5.0767205893471843 4.0557115311311049
leaf_weight=325 149 144 3687 151 199 241
leaf_count=325 149 144 3687 151 199 241
internal_value=0.000691323 -0.855691 -0.491604 4.80498 7.2806 2.57033
internal_weight=4896 4156 4012 740 350 390
internal_count=4896 4156 4012 740 350 390
is_linear=0
shrinkage=0.05


Tree=23
num_leaves=6
num_cat=0
split_feature=2 2 2 2 3
split_gain=7.27887e+06 5.68163e+06 1.48348e+06 1.39673e+06 700860
threshold=1.7581000000000537 -402.35448571428486 280.08510000000052 -130.8698928571425 23.641321180555568
decision_type=2 2 2 2 2
left_child=1 -1 4 -3 -2
right_child=2 3 -4 -5 -6
leaf_value=-10.022230771757801 2.0503992988112194 -2.9689787443394224 8.9051020374664898 -0.096206222034467534 5.6280344035156169
leaf_weight=160 365 480 155 3516 220
leaf_count=160 365 480 155 3516 220
internal_value=0.000698887 -0.81309 4.56604 -0.44194 3.40314
internal_weight=4896 4156 740 3996 585
internal_count=4896 4156 740 3996 585
is_linear=0
shrinkage=0.05


Tree=24
num_leaves=5
num_cat=0
split_feature=0 1 3 2
split_gain=6.77227e+06 6.47904e+06 2.85124e+06 1.51418e+06
threshold=6325.3862000000008 -77.742549999999923 -75.113009722222259 -263.80350714285754
decision_type=2 2 2 2
left_child=1 2 -1 -3
right_child=-2 3 -4 -5
leaf_value=9.765857158608414 -10.35310666701373 -4.5213052807621805 2.6865463188233685 -0.18159447963687508
leaf_weight=208 152 211 449 3876
leaf_count=208 152 211 449 3876
internal_value=0.000699643 0.334552 4.93922 -0.406692
internal_weight=4896 4744 657 4087
internal_count=4896 4744 657 4087
is_linear=0
shrinkage=0.05


Tree=25
num_leaves=5
num_cat=0
split_feature=2 0 2 5
split_gain=6.2148e+06 5.23982e+06 1.6555e+06 745797
threshold=147.07083571428532 6325.3862000000008 -201.81130714285743 -0.94670478576706751
decision_type=2 2 2 2
left_child=1 2 -1 -2
right_child=3 -3 -4 -5
leaf_value=-3.6069365758014609 9.0616449450191698 -9.6211195371260771 0.096077474720929479 4.3644732868634168
leaf_weight=325 151 151 4070 199
leaf_count=325 151 151 4070 199
internal_value=0.000638063 -0.494203 -0.17851 6.41101
internal_weight=4896 4546 4395 350
internal_count=4896 4546 4395 350
is_linear=0
shrinkage=0.05


Tree=26
num_leaves=6
num_cat=0
split_feature=2 2 0 0 2
split_gain=5.66695e+06 4.44485e+06 1.31308e+06 1.533e+06 1.02118e+06
threshold=1.7581000000000537 -402.35448571428486 3874.5560500000006 5631.8673500000014 -130.8698928571425
decision_type=2 2 2 2 2
left_child=1 -1 -2 -4 -3
right_child=2 4 3 -5 -6
leaf_value=-8.8628225021110563 1.1007848741735999 -2.5499270302621095 7.5391035626056029 1.5946371369831489 -0.093537550324027025
leaf_weight=160 253 480 323 164 3516
leaf_count=160 253 480 323 164 3516
internal_value=0.000609179 -0.717441 4.02886 5.54464 -0.389163
internal_weight=4896 4156 740 487 3996
internal_count=4896 4156 740 487 3996
is_linear=0
shrinkage=0.05


Tree=27
num_leaves=5
num_cat=0
split_feature=0 1 3 2
split_gain=5.24909e+06 5.12008e+06 2.50026e+06 1.09027e+06
threshold=6325.3862000000008 -77.742549999999923 -75.113009722222259 -263.80350714285754
decision_type=2 2 2 2
left_child=1 2 -1 -3
right_child=-2 3 -4 -5
leaf_value=8.9072638105547597 -9.1148153507242018 -3.8559151528192297 2.2791019281877412 -0.17343898157880236
leaf_weight=208 152 211 449 3876
leaf_count=208 152 211 449 3876
internal_value=0.000565716 0.294486 4.38786 -0.364451
internal_weight=4896 4744 657 4087
internal_count=4896 4744 657 4087
is_linear=0
shrinkage=0.05


Tree=28
num_leaves=5
num_cat=0
split_feature=2 0 2 5
split_gain=4.81658e+06 4.02675e+06 1.21806e+06 678360
threshold=147.07083571428532 6325.3862000000008 -184.33226428571467 -0.94670478576706751
decision_type=2 2 2 2
left_child=1 2 -1 -2
right_child=3 -3 -4 -5
leaf_value=-2.9367331691868399 8.1691354938047507 -8.4360892538373413 0.090931748864800668 3.6964935955107219
leaf_weight=361 151 151 4034 199
leaf_count=361 151 151 4034 199
internal_value=0.000517449 -0.435116 -0.158368 5.6439
internal_weight=4896 4546 4395 350
internal_count=4896 4546 4395 350
is_linear=0
shrinkage=0.05


Tree=29
num_leaves=6
num_cat=0
split_feature=2 2 0 0 2
split_gain=4.4253e+06 3.47181e+06 1.33032e+06 1.45097e+06 724973
threshold=0.17464285714303859 -402.35448571428486 3874.5560500000006 5631.8673500000014 -130.8698928571425
decision_type=2 2 2 2 2
left_child=1 -1 -2 -4 -3
right_child=2 4 3 -5 -6
leaf_value=-7.85103578202843 0.72964475449122546 -2.1800374318820399 6.9526998203156927 1.2188043845906145 -0.10893383533182399
leaf_weight=160 285 480 327 167 3477
leaf_count=160 285 480 327 167 3477
internal_value=0.000497536 -0.653591 3.45375 5.0207 -0.360654
internal_weight=4896 4117 779 494 3957
internal_count=4896 4117 779 494 3957
is_linear=0
shrinkage=0.05


Tree=30
num_leaves=5
num_cat=0
split_feature=0 1 3 5
split_gain=4.07083e+06 4.04424e+06 2.1938e+06 803686
threshold=6325.3862000000008 -77.742549999999923 -75.113009722222259 -0.91509365977396839
decision_type=2 2 2 2
left_child=1 2 -1 -3
right_child=-2 3 -4 -5
leaf_value=8.1303304482875269 -8.0269360043644138 2.4504213798289398 1.9226239933503999 -0.50322559195634609
leaf_weight=208 152 244 449 3843
leaf_count=208 152 244 449 3843
internal_value=0.000460019 0.259299 3.89729 -0.326332
internal_weight=4896 4744 657 4087
internal_count=4896 4744 657 4087
is_linear=0
shrinkage=0.05


Tree=31
num_leaves=5
num_cat=0
split_feature=2 2 2 5
split_gain=3.7099e+06 3.19695e+06 785747 612415
threshold=147.07083571428532 -402.35448571428486 -130.8698928571425 -0.94670478576706751
decision_type=2 2 2 2
left_child=1 -1 -3 -2
right_child=3 2 -4 -5
leaf_value=-7.3017112968871318 7.3505352628858462 -2.0346822905503292 0.10698672317212535 3.1065894201695921
leaf_weight=160 151 480 3906 199
leaf_count=160 151 480 3906 199
internal_value=0.000477572 -0.381847 -0.127806 4.95327
internal_weight=4896 4546 4386 350
internal_count=4896 4546 4386 350
is_linear=0
shrinkage=0.05


Tree=32
num_leaves=5
num_cat=0
split_feature=0 1 3 5
split_gain=3.48005e+06 3.43082e+06 1.94648e+06 748881
threshold=6325.3862000000008 -77.742549999999923 -75.113009722222259 -0.91509365977396839
decision_type=2 2 2 2
left_child=1 2 -1 -3
right_child=-2 3 -4 -5
leaf_value=7.5777194046375289 -7.4216209258908536 2.3807891617745773 1.7307415936771369 -0.47036401558372809
leaf_weight=208 152 244 449 3843
leaf_count=208 152 244 449 3843
internal_value=0.000466232 0.239787 3.59054 -0.299605
internal_weight=4896 4744 657 4087
internal_count=4896 4744 657 4087
is_linear=0
shrinkage=0.05


Tree=33
num_leaves=6
num_cat=0
split_feature=2 2 0 0 2
split_gain=3.1728e+06 2.60905e+06 1.02985e+06 1.32985e+06 561229
threshold=0.17464285714303859 -402.35448571428486 3874.5560500000006 5631.8673500000014 -130.8698928571425
decision_type=2 2 2 2 2
left_child=1 -1 -2 -4 -3
right_child=2 4 3 -5 -6
leaf_value=-6.7927414697149535 0.52814451550895514 -1.900205796219703 6.1524828438351804 0.66687829011962529 -0.077949957517867402
leaf_weight=160 285 480 327 167 3477
leaf_count=160 285 480 327 167 3477
internal_value=0.000481711 -0.553361 2.92449 4.30313 -0.299421
internal_weight=4896 4117 779 494 3957
internal_count=4896 4117 779 494 3957
is_linear=0
shrinkage=0.05


Tree=34
num_leaves=5
num_cat=0
split_feature=0 1 3 5
split_gain=2.97313e+06 2.8773e+06 1.73901e+06 694067
threshold=6325.3862000000008 -77.742549999999923 -75.113009722222259 -0.91509365977396839
decision_type=2 2 2 2
left_child=1 2 -1 -3
right_child=-2 3 -4 -5
leaf_value=7.0587809842168996 -6.8598083019256597 2.3081061446666715 1.532619852297836 -0.43671428958103298
leaf_weight=208 152 244 449 3843
leaf_count=208 152 244 449 3843
internal_value=0.000443081 0.221648 3.29022 -0.27232
internal_weight=4896 4744 657 4087
internal_count=4896 4744 657 4087
is_linear=0
shrinkage=0.05


Tree=35
num_leaves=5
num_cat=0
split_feature=2 2 5 5
split_gain=2.70219e+06 2.35063e+06 541842 534274
threshold=-360.03430000000088 147.07083571428532 -0.94670478576706751 -0.85470842479866194
decision_type=2 2 2 2
left_child=-1 3 -3 -2
right_child=1 2 -4 -5
leaf_value=-5.6766980090544594 1.5291309224794909 6.4320757702777263 2.4462813391685487 -0.26601206935562355
leaf_weight=200 463 151 199 3883
leaf_count=200 463 151 199 3883
internal_value=0.0004577 0.243402 4.17929 -0.0744592
internal_weight=4896 4696 350 4346
internal_count=4896 4696 350 4346
is_linear=0
shrinkage=0.05


Tree=36
num_leaves=5
num_cat=0
split_feature=0 1 3 2
split_gain=2.60035e+06 2.43724e+06 1.83728e+06 504977
threshold=6325.3862000000008 -11.407749999999963 -75.113009722222259 -263.80350714285754
decision_type=2 2 2 2
left_child=1 2 -1 -3
right_child=-2 3 -4 -5
leaf_value=6.4787306904148423 -6.4152956767019891 -2.710685140379308 1.222118103038067 -0.18429113051026624
leaf_weight=227 152 208 616 3693
leaf_count=227 152 208 616 3693
internal_value=0.000480416 0.207354 2.6436 -0.319658
internal_weight=4896 4744 843 3901
internal_count=4896 4744 843 3901
is_linear=0
shrinkage=0.05


Tree=37
num_leaves=4
num_cat=0
split_feature=0 3 1
split_gain=2.34842e+06 2.27069e+06 5.06945e+06
threshold=6325.3862000000008 -166.66348368055557 -275.03820000000013
decision_type=2 2 2
left_child=1 -1 -3
right_child=-2 2 -4
leaf_value=-5.9636841141355452 -6.0966272712532996 6.5027663594135383 -0.059543046384973333
leaf_weight=144 152 315 4285
leaf_count=144 152 315 4285
internal_value=0.000439964 0.197037 0.391148
internal_weight=4896 4744 4600
internal_count=4896 4744 4600
is_linear=0
shrinkage=0.05


Tree=38
num_leaves=4
num_cat=0
split_feature=2 3 1
split_gain=2.15613e+06 2.0726e+06 3.47841e+06
threshold=-360.03430000000088 -166.66348368055557 -275.03820000000013
decision_type=2 2 2
left_child=-1 -2 -3
right_child=1 2 -4
leaf_value=-5.0708364311142349 -5.6675563447845398 5.3648176798733269 0.019673338034203462
leaf_weight=200 144 327 4225
leaf_count=200 144 327 4225
internal_value=0.000360615 0.217374 0.404744
internal_weight=4896 4696 4552
internal_count=4896 4696 4552
is_linear=0
shrinkage=0.05


Tree=39
num_leaves=5
num_cat=0
split_feature=0 5 0 1
split_gain=2.04381e+06 2.04102e+06 1.49835e+06 1.2503e+06
threshold=6325.3862000000008 -0.91509365977396839 5695.1589000000013 -275.03820000000013
decision_type=2 2 2 2
left_child=1 2 -1 -3
right_child=-2 3 -4 -5
leaf_value=6.795374194666258 -5.6876324107444365 3.9919022114721336 1.1086976292398241 -0.34802992652683096
leaf_weight=183 152 172 314 4075
leaf_count=183 152 172 314 4075
internal_value=0.000287921 0.183692 3.21203 -0.171368
internal_weight=4896 4744 497 4247
internal_count=4896 4744 497 4247
is_linear=0
shrinkage=0.05


Tree=40
num_leaves=7
num_cat=0
split_feature=2 0 3 3 7 0
split_gain=1.9207e+06 2.33857e+06 1.03013e+06 1.01684e+06 999490 291014
threshold=-147.2318071428567 3738.9561000000008 122.13220173611104 23.641321180555568 0.25881904510252068 64.285350000000008
decision_type=2 2 2 2 2 2
left_child=2 5 4 -3 -1 -2
right_child=1 3 -4 -5 -6 -7
leaf_value=-0.64182878982944369 -0.38556888735337874 1.7619762109458446 0.81432071065752776 5.9152908476974284 -5.6260356990827454 0.70456161341923718
leaf_weight=155 2806 499 158 209 287 782
leaf_count=155 2806 499 158 209 287 782
internal_value=0.000333363 0.370626 -2.64717 2.99464 -3.88357 -0.147846
internal_weight=4896 4296 600 708 442 3588
internal_count=4896 4296 600 708 442 3588
is_linear=0
shrinkage=0.05


Tree=41
num_leaves=4
num_cat=0
split_feature=2 3 1
split_gain=1.80223e+06 1.88164e+06 2.80819e+06
threshold=-402.35448571428486 -166.66348368055557 -275.03820000000013
decision_type=2 2 2
left_child=-1 -2 -3
right_child=1 2 -4
leaf_value=-5.2020712982793782 -5.4308558801946969 4.8123490273952489 0.011306853997278776
leaf_weight=160 144 327 4265
leaf_count=160 144 327 4265
internal_value=0.000342646 0.177161 0.354166
internal_weight=4896 4736 4592
internal_count=4896 4736 4592
is_linear=0
shrinkage=0.05


Tree=42
num_leaves=5
num_cat=0
split_feature=0 5 0 1
split_gain=1.6909e+06 1.73604e+06 1.27923e+06 966045
threshold=6325.3862000000008 -0.91509365977396839 5695.1589000000013 -275.03820000000013
decision_type=2 2 2 2
left_child=1 2 -1 -3
right_child=-2 3 -4 -5
leaf_value=6.2709826146778855 -5.1733278956288613 3.4991640857878452 1.0165833741686647 -0.31565680138186858
leaf_weight=183 152 172 314 4075
leaf_count=183 152 172 314 4075
internal_value=0.000266216 0.167086 2.96001 -0.160372
internal_weight=4896 4744 497 4247
internal_count=4896 4744 497 4247
is_linear=0
shrinkage=0.05


Tree=43
num_leaves=5
num_cat=0
split_feature=3 3 5 2
split_gain=1.6095e+06 2.78439e+06 3.20564e+06 2.04902e+06
threshold=-166.66348368055557 -87.099058333333446 1.0000000180025095e-35 -147.2318071428567
decision_type=2 2 2 2
left_child=-1 2 -2 -3
right_child=1 3 -4 -5
leaf_value=-5.1889634622582079 10.162689824529508 -2.957706775754112 -0.36685301369634171 0.25917578325254559
leaf_weight=144 144 566 144 3898
leaf_count=144 144 566 144 3898
internal_value=0.000306978 0.158616 4.91487 -0.149271
internal_weight=4896 4752 288 4464
internal_count=4896 4752 288 4464
is_linear=0
shrinkage=0.05


Tree=44
num_leaves=4
num_cat=0
split_feature=2 3 3
split_gain=1.46603e+06 1.55074e+06 2.33469e+06
threshold=-402.35448571428486 -166.66348368055557 -87.099058333333446
decision_type=2 2 2
left_child=-1 -2 -3
right_child=1 2 -4
leaf_value=-4.6918332932158284 -4.9313045798499013 4.6708177023899182 0.028358087006579921
leaf_weight=160 144 288 4304
leaf_count=160 144 288 4304
internal_value=0.00031112 0.159787 0.320476
internal_weight=4896 4736 4592
internal_count=4896 4736 4592
is_linear=0
shrinkage=0.05


Tree=45
num_leaves=5
num_cat=0
split_feature=0 5 0 1
split_gain=1.38734e+06 1.5864e+06 1.1247e+06 859867
threshold=6325.3862000000008 -0.91509365977396839 5695.1589000000013 -275.03820000000013
decision_type=2 2 2 2
left_child=1 2 -1 -3
right_child=-2 3 -4 -5
leaf_value=5.9258056576809164 -4.6859916856390686 3.2909052446742972 0.99875141990563232 -0.30817556705497667
leaf_weight=183 152 172 314 4075
leaf_count=183 152 172 314 4075
internal_value=0.000245294 0.15135 2.82119 -0.161675
internal_weight=4896 4744 497 4247
internal_count=4896 4744 497 4247
is_linear=0
shrinkage=0.05


Tree=46
num_leaves=5
num_cat=0
split_feature=3 3 5 2
split_gain=1.32742e+06 2.30015e+06 5.1868e+06 1.6989e+06
threshold=-166.66348368055557 -78.447285416666418 -0.59116893267988335 -130.8698928571425
decision_type=2 2 2 2
left_child=-1 2 -2 -3
right_child=1 3 -4 -5
leaf_value=-4.7123656400318801 10.347502221881999 -2.7388974770377668 0.00098588704878901272 0.146196497799301
leaf_weight=144 172 594 404 3582
leaf_count=144 172 594 404 3582
internal_value=0.000286339 0.144055 3.10315 -0.264741
internal_weight=4896 4752 576 4176
internal_count=4896 4752 576 4176
is_linear=0
shrinkage=0.05


Tree=47
num_leaves=5
num_cat=0
split_feature=0 5 0 1
split_gain=1.20648e+06 1.40574e+06 996946 719674
threshold=6325.3862000000008 -0.91509365977396839 5695.1589000000013 -275.03820000000013
decision_type=2 2 2 2
left_child=1 2 -1 -3
right_child=-2 3 -4 -5
leaf_value=5.5774115252430025 -4.3698057157541417 3.0051637632309358 0.93863298522101513 -0.28747349408038431
leaf_weight=183 152 172 314 4075
leaf_count=183 152 172 314 4075
internal_value=0.000303085 0.141215 2.65444 -0.153448
internal_weight=4896 4744 497 4247
internal_count=4896 4744 497 4247
is_linear=0
shrinkage=0.05


Tree=48
num_leaves=5
num_cat=0
split_feature=3 3 5 2
split_gain=1.21182e+06 2.08593e+06 2.65516e+06 1.50057e+06
threshold=-166.66348368055557 -87.099058333333446 1.0000000180025095e-35 -147.2318071428567
decision_type=2 2 2 2
left_child=-1 2 -2 -3
right_child=1 3 -4 -5
leaf_value=-4.5024225710178243 9.0305130315238031 -2.5321485034753515 -0.55103904066414677 0.22075121212057019
leaf_weight=144 144 566 144 3898
leaf_count=144 144 566 144 3898
internal_value=0.000337601 0.137703 4.25441 -0.128784
internal_weight=4896 4752 288 4464
internal_count=4896 4752 288 4464
is_linear=0
shrinkage=0.05


Tree=49
num_leaves=5
num_cat=0
split_feature=3 2 3 7
split_gain=1.09447e+06 1.90792e+06 1.12512e+06 1.00386e+06
threshold=-166.66348368055557 57.562557142857038 -78.447285416666418 0.84258872403671548
decision_type=2 2 2 2
left_child=-1 2 -2 -3
right_child=1 3 -4 -5
leaf_value=-4.2788540097351735 2.0822489703042528 1.5251061015308403 -0.50740522005740185 6.3059189754462093
leaf_weight=144 471 358 3765 158
leaf_count=144 471 358 3765 158
internal_value=0.000337723 0.130883 -0.219039 2.99836
internal_weight=4896 4752 4236 516
internal_count=4896 4752 4236 516
is_linear=0
shrinkage=0.05


Tree=50
num_leaves=4
num_cat=0
split_feature=2 3 5
split_gain=1.05986e+06 1.05658e+06 1.84831e+06
threshold=-402.35448571428486 -166.66348368055557 -0.87651811848132988
decision_type=2 2 2
left_child=-1 -2 -3
right_child=1 2 -4
leaf_value=-3.9891714031073437 -4.0663867999561907 2.7613814957882279 -0.13494536371013177
leaf_weight=160 144 639 3953
leaf_count=160 144 639 3953
internal_value=0.000373189 0.135969 0.268607
internal_weight=4896 4736 4592
internal_count=4896 4736 4592
is_linear=0
shrinkage=0.05


Tree=51
num_leaves=5
num_cat=0
split_feature=0 5 0 3
split_gain=1.02174e+06 1.07919e+06 846745 609455
threshold=6325.3862000000008 -0.91509365977396839 5695.1589000000013 -78.447285416666418
decision_type=2 2 2 2
left_child=1 2 -1 -3
right_child=-2 3 -4 -5
leaf_value=5.0257149302441144 -4.021350310440936 1.3124349358696907 0.75118298049957044 -0.37709278336600427
leaf_weight=183 152 625 314 3622
leaf_count=183 152 625 314 3622
internal_value=0.000299102 0.129975 2.33204 -0.128207
internal_weight=4896 4744 497 4247
internal_count=4896 4744 497 4247
is_linear=0
shrinkage=0.05


Tree=52
num_leaves=7
num_cat=0
split_feature=2 0 3 3 3 0
split_gain=969535 1.25417e+06 1.42649e+06 1.01357e+06 1.48386e+06 195051
threshold=-130.8698928571425 3738.9561000000008 23.641321180555568 122.13220173611104 49.865566666666616 169.67995000000005
decision_type=2 2 2 2 2 2
left_child=3 5 -3 4 -1 -2
right_child=1 2 -4 -5 -6 -7
leaf_value=-1.1319663267272213 -0.29080857709351349 0.78148773001273153 5.8079336601676363 1.612217429501039 -7.1909287712080729 0.628902757877837
leaf_weight=335 2844 493 197 161 144 722
leaf_count=335 2844 493 197 161 144 722
internal_value=0.000311611 0.273284 2.2229 -1.81255 -2.96464 -0.104473
internal_weight=4896 4256 690 640 479 3566
internal_count=4896 4256 690 640 479 3566
is_linear=0
shrinkage=0.05


Tree=53
num_leaves=5
num_cat=0
split_feature=3 3 5 2
split_gain=929050 1.69872e+06 2.33632e+06 1.16142e+06
threshold=-166.66348368055557 -87.099058333333446 1.0000000180025095e-35 -147.2318071428567
decision_type=2 2 2 2
left_child=-1 2 -2 -3
right_child=1 3 -4 -5
leaf_value=-3.9422786275271715 8.3158294875046312 -2.234307585107048 -0.67109981372438632 0.18760131941443642
leaf_weight=144 144 566 144 3898
leaf_count=144 144 566 144 3898
internal_value=0.000298253 0.120575 3.83559 -0.119909
internal_weight=4896 4752 288 4464
internal_count=4896 4752 288 4464
is_linear=0
shrinkage=0.05


Tree=54
num_leaves=5
num_cat=0
split_feature=3 3 5 2
split_gain=839084 1.53419e+06 2.11006e+06 1.04837e+06
threshold=-166.66348368055557 -87.099058333333446 1.0000000180025095e-35 -147.2318071428567
decision_type=2 2 2 2
left_child=-1 2 -2 -3
right_child=1 3 -4 -5
leaf_value=-3.7465241935335358 7.9029055761263294 -2.1227892441303853 -0.63777624327560956 0.17822366441640872
leaf_weight=144 144 566 144 3898
leaf_count=144 144 566 144 3898
internal_value=0.000300247 0.114605 3.64513 -0.113937
internal_weight=4896 4752 288 4464
internal_count=4896 4752 288 4464
is_linear=0
shrinkage=0.05


Tree=55
num_leaves=5
num_cat=0
split_feature=0 5 0 1
split_gain=791121 937781 736644 551116
threshold=6325.3862000000008 -0.91509365977396839 5695.1589000000013 -275.03820000000013
decision_type=2 2 2 2
left_child=1 2 -1 -3
right_child=-2 3 -4 -5
leaf_value=4.6795775624720948 -3.5384852460786407 2.6378072546741178 0.69266422229153779 -0.24354966572503917
leaf_weight=183 152 172 314 4075
leaf_count=183 152 172 314 4075
internal_value=0.000301302 0.114408 2.16713 -0.126264
internal_weight=4896 4744 497 4247
internal_count=4896 4744 497 4247
is_linear=0
shrinkage=0.05


Tree=56
num_leaves=5
num_cat=0
split_feature=3 3 5 2
split_gain=766518 1.40245e+06 3.96475e+06 930406
threshold=-166.66348368055557 -78.447285416666418 -0.59116893267988335 -130.8698928571425
decision_type=2 2 2 2
left_child=-1 2 -2 -3
right_child=1 3 -4 -5
leaf_value=-3.5808133696687636 8.7539020957113003 -2.0405877652138225 -0.29131708306294901 0.094484830559019503
leaf_weight=144 172 594 404 3582
leaf_count=144 172 594 404 3582
internal_value=0.000329412 0.109579 2.42018 -0.209627
internal_weight=4896 4752 576 4176
internal_count=4896 4752 576 4176
is_linear=0
shrinkage=0.05


Tree=57
num_leaves=4
num_cat=0
split_feature=2 3 5
split_gain=695119 738439 1.46388e+06
threshold=-402.35448571428486 -166.66348368055557 -0.91509365977396839
decision_type=2 2 2
left_child=-1 -2 -3
right_child=1 2 -4
leaf_value=-3.2305982872195864 -3.4030074500292544 2.6951814611095561 -0.10098630829537254
leaf_weight=160 144 528 4064
leaf_count=160 144 528 4064
internal_value=0.000342913 0.110155 0.221041
internal_weight=4896 4736 4592
internal_count=4896 4736 4592
is_linear=0
shrinkage=0.05


Tree=58
num_leaves=5
num_cat=0
split_feature=0 5 0 3
split_gain=688865 739287 647383 510112
threshold=6325.3862000000008 -0.91509365977396839 5695.1589000000013 -78.447285416666418
decision_type=2 2 2 2
left_child=1 2 -1 -3
right_child=-2 3 -4 -5
leaf_value=4.2845631944501532 -3.3018906207256067 1.2110765913626353 0.54746501373866252 -0.33462946243530689
leaf_weight=183 152 625 314 3622
leaf_count=183 152 625 314 3622
internal_value=0.00028451 0.106761 1.92934 -0.106928
internal_weight=4896 4744 497 4247
internal_count=4896 4744 497 4247
is_linear=0
shrinkage=0.05


Tree=59
num_leaves=5
num_cat=0
split_feature=3 3 5 2
split_gain=651564 1.22298e+06 1.73907e+06 788034
threshold=-166.66348368055557 -87.099058333333446 1.0000000180025095e-35 -130.8698928571425
decision_type=2 2 2 2
left_child=-1 2 -2 -3
right_child=1 3 -4 -5
leaf_value=-3.3014167577683411 7.1186181969478213 -1.7808683508782348 -0.63467019015345083 0.15990734319751362
leaf_weight=144 144 604 144 3860
leaf_count=144 144 604 144 3860
internal_value=0.00029486 0.10102 3.25319 -0.103029
internal_weight=4896 4752 288 4464
internal_count=4896 4752 288 4464
is_linear=0
shrinkage=0.05


Tree=60
num_leaves=5
num_cat=0
split_feature=0 5 0 1
split_gain=591966 668951 574302 446980
threshold=6325.3862000000008 -0.91509365977396839 5695.1589000000013 -275.03820000000013
decision_type=2 2 2 2
left_child=1 2 -1 -3
right_child=-2 3 -4 -5
leaf_value=4.0510316307777945 -3.060829993322784 2.3849948223615658 0.53111359028589156 -0.20989643794871041
leaf_weight=183 152 172 314 4075
leaf_count=183 152 172 314 4075
internal_value=0.000296066 0.0990004 1.83271 -0.104269
internal_weight=4896 4744 497 4247
internal_count=4896 4744 497 4247
is_linear=0
shrinkage=0.05


Tree=61
num_leaves=5
num_cat=0
split_feature=3 3 5 3
split_gain=595205 1.09654e+06 1.55306e+06 756591
threshold=-166.66348368055557 -87.099058333333446 1.0000000180025095e-35 -81.988322569444207
decision_type=2 2 2 2
left_child=-1 2 -2 -3
right_child=1 3 -4 -5
leaf_value=-3.1553678695086775 6.7342263402609994 -3.6492368718673442 -0.59273305728517733 0.022613589294969063
leaf_weight=144 144 144 144 4320
leaf_count=144 144 144 144 4320
internal_value=0.000319003 0.0965896 3.08137 -0.096624
internal_weight=4896 4752 288 4464
internal_count=4896 4752 288 4464
is_linear=0
shrinkage=0.05


Tree=62
num_leaves=4
num_cat=0
split_feature=2 3 5
split_gain=546980 578197 1.2824e+06
threshold=-360.03430000000088 -166.66348368055557 -0.91509365977396839
decision_type=2 2 2
left_child=-1 -2 -3
right_child=1 2 -4
leaf_value=-2.5539253084220697 -2.998687452858892 2.5608447704565664 -0.090760764496004454
leaf_weight=200 144 513 4039
leaf_count=200 144 513 4039
internal_value=0.000296519 0.1096 0.208566
internal_weight=4896 4696 4552
internal_count=4896 4696 4552
is_linear=0
shrinkage=0.05


Tree=63
num_leaves=4
num_cat=0
split_feature=0 5 3
split_gain=531384 575396 438070
threshold=6325.3862000000008 -0.98812630719300909 -78.447285416666418
decision_type=2 2 2
left_child=1 -1 -3
right_child=-2 2 -4
leaf_value=3.0800587337750658 -2.9000128023764669 1.1595522461921979 -0.21210534942999298
leaf_weight=155 152 683 3906
leaf_count=155 152 683 3906
internal_value=0.000250223 0.0937676 -0.00774768
internal_weight=4896 4744 4589
internal_count=4896 4744 4589
is_linear=0
shrinkage=0.05


Tree=64
num_leaves=5
num_cat=0
split_feature=3 3 5 3
split_gain=506916 988676 3.21595e+06 855476
threshold=-166.66348368055557 -78.447285416666418 -0.59116893267988335 23.641321180555568
decision_type=2 2 2 2
left_child=-1 2 -2 -3
right_child=1 3 -4 -5
leaf_value=-2.9120006196663297 7.733508297577071 -0.91944787502602809 -0.41257596171932454 0.51234762903090869
leaf_weight=144 172 2016 404 2160
leaf_count=144 172 2016 404 2160
internal_value=0.000249223 0.0890933 2.02912 -0.178919
internal_weight=4896 4752 576 4176
internal_count=4896 4752 576 4176
is_linear=0
shrinkage=0.05


Tree=65
num_leaves=7
num_cat=0
split_feature=2 3 3 0 3 3
split_gain=507559 1.06154e+06 1.14717e+06 610847 1.7782e+06 106367
threshold=-130.8698928571425 122.13220173611104 49.865566666666616 911.38125000000002 38.131362499999803 -118.40765416666703
decision_type=2 2 2 2 2 2
left_child=1 2 -1 5 -5 -2
right_child=3 -3 -4 4 -6 -7
leaf_value=-0.87990357332995961 0.99983728914287517 2.1914925241175993 -6.2067647250356348 0.22856492625555039 5.123838721738573 -0.25669437960437202
leaf_weight=335 178 161 144 996 227 2855
leaf_count=335 178 161 144 996 227 2855
internal_value=0.000277617 -1.3114 -2.49089 0.197784 1.14062 -0.182646
internal_weight=4896 640 479 4256 1223 3033
internal_count=4896 640 479 4256 1223 3033
is_linear=0
shrinkage=0.05


Tree=66
num_leaves=5
num_cat=0
split_feature=3 3 0 3
split_gain=468728 909336 3.45865e+06 880815
threshold=-166.66348368055557 -75.113009722222259 3619.1062500000003 23.641321180555568
decision_type=2 2 2 2
left_child=-1 2 -2 -3
right_child=1 3 -4 -5
leaf_value=-2.8001308896813288 -0.28322316504284989 -1.0002550411559701 7.7027616610200003 0.48119945474372372
leaf_weight=144 540 1872 180 2160
leaf_count=144 540 1872 180 2160
internal_value=0.000275981 0.0857081 1.72119 -0.206696
internal_weight=4896 4752 720 4032
internal_count=4896 4752 720 4032
is_linear=0
shrinkage=0.05


Tree=67
num_leaves=4
num_cat=0
split_feature=0 5 3
split_gain=471411 489491 341198
threshold=6325.3862000000008 -0.98812630719300909 -78.447285416666418
decision_type=2 2 2
left_child=1 -1 -3
right_child=-2 2 -4
leaf_value=2.8427483582797533 -2.7313948978785598 1.0249353499080964 -0.18559818600066291
leaf_weight=155 152 683 3906
leaf_count=155 152 683 3906
internal_value=0.000304062 0.0883862 -0.00524539
internal_weight=4896 4744 4589
internal_count=4896 4744 4589
is_linear=0
shrinkage=0.05


Tree=68
num_leaves=7
num_cat=0
split_feature=2 3 3 0 3 3
split_gain=448794 958528 1.03041e+06 500295 1.62589e+06 97841.3
threshold=-130.8698928571425 122.13220173611104 49.865566666666616 911.38125000000002 38.131362499999803 -118.40765416666703
decision_type=2 2 2 2 2 2
left_child=1 2 -1 5 -5 -2
right_child=3 -3 -4 4 -6 -7
leaf_value=-0.82714795605944735 0.9758174172555768 2.0954474351472325 -5.8756173672347236 0.16721730329238305 4.8480782002733465 -0.22929376020405706
leaf_weight=335 178 161 144 996 227 2855
leaf_count=335 178 161 144 996 227 2855
internal_value=0.000298565 -1.23311 -2.35393 0.18602 1.03928 -0.15827
internal_weight=4896 640 479 4256 1223 3033
internal_count=4896 640 479 4256 1223 3033
is_linear=0
shrinkage=0.05


Tree=69
num_leaves=5
num_cat=0
split_feature=3 3 1 3
split_gain=451260 774993 3.15538e+06 785774
threshold=-166.66348368055557 -75.113009722222259 -37.174000000000426 23.641321180555568
decision_type=2 2 2 2
left_child=-1 2 -2 -3
right_child=1 3 -4 -5
leaf_value=-2.7474325316322261 7.392835201152554 -0.93534847675473132 -0.29226591907920091 0.46389874239244888
leaf_weight=144 176 1872 544 2160
leaf_count=144 176 1872 544 2160
internal_value=0.00029542 0.0841204 1.59396 -0.185823
internal_weight=4896 4752 720 4032
internal_count=4896 4752 720 4032
is_linear=0
shrinkage=0.05


Tree=70
num_leaves=4
num_cat=0
split_feature=2 3 5
split_gain=428898 438902 988208
threshold=-360.03430000000088 -166.66348368055557 -0.91509365977396839
decision_type=2 2 2
left_child=-1 -2 -3
right_child=1 2 -4
leaf_value=-2.2614569773424917 -2.611008278501445 2.2482447776986931 -0.079425824734815728
leaf_weight=200 144 513 4039
leaf_count=200 144 513 4039
internal_value=0.000320284 0.0971091 0.183334
internal_weight=4896 4696 4552
internal_count=4896 4696 4552
is_linear=0
shrinkage=0.05


Tree=71
num_leaves=7
num_cat=0
split_feature=3 3 0 1 0 0
split_gain=430317 1.45992e+06 3.7353e+06 1.50725e+06 654370 594077
threshold=-40.711684027777999 23.641321180555568 4890.1343000000006 -22.2838999999999 4516.3789000000006 5570.7609000000011
decision_type=2 2 2 2 2 2
left_child=4 2 -2 -3 -1 -6
right_child=1 3 -4 -5 5 -7
leaf_value=0.18781875584740554 -0.49987034653713974 4.5890571189697971 -8.1878687955715037 0.022229210469516883 4.9475903064399569 0.48443131969399644
leaf_weight=1286 964 198 188 1962 153 145
leaf_count=1286 964 198 188 1962 153 145
internal_value=0.000276667 -0.323883 -1.76052 0.442785 0.677841 2.7848
internal_weight=4896 3312 1152 2160 1584 298
internal_count=4896 3312 1152 2160 1584 298
is_linear=0
shrinkage=0.05


Tree=72
num_leaves=4
num_cat=0
split_feature=0 0 0
split_gain=389467 452483 716375
threshold=6325.3862000000008 6030.4240500000005 5695.1589000000013
decision_type=2 2 2
left_child=1 2 -1
right_child=-2 -3 -4
leaf_value=0.12126220647821405 -2.4826738896712759 2.7552452842784088 -3.0065793998578458
leaf_weight=4402 152 152 190
leaf_count=4402 152 152 190
internal_value=0.00027859 0.08034 -0.00878275
internal_weight=4896 4744 4592
internal_count=4896 4744 4592
is_linear=0
shrinkage=0.05


Tree=73
num_leaves=7
num_cat=0
split_feature=3 3 0 1 3 0
split_gain=386416 1.3171e+06 3.33133e+06 1.36367e+06 633726 1.96454e+06
threshold=-40.711684027777999 23.641321180555568 4890.1343000000006 -22.2838999999999 -166.66348368055557 4516.3789000000006
decision_type=2 2 2 2 2 2
left_child=4 2 -2 -3 -1 -6
right_child=1 3 -4 -5 5 -7
leaf_value=-2.509277709722519 -0.48095955026196074 4.3651138901111466 -7.7413443645787625 0.02123528447531646 0.062365312716942012 4.7604650044007739
leaf_weight=144 964 198 188 1962 1166 274
leaf_count=144 964 198 188 1962 1166 274
internal_value=0.000237983 -0.306942 -1.6715 0.42126 0.642311 0.958993
internal_weight=4896 3312 1152 2160 1584 1440
internal_count=4896 3312 1152 2160 1584 1440
is_linear=0
shrinkage=0.05


Tree=74
num_leaves=4
num_cat=0
split_feature=3 2 3
split_gain=370949 1.314e+06 365100
threshold=172.91008020833354 -360.03430000000088 -166.66348368055557
decision_type=2 2 2
left_child=1 -1 -3
right_child=-2 2 -4
leaf_value=-4.3923224329948427 2.4914620547459045 -2.3846790780692264 0.16491943326207123
leaf_weight=169 144 144 4439
leaf_count=169 144 144 4439
internal_value=0.000210537 -0.0757902 0.0843071
internal_weight=4896 4752 4583
internal_count=4896 4752 4583
is_linear=0
shrinkage=0.05


Tree=75
num_leaves=6
num_cat=0
split_feature=3 3 3 3 0
split_gain=355384 1.26016e+06 636377 529989 1.78426e+06
threshold=-40.711684027777999 -39.551330208333404 23.641321180555568 -166.66348368055557 4516.3789000000006
decision_type=2 2 2 2 2
left_child=3 -2 -3 -1 -5
right_child=1 2 -4 4 -6
leaf_value=-2.2662673701089004 -4.8524979631243079 -1.1225164348250338 0.39832853347740549 0.051010813166953196 4.5283486973155629
leaf_weight=144 144 1008 2160 1166 274
leaf_count=144 144 1008 2160 1166 274
internal_value=0.000157937 -0.294429 -0.0857782 0.61591 0.9055
internal_weight=4896 3312 3168 1584 1440
internal_count=4896 3312 3168 1584 1440
is_linear=0
shrinkage=0.05


Tree=76
num_leaves=4
num_cat=0
split_feature=0 5 3
split_gain=333344 406358 282542
threshold=6325.3862000000008 -0.98812630719300909 -78.447285416666418
decision_type=2 2 2
left_child=1 -1 -3
right_child=-2 2 -4
leaf_value=2.5837768215399524 -2.2969793269836827 0.92633544685896385 -0.17524268731574041
leaf_weight=155 152 683 3906
leaf_count=155 152 683 3906
internal_value=0.000116727 0.0741853 -0.0111241
internal_weight=4896 4744 4589
internal_count=4896 4744 4589
is_linear=0
shrinkage=0.05


Tree=77
num_leaves=4
num_cat=0
split_feature=3 2 3
split_gain=335225 1.17545e+06 344304
threshold=172.91008020833354 -360.03430000000088 141.11627604166691
decision_type=2 2 2
left_child=1 -1 -3
right_child=-2 2 -4
leaf_value=-4.1547430260742413 2.3683768998343369 -0.023001434765898734 1.9148007844413115
leaf_weight=169 144 4342 241
leaf_count=169 144 4342 241
internal_value=0.000121481 -0.072127 0.0792946
internal_weight=4896 4752 4583
internal_count=4896 4752 4583
is_linear=0
shrinkage=0.05


Tree=78
num_leaves=6
num_cat=0
split_feature=3 1 5 3 4
split_gain=304467 1.49338e+06 1.31319e+06 306461 57189.7
threshold=122.13220173611104 382.82029999999992 -0.6913484944011038 -166.66348368055557 -0.6913484944011038
decision_type=2 2 2 2 2
left_child=1 3 -2 -1 -4
right_child=2 -3 4 -5 -6
leaf_value=-2.2025914968293292 5.1216895515486698 -4.478193901087109 0.48172613232300199 0.13748161229225569 -0.73844099377592409
leaf_weight=144 148 189 144 3987 284
leaf_count=144 148 189 144 3987 284
internal_value=0.000116482 -0.143938 1.0789 0.0553971 -0.327752
internal_weight=4896 4320 576 4131 428
internal_count=4896 4320 576 4131 428
is_linear=0
shrinkage=0.05


Tree=79
num_leaves=7
num_cat=0
split_feature=3 3 3 3 0 5
split_gain=310480 1.13425e+06 566062 476749 1.75182e+06 864318
threshold=-40.711684027777999 -39.551330208333404 23.641321180555568 -118.40765416666703 4638.3375000000005 1.0000000180025095e-35
decision_type=2 2 2 2 2 2
left_child=3 -2 -3 5 -5 -1
right_child=1 2 -4 4 -6 -7
leaf_value=-3.9877667525718956 -4.5996274684626481 -1.0550886458945272 0.37927537844040121 0.12001187073264837 4.8909091799309916 1.4735464309823925
leaf_weight=144 144 1008 2160 1062 234 144
leaf_count=144 144 1008 2160 1062 234 144
internal_value=9.35257e-05 -0.275254 -0.0773021 0.57563 0.984531 -1.26146
internal_weight=4896 3312 3168 1584 1296 288
internal_count=4896 3312 3168 1584 1296 288
is_linear=0
shrinkage=0.05


Tree=80
num_leaves=4
num_cat=0
split_feature=0 0 0
split_gain=290152 385745 639602
threshold=6325.3862000000008 6030.4240500000005 5695.1589000000013
decision_type=2 2 2
left_child=1 2 -1
right_child=-2 -3 -4
leaf_value=0.10975711474200622 -2.1430549830393075 2.5389396552946053 -2.8457316420465242
leaf_weight=4402 152 152 190
leaf_count=4402 152 152 190
internal_value=6.04834e-05 0.0691641 -0.013123
internal_weight=4896 4744 4592
internal_count=4896 4744 4592
is_linear=0
shrinkage=0.05


Tree=81
num_leaves=4
num_cat=0
split_feature=3 2 3
split_gain=284740 1.04037e+06 296327
threshold=172.91008020833354 -360.03430000000088 141.11627604166691
decision_type=2 2 2
left_child=1 -1 -3
right_child=-2 2 -4
leaf_value=-3.907429155987852 2.1826866947371388 -0.018999581284080781 1.7787308923973251
leaf_weight=169 144 4342 241
leaf_count=169 144 4342 241
internal_value=3.35529e-05 -0.0665528 0.0759026
internal_weight=4896 4752 4583
internal_count=4896 4752 4583
is_linear=0
shrinkage=0.05


Tree=82
num_leaves=7
num_cat=0
split_feature=3 3 3 3 0 5
split_gain=281749 1.0204e+06 503757 428842 1.60162e+06 775055
threshold=-40.711684027777999 -39.551330208333404 23.641321180555568 -118.40765416666703 4638.3375000000005 1.0000000180025095e-35
decision_type=2 2 2 2 2 2
left_child=3 -2 -3 5 -5 -1
right_child=1 2 -4 4 -6 -7
leaf_value=-3.7757468366622926 -4.3638671878699595 -0.99691805199630434 0.35620721461228105 0.10948332436435337 4.671261517342101 1.3958707427978516
leaf_weight=144 144 1008 2160 1062 234 144
leaf_count=144 144 1008 2160 1062 234 144
internal_value=3.22505e-05 -0.262266 -0.0745114 0.548293 0.936104 -1.19406
internal_weight=4896 3312 3168 1584 1296 288
internal_count=4896 3312 3168 1584 1296 288
is_linear=0
shrinkage=0.05


Tree=83
num_leaves=6
num_cat=0
split_feature=3 3 2 3 0
split_gain=254378 921586 461343 395799 1.37648e+06
threshold=-40.711684027777999 -39.551330208333404 57.562557142857038 -166.66348368055557 4516.3789000000006
decision_type=2 2 2 2 2
left_child=3 -2 -3 -1 -5
right_child=1 2 -4 4 -6
leaf_value=-1.969741645928087 -4.1471786770327341 -0.24573085705549669 2.0087999254707398 0.020718805618335168 3.9532604787132954
leaf_weight=144 144 2923 245 1166 274
leaf_count=144 144 2923 245 1166 274
internal_value=4.04056e-06 -0.249228 -0.0707959 0.520955 0.771218
internal_weight=4896 3312 3168 1584 1440
internal_count=4896 3312 3168 1584 1440
is_linear=0
shrinkage=0.05


Tree=84
num_leaves=4
num_cat=0
split_feature=3 3 3
split_gain=255814 1.00836e+06 1.66505e+06
threshold=172.91008020833354 156.17226250000024 141.11627604166691
decision_type=2 2 2
left_child=1 2 -1
right_child=-2 -3 -4
leaf_value=-0.10519500639393908 2.068819305074626 -4.1686111616266182 5.3390713697466365
leaf_weight=4464 144 144 144
leaf_count=4464 144 144 144
internal_value=-3.55597e-08 -0.0631136 0.0660598
internal_weight=4896 4752 4608
internal_count=4896 4752 4608
is_linear=0
shrinkage=0.05


Tree=85
num_leaves=4
num_cat=0
split_feature=0 0 0
split_gain=256013 334193 590838
threshold=6325.3862000000008 6030.4240500000005 5695.1589000000013
decision_type=2 2 2
left_child=1 2 -1
right_child=-2 -3 -4
leaf_value=0.10645435814321202 -2.0130637757918417 2.3637688782090454 -2.7341355806245855
leaf_weight=4402 152 152 190
leaf_count=4402 152 152 190
internal_value=3.19632e-05 0.0649432 -0.0116485
internal_weight=4896 4744 4592
internal_count=4896 4744 4592
is_linear=0
shrinkage=0.05


Tree=86
num_leaves=6
num_cat=0
split_feature=2 3 3 3 5
split_gain=241147 715245 914526 333520 1.08735e+06
threshold=-130.8698928571425 122.13220173611104 49.865566666666616 -118.40765416666703 -0.91509365977396839
decision_type=2 2 2 2 2
left_child=1 2 -1 -2 -5
right_child=3 -3 -4 4 -6
leaf_value=-0.43525602491794246 -1.5545846619503403 1.970671738518609 -5.1899097518057662 2.9649352971442351 0.00049956947410113601
leaf_weight=335 272 161 144 337 3647
leaf_count=335 272 161 144 337 3647
internal_value=7.1126e-06 -0.904109 -1.87246 0.136145 0.251937
internal_weight=4896 640 479 4256 3984
internal_count=4896 640 479 4256 3984
is_linear=0
shrinkage=0.05


Tree=87
num_leaves=7
num_cat=0
split_feature=3 3 0 1 2 3
split_gain=234230 837638 2.96059e+06 1.22136e+06 381713 460340
threshold=-40.711684027777999 23.641321180555568 4890.1343000000006 -63.412249999999965 -2.2074857142856263 -47.619798611111143
decision_type=2 2 2 2 2 2
left_child=4 2 -2 -3 -1 -6
right_child=1 3 -4 -5 5 -7
leaf_value=1.954765548133172 -0.20530997729189504 4.6630346791524637 -7.0494567222380766 0.014579412595494024 -0.51091387909055752 1.6460258202943188
leaf_weight=350 964 151 188 2009 893 341
leaf_count=350 964 151 188 2009 893 341
internal_value=-1.6138e-05 -0.239175 -1.32738 0.341548 0.499878 0.0859788
internal_weight=4896 3312 1152 2160 1584 1234
internal_count=4896 3312 1152 2160 1584 1234
is_linear=0
shrinkage=0.05


Tree=88
num_leaves=7
num_cat=0
split_feature=3 3 5 3 3 0
split_gain=226323 795344 1.24759e+06 1.12434e+06 432430 1.60546e+06
threshold=-75.113009722222259 -81.988322569444207 1.0000000180025095e-35 -87.099058333333446 23.641321180555568 5695.1589000000013
decision_type=2 2 2 2 2 2
left_child=1 3 -3 -1 5 -2
right_child=4 2 -4 -5 -6 -7
leaf_value=0.93724821483841125 -0.27978898102522448 6.1482896796074407 -0.41936346407594355 -4.1497720392819115 0.3245790999787414 -5.6569162814230323
leaf_weight=432 1722 144 144 144 2160 150
leaf_count=432 1722 144 144 144 2160 150
internal_value=-1.01093e-05 0.73388 2.87437 -0.339495 -0.157415 -0.713439
internal_weight=4896 864 288 576 4032 1872
internal_count=4896 864 288 576 4032 1872
is_linear=0
shrinkage=0.05


Tree=89
num_leaves=4
num_cat=0
split_feature=3 3 3
split_gain=219636 933472 1.48389e+06
threshold=172.91008020833354 156.17226250000024 141.11627604166691
decision_type=2 2 2
left_child=1 2 -1
right_child=-2 -3 -4
leaf_value=-0.095908937067093802 1.9169159123815342 -4.0086335436742884 5.0436595561586586
leaf_weight=4464 144 144 144
leaf_count=4464 144 144 144
internal_value=-4.1214e-05 -0.0585219 0.065762
internal_weight=4896 4752 4608
internal_count=4896 4752 4608
is_linear=0
shrinkage=0.05


Tree=90
num_leaves=6
num_cat=0
split_feature=3 3 2 3 0
split_gain=211041 781075 397716 339898 1.20985e+06
threshold=-40.711684027777999 -39.551330208333404 57.562557142857038 -166.66348368055557 4516.3789000000006
decision_type=2 2 2 2 2
left_child=3 -2 -3 -1 -5
right_child=1 2 -4 4 -6
leaf_value=-1.8336042099998431 -3.8155350405594399 -0.22518011912596494 1.8681171144949411 0.0028212866821703793 3.6896498684449632
leaf_weight=144 144 2923 245 1166 274
leaf_count=144 144 2923 245 1166 274
internal_value=-9.9845e-06 -0.227022 -0.0627548 0.474494 0.706416
internal_weight=4896 3312 3168 1584 1440
internal_count=4896 3312 3168 1584 1440
is_linear=0
shrinkage=0.05


Tree=91
num_leaves=4
num_cat=0
split_feature=0 5 3
split_gain=204275 324188 270761
threshold=6325.3862000000008 -0.98812630719300909 -78.447285416666418
decision_type=2 2 2
left_child=1 -1 -3
right_child=-2 2 -4
leaf_value=2.2995138941667022 -1.7982256833244774 0.89948295677265921 -0.17888510411970904
leaf_weight=155 152 683 3906
leaf_count=155 152 683 3906
internal_value=-1.26856e-05 0.0579697 -0.0182261
internal_weight=4896 4744 4589
internal_count=4896 4744 4589
is_linear=0
shrinkage=0.05


Tree=92
num_leaves=4
num_cat=0
split_feature=3 2 3
split_gain=204722 851922 246501
threshold=172.91008020833354 -360.03430000000088 38.131362499999803
decision_type=2 2 2
left_child=1 -1 -3
right_child=-2 2 -4
leaf_value=-3.5321182104068649 1.850729350509315 -0.14314176508400175 0.69591712560567931
leaf_weight=169 144 3406 1177
leaf_count=169 144 3406 1177
internal_value=4.16659e-07 -0.0564599 0.072449
internal_weight=4896 4752 4583
internal_count=4896 4752 4583
is_linear=0
shrinkage=0.05


Tree=93
num_leaves=6
num_cat=0
split_feature=5 1 0 3 1
split_gain=190273 569791 461961 1.43717e+06 335197
threshold=-0.97111091670450067 -161.86075000000025 5219.3567000000012 23.641321180555568 -275.03820000000013
decision_type=2 2 2 2 2
left_child=1 -1 4 -4 -2
right_child=2 -3 3 -5 -6
leaf_value=-1.3240230750717572 2.2064083863606401 2.656991460459873 -5.1438572248290573 1.2030411379134403 -0.035438948760017137
leaf_weight=148 173 226 169 187 3993
leaf_count=148 173 226 169 187 3993
internal_value=-1.11238e-05 1.08229 -0.089744 -1.81592 0.0581646
internal_weight=4896 374 4522 356 4166
internal_count=4896 374 4522 356 4166
is_linear=0
shrinkage=0.05


Tree=94
num_leaves=7
num_cat=0
split_feature=3 3 2 2 3 6
split_gain=192332 685141 350702 338830 434403 404521
threshold=-40.711684027777999 -39.551330208333404 57.562557142857038 -2.2074857142856263 -47.619798611111143 -0.38231920253318369
decision_type=2 2 2 2 2 2
left_child=3 -2 -3 5 -5 -1
right_child=1 2 -4 4 -6 -7
leaf_value=3.7547632369730213 -3.577652661718171 -0.21540256683522307 1.7502797981830149 -0.5167907897758004 1.5785015876704491 0.329843881726265
leaf_weight=152 144 2923 245 893 341 198
leaf_count=152 144 2923 245 893 341 198
internal_value=-1.5035e-05 -0.21673 -0.0628805 0.452968 0.0630256 1.8237
internal_weight=4896 3312 3168 1584 1234 350
internal_count=4896 3312 3168 1584 1234 350
is_linear=0
shrinkage=0.05


Tree=95
num_leaves=5
num_cat=0
split_feature=3 3 5 3
split_gain=188497 565633 1.03725e+06 917382
threshold=-166.66348368055557 -87.099058333333446 1.0000000180025095e-35 -81.988322569444207
decision_type=2 2 2 2
left_child=-1 2 -2 -3
right_child=1 3 -4 -5
leaf_value=-1.7758599506729635 5.1833932322160949 -3.9965140261321235 -0.80272656210537618 0.04672132238480152
leaf_weight=144 144 144 144 4320
leaf_count=144 144 144 144 4320
internal_value=1.74136e-05 0.0541942 2.19791 -0.0845715
internal_weight=4896 4752 288 4464
internal_count=4896 4752 288 4464
is_linear=0
shrinkage=0.05


Tree=96
num_leaves=7
num_cat=0
split_feature=3 3 5 3 3 7
split_gain=192702 703615 1.08386e+06 930192 401467 899005
threshold=-75.113009722222259 -81.988322569444207 1.0000000180025095e-35 -87.099058333333446 -47.619798611111143 1.0000000180025095e-35
decision_type=2 2 2 2 2 2
left_child=1 3 -3 -1 5 -2
right_child=4 2 -4 -5 -6 -7
leaf_value=0.82896616070146312 0.85210661107096186 5.741998669114607 -0.37959950192221281 -3.7980664873123171 -0.0066397228737539535 -4.7203211687967697
leaf_weight=432 144 144 144 144 3744 144
leaf_count=432 144 144 144 144 3744 144
internal_value=2.80031e-06 0.677191 2.69048 -0.33237 -0.145241 -1.9408
internal_weight=4896 864 288 576 4032 288
internal_count=4896 864 288 576 4032 288
is_linear=0
shrinkage=0.05


Tree=97
num_leaves=6
num_cat=0
split_feature=2 3 3 3 5
split_gain=185485 615651 736898 327272 992598
threshold=-130.8698928571425 1.0000000180025095e-35 64.688137847222279 -118.40765416666703 -0.91509365977396839
decision_type=2 2 2 2 2
left_child=1 -1 -3 -2 -5
right_child=3 2 -4 4 -6
leaf_value=-3.0129270277988347 -1.5554258446499105 3.0498396950383344 -1.252842514795794 2.8261923906718489 -0.0061411840041074089
leaf_weight=209 272 154 277 337 3647
leaf_count=209 272 154 277 337 3647
internal_value=-1.24584e-05 -0.792948 0.288044 0.119384 0.23409
internal_weight=4896 640 431 4256 3984
internal_count=4896 640 431 4256 3984
is_linear=0
shrinkage=0.05


Tree=98
num_leaves=7
num_cat=0
split_feature=3 3 3 5 0 1
split_gain=196463 1.23855e+06 865239 404560 595191 228517
threshold=-78.447285416666418 -81.988322569444207 -87.099058333333446 -0.97111091670450067 5310.8470500000012 -4.8639999999999182
decision_type=2 2 2 2 2 2
left_child=1 2 -1 5 -5 -2
right_child=3 -3 -4 4 -6 -7
leaf_value=0.84286632261843397 0.1173686604110562 4.8925817780427892 -3.6196705334762047 -0.10082764310849102 -2.5105581619817281 2.8007904705473745
leaf_weight=432 146 144 144 3582 275 173
leaf_count=432 146 144 144 3582 275 173
internal_value=-1.13365e-05 0.762182 -0.277108 -0.131575 -0.273245 1.57685
internal_weight=4896 720 576 4176 3857 319
internal_count=4896 720 576 4176 3857 319
is_linear=0
shrinkage=0.05


Tree=99
num_leaves=5
num_cat=0
split_feature=1 5 1 1
split_gain=196792 309703 410647 30701.2
threshold=-456.77869999999979 -0.97111091670450067 430.19125000000014 115.95130000000019
decision_type=2 2 2 2
left_child=-1 3 -3 -2
right_child=1 2 -4 -5
leaf_value=-1.5320488996266282 2.1510802258294208 0.056437243619099235 -2.4569772215637231 1.1200669911000636
leaf_weight=200 144 4231 168 153
leaf_count=200 144 4231 168 153
internal_value=1.39647e-05 0.0655759 -0.0400879 1.62549
internal_weight=4896 4696 4399 297
internal_count=4896 4696 4399 297
is_linear=0
shrinkage=0.05


end of trees

feature_importances:
Column_2=145
Column_3=135
Column_0=80
Column_5=54
Column_1=26
Column_7=3
Column_4=2
Column_6=1

parameters:
[boosting: gbdt]
[objective: regression]
[metric: l2]
[tree_learner: serial]
[device_type: cpu]
[data_sample_strategy: bagging]
[data: ]
[valid: ]
[num_iterations: 100]
[learning_rate: 0.05]
[num_leaves: 7]
[num_threads: 1]
[seed: 20250911]
[deterministic: 1]
[force_col_wise: 1]
[force_row_wise: 0]
[histogram_pool_size: -1]
[max_depth: 3]
[min_data_in_leaf: 144]
[min_sum_hessian_in_leaf: 0.001]
[bagging_fraction: 1]
[pos_bagging_fraction: 1]
[neg_bagging_fraction: 1]
[bagging_freq: 0]
[bagging_seed: 20250911]
[bagging_by_query: 0]
[feature_fraction: 1]
[feature_fraction_bynode: 1]
[feature_fraction_seed: 20250911]
[extra_trees: 0]
[extra_seed: 26685]
[early_stopping_round: 0]
[early_stopping_min_delta: 0]
[first_metric_only: 0]
[max_delta_step: 0]
[lambda_l1: 0]
[lambda_l2: 1]
[linear_lambda: 0]
[min_gain_to_split: 0]
[drop_rate: 0.1]
[max_drop: 50]
[skip_drop: 0.5]
[xgboost_dart_mode: 0]
[uniform_drop: 0]
[drop_seed: 2504]
[top_rate: 0.2]
[other_rate: 0.1]
[min_data_per_group: 100]
[max_cat_threshold: 32]
[cat_l2: 10]
[cat_smooth: 10]
[max_cat_to_onehot: 4]
[top_k: 20]
[monotone_constraints: ]
[monotone_constraints_method: basic]
[monotone_penalty: 0]
[feature_contri: ]
[forcedsplits_filename: ]
[refit_decay_rate: 0.9]
[cegb_tradeoff: 1]
[cegb_penalty_split: 0]
[cegb_penalty_feature_lazy: ]
[cegb_penalty_feature_coupled: ]
[path_smooth: 0]
[interaction_constraints: ]
[verbosity: -1]
[saved_feature_importance_type: 0]
[use_quantized_grad: 0]
[num_grad_quant_bins: 4]
[quant_train_renew_leaf: 0]
[stochastic_rounding: 1]
[linear_tree: 0]
[max_bin: 63]
[max_bin_by_feature: ]
[min_data_in_bin: 3]
[bin_construct_sample_cnt: 200000]
[data_random_seed: 20250911]
[is_enable_sparse: 1]
[enable_bundle: 1]
[use_missing: 1]
[zero_as_missing: 0]
[feature_pre_filter: 0]
[pre_partition: 0]
[two_round: 0]
[header: 0]
[label_column: ]
[weight_column: ]
[group_column: ]
[ignore_column: ]
[categorical_feature: ]
[forcedbins_filename: ]
[precise_float_parser: 0]
[parser_config_file: ]
[objective_seed: 19683]
[num_class: 1]
[is_unbalance: 0]
[scale_pos_weight: 1]
[sigmoid: 1]
[boost_from_average: 1]
[reg_sqrt: 0]
[alpha: 0.9]
[fair_c: 1]
[poisson_max_delta_step: 0.7]
[tweedie_variance_power: 1.5]
[lambdarank_truncation_level: 30]
[lambdarank_norm: 1]
[label_gain: ]
[lambdarank_position_bias_regularization: 0]
[eval_at: ]
[multi_error_top_k: 1]
[auc_mu_weights: ]
[num_machines: 1]
[local_listen_port: 12400]
[time_out: 120]
[machine_list_filename: ]
[machines: ]
[gpu_platform_id: -1]
[gpu_device_id: -1]
[gpu_device_id_list: ]
[gpu_use_dp: 0]
[num_gpu: 1]

end of parameters

pandas_categorical:null
