tree
version=v4
num_class=1
num_tree_per_iteration=1
label_index=0
max_feature_idx=7
objective=regression
feature_names=Column_0 Column_1 Column_2 Column_3 Column_4 Column_5 Column_6 Column_7
feature_infos=[0:7159.125] [-1755.3374999999996:1407.4499999999998] [-1086:908.8171857142861] [-187.22570902777761:188.50134375000039] [-1:1] [-1:1] [-1:1] [-1:1]
tree_sizes=572 589 584 590 583 591 590 591 583 674 673 671 676 674 671 675 586 671 672 670 666 583 667 668 506 667 504 665 504 665 665 503 666 667 505 509 511 510 505 508 510 505 592 503 586 589 583 588 583 579 587 582 583 495 585 583 581 581 580 575 577 584 496 578 572 582 493 574 496 575 493 497 495 584 574 573 496 576 572 576 496 580 498 580 497 584 574 587 577 497 581 496 577 657 581 495 583 576 576 581

Tree=0
num_leaves=5
num_cat=0
split_feature=2 2 2 0
split_gain=4.43338e+07 3.62186e+07 3.64508e+06 443619
threshold=105.4040928571426 -262.94080714285741 -140.35866428571441 5058.4768000000013
decision_type=2 2 2 2
left_child=1 -1 -3 -2
right_child=3 2 -4 -5
leaf_value=-7.7181008777336917 28.75071535957089 6.0718719220335133 12.882252641867479 33.155605359979447
leaf_weight=240 144 210 2853 153
leaf_count=240 144 210 2853 153
internal_value=12.6108 10.9449 12.4133 31.0812
internal_weight=3600 3303 3063 297
internal_count=3600 3303 3063 297
is_linear=0
shrinkage=1


Tree=1
num_leaves=5
num_cat=0
split_feature=2 2 2 2
split_gain=4.00854e+07 3.29251e+07 6.5087e+06 1.98118e+06
threshold=86.096357142857201 -370.61231428571381 -140.35866428571441 221.76427857142792
decision_type=2 2 2 2
left_child=1 -1 -3 -2
right_child=3 2 -4 -5
leaf_value=-24.464490549809099 12.691355976151543 -7.5489286233370878 0.18514697860253018 20.70410080716654
leaf_weight=150 162 300 2826 162
leaf_count=150 162 300 2826 162
internal_value=0.000140065 -1.66096 -0.559264 16.7491
internal_weight=3600 3276 3126 324
internal_count=3600 3276 3126 324
is_linear=0
shrinkage=0.05


Tree=2
num_leaves=5
num_cat=0
split_feature=2 2 2 0
split_gain=3.62537e+07 2.99221e+07 5.98897e+06 388810
threshold=105.4040928571426 -370.61231428571381 -140.35866428571441 5058.4768000000013
decision_type=2 2 2 2
left_child=1 -1 -3 -2
right_child=3 2 -4 -5
leaf_value=-23.249366296048198 14.539766718847998 -7.1727362580275615 0.2427321645226943 18.631050063418105
leaf_weight=150 144 300 2853 153
leaf_count=150 144 300 2853 153
internal_value=0.000154834 -1.50632 -0.464881 16.7028
internal_weight=3600 3303 3153 297
internal_count=3600 3303 3153 297
is_linear=0
shrinkage=0.05


Tree=3
num_leaves=5
num_cat=0
split_feature=2 2 2 2
split_gain=3.28185e+07 2.68544e+07 2.23503e+06 1.71035e+06
threshold=86.096357142857201 -239.49374999999961 1.5099714285710391 221.76427857142792
decision_type=2 2 2 2
left_child=1 -1 -3 -2
right_child=3 2 -4 -5
leaf_value=-16.577556779287839 11.391304353702289 -0.50253392910982764 5.0328737483269137 18.825963697257951
leaf_weight=270 162 2812 194 162
leaf_count=270 162 2812 194 162
internal_value=0.000188626 -1.50282 -0.143737 15.1551
internal_weight=3600 3276 3006 324
internal_count=3600 3276 3006 324
is_linear=0
shrinkage=0.05


Tree=4
num_leaves=5
num_cat=0
split_feature=2 2 2 0
split_gain=2.96423e+07 2.50882e+07 4.89065e+06 340448
threshold=105.4040928571426 -370.61231428571381 -140.35866428571441 5058.4768000000013
decision_type=2 2 2 2
left_child=1 -1 -3 -2
right_child=3 2 -4 -5
leaf_value=-21.27120807464944 13.095770591579635 -6.4698152446964663 0.2312782778486886 16.895880859703212
leaf_weight=150 144 300 2853 153
leaf_count=150 144 300 2853 153
internal_value=0.000431487 -1.36177 -0.408163 15.1035
internal_weight=3600 3303 3153 297
internal_count=3600 3303 3153 297
is_linear=0
shrinkage=0.05


Tree=5
num_leaves=5
num_cat=0
split_feature=2 2 2 2
split_gain=2.68696e+07 2.25104e+07 4.32661e+06 1.47779e+06
threshold=86.096357142857201 -370.61231428571381 -140.35866428571441 221.76427857142792
decision_type=2 2 2 2
left_child=1 -1 -3 -2
right_child=3 2 -4 -5
leaf_value=-20.214691353160024 10.220392932043486 -6.1473992549699803 0.15832548746723862 17.121935444170941
leaf_weight=150 162 300 2826 162
leaf_count=150 162 300 2826 162
internal_value=0.000444351 -1.35954 -0.448603 13.7132
internal_weight=3600 3276 3126 324
internal_count=3600 3276 3126 324
is_linear=0
shrinkage=0.05


Tree=6
num_leaves=5
num_cat=0
split_feature=2 2 2 2
split_gain=2.4358e+07 1.97263e+07 3.55591e+06 3.44772e+06
threshold=20.348564285714193 -370.61231428571381 -140.35866428571441 142.5955714285715
decision_type=2 2 2 2
left_child=1 -1 -3 -2
right_child=3 2 -4 -5
leaf_value=-19.210650446478105 6.1142666114392608 -5.8410504424492791 -0.11026577995657123 14.802899637818337
leaf_weight=150 219 300 2688 243
leaf_count=150 219 300 2688 243
internal_value=0.000437957 -1.57868 -0.687407 10.7064
internal_weight=3600 3138 2988 462
internal_count=3600 3138 2988 462
is_linear=0
shrinkage=0.05


Tree=7
num_leaves=5
num_cat=0
split_feature=2 2 2 2
split_gain=2.20144e+07 1.77124e+07 3.45248e+06 3.15231e+06
threshold=9.5098857142857032 -370.61231428571381 142.5955714285715 -140.35866428571441
decision_type=2 2 2 2
left_child=1 -1 -2 -3
right_child=2 3 -4 -5
leaf_value=-18.256479325160285 5.6418552208812009 -5.5499681593868821 14.065788058203751 -0.15132565813216781
leaf_weight=150 247 300 243 2660
leaf_count=150 247 300 243 2660
internal_value=0.000357126 -1.55254 9.83958 -0.700175
internal_weight=3600 3110 490 2960
internal_count=3600 3110 490 2960
is_linear=0
shrinkage=0.05


Tree=8
num_leaves=5
num_cat=0
split_feature=2 2 5 0
split_gain=1.99181e+07 1.67521e+07 1.95075e+06 297122
threshold=-239.49374999999961 105.4040928571426 -0.83127174505093859 5058.4768000000013
decision_type=2 2 2 2
left_child=-1 2 -2 -3
right_child=1 3 -4 -5
leaf_value=-13.03514297849248 4.0733631753057011 10.54818098417644 -0.44025464090487587 14.010725450670563
leaf_weight=270 261 144 2772 153
leaf_count=270 261 144 2772 153
internal_value=0.000280269 1.0608 -0.0506279 12.3729
internal_weight=3600 3330 3033 297
internal_count=3600 3330 3033 297
is_linear=0
shrinkage=0.05


Tree=9
num_leaves=6
num_cat=0
split_feature=2 2 0 2 2
split_gain=1.82202e+07 1.48407e+07 2.89769e+06 2.61664e+06 1.87019e+06
threshold=9.5098857142857032 -370.61231428571381 3828.7654000000007 -140.35866428571441 187.88638571428558
decision_type=2 2 2 2 2
left_child=1 -1 -2 -3 -4
right_child=2 3 4 -5 -6
leaf_value=-16.702259587767898 3.2975470860292959 -5.0506258812754652 8.018455752333006 -0.13201984520523843 15.604256632236336
leaf_weight=150 156 300 179 2660 155
leaf_count=150 156 300 179 2660 155
internal_value=0.000476692 -1.41227 8.95173 -0.632065 11.5749
internal_weight=3600 3110 490 2960 334
internal_count=3600 3110 490 2960 334
is_linear=0
shrinkage=0.05


Tree=10
num_leaves=6
num_cat=0
split_feature=2 2 2 2 5
split_gain=1.64541e+07 1.34033e+07 2.61713e+06 2.36236e+06 667891
threshold=9.5098857142857032 -370.61231428571381 187.88638571428558 -140.35866428571441 -0.80625269229011354
decision_type=2 2 2 2 2
left_child=1 -1 4 -3 -2
right_child=2 3 -4 -5 -6
leaf_value=-15.872676802944666 7.8323993541771859 -4.7989335016554771 13.112455174797461 -0.12542133311363415 3.0896298713551769
leaf_weight=150 157 300 189 2660 144
leaf_count=150 157 300 189 2660 144
internal_value=0.000522789 -1.34201 8.50689 -0.600549 5.58118
internal_weight=3600 3110 490 2960 301
internal_count=3600 3110 490 2960 301
is_linear=0
shrinkage=0.05


Tree=11
num_leaves=6
num_cat=0
split_feature=2 2 2 5 0
split_gain=1.49276e+07 1.23455e+07 2.3584e+06 1.90969e+06 212243
threshold=-223.06375714285693 105.4040928571426 -370.61231428571381 -0.83127174505093859 5058.4768000000013
decision_type=2 2 2 2 2
left_child=2 3 -1 -2 -3
right_child=1 4 -4 -5 -6
leaf_value=-15.084298741817475 4.211909278578335 9.1306998177232419 -6.162839482241119 -0.36876501605435896 12.067846814068881
leaf_weight=150 247 144 150 2756 153
leaf_count=150 247 144 150 2756 153
internal_value=0.000541617 0.972514 -10.6589 0.00927708 10.6792
internal_weight=3600 3300 300 3003 297
internal_count=3600 3300 300 3003 297
is_linear=0
shrinkage=0.05


Tree=12
num_leaves=6
num_cat=0
split_feature=2 2 0 2 2
split_gain=1.36042e+07 1.09187e+07 2.29351e+06 2.02432e+06 1.45385e+06
threshold=9.5098857142857032 -370.61231428571381 3828.7654000000007 -140.35866428571441 187.88638571428558
decision_type=2 2 2 2 2
left_child=1 -1 -2 -3 -4
right_child=2 3 4 -5 -6
leaf_value=-14.335078667647004 2.7069868697482313 -4.4373644271958312 6.9346076652738793 -0.11113582623447721 13.620463078144269
leaf_weight=150 156 300 179 2660 155
leaf_count=150 156 300 179 2660 155
internal_value=0.000567218 -1.22018 7.73527 -0.550955 10.0687
internal_weight=3600 3110 490 2960 334
internal_count=3600 3110 490 2960 334
is_linear=0
shrinkage=0.05


Tree=13
num_leaves=6
num_cat=0
split_feature=2 2 0 2 2
split_gain=1.22877e+07 9.80543e+06 2.38433e+06 1.79603e+06 1.30764e+06
threshold=1.5099714285710391 -370.61231428571381 3828.7654000000007 -140.35866428571441 187.88638571428558
decision_type=2 2 2 2 2
left_child=1 -1 -2 -3 -4
right_child=2 3 4 -5 -6
leaf_value=-13.623071661690213 2.3511028729717842 -4.2162334577189728 6.6737534897668027 -0.13901929784851963 12.94380580951006
leaf_weight=150 175 300 188 2632 155
leaf_count=150 175 300 188 2632 155
internal_value=0.000599644 -1.1976 7.11824 -0.557492 9.53655
internal_weight=3600 3082 518 2932 343
internal_count=3600 3082 518 2932 343
is_linear=0
shrinkage=0.05


Tree=14
num_leaves=6
num_cat=0
split_feature=2 2 0 5 3
split_gain=1.1163e+07 9.19844e+06 1.84728e+06 1.62869e+06 142825
threshold=-223.06375714285693 105.4040928571426 5760.8680000000013 -0.83127174505093859 -41.962268055555676
decision_type=2 2 2 2 2
left_child=2 3 -1 -2 -3
right_child=1 4 -4 -5 -6
leaf_value=-5.0804369168034924 3.8908343890261268 7.9855535470097267 -12.97906327619674 -0.33942615433008638 10.416754034403208
leaf_weight=144 247 150 156 2756 147
leaf_count=144 247 150 156 2756 147
internal_value=0.000625081 0.841147 -9.2172 0.00969674 9.21979
internal_weight=3600 3300 300 3003 297
internal_count=3600 3300 300 3003 297
is_linear=0
shrinkage=0.05


Tree=15
num_leaves=6
num_cat=0
split_feature=2 2 0 2 2
split_gain=1.01706e+07 8.19039e+06 2.02876e+06 1.48229e+06 1.11797e+06
threshold=1.5099714285710391 -370.61231428571381 3828.7654000000007 -140.35866428571441 187.88638571428558
decision_type=2 2 2 2 2
left_child=1 -1 -2 -3 -4
right_child=2 3 4 -5 -6
leaf_value=-12.445622899516529 2.0794881179251457 -3.828282971833632 6.0609321335636119 -0.12426391969920564 11.856512588071517
leaf_weight=150 175 300 188 2632 155
leaf_count=150 175 300 188 2632 155
internal_value=0.000647851 -1.08945 6.47615 -0.504432 8.70678
internal_weight=3600 3082 518 2932 343
internal_count=3600 3082 518 2932 343
is_linear=0
shrinkage=0.05


Tree=16
num_leaves=5
num_cat=0
split_feature=2 2 2 3
split_gain=9.18888e+06 7.69927e+06 1.01098e+06 145413
threshold=-262.94080714285741 105.4040928571426 1.5099714285710391 -41.962268055555676
decision_type=2 2 2 2
left_child=-1 2 -2 -3
right_child=1 3 -4 -5
leaf_value=-9.4302810885352226 -0.32324016225189128 7.1299003641731691 3.1801741475457543 9.5368391158612997
leaf_weight=240 2842 150 221 147
leaf_count=240 2842 150 221 147
internal_value=0.000665449 0.67691 -0.0695082 8.34922
internal_weight=3600 3360 3063 297
internal_count=3600 3360 3063 297
is_linear=0
shrinkage=0.05


Tree=17
num_leaves=6
num_cat=0
split_feature=2 2 0 0 3
split_gain=8.35667e+06 6.80489e+06 1.60217e+06 1.42344e+06 131336
threshold=-223.06375714285693 105.4040928571426 5760.8680000000013 4931.2320500000014 -41.962268055555676
decision_type=2 2 2 2 2
left_child=2 3 -1 -2 -3
right_child=1 4 -4 -5 -6
leaf_value=-4.1288523645236577 -0.28004374857285735 6.7757664223183074 -11.475728989976227 4.0558604608909254 9.0632192263732083
leaf_weight=144 2801 150 156 202 147
leaf_count=144 2801 150 156 202 147
internal_value=0.000772347 0.728008 -7.97466 0.0128685 7.93455
internal_weight=3600 3300 300 3003 297
internal_count=3600 3300 300 3003 297
is_linear=0
shrinkage=0.05


Tree=18
num_leaves=6
num_cat=0
split_feature=2 2 0 2 4
split_gain=7.60918e+06 6.3266e+06 1.69366e+06 1.13482e+06 974698
threshold=1.5099714285710391 -370.61231428571381 3828.7654000000007 -140.35866428571441 0.15208718494349097
decision_type=2 2 2 2 2
left_child=1 -1 -2 -3 -4
right_child=2 3 4 -5 -6
leaf_value=-10.922885519779282 1.5869812735208226 -3.3362355190357103 10.018111980458102 -0.09531071898440785 4.6050469156963372
leaf_weight=150 175 300 191 2632 152
leaf_count=150 175 300 191 2632 152
internal_value=0.000789407 -0.942107 5.60185 -0.427944 7.63968
internal_weight=3600 3082 518 2932 343
internal_count=3600 3082 518 2932 343
is_linear=0
shrinkage=0.05


Tree=19
num_leaves=6
num_cat=0
split_feature=2 5 0 2 2
split_gain=6.89619e+06 6.04839e+06 2.20858e+06 1.35727e+06 548478
threshold=-201.8779142857147 -0.80625269229011354 5694.8180000000002 -370.61231428571381 20.348564285714193
decision_type=2 2 2 2 2
left_child=3 2 -2 -1 -3
right_child=1 4 -4 -5 -6
leaf_value=-10.38035798037289 8.1514605438871328 -0.37440091128952613 0.89702752415210973 -3.915766567650421 2.623364708563428
leaf_weight=150 330 2625 154 180 161
leaf_count=150 330 2625 154 180 161
internal_value=0.000775671 0.696723 5.84984 -6.8767 -0.200284
internal_weight=3600 3270 484 330 2786
internal_count=3600 3270 484 330 2786
is_linear=0
shrinkage=0.05


Tree=20
num_leaves=6
num_cat=0
split_feature=2 2 0 2 4
split_gain=6.27385e+06 5.15494e+06 1.42798e+06 967293 873754
threshold=1.5099714285710391 -370.61231428571381 3828.7654000000007 -140.35866428571441 0.15208718494349097
decision_type=2 2 2 2 2
left_child=1 -1 -2 -3 -4
right_child=2 3 4 -5 -6
leaf_value=-9.8647770929020773 1.400466635467654 -3.0764159608718962 9.2084650451084595 -0.084260930746943727 4.0878291088771199
leaf_weight=150 175 300 191 2632 152
leaf_count=150 175 300 191 2632 152
internal_value=0.000695277 -0.855479 5.0866 -0.39136 6.95774
internal_weight=3600 3082 518 2932 343
internal_count=3600 3082 518 2932 343
is_linear=0
shrinkage=0.05


Tree=21
num_leaves=5
num_cat=0
split_feature=2 2 2 7
split_gain=5.71395e+06 4.8459e+06 985128 676521
threshold=86.096357142857201 -370.61231428571381 -140.35866428571441 0.73657561215276279
decision_type=2 2 2 2
left_child=1 -1 -3 -2
right_child=3 2 -4 -5
leaf_value=-9.3748049514972607 4.203590917804938 -2.9231061974138122 0.085789428722491567 8.8320718983540658
leaf_weight=150 177 300 2826 147
leaf_count=150 177 300 2826 147
internal_value=0.000683706 -0.626464 -0.203815 6.32426
internal_weight=3600 3276 3126 324
internal_count=3600 3276 3126 324
is_linear=0
shrinkage=0.05


Tree=22
num_leaves=6
num_cat=0
split_feature=2 2 0 2 2
split_gain=5.20995e+06 4.19741e+06 1.20759e+06 783598 783570
threshold=1.5099714285710391 -370.61231428571381 3828.7654000000007 -140.35866428571441 187.88638571428558
decision_type=2 2 2 2 2
left_child=1 -1 -2 -3 -4
right_child=2 3 4 -5 -6
leaf_value=-8.9091688902962289 1.2458578054369851 -2.7774363853408648 4.1505623892186181 -0.084337339155514612 8.9872173559971351
leaf_weight=150 175 300 188 2632 155
leaf_count=150 175 300 188 2632 155
internal_value=0.000660957 -0.77955 4.63532 -0.360746 6.35599
internal_weight=3600 3082 518 2932 343
internal_count=3600 3082 518 2932 343
is_linear=0
shrinkage=0.05


Tree=23
num_leaves=6
num_cat=0
split_feature=2 2 0 4 2
split_gain=4.70487e+06 3.79087e+06 1.09055e+06 746906 707451
threshold=1.5099714285710391 -370.61231428571381 3828.7654000000007 0.15208718494349097 -140.35866428571441
decision_type=2 2 2 2 2
left_child=1 -1 -2 -4 -3
right_child=2 4 3 -5 -6
leaf_value=-8.4666604477838181 1.1839188184419818 -2.6390259587883556 8.1194999021089949 3.3911896325014776 -0.080122049208879026
leaf_weight=150 175 300 191 152 2632
leaf_count=150 175 300 191 152 2632
internal_value=0.000664207 -0.740764 4.40494 6.0401 -0.342758
internal_weight=3600 3082 518 343 2932
internal_count=3600 3082 518 343 2932
is_linear=0
shrinkage=0.05


Tree=24
num_leaves=4
num_cat=0
split_feature=2 2 5
split_gain=4.32093e+06 3.65469e+06 752654
threshold=142.5955714285715 -262.94080714285741 -0.83127174505093859
decision_type=2 2 2
left_child=1 -1 -3
right_child=-2 2 -4
leaf_value=-6.3983438187120365 6.4250493498366383 2.3180910397975594 -0.26690165180612041
leaf_weight=240 243 312 2805
leaf_count=240 243 312 2805
internal_value=0.000651942 -0.46616 -0.00749312
internal_weight=3600 3357 3117
internal_count=3600 3357 3117
is_linear=0
shrinkage=0.05


Tree=25
num_leaves=6
num_cat=0
split_feature=2 0 0 0 1
split_gain=3.90906e+06 3.89209e+06 2.32383e+06 1.17632e+06 553376
threshold=-201.8779142857147 4573.895300000001 5694.8180000000002 5760.8680000000013 -7.7401999999996454
decision_type=2 2 2 2 2
left_child=3 4 -3 -1 -2
right_child=1 2 -4 -5 -6
leaf_value=-2.189990564199265 1.7367348147791692 7.938452899989028 0.18679560968952796 -8.1695129400311099 -0.3908015278048223
leaf_weight=166 347 259 154 164 2510
leaf_count=166 347 259 154 164 2510
internal_value=0.000648179 0.52462 5.05544 -5.17734 -0.131882
internal_weight=3600 3270 413 330 2857
internal_count=3600 3270 413 330 2857
is_linear=0
shrinkage=0.05


Tree=26
num_leaves=4
num_cat=0
split_feature=2 2 2
split_gain=3.6019e+06 3.10414e+06 657881
threshold=142.5955714285715 -370.61231428571381 -140.35866428571441
decision_type=2 2 2
left_child=1 -1 -3
right_child=-2 2 -4
leaf_value=-7.4314607076297534 5.8661651420300132 -2.3208997883966993 0.13465269256736151
leaf_weight=150 243 300 2907
leaf_count=150 243 300 2907
internal_value=0.000603422 -0.425602 -0.0957047
internal_weight=3600 3357 3207
internal_count=3600 3357 3207
is_linear=0
shrinkage=0.05


Tree=27
num_leaves=6
num_cat=0
split_feature=2 2 5 2 0
split_gain=3.31339e+06 2.63453e+06 849042 492210 262463
threshold=1.5099714285710391 -370.61231428571381 -0.94670478576706751 -140.35866428571441 3828.7654000000007
decision_type=2 2 2 2 2
left_child=1 -1 -2 -3 -4
right_child=2 3 4 -5 -6
leaf_value=-7.0623480312082156 6.6233286864168592 -2.2052404195961368 0.91004020187326451 -0.070813224370992106 3.6476477294991918
leaf_weight=150 167 300 175 2632 176
leaf_count=150 167 300 175 2632 176
internal_value=0.00052119 -0.621681 3.69657 -0.289884 2.28921
internal_weight=3600 3082 518 2932 351
internal_count=3600 3082 518 2932 351
is_linear=0
shrinkage=0.05


Tree=28
num_leaves=4
num_cat=0
split_feature=2 2 3
split_gain=2.99526e+06 2.52885e+06 610561
threshold=142.5955714285715 -370.61231428571381 -78.447285416666418
decision_type=2 2 2
left_child=1 -1 -3
right_child=-2 2 -4
leaf_value=-6.7115693401027201 5.349374197130321 1.7830823785720236 -0.34424834365403495
leaf_weight=150 243 382 2825
leaf_count=150 243 382 2825
internal_value=0.000520707 -0.388139 -0.0903757
internal_weight=3600 3357 3207
internal_count=3600 3357 3207
is_linear=0
shrinkage=0.05


Tree=29
num_leaves=6
num_cat=0
split_feature=2 2 5 2 0
split_gain=2.78547e+06 2.14253e+06 736537 441560 223793
threshold=1.5099714285710391 -370.61231428571381 -0.94670478576706751 -140.35866428571441 3828.7654000000007
decision_type=2 2 2 2 2
left_child=1 -1 -2 -3 -4
right_child=2 3 4 -5 -6
leaf_value=-6.3782133020312584 6.1151245010750639 -2.0849036081684784 0.80549740222367372 -0.063278014092567142 3.3330724662306626
leaf_weight=150 167 300 175 2632 176
leaf_count=150 167 300 175 2632 176
internal_value=0.000495718 -0.569989 3.38933 -0.27077 2.07875
internal_weight=3600 3082 518 2932 351
internal_count=3600 3082 518 2932 351
is_linear=0
shrinkage=0.05


Tree=30
num_leaves=6
num_cat=0
split_feature=2 2 5 2 0
split_gain=2.51539e+06 1.93502e+06 665152 398651 202093
threshold=1.5099714285710391 -370.61231428571381 -0.94670478576706751 -140.35866428571441 3828.7654000000007
decision_type=2 2 2 2 2
left_child=1 -1 -2 -3 -4
right_child=2 3 4 -5 -6
leaf_value=-6.0614146484049742 5.8111883511145912 -1.9810047622534921 0.76545141000639316 -0.060115300921848462 3.1673603833731963
leaf_weight=150 167 300 175 2632 176
leaf_count=150 167 300 175 2632 176
internal_value=0.000494931 -0.541628 3.22085 -0.257268 1.9754
internal_weight=3600 3082 518 2932 351
internal_count=3600 3082 518 2932 351
is_linear=0
shrinkage=0.05


Tree=31
num_leaves=4
num_cat=0
split_feature=2 0 1
split_gain=2.29275e+06 1.8988e+06 707552
threshold=142.5955714285715 5994.2434500000008 -66.654649999999819
decision_type=2 2 2
left_child=1 2 -1
right_child=-2 -3 -4
leaf_value=2.4016523755560577 4.6802399562519108 -5.2495295391287859 -0.27877291596428894
leaf_weight=268 243 185 2904
leaf_count=268 243 185 2904
internal_value=0.000492981 -0.339548 -0.0516202
internal_weight=3600 3357 3172
internal_count=3600 3357 3172
is_linear=0
shrinkage=0.05


Tree=32
num_leaves=6
num_cat=0
split_feature=2 0 0 0 1
split_gain=2.1193e+06 2.55147e+06 1.84667e+06 889164 325673
threshold=-201.8779142857147 4573.895300000001 5694.8180000000002 5573.7132000000011 -7.7401999999996454
decision_type=2 2 2 2 2
left_child=3 4 -3 -1 -2
right_child=1 2 -4 -5 -6
leaf_value=-0.92365040125062814 1.2882978262160316 6.6247802786185197 -0.28248541385896747 -6.1430678963294776 -0.34385337812291206
leaf_weight=148 347 259 154 182 2510
leaf_count=148 347 259 154 182 2510
internal_value=0.000489894 0.386295 4.05473 -3.8121 -0.145237
internal_weight=3600 3270 413 330 2857
internal_count=3600 3270 413 330 2857
is_linear=0
shrinkage=0.05


Tree=33
num_leaves=6
num_cat=0
split_feature=2 0 0 0 1
split_gain=1.91379e+06 2.30357e+06 1.66731e+06 807083 293992
threshold=-201.8779142857147 4573.895300000001 5694.8180000000002 5760.8680000000013 -7.7401999999996454
decision_type=2 2 2 2 2
left_child=3 4 -3 -1 -2
right_child=1 2 -4 -5 -6
leaf_value=-1.1532818601159993 1.2240680319487236 6.2948152569280218 -0.26845217135644733 -6.0998202050635308 -0.32666753220061462
leaf_weight=166 347 259 154 164 2510
leaf_count=166 347 259 154 164 2510
internal_value=0.000468475 0.367091 3.85276 -3.62256 -0.137959
internal_weight=3600 3270 413 330 2857
internal_count=3600 3270 413 330 2857
is_linear=0
shrinkage=0.05


Tree=34
num_leaves=4
num_cat=0
split_feature=2 2 3
split_gain=1.75374e+06 1.52959e+06 586887
threshold=187.88638571428558 -370.61231428571381 -78.447285416666418
decision_type=2 2 2
left_child=1 -1 -3
right_child=-2 2 -4
leaf_value=-5.1796174049377441 4.6757231734300921 1.7774084774276178 -0.2805779045347076
leaf_weight=150 189 393 2868
leaf_count=150 189 393 2868
internal_value=0.000440463 -0.259907 -0.0320905
internal_weight=3600 3411 3261
internal_count=3600 3411 3261
is_linear=0
shrinkage=0.05


Tree=35
num_leaves=4
num_cat=0
split_feature=3 1 2
split_gain=1.75735e+06 3.95741e+06 1.41442e+06
threshold=-166.66348368055557 -262.93449999999979 -201.8779142857147
decision_type=2 2 2
left_child=-1 -2 -3
right_child=1 2 -4
leaf_value=-5.3921026440324455 6.5781135311748784 -3.3203366003547914 0.12971877901072054
leaf_weight=144 228 330 2898
leaf_count=144 228 330 2898
internal_value=0.000432225 0.226616 -0.223901
internal_weight=3600 3456 3228
internal_count=3600 3456 3228
is_linear=0
shrinkage=0.05


Tree=36
num_leaves=4
num_cat=0
split_feature=3 1 2
split_gain=1.58714e+06 3.57321e+06 1.30871e+06
threshold=-166.66348368055557 -262.93449999999979 -370.61231428571381
decision_type=2 2 2
left_child=-1 -2 -3
right_child=1 2 -4
leaf_value=-5.1243568500157064 6.2506442397182163 -4.7574342049312914 0.010193305013482933
leaf_weight=144 228 150 3078
leaf_count=144 228 150 3078
internal_value=0.000382785 0.215334 -0.212755
internal_weight=3600 3456 3228
internal_count=3600 3456 3228
is_linear=0
shrinkage=0.05


Tree=37
num_leaves=4
num_cat=0
split_feature=3 1 3
split_gain=1.43341e+06 3.22633e+06 1.19774e+06
threshold=-166.66348368055557 -262.93449999999979 -78.447285416666418
decision_type=2 2 2
left_child=-1 -2 -3
right_child=1 2 -4
leaf_value=-4.8699060698727088 5.9394767523332455 3.1963383051753045 -0.47491524314526529
leaf_weight=144 228 239 2989
leaf_count=144 228 239 2989
internal_value=0.000313361 0.204589 -0.202191
internal_weight=3600 3456 3228
internal_count=3600 3456 3228
is_linear=0
shrinkage=0.05


Tree=38
num_leaves=4
num_cat=0
split_feature=0 5 3
split_gain=1.3783e+06 1.76679e+06 577901
threshold=5994.2434500000008 -0.94670478576706751 -78.447285416666418
decision_type=2 2 2
left_child=1 -1 -3
right_child=-2 2 -4
leaf_value=4.7081503456917364 -4.1443938249663308 1.7538635760430219 -0.30660848978302502
leaf_weight=206 189 386 2819
leaf_count=206 189 386 2819
internal_value=0.000350335 0.231154 -0.0579821
internal_weight=3600 3411 3205
internal_count=3600 3411 3205
is_linear=0
shrinkage=0.05


Tree=39
num_leaves=4
num_cat=0
split_feature=3 1 2
split_gain=1.34904e+06 2.82939e+06 1.13459e+06
threshold=-166.66348368055557 -262.93449999999979 -201.8779142857147
decision_type=2 2 2
left_child=-1 -2 -3
right_child=1 2 -4
leaf_value=-4.7243540578875054 5.5690588060945405 -2.955676117701473 0.13430309858672365
leaf_weight=144 228 330 2898
leaf_count=144 228 330 2898
internal_value=0.000360738 0.198534 -0.182404
internal_weight=3600 3456 3228
internal_count=3600 3456 3228
is_linear=0
shrinkage=0.05


Tree=40
num_leaves=4
num_cat=0
split_feature=3 1 2
split_gain=1.21837e+06 2.5547e+06 1.05129e+06
threshold=-166.66348368055557 -262.93449999999979 -370.61231428571381
decision_type=2 2 2
left_child=-1 -2 -3
right_child=1 2 -4
leaf_value=-4.4897653744138522 5.2918217863578469 -4.2465940283623755 0.026489042347347287
leaf_weight=144 228 150 3078
leaf_count=144 228 150 3078
internal_value=0.000315266 0.188647 -0.173328
internal_weight=3600 3456 3228
internal_count=3600 3456 3228
is_linear=0
shrinkage=0.05


Tree=41
num_leaves=4
num_cat=0
split_feature=0 5 3
split_gain=1.15149e+06 1.4775e+06 590236
threshold=5994.2434500000008 -0.94670478576706751 -78.447285416666418
decision_type=2 2 2
left_child=1 -1 -3
right_child=-2 2 -4
leaf_value=4.3053097216115486 -3.7881418446490644 1.7778825286207891 -0.30446279524567915
leaf_weight=206 189 386 2819
leaf_count=206 189 386 2819
internal_value=0.000252046 0.211212 -0.0531954
internal_weight=3600 3411 3205
internal_count=3600 3411 3205
is_linear=0
shrinkage=0.05


Tree=42
num_leaves=5
num_cat=0
split_feature=3 3 0 2
split_gain=1.15031e+06 2.27454e+06 5.78624e+06 1.23967e+06
threshold=-166.66348368055557 -75.113009722222259 1839.1758500000003 -182.48904285714318
decision_type=2 2 2 2
left_child=-1 2 -2 -3
right_child=1 3 -4 -5
leaf_value=-4.362597597714128 -0.54800459112545175 -3.104744248011051 11.67650608442826 0.06355980973207867
leaf_weight=144 287 348 145 2676
leaf_count=144 287 348 145 2676
internal_value=0.000267088 0.183262 3.57262 -0.301952
internal_weight=3600 3456 432 3024
internal_count=3600 3456 432 3024
is_linear=0
shrinkage=0.05


Tree=43
num_leaves=4
num_cat=0
split_feature=3 1 3
split_gain=1.03894e+06 2.07762e+06 886615
threshold=-166.66348368055557 -262.93449999999979 -78.447285416666418
decision_type=2 2 2
left_child=-1 -2 -3
right_child=1 2 -4
leaf_value=-4.145972063870266 4.776289859114776 2.7717717815314735 -0.38686614918207946
leaf_weight=144 228 239 2989
leaf_count=144 228 239 2989
internal_value=0.000305435 0.174216 -0.152216
internal_weight=3600 3456 3228
internal_count=3600 3456 3228
is_linear=0
shrinkage=0.05


Tree=44
num_leaves=5
num_cat=0
split_feature=0 5 2 3
split_gain=1.03128e+06 2.32875e+06 697817 447762
threshold=5694.8180000000002 -0.91509365977396839 -239.49374999999961 -78.447285416666418
decision_type=2 2 2 2
left_child=1 -1 -2 -3
right_child=2 3 -4 -5
leaf_value=5.9477943490123195 -5.1115280857586098 1.5745249475320182 -0.47625772668871769 -0.26797981017501343
leaf_weight=170 154 374 171 2731
leaf_count=170 154 374 171 2731
internal_value=0.000332037 0.267216 -2.6816 -0.045613
internal_weight=3600 3275 325 3105
internal_count=3600 3275 325 3105
is_linear=0
shrinkage=0.05


Tree=45
num_leaves=5
num_cat=0
split_feature=3 3 0 2
split_gain=979109 1.84549e+06 5.11873e+06 1.02731e+06
threshold=-166.66348368055557 -75.113009722222259 1839.1758500000003 -182.48904285714318
decision_type=2 2 2 2
left_child=-1 2 -2 -3
right_child=1 3 -4 -5
leaf_value=-4.024786954090513 -0.65303914075096448 -2.8193526590963494 10.844345627071924 0.064836840962223655
leaf_weight=144 287 348 145 2676
leaf_count=144 287 348 145 2676
internal_value=0.00033858 0.169168 3.22217 -0.267896
internal_weight=3600 3456 432 3024
internal_count=3600 3456 432 3024
is_linear=0
shrinkage=0.05


Tree=46
num_leaves=5
num_cat=0
split_feature=0 5 2 3
split_gain=901511 2.03563e+06 579698 402937
threshold=5694.8180000000002 -0.91509365977396839 -239.49374999999961 -78.447285416666418
decision_type=2 2 2 2
left_child=1 -1 -2 -3
right_child=2 3 -4 -5
leaf_value=5.5609515912351561 -4.7219500168485027 1.4943232038259506 -0.49670629688473639 -0.25352466114422401
leaf_weight=170 154 374 171 2731
leaf_count=170 154 374 171 2731
internal_value=0.000369012 0.249898 -2.50716 -0.0425815
internal_weight=3600 3275 325 3105
internal_count=3600 3275 325 3105
is_linear=0
shrinkage=0.05


Tree=47
num_leaves=5
num_cat=0
split_feature=3 3 5 2
split_gain=921665 1.6016e+06 2.75749e+06 1.16506e+06
threshold=-166.66348368055557 -78.447285416666418 1.0000000180025095e-35 187.88638571428558
decision_type=2 2 2 2
left_child=-1 2 -2 -3
right_child=1 3 -4 -5
leaf_value=-3.9048913217413017 8.59502627454955 -0.37589676298331925 -1.165952583181447 4.1104705487034821
leaf_weight=144 144 3017 144 151
leaf_count=144 144 3017 144 151
internal_value=0.000372545 0.164174 3.72739 -0.160828
internal_weight=3600 3456 288 3168
internal_count=3600 3456 288 3168
is_linear=0
shrinkage=0.05


Tree=48
num_leaves=5
num_cat=0
split_feature=3 3 0 2
split_gain=832452 1.46344e+06 4.35345e+06 865970
threshold=-166.66348368055557 -75.113009722222259 1839.1758500000003 -140.35866428571441
decision_type=2 2 2 2
left_child=-1 2 -2 -3
right_child=1 3 -4 -5
leaf_value=-3.7109932469088456 -0.69868485157429761 -2.3084984445654877 9.904180643656483 0.11171681894190424
leaf_weight=144 287 430 145 2594
leaf_count=144 287 430 145 2594
internal_value=0.000454716 0.156127 2.8748 -0.233077
internal_weight=3600 3456 432 3024
internal_count=3600 3456 432 3024
is_linear=0
shrinkage=0.05


Tree=49
num_leaves=5
num_cat=0
split_feature=0 5 3 3
split_gain=800293 1.70284e+06 506626 344217
threshold=5694.8180000000002 -0.91509365977396839 37.727907291666618 -78.447285416666418
decision_type=2 2 2 2
left_child=1 -1 -2 -3
right_child=2 3 -4 -5
leaf_value=5.0931441455905206 -4.1818116877566691 1.3885807637850445 -0.22546638858239382 -0.226896316226535
leaf_weight=170 175 374 150 2731
leaf_count=170 175 374 150 2731
internal_value=0.000477761 0.235581 -2.3621 -0.0319263
internal_weight=3600 3275 325 3105
internal_count=3600 3275 325 3105
is_linear=0
shrinkage=0.05


Tree=50
num_leaves=5
num_cat=0
split_feature=3 1 3 2
split_gain=778187 1.3136e+06 1.36446e+06 569215
threshold=-166.66348368055557 -66.654649999999819 -37.767641319444458 -370.61231428571381
decision_type=2 2 2 2
left_child=-1 2 -2 -3
right_child=1 3 -4 -5
leaf_value=-3.5879621619191662 4.8013945819263748 -3.2404745594461759 -0.63961082526124446 -0.079808655762018926
leaf_weight=144 282 149 194 2831
leaf_count=144 282 149 194 2831
internal_value=0.000479518 0.150993 2.58715 -0.238876
internal_weight=3600 3456 476 2980
internal_count=3600 3456 476 2980
is_linear=0
shrinkage=0.05


Tree=51
num_leaves=5
num_cat=0
split_feature=0 5 3 3
split_gain=711334 1.48147e+06 491843 327187
threshold=5694.8180000000002 -0.91509365977396839 37.727907291666618 -78.447285416666418
decision_type=2 2 2 2
left_child=1 -1 -2 -3
right_child=2 3 -4 -5
leaf_value=4.7528901675204089 -4.0199241533198142 1.3574758978843691 -0.12244530545165207 -0.21753245309976343
leaf_weight=170 175 374 150 2731
leaf_count=170 175 374 150 2731
internal_value=0.000417419 0.222069 -2.22698 -0.0274453
internal_weight=3600 3275 325 3105
internal_count=3600 3275 325 3105
is_linear=0
shrinkage=0.05


Tree=52
num_leaves=5
num_cat=0
split_feature=3 3 5 2
split_gain=727506 1.2008e+06 2.2681e+06 840288
threshold=-166.66348368055557 -78.447285416666418 1.0000000180025095e-35 187.88638571428558
decision_type=2 2 2 2
left_child=-1 2 -2 -3
right_child=1 3 -4 -5
leaf_value=-3.4692017139237503 7.6460152060410067 -0.31811361753007161 -1.2057567109732794 3.4919682963898313
leaf_weight=144 144 3017 144 151
leaf_count=144 144 3017 144 151
internal_value=0.00042086 0.14595 3.23127 -0.135465
internal_weight=3600 3456 288 3168
internal_count=3600 3456 288 3168
is_linear=0
shrinkage=0.05


Tree=53
num_leaves=4
num_cat=0
split_feature=0 5 3
split_gain=658341 838840 311889
threshold=5994.2434500000008 -0.94670478576706751 -78.447285416666418
decision_type=2 2 2
left_child=1 -1 -3
right_child=-2 2 -4
leaf_value=3.2448482072151807 -2.864031793428095 1.2918191569489101 -0.22188107373371246
leaf_weight=206 189 386 2819
leaf_count=206 189 386 2819
internal_value=0.000485122 0.159998 -0.0392298
internal_weight=3600 3411 3205
internal_count=3600 3411 3205
is_linear=0
shrinkage=0.05


Tree=54
num_leaves=5
num_cat=0
split_feature=3 3 0 2
split_gain=685292 1.04164e+06 3.58814e+06 673631
threshold=-166.66348368055557 -75.113009722222259 1839.1758500000003 -140.35866428571441
decision_type=2 2 2 2
left_child=-1 2 -2 -3
right_child=1 3 -4 -5
leaf_value=-3.3669722128736561 -0.80827665885703448 -2.0171240908545367 8.8171583451031648 0.11745748402400083
leaf_weight=144 287 430 145 2594
leaf_count=144 287 430 145 2594
internal_value=0.000481021 0.141725 2.43538 -0.186637
internal_weight=3600 3456 432 3024
internal_count=3600 3456 432 3024
is_linear=0
shrinkage=0.05


Tree=55
num_leaves=5
num_cat=0
split_feature=3 1 3 2
split_gain=618939 962345 1.08247e+06 451626
threshold=-166.66348368055557 -66.654649999999819 -37.767641319444458 -370.61231428571381
decision_type=2 2 2 2
left_child=-1 2 -2 -3
right_child=1 3 -4 -5
leaf_value=-3.1997847065637854 4.1921250310150553 -2.8726148276329044 -0.65378414627451165 -0.057288086563474762
leaf_weight=144 282 149 194 2831
leaf_count=144 282 149 194 2831
internal_value=0.000495031 0.134727 2.21988 -0.198971
internal_weight=3600 3456 476 2980
internal_count=3600 3456 476 2980
is_linear=0
shrinkage=0.05


Tree=56
num_leaves=5
num_cat=0
split_feature=0 5 3 3
split_gain=602668 1.13704e+06 539648 268569
threshold=5694.8180000000002 -0.91509365977396839 37.727907291666618 -78.447285416666418
decision_type=2 2 2 2
left_child=1 -1 -2 -3
right_child=2 3 -4 -5
leaf_value=4.1737976961317118 -3.9278468746522615 1.2405983446836473 0.15278747636356102 -0.18636518224854282
leaf_weight=170 175 374 150 2731
leaf_count=170 175 374 150 2731
internal_value=0.000434314 0.204455 -2.04979 -0.0141421
internal_weight=3600 3275 325 3105
internal_count=3600 3275 325 3105
is_linear=0
shrinkage=0.05


Tree=57
num_leaves=5
num_cat=0
split_feature=3 3 5 2
split_gain=578593 889767 1.85765e+06 612986
threshold=-166.66348368055557 -78.447285416666418 1.0000000180025095e-35 187.88638571428558
decision_type=2 2 2 2
left_child=-1 2 -2 -3
right_child=1 3 -4 -5
leaf_value=-3.0937817977522983 6.7815674257278449 -0.26803016623200054 -1.228652504230368 2.9861785193807204
leaf_weight=144 144 3017 144 151
leaf_count=144 144 3017 144 151
internal_value=0.000432768 0.130216 2.78606 -0.112028
internal_weight=3600 3456 288 3168
internal_count=3600 3456 288 3168
is_linear=0
shrinkage=0.05


Tree=58
num_leaves=5
num_cat=0
split_feature=0 5 3 3
split_gain=553661 1.03202e+06 633441 225089
threshold=5635.7040500000012 -0.91509365977396839 37.727907291666618 -78.447285416666418
decision_type=2 2 2 2
left_child=1 -1 -2 -3
right_child=2 3 -4 -5
leaf_value=4.2841649899611607 -3.7440169882834256 1.1589450585365295 0.51618159015973408 -0.14755645487976624
leaf_weight=147 198 374 155 2726
leaf_count=147 198 374 155 2726
internal_value=0.000483008 0.205134 -1.87722 0.0103895
internal_weight=3600 3247 353 3100
internal_count=3600 3247 353 3100
is_linear=0
shrinkage=0.05


Tree=59
num_leaves=5
num_cat=0
split_feature=3 1 3 3
split_gain=537633 777437 919577 414008
threshold=-166.66348368055557 -66.654649999999819 -37.767641319444458 122.13220173611104
decision_type=2 2 2 2
left_child=-1 2 -2 -3
right_child=1 3 -4 -5
leaf_value=-2.9821943118654453 3.8175737739214841 -0.46068258361881648 -0.64868746417455192 1.0376508792607408
leaf_weight=144 282 2411 194 569
leaf_count=144 282 2411 194 569
internal_value=0.000487575 0.125593 1.99975 -0.174339
internal_weight=3600 3456 476 2980
internal_count=3600 3456 476 2980
is_linear=0
shrinkage=0.05


Tree=60
num_leaves=5
num_cat=0
split_feature=0 5 3 3
split_gain=517657 867849 451948 223996
threshold=5694.8180000000002 -0.91509365977396839 37.727907291666618 -78.447285416666418
decision_type=2 2 2 2
left_child=1 -1 -2 -3
right_child=2 3 -4 -5
leaf_value=3.6573496637288594 -3.6183408563448625 1.1444737433989844 0.11616714399381978 -0.15870848025650736
leaf_weight=170 175 374 150 2731
leaf_count=170 175 374 150 2731
internal_value=0.000473792 0.189558 -1.89965 -0.00142109
internal_weight=3600 3275 325 3105
internal_count=3600 3275 325 3105
is_linear=0
shrinkage=0.05


Tree=61
num_leaves=5
num_cat=0
split_feature=3 3 5 2
split_gain=502222 730677 1.65363e+06 574079
threshold=-166.66348368055557 -78.447285416666418 1.0000000180025095e-35 -182.48904285714318
decision_type=2 2 2 2
left_child=-1 2 -2 -3
right_child=1 3 -4 -5
leaf_value=-2.8823169374620097 6.2979374957906797 -2.0111170868002368 -1.2591449619161672 0.13855683328213256
leaf_weight=144 144 348 144 2820
leaf_count=144 144 348 144 2820
internal_value=0.000465961 0.121381 2.52811 -0.0981417
internal_weight=3600 3456 288 3168
internal_count=3600 3456 288 3168
is_linear=0
shrinkage=0.05


Tree=62
num_leaves=4
num_cat=0
split_feature=0 5 3
split_gain=464940 610417 287739
threshold=5994.2434500000008 -0.94670478576706751 33.091528125000089
decision_type=2 2 2
left_child=1 -1 -3
right_child=-2 2 -4
leaf_value=2.7660242462575724 -2.4068214481833738 -0.38812438911382313 0.60055758519931801
leaf_weight=206 189 2062 1143
leaf_count=206 189 2062 1143
internal_value=0.0004466 0.134497 -0.0354531
internal_weight=3600 3411 3205
internal_count=3600 3411 3205
is_linear=0
shrinkage=0.05


Tree=63
num_leaves=5
num_cat=0
split_feature=3 3 0 2
split_gain=451423 672395 2.73409e+06 476992
threshold=-166.66348368055557 -75.113009722222259 1839.1758500000003 -140.35866428571441
decision_type=2 2 2 2
left_child=-1 2 -2 -3
right_child=1 3 -4 -5
leaf_value=-2.7326697963681714 -0.8730225680654663 -1.6890715743023947 7.5287357467494607 0.10713619885072992
leaf_weight=144 287 430 145 2594
leaf_count=144 287 430 145 2594
internal_value=0.00043221 0.115069 1.95789 -0.148751
internal_weight=3600 3456 432 3024
internal_count=3600 3456 432 3024
is_linear=0
shrinkage=0.05


Tree=64
num_leaves=5
num_cat=0
split_feature=0 5 3 3
split_gain=431984 737727 604804 200009
threshold=5635.7040500000012 -0.91509365977396839 37.727907291666618 -78.447285416666418
decision_type=2 2 2 2
left_child=1 -1 -2 -3
right_child=2 3 -4 -5
leaf_value=3.629947510522765 -3.4823831099960674 1.099235203854243 0.67956018933118922 -0.13233111476584405
leaf_weight=147 198 374 155 2726
leaf_count=147 198 374 155 2726
internal_value=0.000443108 0.181213 -1.65814 0.016558
internal_weight=3600 3247 353 3100
internal_count=3600 3247 353 3100
is_linear=0
shrinkage=0.05


Tree=65
num_leaves=5
num_cat=0
split_feature=3 3 5 2
split_gain=420141 589439 1.38138e+06 450900
threshold=-166.66348368055557 -78.447285416666418 1.0000000180025095e-35 -182.48904285714318
decision_type=2 2 2 2
left_child=-1 2 -2 -3
right_child=1 3 -4 -5
leaf_value=-2.6362589648674275 5.7182781726944043 -1.781495911980256 -1.1885821441124225 0.12364381476515394
leaf_weight=144 144 348 144 2820
leaf_count=144 144 348 144 2820
internal_value=0.000445849 0.111039 2.27268 -0.086129
internal_weight=3600 3456 288 3168
internal_count=3600 3456 288 3168
is_linear=0
shrinkage=0.05


Tree=66
num_leaves=4
num_cat=0
split_feature=1 2 3
split_gain=408738 622883 355420
threshold=-449.69199999999995 86.096357142857201 122.13220173611104
decision_type=2 2 2
left_child=-1 2 -2
right_child=1 -3 -4
leaf_value=-2.5909540265390323 -0.3002863101053761 2.7830193759464636 1.0716660891870853
leaf_weight=145 2679 204 572
leaf_count=145 2679 204 572
internal_value=0.000426838 0.109901 -0.0586416
internal_weight=3600 3455 3251
internal_count=3600 3455 3251
is_linear=0
shrinkage=0.05


Tree=67
num_leaves=5
num_cat=0
split_feature=0 5 3 3
split_gain=377576 661862 555032 183664
threshold=5635.7040500000012 -0.91509365977396839 37.727907291666618 -78.447285416666418
decision_type=2 2 2 2
left_child=1 -1 -2 -3
right_child=2 3 -4 -5
leaf_value=3.436020474646845 -3.2978029039936452 1.0509602969964345 0.68903962901005389 -0.12921166645102053
leaf_weight=147 198 374 155 2726
leaf_count=147 198 374 155 2726
internal_value=0.000418865 0.169421 -1.55021 0.0134634
internal_weight=3600 3247 353 3100
internal_count=3600 3247 353 3100
is_linear=0
shrinkage=0.05


Tree=68
num_leaves=4
num_cat=0
split_feature=1 2 2
split_gain=380192 561278 323415
threshold=-449.69199999999995 59.191071428571497 -370.61231428571381
decision_type=2 2 2
left_child=-1 2 -2
right_child=1 -3 -4
leaf_value=-2.4988300575785445 -2.3314982964897788 2.3780603077321771 0.038996600620753441
leaf_weight=145 150 251 3054
leaf_count=145 150 251 3054
internal_value=0.000422211 0.106004 -0.0726745
internal_weight=3600 3455 3204
internal_count=3600 3455 3204
is_linear=0
shrinkage=0.05


Tree=69
num_leaves=5
num_cat=0
split_feature=3 1 3 3
split_gain=372935 542255 718317 364492
threshold=-166.66348368055557 -66.654649999999819 -37.767641319444458 122.13220173611104
decision_type=2 2 2 2
left_child=-1 2 -2 -3
right_child=1 3 -4 -5
leaf_value=-2.4837960794876364 3.2764651429948035 -0.4146074897745276 -0.67053872851225049 0.99126802847573625
leaf_weight=144 282 2411 194 569
leaf_count=144 282 2411 194 569
internal_value=0.000367582 0.104563 1.66978 -0.145928
internal_weight=3600 3456 476 2980
internal_count=3600 3456 476 2980
is_linear=0
shrinkage=0.05


Tree=70
num_leaves=4
num_cat=0
split_feature=1 2 2
split_gain=362609 480822 303911
threshold=-449.69199999999995 86.096357142857201 -370.61231428571381
decision_type=2 2 2
left_child=-1 2 -2
right_child=1 -3 -4
leaf_value=-2.440416659098374 -2.235052618127785 2.4520611814464015 0.062028914173076634
leaf_weight=145 150 204 3101
leaf_count=145 150 204 3101
internal_value=0.000358916 0.10347 -0.0446123
internal_weight=3600 3455 3251
internal_count=3600 3455 3251
is_linear=0
shrinkage=0.05


Tree=71
num_leaves=4
num_cat=0
split_feature=0 5 3
split_gain=331738 517240 259545
threshold=5994.2434500000008 -0.94670478576706751 33.091528125000089
decision_type=2 2 2
left_child=1 -1 -3
right_child=-2 2 -4
leaf_value=2.5359130461146866 -2.0330930668115617 -0.3778417077054998 0.56115461218893736
leaf_weight=206 189 2062 1143
leaf_count=206 189 2062 1143
internal_value=0.000310956 0.113543 -0.0428966
internal_weight=3600 3411 3205
internal_count=3600 3411 3205
is_linear=0
shrinkage=0.05


Tree=72
num_leaves=4
num_cat=0
split_feature=1 2 3
split_gain=339591 426543 303866
threshold=-449.69199999999995 59.191071428571497 -44.036250347222214
decision_type=2 2 2
left_child=-1 2 -2
right_child=1 -3 -4
leaf_value=-2.3617332490543794 0.76593486159583746 2.0807550261477159 -0.34406358147188365
leaf_weight=145 832 251 2372
leaf_count=145 832 251 2372
internal_value=0.000304936 0.10009 -0.0556752
internal_weight=3600 3455 3204
internal_count=3600 3455 3204
is_linear=0
shrinkage=0.05


Tree=73
num_leaves=5
num_cat=0
split_feature=3 3 5 2
split_gain=330718 512417 1.24401e+06 350726
threshold=-166.66348368055557 -78.447285416666418 1.0000000180025095e-35 -140.35866428571441
decision_type=2 2 2 2
left_child=-1 2 -2 -3
right_child=1 3 -4 -5
leaf_value=-2.3390462524932008 5.3837304569112847 -1.4112107905116271 -1.1705375756888554 0.1232314038402209
leaf_weight=144 144 430 144 2738
leaf_count=144 144 430 144 2738
internal_value=0.000291648 0.0984125 2.11389 -0.0854216
internal_weight=3600 3456 288 3168
internal_count=3600 3456 288 3168
is_linear=0
shrinkage=0.05


Tree=74
num_leaves=5
num_cat=0
split_feature=1 2 0 3
split_gain=316803 380422 625497 282669
threshold=-449.69199999999995 0.10064285714285716 4573.895300000001 172.91008020833354
decision_type=2 2 2 2
left_child=-1 3 -3 -2
right_child=1 2 -4 -5
leaf_value=-2.2811250753598671 -0.20425421161159618 -0.01101895371102728 3.9926159584258176 2.057903743386269
leaf_weight=145 2899 255 157 144
leaf_count=145 2899 255 157 144
internal_value=0.000285209 0.0966641 1.52061 -0.0965641
internal_weight=3600 3455 412 3043
internal_count=3600 3455 412 3043
is_linear=0
shrinkage=0.05


Tree=75
num_leaves=5
num_cat=0
split_feature=0 3 5 3
split_gain=313261 571550 539573 177382
threshold=5635.7040500000012 37.727907291666618 -0.91509365977396839 -78.447285416666418
decision_type=2 2 2 2
left_child=2 -2 -1 -4
right_child=1 -3 3 -5
leaf_value=3.1036805918087831 -3.1856475041739305 0.85940623497351631 1.0330405401905378 -0.12677119543866761
leaf_weight=147 198 155 374 2726
leaf_count=147 198 155 374 2726
internal_value=0.0003203 -1.41208 0.154258 0.0134425
internal_weight=3600 353 3247 3100
internal_count=3600 353 3247 3100
is_linear=0
shrinkage=0.05


Tree=76
num_leaves=4
num_cat=0
split_feature=3 1 3
split_gain=300114 471972 313964
threshold=-166.66348368055557 -301.43605000000019 122.13220173611104
decision_type=2 2 2
left_child=-1 -2 -3
right_child=1 2 -4
leaf_value=-2.2281418372022697 2.4451797906735644 -0.27903210925009886 1.0066973823298615
leaf_weight=144 200 2680 576
leaf_count=144 200 2680 576
internal_value=0.000327652 0.0937982 -0.0513419
internal_weight=3600 3456 3256
internal_count=3600 3456 3256
is_linear=0
shrinkage=0.05


Tree=77
num_leaves=5
num_cat=0
split_feature=1 2 0 2
split_gain=314394 332885 556498 244196
threshold=-449.69199999999995 0.10064285714285716 4573.895300000001 -370.61231428571381
decision_type=2 2 2 2
left_child=-1 3 -3 -2
right_child=1 2 -4 -5
leaf_value=-2.2723940462690511 -2.044629938752446 -0.016312747994379605 3.7600257366518437 0.01788831622122844
leaf_weight=145 150 255 157 2893
leaf_count=145 150 255 157 2893
internal_value=0.000324393 0.0963361 1.42835 -0.0844186
internal_weight=3600 3455 412 3043
internal_count=3600 3455 412 3043
is_linear=0
shrinkage=0.05


Tree=78
num_leaves=5
num_cat=0
split_feature=0 3 5 3
split_gain=284809 529714 457908 173564
threshold=5635.7040500000012 37.727907291666618 -0.91509365977396839 -78.447285416666418
decision_type=2 2 2 2
left_child=2 -2 -1 -4
right_child=1 -3 3 -5
leaf_value=2.8641528344033542 -3.0538684115862131 0.84027671859814568 1.0259218405087791 -0.1213409272836727
leaf_weight=147 198 155 374 2726
leaf_count=147 198 155 374 2726
internal_value=0.00030046 -1.34643 0.147081 0.017357
internal_weight=3600 353 3247 3100
internal_count=3600 353 3247 3100
is_linear=0
shrinkage=0.05


Tree=79
num_leaves=5
num_cat=0
split_feature=1 2 0 3
split_gain=291328 299714 499236 243537
threshold=-449.69199999999995 0.10064285714285716 4573.895300000001 172.91008020833354
decision_type=2 2 2 2
left_child=-1 3 -3 -2
right_child=1 2 -4 -5
leaf_value=-2.1874548618515877 -0.17874512951833935 -0.011697730325977318 3.5650956687859345 1.9209960504235892
leaf_weight=145 2899 255 157 144
leaf_count=145 2899 255 157 144
internal_value=0.000307037 0.0927298 1.35664 -0.0787833
internal_weight=3600 3455 412 3043
internal_count=3600 3455 412 3043
is_linear=0
shrinkage=0.05


Tree=80
num_leaves=4
num_cat=0
split_feature=3 1 3
split_gain=267009 435983 280667
threshold=-166.66348368055557 -301.43605000000019 122.13220173611104
decision_type=2 2 2
left_child=-1 -2 -3
right_child=1 2 -4
leaf_value=-2.1016375401924399 2.3484552994222194 -0.26627420342559638 0.94936711861521172
leaf_weight=144 200 2680 576
leaf_count=144 200 2680 576
internal_value=0.00033484 0.0884996 -0.0509967
internal_weight=3600 3456 3256
internal_count=3600 3456 3256
is_linear=0
shrinkage=0.05


Tree=81
num_leaves=5
num_cat=0
split_feature=1 3 0 2
split_gain=281374 306437 504747 308296
threshold=-449.69199999999995 -78.447285416666418 0.0069000000000000008 -182.48904285714318
decision_type=2 2 2 2
left_child=-1 2 -2 -3
right_child=1 3 -4 -5
leaf_value=-2.1497296418229195 -0.041709652622189147 -1.4718416474951717 3.7253921799919234 0.10614502345629317
leaf_weight=145 225 348 146 2736
leaf_count=145 225 348 146 2736
internal_value=0.000331001 0.091161 1.44679 -0.0723351
internal_weight=3600 3455 371 3084
internal_count=3600 3455 371 3084
is_linear=0
shrinkage=0.05


Tree=82
num_leaves=4
num_cat=0
split_feature=0 5 3
split_gain=255125 421262 228692
threshold=5994.2434500000008 -0.94670478576706751 33.091528125000089
decision_type=2 2 2
left_child=1 -1 -3
right_child=-2 2 -4
leaf_value=2.2857203871326677 -1.7828944432421736 -0.35597048716270197 0.52544903835677381
leaf_weight=206 189 2062 1143
leaf_count=206 189 2062 1143
internal_value=0.00031679 0.0996163 -0.0415638
internal_weight=3600 3411 3205
internal_count=3600 3411 3205
is_linear=0
shrinkage=0.05


Tree=83
num_leaves=5
num_cat=0
split_feature=1 3 0 2
split_gain=263704 283087 454864 270772
threshold=-449.69199999999995 -78.447285416666418 0.0069000000000000008 -140.35866428571441
decision_type=2 2 2 2
left_child=-1 2 -2 -3
right_child=1 3 -4 -5
leaf_value=-2.0811452003884807 -0.021913647440682471 -1.2313142972775755 3.5542763690964705 0.11982480678637204
leaf_weight=145 225 430 146 2654
leaf_count=145 225 430 146 2654
internal_value=0.000310287 0.0882421 1.3912 -0.0689017
internal_weight=3600 3455 371 3084
internal_count=3600 3455 371 3084
is_linear=0
shrinkage=0.05


Tree=84
num_leaves=4
num_cat=0
split_feature=3 1 3
split_gain=252298 416225 260763
threshold=-166.66348368055557 -301.43605000000019 122.13220173611104
decision_type=2 2 2
left_child=-1 -2 -3
right_child=1 2 -4
leaf_value=-2.0429484519876282 2.2941545910354875 -0.25780109923422556 0.91394392142985892
leaf_weight=144 200 2680 576
leaf_count=144 200 2680 576
internal_value=0.000299484 0.0860011 -0.0502975
internal_weight=3600 3456 3256
internal_count=3600 3456 3256
is_linear=0
shrinkage=0.05


Tree=85
num_leaves=5
num_cat=0
split_feature=1 3 0 3
split_gain=255161 270376 1.56921e+06 576358
threshold=-449.69199999999995 -40.144589236111294 4448.4712000000009 33.091528125000089
decision_type=2 2 2 2
left_child=-1 2 -2 -3
right_child=1 3 -4 -5
leaf_value=-2.0471634033608113 0.014319078313747888 -1.1478541171910723 5.5339920923012462 0.46007001579752105
leaf_weight=145 1038 978 146 1293
leaf_count=145 1038 978 146 1293
internal_value=0.000297118 0.0867928 0.69905 -0.232579
internal_weight=3600 3455 1184 2271
internal_count=3600 3455 1184 2271
is_linear=0
shrinkage=0.05


Tree=86
num_leaves=5
num_cat=0
split_feature=0 3 5 3
split_gain=255041 511390 368709 153322
threshold=5635.7040500000012 37.727907291666618 -0.91509365977396839 -78.447285416666418
decision_type=2 2 2 2
left_child=2 -2 -1 -4
right_child=1 -3 3 -5
leaf_value=2.5773324459489135 -2.951790810350198 0.87422093428098246 0.97073945001761119 -0.10754950615646729
leaf_weight=147 198 155 374 2726
leaf_count=147 198 155 374 2726
internal_value=0.000321324 -1.27409 0.13922 0.0228119
internal_weight=3600 353 3247 3100
internal_count=3600 353 3247 3100
is_linear=0
shrinkage=0.05


Tree=87
num_leaves=5
num_cat=0
split_feature=1 3 3 3
split_gain=235949 271389 3.01398e+06 1.13175e+06
threshold=-449.69199999999995 55.276023263888767 37.727907291666618 122.13220173611104
decision_type=2 2 2 2
left_child=-1 2 -2 -3
right_child=1 3 -4 -5
leaf_value=-1.9685478616250707 -0.072309176183978419 -2.5418673999590315 7.359722204249481 0.84259099256218239
leaf_weight=145 2304 431 144 576
leaf_count=145 2304 431 144 576
internal_value=0.000324178 0.0834998 0.367696 -0.607055
internal_weight=3600 3455 2448 1007
internal_count=3600 3455 2448 1007
is_linear=0
shrinkage=0.05


Tree=88
num_leaves=5
num_cat=0
split_feature=3 3 3 3
split_gain=238910 1.52712e+06 1.09342e+06 672783
threshold=156.17226250000024 141.11627604166691 172.91008020833354 55.276023263888767
decision_type=2 2 2 2
left_child=1 3 -2 -1
right_child=2 -3 -4 -5
leaf_value=0.23464451899247032 -4.444856467082583 5.1383376429975032 1.6976301154597053 -1.6531272262183103
leaf_weight=2592 144 144 144 576
leaf_count=2592 144 144 144 576
internal_value=0.000358224 0.120627 -1.37837 -0.109
internal_weight=3600 3312 288 3168
internal_count=3600 3312 288 3168
is_linear=0
shrinkage=0.05


Tree=89
num_leaves=4
num_cat=0
split_feature=3 1 2
split_gain=228744 393123 207277
threshold=-166.66348368055557 -301.43605000000019 -370.61231428571381
decision_type=2 2 2
left_child=-1 -2 -3
right_child=1 2 -4
leaf_value=-1.9451811895288271 2.2279547762477874 -1.8595520731629127 0.037431228458509692
leaf_weight=144 200 150 3106
leaf_count=144 200 150 3106
internal_value=0.000353819 0.081957 -0.0505046
internal_weight=3600 3456 3256
internal_count=3600 3456 3256
is_linear=0
shrinkage=0.05


Tree=90
num_leaves=5
num_cat=0
split_feature=1 3 0 2
split_gain=231418 250541 392601 239793
threshold=-449.69199999999995 -78.447285416666418 0.0069000000000000008 -262.94080714285741
decision_type=2 2 2 2
left_child=-1 2 -2 -3
right_child=1 3 -4 -5
leaf_value=-1.9495601077602336 -0.004450841076606143 -1.6002944483148291 3.3180472349025765 0.061414006010373459
leaf_weight=145 225 234 146 2850
leaf_count=145 225 234 146 2850
internal_value=0.00031475 0.0826878 1.30846 -0.0651468
internal_weight=3600 3455 371 3084
internal_count=3600 3455 371 3084
is_linear=0
shrinkage=0.05


Tree=91
num_leaves=4
num_cat=0
split_feature=3 1 3
split_gain=212058 370091 210905
threshold=-166.66348368055557 -301.43605000000019 122.13220173611104
decision_type=2 2 2
left_child=-1 -2 -3
right_child=1 2 -4
leaf_value=-1.8729319477903432 2.1610523482608559 -0.23626916650258886 0.81752037841381198
leaf_weight=144 200 2680 576
leaf_count=144 200 2680 576
internal_value=0.000296588 0.078867 -0.0496556
internal_weight=3600 3456 3256
internal_count=3600 3456 3256
is_linear=0
shrinkage=0.05


Tree=92
num_leaves=5
num_cat=0
split_feature=1 3 3 3
split_gain=224126 245627 1.3138e+06 989046
threshold=-449.69199999999995 156.17226250000024 141.11627604166691 172.91008020833354
decision_type=2 2 2 2
left_child=-1 2 -2 -3
right_child=1 3 -4 -5
leaf_value=-1.9186172357977254 -0.014364216660987708 -4.230542635177744 4.8578163369770708 1.6114406519922717
leaf_weight=145 3023 144 144 144
leaf_count=145 3023 144 144 144
internal_value=0.000293828 0.0813589 0.208632 -1.31408
internal_weight=3600 3455 3167 288
internal_count=3600 3455 3167 288
is_linear=0
shrinkage=0.05


Tree=93
num_leaves=6
num_cat=0
split_feature=0 3 0 3 3
split_gain=211392 475186 341948 554799 36889.4
threshold=5635.7040500000012 37.727907291666618 3686.5417500000008 -37.767641319444458 -44.036250347222214
decision_type=2 2 2 2 2
left_child=2 -2 4 -4 -1
right_child=1 -3 3 -5 -6
leaf_value=0.20051032958554665 -2.7772642792319537 0.91057860843646221 3.0917863796828158 -0.22905752574955979 -0.20767341777919734
leaf_weight=768 198 155 235 269 1975
leaf_count=768 198 155 235 269 1975
internal_value=0.000283392 -1.15996 0.126738 1.32241 -0.0933565
internal_weight=3600 353 3247 504 2743
internal_count=3600 353 3247 504 2743
is_linear=0
shrinkage=0.05


Tree=94
num_leaves=5
num_cat=0
split_feature=1 3 0 2
split_gain=213456 232437 347104 223426
threshold=-449.69199999999995 -78.447285416666418 0.0069000000000000008 -299.12799285714294
decision_type=2 2 2 2
left_child=-1 2 -2 -3
right_child=1 3 -4 -5
leaf_value=-1.8723956838454285 0.025422853284177527 -1.6578825732556783 3.1496126108023588 0.050508851175161233
leaf_weight=145 225 204 146 2880
leaf_count=145 225 204 146 2880
internal_value=0.000282955 0.0793949 1.26005 -0.0629984
internal_weight=3600 3455 371 3084
internal_count=3600 3455 371 3084
is_linear=0
shrinkage=0.05


Tree=95
num_leaves=4
num_cat=0
split_feature=3 1 3
split_gain=196231 352754 186305
threshold=-166.66348368055557 -301.43605000000019 122.13220173611104
decision_type=2 2 2
left_child=-1 -2 -3
right_child=1 2 -4
leaf_value=-1.80170506354036 2.1086753153385809 -0.22502145951961861 0.76540506452296186
leaf_weight=144 200 2680 576
leaf_count=144 200 2680 576
internal_value=0.000264564 0.0758461 -0.0496297
internal_weight=3600 3456 3256
internal_count=3600 3456 3256
is_linear=0
shrinkage=0.05


Tree=96
num_leaves=5
num_cat=0
split_feature=1 3 3 3
split_gain=207017 234818 2.73229e+06 898067
threshold=-449.69199999999995 55.276023263888767 37.727907291666618 122.13220173611104
decision_type=2 2 2 2
left_child=-1 2 -2 -3
right_child=1 3 -4 -5
leaf_value=-1.8439536244493642 -0.076408710482968697 -2.2876852838012081 6.9998051003649326 0.72720115045844169
leaf_weight=145 2304 431 144 576
leaf_count=145 2304 431 144 576
internal_value=0.000263109 0.0781727 0.342527 -0.564172
internal_weight=3600 3455 2448 1007
internal_count=3600 3455 2448 1007
is_linear=0
shrinkage=0.05


Tree=97
num_leaves=5
num_cat=0
split_feature=3 3 3 3
split_gain=213317 1.19526e+06 893971 540098
threshold=156.17226250000024 141.11627604166691 172.91008020833354 55.276023263888767
decision_type=2 2 2 2
left_child=1 3 -2 -1
right_child=2 -3 -4 -5
leaf_value=0.21868703581067472 -4.0751290124860304 4.5530878758430484 1.4791398176242565 -1.4727188344018298
leaf_weight=2592 144 144 144 576
leaf_count=2592 144 144 144 576
internal_value=0.000298813 0.113943 -1.30249 -0.089209
internal_weight=3600 3312 288 3168
internal_count=3600 3312 288 3168
is_linear=0
shrinkage=0.05


Tree=98
num_leaves=5
num_cat=0
split_feature=3 3 3 3
split_gain=192661 1.0795e+06 807395 487518
threshold=156.17226250000024 141.11627604166691 172.91008020833354 55.276023263888767
decision_type=2 2 2 2
left_child=1 3 -2 -1
right_child=2 -3 -4 -5
leaf_value=0.20775689734041844 -3.8727777486422967 4.3270035321959135 1.4056929136144705 -1.3992105017269298
leaf_weight=2592 144 144 144 576
leaf_count=2592 144 144 144 576
internal_value=0.000293637 0.108296 -1.23781 -0.0847683
internal_weight=3600 3312 288 3168
internal_count=3600 3312 288 3168
is_linear=0
shrinkage=0.05


Tree=99
num_leaves=5
num_cat=0
split_feature=1 3 7 3
split_gain=191278 215242 324296 238570
threshold=-449.69199999999995 -78.447285416666418 -0.25881904510252068 33.091528125000089
decision_type=2 2 2 2
left_child=-1 2 -2 -3
right_child=1 3 -4 -5
leaf_value=-1.7724339761458694 -0.31173630992351975 -0.43540349177809345 2.6408119604146734 0.45552141777652866
leaf_weight=145 180 1791 191 1293
leaf_count=145 180 1791 191 1293
internal_value=0.000288231 0.0751775 1.21132 -0.0618471
internal_weight=3600 3455 371 3084
internal_count=3600 3455 371 3084
is_linear=0
shrinkage=0.05


end of trees

feature_importances:
Column_2=136
Column_3=120
Column_0=63
Column_1=36
Column_5=33
Column_4=3
Column_7=2

parameters:
[boosting: gbdt]
[objective: regression]
[metric: l2]
[tree_learner: serial]
[device_type: cpu]
[data_sample_strategy: bagging]
[data: ]
[valid: ]
[num_iterations: 100]
[learning_rate: 0.05]
[num_leaves: 7]
[num_threads: 1]
[seed: 20250911]
[deterministic: 1]
[force_col_wise: 1]
[force_row_wise: 0]
[histogram_pool_size: -1]
[max_depth: 3]
[min_data_in_leaf: 144]
[min_sum_hessian_in_leaf: 0.001]
[bagging_fraction: 1]
[pos_bagging_fraction: 1]
[neg_bagging_fraction: 1]
[bagging_freq: 0]
[bagging_seed: 20250911]
[bagging_by_query: 0]
[feature_fraction: 1]
[feature_fraction_bynode: 1]
[feature_fraction_seed: 20250911]
[extra_trees: 0]
[extra_seed: 26685]
[early_stopping_round: 0]
[early_stopping_min_delta: 0]
[first_metric_only: 0]
[max_delta_step: 0]
[lambda_l1: 0]
[lambda_l2: 1]
[linear_lambda: 0]
[min_gain_to_split: 0]
[drop_rate: 0.1]
[max_drop: 50]
[skip_drop: 0.5]
[xgboost_dart_mode: 0]
[uniform_drop: 0]
[drop_seed: 2504]
[top_rate: 0.2]
[other_rate: 0.1]
[min_data_per_group: 100]
[max_cat_threshold: 32]
[cat_l2: 10]
[cat_smooth: 10]
[max_cat_to_onehot: 4]
[top_k: 20]
[monotone_constraints: ]
[monotone_constraints_method: basic]
[monotone_penalty: 0]
[feature_contri: ]
[forcedsplits_filename: ]
[refit_decay_rate: 0.9]
[cegb_tradeoff: 1]
[cegb_penalty_split: 0]
[cegb_penalty_feature_lazy: ]
[cegb_penalty_feature_coupled: ]
[path_smooth: 0]
[interaction_constraints: ]
[verbosity: -1]
[saved_feature_importance_type: 0]
[use_quantized_grad: 0]
[num_grad_quant_bins: 4]
[quant_train_renew_leaf: 0]
[stochastic_rounding: 1]
[linear_tree: 0]
[max_bin: 63]
[max_bin_by_feature: ]
[min_data_in_bin: 3]
[bin_construct_sample_cnt: 200000]
[data_random_seed: 20250911]
[is_enable_sparse: 1]
[enable_bundle: 1]
[use_missing: 1]
[zero_as_missing: 0]
[feature_pre_filter: 0]
[pre_partition: 0]
[two_round: 0]
[header: 0]
[label_column: ]
[weight_column: ]
[group_column: ]
[ignore_column: ]
[categorical_feature: ]
[forcedbins_filename: ]
[precise_float_parser: 0]
[parser_config_file: ]
[objective_seed: 19683]
[num_class: 1]
[is_unbalance: 0]
[scale_pos_weight: 1]
[sigmoid: 1]
[boost_from_average: 1]
[reg_sqrt: 0]
[alpha: 0.9]
[fair_c: 1]
[poisson_max_delta_step: 0.7]
[tweedie_variance_power: 1.5]
[lambdarank_truncation_level: 30]
[lambdarank_norm: 1]
[label_gain: ]
[lambdarank_position_bias_regularization: 0]
[eval_at: ]
[multi_error_top_k: 1]
[auc_mu_weights: ]
[num_machines: 1]
[local_listen_port: 12400]
[time_out: 120]
[machine_list_filename: ]
[machines: ]
[gpu_platform_id: -1]
[gpu_device_id: -1]
[gpu_device_id_list: ]
[gpu_use_dp: 0]
[num_gpu: 1]

end of parameters

pandas_categorical:null
