tree
version=v4
num_class=1
num_tree_per_iteration=1
label_index=0
max_feature_idx=7
objective=regression
feature_names=Column_0 Column_1 Column_2 Column_3 Column_4 Column_5 Column_6 Column_7
feature_infos=[0:10105.3207] [-2142.5200999999997:2542.174500000001] [-1776.6499857142862:1359.3598285714288] [-334.19214513888892:502.61053680555551] [-1:1] [-1:1] [-1:1] [-1:1]
tree_sizes=750 756 756 756 759 759 758 755 758 757 762 761 755 760 758 762 765 764 760 761 768 758 757 762 768 593 758 677 760 678 679 677 677 761 677 772 675 763 769 667 676 766 589 767 586 771 762 771 588 766 510 770 586 769 509 765 771 766 509 766 771 597 599 507 763 764 597 510 773 770 761 596 767 593 593 593 591 681 767 581 594 676 581 586 754 587 676 754 589 497 592 496 665 588 580 677 755 495 587 755

Tree=0
num_leaves=7
num_cat=0
split_feature=2 2 3 2 0 2
split_gain=2.02288e+08 1.43918e+08 3.20413e+07 3.00412e+07 1.54745e+07 7.7259e+06
threshold=262.17152142857145 -266.4430214285714 -115.88908020833331 -3.3878357142855995 8751.5481000000018 533.81772857142903
decision_type=2 2 2 2 2 2
left_child=1 4 -2 -3 -1 -4
right_child=2 3 5 -5 -6 -7
leaf_value=-33.716375576954476 24.812396215049631 -21.611664136545336 0.45316436232732649 -11.390823758408166 -52.145172290836854 12.680557822647254
leaf_weight=353 275 819 425 5832 172 188
leaf_count=353 275 819 425 5832 172 188
internal_value=-11.8552 -14.642 10.643 -12.6507 -39.8191 4.23702
internal_weight=8064 7176 888 6651 525 613
internal_count=8064 7176 888 6651 525 613
is_linear=0
shrinkage=1


Tree=1
num_leaves=7
num_cat=0
split_feature=2 2 3 2 3 2
split_gain=1.82635e+08 1.29944e+08 2.89281e+07 2.71156e+07 1.41635e+07 6.97873e+06
threshold=262.17152142857145 -266.4430214285714 -115.88908020833331 -3.3878357142855995 55.872129166666817 533.81772857142903
decision_type=2 2 2 2 2 2
left_child=1 4 -2 -3 -1 -4
right_child=2 3 5 -5 -6 -7
leaf_value=-18.29017245490596 34.840827715539959 -9.2692663840168148 11.694359879174703 0.44113055465248147 -34.846559550379979 23.3154299709532
leaf_weight=264 275 819 425 5832 261 188
leaf_count=264 275 819 425 5832 261 188
internal_value=1.28717e-05 -2.64796 21.3774 -0.755815 -26.5717 15.2906
internal_weight=8064 7176 888 6651 525 613
internal_count=8064 7176 888 6651 525 613
is_linear=0
shrinkage=0.05


Tree=2
num_leaves=7
num_cat=0
split_feature=2 2 3 0 2 2
split_gain=1.64891e+08 1.17695e+08 2.61173e+07 2.001e+07 1.403e+07 6.30382e+06
threshold=262.17152142857145 -162.59811428571399 -115.88908020833331 8751.5481000000018 -3.3878357142855995 533.81772857142903
decision_type=2 2 2 2 2 2
left_child=1 3 -2 -1 -3 -4
right_child=2 4 5 -5 -6 -7
leaf_value=-16.470413646011963 33.105098351533861 -7.6408784767158897 11.111014499824861 -35.357529895015496 0.41907785921425433 22.155826540094207
leaf_weight=562 275 594 425 188 5832 188
leaf_count=562 275 594 425 188 5832 188
internal_value=6.11239e-05 -2.51599 20.3124 -21.2456 -0.327033 14.5289
internal_weight=8064 7176 888 750 6426 613
internal_count=8064 7176 888 750 6426 613
is_linear=0
shrinkage=0.05


Tree=3
num_leaves=7
num_cat=0
split_feature=2 2 3 2 3 2
split_gain=1.48871e+08 1.07174e+08 2.35797e+07 2.1683e+07 1.27094e+07 5.69418e+06
threshold=262.17152142857145 -266.4430214285714 -115.88908020833331 -3.3878357142855995 55.872129166666817 533.81772857142903
decision_type=2 2 2 2 2 2
left_child=1 4 -2 -3 -1 -4
right_child=2 3 5 -5 -6 -7
leaf_value=-16.280740535664108 31.455840762110725 -8.2852271898890404 10.556767670313519 0.39812752150526676 -31.951690188118523 21.053896411512266
leaf_weight=264 275 819 425 5832 261 188
leaf_count=264 275 819 425 5832 261 188
internal_value=0.000103406 -2.3906 19.3005 -0.67222 -24.1174 13.8052
internal_weight=8064 7176 888 6651 525 613
internal_count=8064 7176 888 6651 525 613
is_linear=0
shrinkage=0.05


Tree=4
num_leaves=7
num_cat=0
split_feature=2 2 2 2 0 3
split_gain=1.34408e+08 9.67868e+07 2.25312e+07 1.64717e+07 1.41431e+07 9.77446e+06
threshold=262.17152142857145 -233.34289999999962 700.85070000000053 -3.3878357142855995 8751.5481000000018 -115.88908020833331
decision_type=2 2 2 2 2 2
left_child=1 4 5 -3 -1 -2
right_child=2 3 -4 -5 -6 -7
leaf_value=-16.384695917771435 23.745011049703109 -7.5169830195055711 36.112492119545905 0.37822454371118369 -33.20641293446662 11.038875046130659
leaf_weight=420 214 744 148 5832 180 526
leaf_count=420 214 744 148 5832 180 526
internal_value=0.000141295 -2.27146 18.3391 -0.516036 -21.4781 14.7404
internal_weight=8064 7176 888 6576 600 740
internal_count=8064 7176 888 6576 600 740
is_linear=0
shrinkage=0.05


Tree=5
num_leaves=7
num_cat=0
split_feature=2 2 2 2 3 3
split_gain=1.21357e+08 8.77997e+07 2.03541e+07 1.75256e+07 1.14095e+07 8.82802e+06
threshold=262.17152142857145 -266.4430214285714 700.85070000000053 -3.3878357142855995 55.872129166666817 -115.88908020833331
decision_type=2 2 2 2 2 2
left_child=1 4 5 -3 -1 -2
right_child=2 3 -4 -5 -6 -7
leaf_value=-14.406067022602514 22.563282192141514 -7.4473209988489391 34.318985122402246 0.35931655983151989 -29.242331218628483 10.487978524427714
leaf_weight=264 214 819 148 5832 261 526
leaf_count=264 214 819 148 5832 261 526
internal_value=0.000222055 -2.15828 17.4261 -0.602963 -21.8234 14.0058
internal_weight=8064 7176 888 6651 525 740
internal_count=8064 7176 888 6651 525 740
is_linear=0
shrinkage=0.05


Tree=6
num_leaves=7
num_cat=0
split_feature=2 2 3 2 0 2
split_gain=1.09574e+08 7.92715e+07 1.84702e+07 1.58188e+07 1.13388e+07 4.42184e+06
threshold=262.17152142857145 -266.4430214285714 -115.88908020833331 -3.3878357142855995 8499.1875000000018 451.92407857142877
decision_type=2 2 2 2 2 2
left_child=1 4 -2 -3 -1 -4
right_child=2 3 5 -5 -6 -7
leaf_value=-14.514572440432685 27.31514249260443 -7.0754088862267581 7.5682547897007026 0.34135382826561061 -29.529071770175815 16.105828052879993
leaf_weight=309 275 819 318 5832 216 295
leaf_count=309 275 819 318 5832 216 295
internal_value=0.000314107 -2.05072 16.5586 -0.572868 -20.7364 11.6964
internal_weight=8064 7176 888 6651 525 613
internal_count=8064 7176 888 6651 525 613
is_linear=0
shrinkage=0.05


Tree=7
num_leaves=7
num_cat=0
split_feature=2 2 2 1 2 3
split_gain=9.89264e+07 7.1903e+07 1.79287e+07 1.43313e+07 7.95754e+06 6.88164e+06
threshold=262.17152142857145 -162.59811428571399 700.85070000000053 860.04374999999993 -3.3878357142855995 -115.88908020833331
decision_type=2 2 2 2 2 2
left_child=1 3 5 -1 -3 -2
right_child=2 4 -4 -5 -6 -7
leaf_value=-12.40936689139706 20.080960783847544 -5.74577787681788 31.585212870732249 -28.11628928064701 0.32428901104887825 9.4183968536202336
leaf_weight=552 214 594 148 198 5832 526
leaf_count=552 214 594 148 198 5832 526
internal_value=0.000299682 -1.94854 15.7335 -16.5879 -0.237616 12.5248
internal_weight=8064 7176 888 750 6426 740
internal_count=8064 7176 888 750 6426 740
is_linear=0
shrinkage=0.05


Tree=8
num_leaves=7
num_cat=0
split_feature=2 2 2 2 0 3
split_gain=8.9321e+07 6.52583e+07 1.61961e+07 1.26837e+07 9.96101e+06 6.21533e+06
threshold=262.17152142857145 -266.4430214285714 700.85070000000053 -3.3878357142855995 8499.1875000000018 -115.88908020833331
decision_type=2 2 2 2 2 2
left_child=1 4 5 -3 -1 -2
right_child=2 3 -4 -5 -6 -7
leaf_value=-12.977647901350451 19.081582541687546 -6.3331750619593192 30.016551261300208 0.30807739387836103 -27.043711877858033 8.9483706232266353
leaf_weight=309 214 819 148 5832 216 526
leaf_count=309 214 819 148 5832 216 526
internal_value=0.000378582 -1.85143 14.9503 -0.510551 -18.8052 11.9006
internal_weight=8064 7176 888 6651 525 740
internal_count=8064 7176 888 6651 525 740
is_linear=0
shrinkage=0.05


Tree=9
num_leaves=7
num_cat=0
split_feature=2 2 2 2 3 3
split_gain=8.06484e+07 5.89211e+07 1.46309e+07 1.14484e+07 9.73494e+06 5.61354e+06
threshold=262.17152142857145 -266.4430214285714 700.85070000000053 -3.3878357142855995 55.872129166666817 -115.88908020833331
decision_type=2 2 2 2 2 2
left_child=1 4 5 -3 -1 -2
right_child=2 3 -4 -5 -6 -7
leaf_value=-11.033698267171969 18.131941446259965 -6.0169025806939551 28.525796912660539 0.29267610736023947 -24.713929383354333 8.501800919540468
leaf_weight=264 214 819 148 5832 261 526
leaf_count=264 214 819 148 5832 261 526
internal_value=0.000434013 -1.75918 14.206 -0.485069 -17.8688 11.3074
internal_weight=8064 7176 888 6651 525 740
internal_count=8064 7176 888 6651 525 740
is_linear=0
shrinkage=0.05


Tree=10
num_leaves=7
num_cat=0
split_feature=2 2 3 0 2 3
split_gain=7.28178e+07 5.34803e+07 1.36298e+07 1.20908e+07 5.66272e+06 3.31448e+06
threshold=262.17152142857145 -162.59811428571399 -115.88908020833331 8751.5481000000018 -3.3878357142855995 -11.943363888888596
decision_type=2 2 2 2 2 2
left_child=1 3 -2 -1 -3 -4
right_child=2 4 5 -5 -6 -7
leaf_value=-10.592164699845744 22.737159734273305 -4.8425056197663316 5.9134370704939414 -25.257175316602467 0.27804481140943815 13.318543914023866
leaf_weight=562 275 594 332 188 5832 281
leaf_count=562 275 594 332 188 5832 281
internal_value=0.000497172 -1.67151 13.4988 -14.2969 -0.195963 9.32411
internal_weight=8064 7176 888 750 6426 613
internal_count=8064 7176 888 750 6426 613
is_linear=0
shrinkage=0.05


Tree=11
num_leaves=7
num_cat=0
split_feature=2 2 2 3 0 3
split_gain=6.64778e+07 4.59626e+07 1.89516e+07 8.73494e+06 8.58e+06 5.0606e+06
threshold=161.99380714285715 -266.4430214285714 533.81772857142903 55.872129166666817 1637.1913500000003 -115.88908020833331
decision_type=2 2 2 2 2 2
left_child=1 3 5 -1 -3 -2
right_child=2 4 -4 -5 -6 -7
leaf_value=-9.7406608638223631 12.764226701054522 0.23727727028089182 21.342574315119272 -22.692287836138533 -4.0952371413285373 4.8740706994285388
leaf_weight=264 278 4698 296 261 1509 758
leaf_count=264 278 4698 296 261 1509 758
internal_value=0.000481928 -2.01923 10.2021 -16.2104 -0.816502 7.00158
internal_weight=8064 6732 1332 525 6207 1036
internal_count=8064 6732 1332 525 6207 1036
is_linear=0
shrinkage=0.05


Tree=12
num_leaves=7
num_cat=0
split_feature=2 2 1 3 2 3
split_gain=6.00241e+07 4.67831e+07 1.1172e+07 1.0781e+07 9.76527e+06 4.2351e+06
threshold=404.38748571428602 -137.44282142857216 860.04374999999993 -115.88908020833331 161.99380714285715 -19.505755902777306
decision_type=2 2 2 2 2 2
left_child=1 2 -1 -2 -3 -5
right_child=3 4 -4 5 -6 -7
leaf_value=-9.0321782943630229 26.708354381211969 -0.45839563004524986 -22.595165423945627 6.5704857419623011 5.3800231668883312 17.792990328989873
leaf_weight=624 171 5907 201 201 814 146
leaf_count=624 171 5907 201 201 814 146
internal_value=0.000474557 -1.13062 -12.36 16.4483 0.249408 11.3299
internal_weight=8064 7546 825 518 6721 347
internal_count=8064 7546 825 518 6721 347
is_linear=0
shrinkage=0.05


Tree=13
num_leaves=7
num_cat=0
split_feature=2 2 3 2 0 3
split_gain=5.43826e+07 4.03418e+07 1.11402e+07 8.13085e+06 7.92246e+06 3.4503e+06
threshold=284.33591428571441 -266.4430214285714 -115.88908020833331 -3.3878357142855995 8499.1875000000018 -11.943363888888596
decision_type=2 2 2 2 2 2
left_child=1 4 -2 -3 -1 -4
right_child=2 3 5 -5 -6 -7
leaf_value=-9.5261542750174009 20.895360419619831 -4.9982652881078238 4.7393137372648111 0.31497482556111422 -22.050354902755281 12.662779598620283
leaf_weight=309 255 819 311 5906 216 248
leaf_count=309 255 819 311 5906 216 248
internal_value=0.000601884 -1.37582 12.2465 -0.332742 -14.7111 8.27089
internal_weight=8064 7250 814 6725 525 559
internal_count=8064 7250 814 6725 525 559
is_linear=0
shrinkage=0.05


Tree=14
num_leaves=7
num_cat=0
split_feature=2 2 0 3 2 3
split_gain=5.00445e+07 3.82551e+07 9.61922e+06 8.90112e+06 8.07417e+06 3.5543e+06
threshold=404.38748571428602 -137.44282142857216 8499.1875000000018 -115.88908020833331 161.99380714285715 -19.505755902777306
decision_type=2 2 2 2 2 2
left_child=1 2 -1 -2 -3 -5
right_child=3 4 -4 5 -6 -7
leaf_value=-7.5837370358699552 24.34200667184453 -0.42788817995715295 -19.316551591850555 6.0077952126465224 4.8809797714244967 16.288646184763284
leaf_weight=573 171 5907 252 201 814 146
leaf_count=573 171 5907 252 201 814 146
internal_value=0.000584415 -1.03221 -11.1866 15.0189 0.215715 10.3678
internal_weight=8064 7546 825 518 6721 347
internal_count=8064 7546 825 518 6721 347
is_linear=0
shrinkage=0.05


Tree=15
num_leaves=7
num_cat=0
split_feature=2 2 2 3 3 3
split_gain=4.51926e+07 3.47985e+07 8.79542e+06 8.54338e+06 8.03795e+06 3.21043e+06
threshold=404.38748571428602 -307.26946428571449 -3.3878357142855995 55.872129166666817 -115.88908020833331 -19.505755902777306
decision_type=2 2 2 2 2 2
left_child=1 3 -3 -1 -2 -6
right_child=4 2 -4 -5 5 -7
leaf_value=-7.1958698037873816 23.131983174695527 -4.7583894742051314 0.5437868833677898 -21.024482611074287 5.7088925833159152 15.479754200435821
leaf_weight=215 171 894 6202 235 201 146
leaf_count=215 171 894 6202 235 201 146
internal_value=0.000705141 -0.980752 -0.124792 -14.4481 14.2725 9.85264
internal_weight=8064 7546 7096 450 518 347
internal_count=8064 7546 7096 450 518 347
is_linear=0
shrinkage=0.05


Tree=16
num_leaves=7
num_cat=0
split_feature=2 2 2 0 3 1
split_gain=4.18952e+07 2.92824e+07 1.37196e+07 8.82341e+06 5.36502e+06 4.42108e+06
threshold=161.99380714285715 -450.11785714285719 700.85070000000053 2090.0471500000008 -115.88908020833331 860.04374999999993
decision_type=2 2 2 2 2 2
left_child=1 5 4 -3 -2 -1
right_child=2 3 -4 -5 -6 -7
leaf_value=-10.414468145041631 11.758335240869327 0.19485145724570543 22.406756530512098 -4.0522384733869155 4.2147125168855109 -22.67728714821445
leaf_weight=144 325 4791 148 1641 859 156
leaf_count=144 325 4791 148 1641 859 156
internal_value=0.000743636 -1.60263 8.09938 -0.889173 6.29356 -16.8453
internal_weight=8064 6732 1332 6432 1184 300
internal_count=8064 6732 1332 6432 1184 300
is_linear=0
shrinkage=0.05


Tree=17
num_leaves=7
num_cat=0
split_feature=2 2 2 0 3 0
split_gain=3.78244e+07 2.64464e+07 1.23931e+07 7.96362e+06 4.84404e+06 4.08418e+06
threshold=161.99380714285715 -450.11785714285719 700.85070000000053 2090.0471500000008 -115.88908020833331 8615.837550000002
decision_type=2 2 2 2 2 2
left_child=1 5 4 -3 -2 -1
right_child=2 3 -4 -5 -6 -7
leaf_value=-10.107500634381646 11.17222215751746 0.18511092083997799 21.293937437966367 -3.8497499898149794 4.0042219753459447 -21.881499740600589
leaf_weight=151 325 4791 148 1641 859 149
leaf_count=151 325 4791 148 1641 859 149
internal_value=0.000715312 -1.52277 7.69585 -0.844744 5.97956 -16.0085
internal_weight=8064 6732 1332 6432 1184 300
internal_count=8064 6732 1332 6432 1184 300
is_linear=0
shrinkage=0.05


Tree=18
num_leaves=7
num_cat=0
split_feature=2 2 0 3 2 3
split_gain=3.46154e+07 2.63855e+07 7.60506e+06 6.52838e+06 5.57944e+06 3.06188e+06
threshold=404.38748571428602 -162.59811428571399 8082.4514500000014 -115.88908020833331 161.99380714285715 -19.505755902777306
decision_type=2 2 2 2 2 2
left_child=1 2 -1 -2 -3 -5
right_child=3 4 -4 5 -6 -7
leaf_value=-5.4004128169061412 20.473938088638839 -0.40420751124697879 -15.595605859104545 4.4714265837527742 4.0055828323759188 14.001165182168791
leaf_weight=431 171 5982 319 201 814 146
leaf_count=431 171 5982 319 201 814 146
internal_value=0.00068457 -0.858274 -9.75176 12.4912 0.124493 8.50977
internal_weight=8064 7546 750 518 6796 347
internal_count=8064 7546 750 518 6796 347
is_linear=0
shrinkage=0.05


Tree=19
num_leaves=7
num_cat=0
split_feature=2 2 2 3 1 3
split_gain=3.12595e+07 2.38999e+07 8.43649e+06 5.89528e+06 3.91525e+06 2.76558e+06
threshold=404.38748571428602 -450.11785714285719 -17.252785714285888 -115.88908020833331 860.04374999999993 -19.505755902777306
decision_type=2 2 2 2 2 2
left_child=1 4 -3 -2 -1 -5
right_child=3 2 -4 5 -6 -7
leaf_value=-8.584319007150059 19.456193258041562 -4.5791264860333554 0.42899506277839755 4.2489620656070146 -20.102800470666523 13.305868852057424
leaf_weight=144 171 970 6276 201 156 146
leaf_count=144 171 970 6276 201 156 146
internal_value=0.00078395 -0.815476 -0.241966 11.8704 -14.6208 8.08693
internal_weight=8064 7546 7246 518 300 347
internal_count=8064 7546 7246 518 300 347
is_linear=0
shrinkage=0.05


Tree=20
num_leaves=7
num_cat=0
split_feature=2 2 2 0 4 6
split_gain=2.87156e+07 1.99071e+07 1.01457e+07 6.31158e+06 4.22068e+06 3.54759e+06
threshold=161.99380714285715 -450.11785714285719 700.85070000000053 1637.1913500000003 -0.10884096748385481 -0.043577871373828972
decision_type=2 2 2 2 2 2
left_child=1 5 4 -3 -2 -1
right_child=2 3 -4 -5 -6 -7
leaf_value=-19.18294941486851 1.8430208611890926 0.21331258990172997 19.00850802715993 -3.3155499765036431 7.8468573907033692 -8.2238084791468928
leaf_weight=154 532 4698 148 1734 652 146
leaf_count=154 532 4698 148 1734 652 146
internal_value=0.000770655 -1.32666 6.70562 -0.738399 5.15302 -13.8945
internal_weight=8064 6732 1332 6432 1184 300
internal_count=8064 6732 1332 6432 1184 300
is_linear=0
shrinkage=0.05


Tree=21
num_leaves=7
num_cat=0
split_feature=2 2 3 3 2 3
split_gain=2.59745e+07 1.99371e+07 6.15474e+06 5.21437e+06 4.22023e+06 2.572e+06
threshold=404.38748571428602 -137.44282142857216 55.872129166666817 -115.88908020833331 161.99380714285715 -19.505755902777306
decision_type=2 2 2 2 2 2
left_child=1 2 -1 -2 -3 -5
right_child=3 4 -4 5 -6 -7
leaf_value=-4.3615383466084801 17.953412001354749 -0.30775112400295501 -13.110398167814527 3.5665244954647406 3.5303896114321578 12.29529551707563
leaf_weight=476 171 5907 349 201 814 146
leaf_count=476 171 5907 349 201 814 146
internal_value=0.000720892 -0.743344 -8.07396 10.8205 0.157553 7.26393
internal_weight=8064 7546 825 518 6721 347
internal_count=8064 7546 825 518 6721 347
is_linear=0
shrinkage=0.05


Tree=22
num_leaves=7
num_cat=0
split_feature=2 0 3 2 2 1
split_gain=2.35271e+07 1.81068e+07 1.31628e+07 6.51866e+06 5.38599e+06 1.98159e+06
threshold=284.33591428571441 8374.6634500000018 55.872129166666817 700.85070000000053 -17.252785714285888 -217.56289999999987
decision_type=2 2 2 2 2 2
left_child=1 4 -3 5 -1 -2
right_child=3 2 -4 -5 -6 -7
leaf_value=-3.7749273356242221 7.573751528942025 -3.71744746833012 -22.395541014457123 17.519607373382023 0.25806350920852678 1.4032870271352418
leaf_weight=962 488 231 159 148 5898 178
leaf_count=962 488 231 159 148 5898 178
internal_value=0.000806152 -0.90452 -11.3702 8.05543 -0.307964 5.92916
internal_weight=8064 7250 390 814 6860 666
internal_count=8064 7250 390 814 6860 666
is_linear=0
shrinkage=0.05


Tree=23
num_leaves=7
num_cat=0
split_feature=2 0 3 3 0 0
split_gain=2.15425e+07 1.60134e+07 1.12458e+07 8.23699e+06 5.78083e+06 4.23945e+06
threshold=161.99380714285715 8374.6634500000018 55.872129166666817 -115.88908020833331 5802.6962500000009 1637.1913500000003
decision_type=2 2 2 2 2 2
left_child=1 5 -3 4 -2 -1
right_child=3 2 -4 -5 -6 -7
leaf_value=0.20620590084795071 4.7939906296946786 -3.6471258224759788 -21.313576428995194 3.2900565285931926 17.199591842387289 -2.7280502880278004
leaf_weight=4698 164 209 158 946 222 1667
leaf_count=4698 164 209 158 946 222 1667
internal_value=0.000746378 -1.14899 -11.2901 5.8081 11.9548 -0.562587
internal_weight=8064 6732 367 1332 386 6365
internal_count=8064 6732 367 1332 386 6365
is_linear=0
shrinkage=0.05


Tree=24
num_leaves=7
num_cat=0
split_feature=2 2 2 3 6 3
split_gain=1.99069e+07 1.55013e+07 5.18217e+06 4.17326e+06 2.99761e+06 2.37348e+06
threshold=404.38748571428602 -450.11785714285719 -3.3878357142855995 -115.88908020833331 -0.043577871373828972 -19.505755902777306
decision_type=2 2 2 2 2 2
left_child=1 4 -3 -2 -1 -5
right_child=3 2 -4 5 -6 -7
leaf_value=-16.625533331286523 15.853211933235791 -3.4461074102645002 0.35996107173467717 2.7448200845482327 -6.5677982367625862 11.123607803526379
leaf_weight=154 171 1044 6202 201 146 146
leaf_count=154 171 1044 6202 201 146 146
internal_value=0.000695441 -0.650691 -0.188815 9.47279 -11.7689 6.29202
internal_weight=8064 7546 7246 518 300 347
internal_count=8064 7546 7246 518 300 347
is_linear=0
shrinkage=0.05


Tree=25
num_leaves=5
num_cat=0
split_feature=2 0 2 2
split_gain=1.83962e+07 1.46272e+07 6.69858e+06 1.49243e+06
threshold=533.81772857142903 8751.5481000000018 -17.252785714285888 700.85070000000053
decision_type=2 2 2 2
left_child=1 2 -1 -2
right_child=3 -3 -4 -5
leaf_value=-3.7651644240341966 8.5641174351609006 -13.450842909112362 0.5013143461373889 15.780562091193744
leaf_weight=1071 148 210 6487 148
leaf_count=1071 148 210 6487 148
internal_value=0.000682035 -0.466193 -0.103682 12.2133
internal_weight=8064 7768 7558 296
internal_count=8064 7768 7558 296
is_linear=0
shrinkage=0.05


Tree=26
num_leaves=7
num_cat=0
split_feature=2 0 3 3 6 3
split_gain=1.70671e+07 1.24225e+07 9.75839e+06 6.92437e+06 5.5882e+06 3.66067e+06
threshold=161.99380714285715 8374.6634500000018 55.872129166666817 -115.88908020833331 -0.42261826174069911 -70.478298958333184
decision_type=2 2 2 2 2 2
left_child=1 -1 -3 4 -2 -5
right_child=3 2 -4 5 -6 -7
leaf_value=-0.50617957871265074 17.565179921869646 -2.838207898952422 -19.291090826868263 -3.3300670073918646 5.428600395220216 4.4196089606590645
leaf_weight=6365 170 209 158 190 216 756
leaf_count=6365 170 209 158 190 216 756
internal_value=0.000695219 -1.02267 -9.95464 5.16973 10.8053 2.86125
internal_weight=8064 6732 367 1332 386 946
internal_count=8064 6732 367 1332 386 946
is_linear=0
shrinkage=0.05


Tree=27
num_leaves=6
num_cat=0
split_feature=2 1 0 5 2
split_gain=1.58421e+07 1.27241e+07 9.88452e+06 5.69937e+06 1.37582e+06
threshold=533.81772857142903 162.27579999999992 8499.1875000000018 -0.94670478576706751 700.85070000000053
decision_type=2 2 2 2 2
left_child=1 3 -3 -1 -2
right_child=4 2 -4 -5 -6
leaf_value=6.3446897419272759 7.8358059331874719 -2.8143062543365294 -14.063507179951106 0.03117375818292932 14.755841979764453
leaf_weight=378 148 848 253 6289 148
leaf_count=378 148 848 253 6289 148
internal_value=0.000669443 -0.432585 -5.40969 0.39003 11.3339
internal_weight=8064 7768 1101 6667 296
internal_count=8064 7768 1101 6667 296
is_linear=0
shrinkage=0.05


Tree=28
num_leaves=7
num_cat=0
split_feature=2 2 3 6 0 3
split_gain=1.44162e+07 1.0486e+07 6.1199e+06 5.08515e+06 3.41234e+06 3.38387e+06
threshold=161.99380714285715 -450.11785714285719 -115.88908020833331 -0.42261826174069911 635.24785000000008 -70.478298958333184
decision_type=2 2 2 2 2 2
left_child=1 -1 3 -2 -3 -4
right_child=2 4 5 -5 -6 -7
leaf_value=-10.06127219582317 16.497169555383817 0.2681294018186719 -3.3708439924329987 4.9221006870681796 -2.2106904720437273 4.0796820771731586
leaf_weight=300 170 4406 190 216 2026 756
leaf_count=300 170 4406 190 216 2026 756
internal_value=0.00071094 -0.939829 4.75139 10.0494 -0.51289 2.5813
internal_weight=8064 6732 1332 386 6432 946
internal_count=8064 6732 1332 386 6432 946
is_linear=0
shrinkage=0.05


Tree=29
num_leaves=6
num_cat=0
split_feature=2 1 0 5 2
split_gain=1.36487e+07 1.06709e+07 8.63746e+06 5.10773e+06 1.26826e+06
threshold=533.81772857142903 162.27579999999992 8499.1875000000018 -0.94670478576706751 700.85070000000053
decision_type=2 2 2 2 2
left_child=1 3 -3 -1 -2
right_child=4 2 -4 -5 -6
leaf_value=5.9890409343632669 7.1667197917931835 -2.5332843756191306 -13.048712084753308 0.012202757063524618 13.802962657929269
leaf_weight=378 148 848 253 6289 148
leaf_count=378 148 848 253 6289 148
internal_value=0.000738157 -0.401407 -4.95928 0.35192 10.5201
internal_weight=8064 7768 1101 6667 296
internal_count=8064 7768 1101 6667 296
is_linear=0
shrinkage=0.05


Tree=30
num_leaves=6
num_cat=0
split_feature=2 2 3 2 2
split_gain=1.23265e+07 9.85739e+06 4.31067e+06 3.48833e+06 1.14542e+06
threshold=533.81772857142903 -307.26946428571449 55.872129166666817 161.99380714285715 700.85070000000053
decision_type=2 2 2 2 2
left_child=1 2 -1 -3 -2
right_child=4 3 -4 -5 -6
leaf_value=-2.4215599630165983 6.8107886169880834 -0.38270815003594527 -12.222624244342038 2.7474151001300164 13.117446418376577
leaf_weight=215 148 6282 235 1036 148
leaf_count=215 148 6282 235 1036 148
internal_value=0.000771841 -0.381398 -7.55565 0.0607343 9.99767
internal_weight=8064 7768 450 7318 296
internal_count=8064 7768 450 7318 296
is_linear=0
shrinkage=0.05


Tree=31
num_leaves=6
num_cat=0
split_feature=2 0 2 3 1
split_gain=1.11563e+07 8.66424e+06 3.86195e+06 3.65511e+06 1.32163e+06
threshold=338.4071428571429 8751.5481000000018 -3.3878357142855995 -147.97388888888847 -296.00624999999985
decision_type=2 2 2 2 2
left_child=1 2 -1 -2 -5
right_child=3 -3 -4 4 -6
leaf_value=-2.925527299170823 13.072315332452456 -10.544006072288441 0.24028119369287324 5.7801738510314991 0.17692067872833561
leaf_weight=1145 149 210 6043 370 147
leaf_count=1145 149 210 6043 370 147
internal_value=0.000780661 -0.557532 -0.264348 6.19412 4.1904
internal_weight=8064 7398 7188 666 517
internal_count=8064 7398 7188 666 517
is_linear=0
shrinkage=0.05


Tree=32
num_leaves=6
num_cat=0
split_feature=2 1 0 5 2
split_gain=1.02851e+07 8.45051e+06 7.04729e+06 4.5233e+06 1.00983e+06
threshold=533.81772857142903 162.27579999999992 8499.1875000000018 -0.94670478576706751 700.85070000000053
decision_type=2 2 2 2 2
left_child=1 3 -3 -1 -2
right_child=4 2 -4 -5 -6
leaf_value=5.626892843174117 6.1436332330607728 -2.2131496761709419 -11.711251404388683 0.0023799713425610709 12.059929570735703
leaf_weight=378 148 848 253 6289 148
leaf_count=378 148 848 253 6289 148
internal_value=0.000777599 -0.348315 -4.40438 0.32207 9.13243
internal_weight=8064 7768 1101 6667 296
internal_count=8064 7768 1101 6667 296
is_linear=0
shrinkage=0.05


Tree=33
num_leaves=7
num_cat=0
split_feature=2 0 3 3 6 3
split_gain=9.48565e+06 7.03013e+06 7.14307e+06 4.96222e+06 4.62997e+06 3.24275e+06
threshold=161.99380714285715 8374.6634500000018 55.872129166666817 -115.88908020833331 -0.42261826174069911 -70.478298958333184
decision_type=2 2 2 2 2 2
left_child=1 -1 -3 4 -2 -5
right_child=3 2 -4 5 -6 -7
leaf_value=-0.37358745024005552 14.774968082862991 -1.3984654475393752 -15.468497939717095 -3.9241808966972442 3.738391761172752 3.3680948048185364
leaf_weight=6365 170 209 158 190 216 756
leaf_count=6365 170 209 158 190 216 756
internal_value=0.000800142 -0.762131 -7.48144 3.85437 8.62468 1.90088
internal_weight=8064 6732 367 1332 386 946
internal_count=8064 6732 367 1332 386 946
is_linear=0
shrinkage=0.05


Tree=34
num_leaves=6
num_cat=0
split_feature=2 2 2 6 2
split_gain=8.85798e+06 7.25101e+06 2.55415e+06 2.48674e+06 933540
threshold=533.81772857142903 -450.11785714285719 -3.3878357142855995 -0.043577871373828972 700.85070000000053
decision_type=2 2 2 2 2
left_child=1 3 -3 -1 -2
right_child=4 2 -4 -5 -6
leaf_value=-12.34627743751772 5.6056803677706117 -2.3090416680128452 0.35633416392636791 -3.2231611829225706 11.28791374270148
leaf_weight=154 148 1044 6424 146 148
leaf_count=154 148 1044 6424 146 148
internal_value=0.000764574 -0.323205 -0.0165352 -7.93182 8.47524
internal_weight=8064 7768 7468 300 296
internal_count=8064 7768 7468 300 296
is_linear=0
shrinkage=0.05


Tree=35
num_leaves=7
num_cat=0
split_feature=1 2 0 6 6 5
split_gain=8.23515e+06 8.23453e+06 6.32295e+06 3.28498e+06 2.78409e+06 2.40318e+06
threshold=75.674600000000069 193.46249999999966 8499.1875000000018 0.60818202301879265 -0.57357643635104605 -0.94670478576706751
decision_type=2 2 2 2 2 2
left_child=1 5 4 -3 -2 -1
right_child=2 3 -4 -5 -6 -7
leaf_value=5.9310420326343403 -4.9181065716529746 6.7508420244238962 -10.49060188223654 0.82685835157436416 0.16987181411592511 -0.21163805995912149
leaf_weight=163 448 703 262 351 670 5467
leaf_count=163 448 703 262 351 670 5467
internal_value=0.000722473 0.726866 -3.51432 4.78071 -1.87153 -0.0327732
internal_weight=8064 6684 1380 1054 1118 5630
internal_count=8064 6684 1380 1054 1118 5630
is_linear=0
shrinkage=0.05


Tree=36
num_leaves=6
num_cat=0
split_feature=2 2 6 2 2
split_gain=7.53324e+06 6.07223e+06 2.17911e+06 2.15842e+06 835594
threshold=533.81772857142903 -450.11785714285719 -0.043577871373828972 161.99380714285715 700.85070000000053
decision_type=2 2 2 2 2
left_child=1 2 -1 -3 -2
right_child=4 3 -4 -5 -6
leaf_value=-11.392864123236748 5.1036248015077321 -0.35868966833766641 -2.8545320449232245 2.0994273658758553 10.475521758098731
leaf_weight=154 148 6432 146 1036 148
leaf_count=154 148 6432 146 1036 148
internal_value=0.0006743 -0.298089 -7.26083 -0.0174514 7.8158
internal_weight=8064 7768 300 7468 296
internal_count=8064 7768 300 7468 296
is_linear=0
shrinkage=0.05


Tree=37
num_leaves=7
num_cat=0
split_feature=1 5 0 2 3 6
split_gain=7.11852e+06 6.96498e+06 5.48119e+06 4.3428e+06 2.8217e+06 2.44495e+06
threshold=75.674600000000069 -0.91509365977396839 8499.1875000000018 338.4071428571429 -115.88908020833331 -0.57357643635104605
decision_type=2 2 2 2 2 2
left_child=1 4 5 -3 -1 -2
right_child=2 3 -4 -5 -6 -7
leaf_value=11.279265014653983 -4.5928633138902475 -0.16289160555155152 -9.7627326171887692 5.4120202352783533 3.6358863979650353 0.1751394383642606
leaf_weight=171 448 5731 262 371 411 670
leaf_count=171 448 5731 262 371 411 670
internal_value=0.000659626 0.675781 -3.2674 0.176893 5.89712 -1.73787
internal_weight=8064 6684 1380 6102 582 1118
internal_count=8064 6684 1380 6102 582 1118
is_linear=0
shrinkage=0.05


Tree=38
num_leaves=7
num_cat=0
split_feature=1 5 0 2 3 6
split_gain=6.42674e+06 6.28876e+06 4.94893e+06 4.29522e+06 2.54858e+06 2.20708e+06
threshold=75.674600000000069 -0.91509365977396839 8499.1875000000018 -17.252785714285888 -115.88908020833331 -0.57357643635104605
decision_type=2 2 2 2 2 2
left_child=1 4 5 -3 -1 -2
right_child=2 3 -4 -5 -6 -7
leaf_value=10.718580662372501 -4.3637316701141398 -6.0092601015886853 -9.2764519875493789 0.45284513865062054 3.4545333935363782 0.16639555421742527
leaf_weight=171 448 268 262 5834 411 670
leaf_count=171 448 268 262 5834 411 670
internal_value=0.000663741 0.642143 -3.10454 0.168091 5.60354 -1.65117
internal_weight=8064 6684 1380 6102 582 1118
internal_count=8064 6684 1380 6102 582 1118
is_linear=0
shrinkage=0.05


Tree=39
num_leaves=6
num_cat=0
split_feature=2 2 3 1 2
split_gain=6.07088e+06 4.6967e+06 2.17099e+06 1.71287e+06 730758
threshold=533.81772857142903 -137.44282142857216 55.872129166666817 54.303699999999829 700.85070000000053
decision_type=2 2 2 2 2
left_child=1 2 -1 -3 -2
right_child=4 3 -4 -5 -6
leaf_value=-1.6298250153129705 4.4837427955345817 0.43569161841886034 -6.821944868087769 -2.0511937292798974 9.5017753463463492
leaf_weight=476 148 6164 349 779 148
leaf_count=476 148 6164 349 779 148
internal_value=0.000600457 -0.267602 -3.83185 0.15641 7.0163
internal_weight=8064 7768 825 6943 296
internal_count=8064 7768 825 6943 296
is_linear=0
shrinkage=0.05


Tree=40
num_leaves=6
num_cat=0
split_feature=2 2 6 2 2
split_gain=5.4828e+06 4.35482e+06 1.8199e+06 1.58568e+06 659975
threshold=533.81772857142903 -450.11785714285719 -0.043577871373828972 161.99380714285715 700.85070000000053
decision_type=2 2 2 2 2
left_child=1 2 -1 -3 -2
right_child=4 3 -4 -5 -6
leaf_value=-9.9259294815986401 4.2610603036196437 -0.30910647474107728 -2.1282687145025552 1.7977854444761201 9.0298749783895165
leaf_weight=154 148 6432 146 1036 148
leaf_count=154 148 6432 146 1036 148
internal_value=0.000594711 -0.254287 -6.15075 -0.0166258 6.66784
internal_weight=8064 7768 300 7468 296
internal_count=8064 7768 300 7468 296
is_linear=0
shrinkage=0.05


Tree=41
num_leaves=7
num_cat=0
split_feature=1 5 0 2 3 2
split_gain=4.99423e+06 5.36242e+06 4.23106e+06 3.75156e+06 2.23674e+06 1.75522e+06
threshold=75.674600000000069 -0.91509365977396839 8268.9204500000014 -17.252785714285888 -115.88908020833331 -450.11785714285719
decision_type=2 2 2 2 2 2
left_child=1 4 -2 -3 -1 -4
right_child=2 3 5 -5 -6 -7
leaf_value=9.9391180153502976 -1.1662328026871809 -5.6448519871802141 -11.484338054041954 0.39445258744753703 3.1346261542326617 -4.2030360293388371
leaf_weight=171 1045 268 156 5834 411 179
leaf_count=171 1045 268 156 5834 411 179
internal_value=0.00058188 0.566067 -2.73676 0.128325 5.1475 -7.61782
internal_weight=8064 6684 1380 6102 582 335
internal_count=8064 6684 1380 6102 582 335
is_linear=0
shrinkage=0.05


Tree=42
num_leaves=5
num_cat=0
split_feature=2 0 5 2
split_gain=4.75571e+06 3.64375e+06 1.83797e+06 588277
threshold=533.81772857142903 8751.5481000000018 -0.97111091670450067 700.85070000000053
decision_type=2 2 2 2
left_child=1 2 -1 -2
right_child=3 -3 -4 -5
leaf_value=3.3856497716451401 3.9387325106051145 -6.7176117654801546 -0.23254566591410708 8.4394812989454948
leaf_weight=368 148 210 7190 148
leaf_count=368 148 210 7190 148
internal_value=0.000496796 -0.236883 -0.0559507 6.20995
internal_weight=8064 7768 7558 296
internal_count=8064 7768 7558 296
is_linear=0
shrinkage=0.05


Tree=43
num_leaves=7
num_cat=0
split_feature=3 3 0 3 5 1
split_gain=4.4396e+06 2.00426e+07 7.05104e+06 4.80192e+06 3.78093e+06 2.00757e+06
threshold=-115.88908020833331 -124.42426145833336 8169.0641000000005 -156.78730312499962 -0.97111091670450067 242.79375000000007
decision_type=2 2 2 2 2 2
left_child=1 3 4 -1 -2 -4
right_child=2 -3 5 -5 -6 -7
leaf_value=3.2630895665713719 6.9489672060270564 20.145040325049699 -2.119219138309107 -2.857097894025634 -0.3090694646363068 -8.8444439156275063
leaf_weight=720 184 144 176 576 5961 303
leaf_count=720 184 144 176 576 5961 303
internal_value=0.000526595 2.51573 -0.546555 0.542901 -0.0906465 -6.38294
internal_weight=8064 1440 6624 1296 6145 479
internal_count=8064 1440 6624 1296 6145 479
is_linear=0
shrinkage=0.05


Tree=44
num_leaves=5
num_cat=0
split_feature=2 3 1 2
split_gain=4.14155e+06 3.38055e+06 7.43071e+06 534186
threshold=533.81772857142903 403.21990868055587 860.04374999999993 700.85070000000053
decision_type=2 2 2 2
left_child=1 2 -1 -2
right_child=3 -3 -4 -5
leaf_value=-0.13041420039274029 3.6324944495354723 7.3420422848339744 -10.763742116022678 7.9191005911803094
leaf_weight=7457 148 144 167 148
leaf_count=7457 148 144 167 148
internal_value=0.000600869 -0.220922 -0.364713 5.79524
internal_weight=8064 7768 7624 296
internal_count=8064 7768 7624 296
is_linear=0
shrinkage=0.05


Tree=45
num_leaves=7
num_cat=0
split_feature=3 3 0 3 5 1
split_gain=3.95427e+06 1.81303e+07 6.13675e+06 4.30616e+06 3.34303e+06 1.72082e+06
threshold=-115.88908020833331 -124.42426145833336 8169.0641000000005 -156.78730312499962 -0.97111091670450067 242.79375000000007
decision_type=2 2 2 2 2 2
left_child=1 3 4 -1 -2 -4
right_child=2 -3 5 -5 -6 -7
leaf_value=3.0739856740121372 6.5290518096975383 19.141540907826919 -2.0126878068608756 -2.7216595034056912 -0.29575210544838376 -8.2395411336010227
leaf_weight=720 184 144 176 576 5961 303
leaf_count=720 184 144 176 576 5961 303
internal_value=0.000620441 2.37437 -0.515693 0.498031 -0.0903676 -5.96055
internal_weight=8064 1440 6624 1296 6145 479
internal_count=8064 1440 6624 1296 6145 479
is_linear=0
shrinkage=0.05


Tree=46
num_leaves=7
num_cat=0
split_feature=2 3 1 3 6 3
split_gain=3.6734e+06 3.36264e+06 5.99895e+06 3.17546e+06 4.20187e+06 3.2304e+06
threshold=161.99380714285715 403.21990868055587 860.04374999999993 -115.88908020833331 -0.42261826174069911 -70.478298958333184
decision_type=2 2 2 2 2 2
left_child=1 2 -1 4 -2 -5
right_child=3 -3 -4 5 -6 -7
leaf_value=-0.39566953398540505 12.07061073729518 7.0578993909009569 -9.9668719200860902 -4.9748550912784664 1.5709756035289046 2.3022156687086768
leaf_weight=6421 170 144 167 190 216 756
leaf_count=6421 170 144 167 190 216 756
internal_value=0.000685339 -0.474087 -0.639767 2.39877 6.21441 0.836938
internal_weight=8064 6732 6588 1332 386 946
internal_count=8064 6732 6588 1332 386 946
is_linear=0
shrinkage=0.05


Tree=47
num_leaves=7
num_cat=0
split_feature=1 5 2 0 4 6
split_gain=3.46901e+06 4.03156e+06 3.85828e+06 2.61548e+06 2.03839e+06 1.74427e+06
threshold=54.303699999999829 -0.91509365977396839 -17.252785714285888 8499.1875000000018 1.0000000180025095e-35 -0.57357643635104605
decision_type=2 2 2 2 2 2
left_child=1 4 -3 5 -1 -2
right_child=3 2 -4 -5 -6 -7
leaf_value=1.3186937248486061 -3.5923602055198645 -5.9630261112494303 0.36894534541159607 -6.705253611887402 7.3001691936221169 0.33331168643644549
leaf_weight=269 465 250 5793 264 303 720
leaf_count=269 465 250 5793 264 303 720
internal_value=0.000698597 0.486132 0.106047 -2.21422 4.49441 -1.20887
internal_weight=8064 6615 6043 1449 572 1185
internal_count=8064 6615 6043 1449 572 1185
is_linear=0
shrinkage=0.05


Tree=48
num_leaves=5
num_cat=0
split_feature=2 3 2 2
split_gain=3.30886e+06 2.86183e+06 5.60009e+06 498223
threshold=533.81772857142903 403.21990868055587 -307.26946428571449 700.85070000000053
decision_type=2 2 2 2
left_child=1 2 -1 -2
right_child=3 -3 -4 -5
leaf_value=-6.0734043180831341 3.0964259955707014 6.7611907716455137 -0.010014079263114284 7.2289632293201933
leaf_weight=401 148 144 7223 148
leaf_count=401 148 144 7223 148
internal_value=0.000620634 -0.197384 -0.329685 5.18008
internal_weight=8064 7768 7624 296
internal_count=8064 7768 7624 296
is_linear=0
shrinkage=0.05


Tree=49
num_leaves=7
num_cat=0
split_feature=3 3 0 3 5 3
split_gain=3.20939e+06 1.63513e+07 4.8792e+06 3.81512e+06 2.81084e+06 1.34898e+06
threshold=-115.88908020833331 -124.42426145833336 8169.0641000000005 -156.78730312499962 -0.97111091670450067 61.785570138888723
decision_type=2 2 2 2 2 2
left_child=1 3 4 -1 -2 -4
right_child=2 -3 5 -5 -6 -7
leaf_value=2.782069490543126 5.9844714749987062 18.062502292106892 -3.553102800881685 -2.6731085284433913 -0.27356677584385103 -9.336155551862074
leaf_weight=720 184 144 334 576 5961 145
leaf_count=720 184 144 334 576 5961 145
internal_value=0.000657814 2.13918 -0.46449 0.357354 -0.0852388 -5.31952
internal_weight=8064 1440 6624 1296 6145 479
internal_count=8064 1440 6624 1296 6145 479
is_linear=0
shrinkage=0.05


Tree=50
num_leaves=4
num_cat=0
split_feature=1 3 2
split_gain=2.90949e+06 2.60702e+06 5.16008e+06
threshold=-946.06614999999954 403.21990868055587 -307.26946428571449
decision_type=2 2 2
left_child=-1 2 -2
right_child=1 -3 -4
leaf_value=6.9705793349921299 -5.7908024841681467 6.5140475132547584 0.047025594572485264
leaf_weight=146 398 144 7376
leaf_count=146 398 144 7376
internal_value=0.000693078 -0.128689 -0.252556
internal_weight=8064 7918 7774
internal_count=8064 7918 7774
is_linear=0
shrinkage=0.05


Tree=51
num_leaves=7
num_cat=0
split_feature=3 3 0 3 5 3
split_gain=2.82869e+06 1.48176e+07 4.21882e+06 3.41348e+06 2.5229e+06 1.23819e+06
threshold=-115.88908020833331 -124.42426145833336 8169.0641000000005 -156.78730312499962 -0.97111091670450067 61.785570138888723
decision_type=2 2 2 2 2 2
left_child=1 3 4 -1 -2 -4
right_child=2 -3 5 -5 -6 -7
leaf_value=2.6057610345014921 5.6670988044223272 17.166547898424081 -3.2588905825543764 -2.5542779612731015 -0.26174982150836018 -8.7980822217791044
leaf_weight=720 184 144 334 576 5961 145
leaf_count=720 184 144 334 576 5961 145
internal_value=0.000706418 2.00839 -0.435983 0.312209 -0.0833289 -4.95052
internal_weight=8064 1440 6624 1296 6145 479
internal_count=8064 1440 6624 1296 6145 479
is_linear=0
shrinkage=0.05


Tree=52
num_leaves=5
num_cat=0
split_feature=2 3 1 2
split_gain=2.64967e+06 2.45932e+06 4.42989e+06 424564
threshold=533.81772857142903 403.21990868055587 860.04374999999993 700.85070000000053
decision_type=2 2 2 2
left_child=1 2 -1 -2
right_child=3 -3 -4 -5
leaf_value=-0.11818839856530833 2.7138744342247114 6.2742341755176412 -8.3283334935350091 6.5262990816677577
leaf_weight=7457 148 144 167 148
leaf_count=7457 148 144 167 148
internal_value=0.000736603 -0.176451 -0.299096 4.63564
internal_weight=8064 7768 7624 296
internal_count=8064 7768 7624 296
is_linear=0
shrinkage=0.05


Tree=53
num_leaves=7
num_cat=0
split_feature=3 3 0 3 5 1
split_gain=2.52096e+06 1.34028e+07 3.67371e+06 3.06182e+06 2.25708e+06 1.1115e+06
threshold=-115.88908020833331 -124.42426145833336 8169.0641000000005 -156.78730312499962 -0.94670478576706751 242.79375000000007
decision_type=2 2 2 2 2 2
left_child=1 3 4 -1 -2 -4
right_child=2 -3 5 -5 -6 -7
leaf_value=2.4551241076439001 4.2233562890414538 16.312397869414298 -1.4526743940040889 -2.4318921039794512 -0.29560419904268148 -6.4557217897553194
leaf_weight=720 289 144 176 576 5856 303
leaf_count=720 289 144 176 576 5856 303
internal_value=0.000743604 1.89607 -0.411508 0.282917 -0.0824244 -4.6243
internal_weight=8064 1440 6624 1296 6145 479
internal_count=8064 1440 6624 1296 6145 479
is_linear=0
shrinkage=0.05


Tree=54
num_leaves=4
num_cat=0
split_feature=1 3 2
split_gain=2.38447e+06 2.23074e+06 3.96756e+06
threshold=-946.06614999999954 403.21990868055587 -307.26946428571449
decision_type=2 2 2
left_child=-1 2 -2
right_child=1 -3 -4
leaf_value=6.3105517552823436 -5.0872287171675747 6.028344541418142 0.031768771308035286
leaf_weight=146 398 144 7376
leaf_count=146 398 144 7376
internal_value=0.000783017 -0.116345 -0.230926
internal_weight=8064 7918 7774
internal_count=8064 7918 7774
is_linear=0
shrinkage=0.05


Tree=55
num_leaves=7
num_cat=0
split_feature=2 6 3 3 1 2
split_gain=2.28463e+06 2.47026e+06 3.79091e+06 2.20749e+06 3.37113e+06 1.35421e+06
threshold=161.99380714285715 -0.42261826174069911 -115.88908020833331 403.21990868055587 860.04374999999993 533.81772857142903
decision_type=2 2 2 2 2 2
left_child=3 2 -2 4 -1 -3
right_child=1 5 -4 -5 -6 -7
leaf_value=-0.32488345885988673 10.636673567169591 -1.0377667367851127 1.6737124107680807 5.7290060574432902 -7.4998101455824715 3.9545639357566835
leaf_weight=6421 170 606 382 144 167 174
leaf_count=6421 170 606 382 144 167 174
internal_value=0.000789028 1.89199 4.44829 -0.373632 -0.507872 0.0795445
internal_weight=8064 1332 552 6732 6588 780
internal_count=8064 1332 552 6732 6588 780
is_linear=0
shrinkage=0.05


Tree=56
num_leaves=7
num_cat=0
split_feature=3 0 5 3 3 3
split_gain=2.11141e+06 4.05106e+06 3.01098e+06 5.03525e+06 1.31664e+06 1.00749e+06
threshold=55.872129166666817 8499.1875000000018 -0.87651811848132988 -115.88908020833331 61.785570138888723 15.821868402777911
decision_type=2 2 2 2 2 2
left_child=2 4 3 -1 -2 -4
right_child=1 -3 5 -5 -6 -7
leaf_value=9.4657559943921648 -2.8564969674602896 -9.3924752998723307 -0.3863407680191171 1.0025275866487133 0.072280329709560998 1.328706827937463
leaf_weight=230 538 146 3993 736 1332 1089
leaf_count=230 538 146 3993 736 1332 1089
internal_value=0.000830977 -1.4001 0.467961 3.02529 -0.771407 -0.0186415
internal_weight=8064 2016 6048 966 1870 5082
internal_count=8064 2016 6048 966 1870 5082
is_linear=0
shrinkage=0.05


Tree=57
num_leaves=7
num_cat=0
split_feature=3 3 0 3 3 3
split_gain=1.95045e+06 1.21166e+07 2.89999e+06 2.70762e+06 2.20793e+06 927028
threshold=-115.88908020833331 -124.42426145833336 8169.0641000000005 -156.78730312499962 -70.478298958333184 61.785570138888723
decision_type=2 2 2 2 2 2
left_child=1 3 4 -1 -2 -4
right_child=2 -3 5 -5 -6 -7
leaf_value=2.1770199212221102 -2.1185393959820433 15.375040257182617 -2.6419176960347306 -2.4186252598871882 0.36878827303275763 -7.4332894999686987
leaf_weight=720 1082 144 334 576 5063 145
leaf_count=720 1082 144 334 576 5063 145
internal_value=0.000784672 1.66791 -0.361832 0.134221 -0.0694491 -4.1048
internal_weight=8064 1440 6624 1296 6145 479
internal_count=8064 1440 6624 1296 6145 479
is_linear=0
shrinkage=0.05


Tree=58
num_leaves=4
num_cat=0
split_feature=2 3 1
split_gain=1.91339e+06 1.89313e+06 3.11901e+06
threshold=700.85070000000053 403.21990868055587 75.674600000000069
decision_type=2 2 2
left_child=1 2 -1
right_child=-2 -3 -4
leaf_value=0.24187354091664501 5.6142197218517333 5.5557366795375431 -2.4280186912446546
leaf_weight=6456 148 144 1316
leaf_count=6456 148 144 1316
internal_value=0.000765951 -0.104881 -0.210462
internal_weight=8064 7916 7772
internal_count=8064 7916 7772
is_linear=0
shrinkage=0.05


Tree=59
num_leaves=7
num_cat=0
split_feature=3 0 5 3 3 2
split_gain=1.86501e+06 3.32786e+06 2.80842e+06 4.31525e+06 1.17825e+06 924971
threshold=55.872129166666817 8499.1875000000018 -0.87651811848132988 -115.88908020833331 61.785570138888723 -190.76129285714202
decision_type=2 2 2 2 2 2
left_child=2 4 3 -1 -2 -4
right_child=1 -3 5 -5 -6 -7
leaf_value=8.8719278643399608 -2.7184924015253511 -8.559831752217546 -3.3628916142657403 1.0368898821087349 0.052107225488717636 0.10634657727961752
leaf_weight=230 538 146 199 736 1332 4883
leaf_count=230 538 146 199 736 1332 4883
internal_value=0.00078336 -1.31587 0.439812 2.90962 -0.746023 -0.0301361
internal_weight=8064 2016 6048 966 1870 5082
internal_count=8064 2016 6048 966 1870 5082
is_linear=0
shrinkage=0.05


Tree=60
num_leaves=7
num_cat=0
split_feature=3 0 5 3 6 3
split_gain=1.68385e+06 3.00569e+06 2.53559e+06 3.89645e+06 1.10713e+06 912270
threshold=55.872129166666817 8499.1875000000018 -0.87651811848132988 -115.88908020833331 -0.86602540378443793 15.821868402777911
decision_type=2 2 2 2 2 2
left_child=2 4 3 -1 -2 -4
right_child=1 -3 5 -5 -6 -7
leaf_value=8.4302517722695427 -3.248762022560852 -8.1347517138435741 -0.37855099222399424 0.98511569119049713 -0.12628591562268457 1.2534378769173535
leaf_weight=230 348 146 3993 736 1522 1089
leaf_count=230 348 146 3993 736 1522 1089
internal_value=0.000715828 -1.25035 0.417876 2.76465 -0.708793 -0.0286613
internal_weight=8064 2016 6048 966 1870 5082
internal_count=8064 2016 6048 966 1870 5082
is_linear=0
shrinkage=0.05


Tree=61
num_leaves=5
num_cat=0
split_feature=3 1 3 5
split_gain=1.74014e+06 2.8674e+06 4.80234e+06 2.41611e+06
threshold=403.21990868055587 75.674600000000069 121.05025659722197 -0.91509365977396839
decision_type=2 2 2 2
left_child=1 3 -3 -1
right_child=-2 2 -4 -5
leaf_value=3.399553795038734 5.4286680782252352 -0.82472553698524731 -8.7246172396036297 0.02853887311838383
leaf_weight=582 144 1083 233 6022
leaf_count=582 144 1083 233 6022
internal_value=0.000672468 -0.0986913 -2.22898 0.326091
internal_weight=8064 7920 1316 6604
internal_count=8064 7920 1316 6604
is_linear=0
shrinkage=0.05


Tree=62
num_leaves=5
num_cat=0
split_feature=3 1 3 5
split_gain=1.57162e+06 2.59413e+06 4.26854e+06 2.07293e+06
threshold=403.21990868055587 54.303699999999829 121.05025659722197 -0.91509365977396839
decision_type=2 2 2 2
left_child=1 3 -3 -1
right_child=-2 2 -4 -5
leaf_value=3.1952162137232318 5.1591066579161016 -0.80073054699794111 -8.1844050494796132 0.046697081458026486
leaf_weight=572 144 1149 235 5964
leaf_count=572 144 1149 235 5964
internal_value=0.00063456 -0.0937953 -2.05947 0.322687
internal_weight=8064 7920 1384 6536
internal_count=8064 7920 1384 6536
is_linear=0
shrinkage=0.05


Tree=63
num_leaves=4
num_cat=0
split_feature=2 3 1
split_gain=1.49392e+06 1.47449e+06 2.2602e+06
threshold=700.85070000000053 403.21990868055587 860.04374999999993
decision_type=2 2 2
left_child=1 2 -1
right_child=-2 -3 -4
leaf_value=-0.059200172063882575 4.960719530374412 4.902930287246047 -5.9223986452534092
leaf_weight=7605 148 144 167
leaf_count=7605 148 144 167
internal_value=0.000599209 -0.0927516 -0.185931
internal_weight=8064 7916 7772
internal_count=8064 7916 7772
is_linear=0
shrinkage=0.05


Tree=64
num_leaves=7
num_cat=0
split_feature=3 3 3 0 3 3
split_gain=1.38053e+06 1.09738e+07 2.41098e+06 2.083e+06 2.051e+06 976375
threshold=-115.88908020833331 -124.42426145833336 -156.78730312499962 8169.0641000000005 -70.478298958333184 26.249189930555534
decision_type=2 2 2 2 2 2
left_child=1 2 -1 4 -2 -5
right_child=3 -3 -4 5 -6 -7
leaf_value=1.8715207605706672 -2.0316103075349758 14.447880609775414 -2.465072124622814 -6.1009524190834927 0.36569311777997826 -1.5314771620213772
leaf_weight=720 1082 144 576 203 5063 276
leaf_count=720 1082 144 576 203 5063 276
internal_value=0.000593312 1.40317 -0.0562684 -0.30448 -0.0566814 -3.47669
internal_weight=8064 1440 1296 6624 6145 479
internal_count=8064 1440 1296 6624 6145 479
is_linear=0
shrinkage=0.05


Tree=65
num_leaves=7
num_cat=0
split_feature=3 2 5 3 1 3
split_gain=1.38907e+06 2.46059e+06 2.126e+06 3.20995e+06 972812 840661
threshold=55.872129166666817 -450.11785714285719 -0.87651811848132988 -115.88908020833331 -36.918749999999996 -70.478298958333184
decision_type=2 2 2 2 2 2
left_child=2 -2 3 -1 -3 -4
right_child=1 4 5 -5 -6 -7
leaf_value=7.6707222624774616 -6.7148417836427683 -3.3851014883894672 -0.77176821429338849 0.9131604009761578 -0.1154537597082636 0.52744847862578925
leaf_weight=230 179 265 2178 736 1572 2904
leaf_count=230 179 265 2178 736 1572 2904
internal_value=0.000591899 -1.13571 0.379483 2.52837 -0.588708 -0.029401
internal_weight=8064 2016 6048 966 1837 5082
internal_count=8064 2016 6048 966 1837 5082
is_linear=0
shrinkage=0.05


Tree=66
num_leaves=5
num_cat=0
split_feature=3 1 3 5
split_gain=1.33695e+06 2.135e+06 3.4493e+06 2.07455e+06
threshold=403.21990868055587 36.921900000000058 121.05025659722197 -0.94670478576706751
decision_type=2 2 2 2
left_child=1 3 -3 -1
right_child=-2 2 -4 -5
leaf_value=3.6455402860637349 4.7583268816306674 -0.72882911954874263 -7.2682895976711412 0.062652280751932951
leaf_weight=432 144 1211 241 6036
leaf_count=432 144 1211 241 6036
internal_value=0.000550674 -0.0865442 -1.81849 0.302481
internal_weight=8064 7920 1452 6468
internal_count=8064 7920 1452 6468
is_linear=0
shrinkage=0.05


Tree=67
num_leaves=4
num_cat=0
split_feature=2 3 2
split_gain=1.24876e+06 1.2539e+06 1.83736e+06
threshold=700.85070000000053 403.21990868055587 -307.26946428571449
decision_type=2 2 2
left_child=1 2 -1
right_child=-2 -3 -4
leaf_value=-3.4624659208738389 4.5354196234837474 4.5220513158060358 0.0087735878186410553
leaf_weight=401 148 144 7371
leaf_count=401 148 144 7371
internal_value=0.000526045 -0.0848219 -0.170749
internal_weight=8064 7916 7772
internal_count=8064 7916 7772
is_linear=0
shrinkage=0.05


Tree=68
num_leaves=7
num_cat=0
split_feature=3 2 3 5 6 1
split_gain=1.19773e+06 2.11014e+06 1.86254e+06 4.39309e+06 1.95701e+06 906128
threshold=55.872129166666817 -450.11785714285719 15.821868402777911 -0.5554380223489348 0.38231920253318424 -36.918749999999996
decision_type=2 2 2 2 2 2
left_child=2 -2 4 -4 -1 -3
right_child=1 5 3 -5 -6 -7
leaf_value=0.67993089506664051 -6.2211826804611423 -3.2469012768084848 6.3425780331706774 0.067361867940679804 -1.4154805220266573 -0.091320505099772506
leaf_weight=2970 179 265 405 891 1782 1572
leaf_count=2970 179 265 405 891 1782 1572
internal_value=0.000534484 -1.0546 0.352363 2.03175 -0.105981 -0.548054
internal_weight=8064 2016 6048 1296 4752 1837
internal_count=8064 2016 6048 1296 4752 1837
is_linear=0
shrinkage=0.05


Tree=69
num_leaves=7
num_cat=0
split_feature=3 3 3 3 0 0
split_gain=1.15876e+06 9.9327e+06 2.16313e+06 1.70163e+06 4.43096e+06 1.48417e+06
threshold=-115.88908020833331 -124.42426145833336 -156.78730312499962 -91.865285416666879 3393.6375000000003 8169.0641000000005
decision_type=2 2 2 2 2 2
left_child=1 2 -1 4 -2 -5
right_child=3 -3 -4 5 -6 -7
leaf_value=1.7230797315685493 0.42809816541620843 13.695999705627049 -2.3845693451641341 0.15032289836304599 -10.151739160453573 -2.8223980919414799
leaf_weight=720 280 144 576 5740 152 452
leaf_count=720 280 144 576 5740 152 452
internal_value=0.000483676 1.28547 -0.102973 -0.279013 -3.30929 -0.0670988
internal_weight=8064 1440 1296 6624 432 6192
internal_count=8064 1440 1296 6624 432 6192
is_linear=0
shrinkage=0.05


Tree=70
num_leaves=7
num_cat=0
split_feature=2 6 3 3 0 3
split_gain=1.16057e+06 2.22086e+06 2.67998e+06 1.29512e+06 1.85272e+06 844868
threshold=161.99380714285715 -0.42261826174069911 -115.88908020833331 403.21990868055587 115.23240000000001 48.860023611111281
decision_type=2 2 2 2 2 2
left_child=3 2 -2 4 -1 -3
right_child=1 5 -4 -5 -6 -7
leaf_value=0.27976187562185334 8.9754854909857809 -1.2904917118629489 1.4392700002959131 4.4079575627631158 -1.4522946194749751 2.5625392700899097
leaf_weight=4120 170 594 382 144 2468 186
leaf_count=4120 170 594 382 144 2468 186
internal_value=0.000463462 1.34839 3.77224 -0.266399 -0.369224 -0.369587
internal_weight=8064 1332 552 6732 6588 780
internal_count=8064 1332 552 6732 6588 780
is_linear=0
shrinkage=0.05


Tree=71
num_leaves=5
num_cat=0
split_feature=2 3 3 3
split_gain=1.1049e+06 1.09932e+06 9.6945e+06 3.55771e+06
threshold=700.85070000000053 -134.51111284722239 -115.88908020833331 -156.78730312499962
decision_type=2 2 2 2
left_child=1 3 -3 -1
right_child=-2 2 -4 -5
leaf_value=0.69435701514621817 4.2662252213330873 9.1503397282823045 -0.23869033631112335 -5.1702768420404928
leaf_weight=675 148 286 6537 418
leaf_count=675 148 286 6537 418
internal_value=0.000532794 -0.0797487 0.156153 -1.55115
internal_weight=8064 7916 6823 1093
internal_count=8064 7916 6823 1093
is_linear=0
shrinkage=0.05


Tree=72
num_leaves=7
num_cat=0
split_feature=3 5 3 2 3 3
split_gain=1.05848e+06 1.84427e+06 2.60325e+06 1.83511e+06 870202 802271
threshold=55.872129166666817 -0.87651811848132988 -115.88908020833331 -450.11785714285719 61.785570138888723 -70.478298958333184
decision_type=2 2 2 2 2 2
left_child=1 2 -1 -2 -5 -3
right_child=3 5 -4 4 -6 -7
leaf_value=6.9637405953107976 -5.8094799846741889 -0.77473445748478631 0.87808536806294202 -2.228090163632384 0.17345052562807697 0.49447094192116064
leaf_weight=230 179 2178 736 529 1308 2904
leaf_count=230 179 2178 736 529 1308 2904
internal_value=0.000560106 0.331305 2.33275 -0.991347 -0.518956 -0.0495196
internal_weight=8064 6048 966 2016 1837 5082
internal_count=8064 6048 966 2016 1837 5082
is_linear=0
shrinkage=0.05


Tree=73
num_leaves=5
num_cat=0
split_feature=3 3 3 2
split_gain=1.08113e+06 1.67881e+06 2.49036e+06 1.24186e+06
threshold=403.21990868055587 219.35430729166617 276.38085729166693 105.0723214285713
decision_type=2 2 2 2
left_child=1 3 -3 -1
right_child=-2 2 -4 -5
leaf_value=-0.27296974056216716 4.2789684150958882 -8.4441417763150977 0.83352025578761924 1.2713046765513161
leaf_weight=5968 144 144 144 1664
leaf_count=5968 144 144 144 1664
internal_value=0.000530218 -0.07779 -3.81848 0.0638498
internal_weight=8064 7920 288 7632
internal_count=8064 7920 288 7632
is_linear=0
shrinkage=0.05


Tree=74
num_leaves=5
num_cat=0
split_feature=3 1 3 5
split_gain=976433 1.58299e+06 2.82533e+06 1.66956e+06
threshold=403.21990868055587 36.921900000000058 121.05025659722197 -0.94670478576706751
decision_type=2 2 2 2
left_child=1 3 -3 -1
right_child=-2 2 -4 -5
leaf_value=3.2600823707620488 4.0664953711937217 -0.57916120539539229 -6.497543189643828 0.045889869047579052
leaf_weight=432 144 1211 241 6036
leaf_count=432 144 1211 241 6036
internal_value=0.00048925 -0.0739422 -1.56528 0.261038
internal_weight=8064 7920 1452 6468
internal_count=8064 7920 1452 6468
is_linear=0
shrinkage=0.05


Tree=75
num_leaves=5
num_cat=0
split_feature=2 3 3 3
split_gain=894039 1.04835e+06 8.64313e+06 3.21552e+06
threshold=700.85070000000053 -134.51111284722239 -115.88908020833331 -156.78730312499962
decision_type=2 2 2 2
left_child=1 3 -3 -1
right_child=-2 2 -4 -5
leaf_value=0.62619190076751829 3.8375951359736042 8.6511054216413541 -0.21420174764189215 -4.9493087740388297
leaf_weight=675 148 286 6537 418
leaf_count=675 148 286 6537 418
internal_value=0.000466615 -0.0717492 0.158619 -1.50864
internal_weight=8064 7916 6823 1093
internal_count=8064 7916 6823 1093
is_linear=0
shrinkage=0.05


Tree=76
num_leaves=5
num_cat=0
split_feature=3 1 3 5
split_gain=886719 1.4124e+06 2.5483e+06 1.48076e+06
threshold=403.21990868055587 36.921900000000058 121.05025659722197 -0.94670478576706751
decision_type=2 2 2 2
left_child=1 3 -3 -1
right_child=-2 2 -4 -5
leaf_value=3.070367419705931 3.8752090388330922 -0.5426082812016062 -6.1633425650764107 0.043360673818505557
leaf_weight=432 144 1211 241 6036
leaf_count=432 144 1211 241 6036
internal_value=0.000492579 -0.0704371 -1.47913 0.245979
internal_weight=8064 7920 1452 6468
internal_count=8064 7920 1452 6468
is_linear=0
shrinkage=0.05


Tree=77
num_leaves=6
num_cat=0
split_feature=5 3 2 1 1
split_gain=827425 1.29702e+06 1.05986e+06 1.36558e+06 1.03912e+06
threshold=-0.98812630719300909 -48.199846527777247 -3.3878357142855995 0.019350000000000003 54.303699999999829
decision_type=2 2 2 2 2
left_child=1 -1 3 -2 -4
right_child=2 -3 4 -5 -6
leaf_value=5.6681393814204197 -4.5786775952252476 -0.16663378913854732 0.30541411027990106 -0.55409577815448718 -2.2272320236478533
leaf_weight=161 274 231 6061 904 433
leaf_count=161 274 231 6061 904 433
internal_value=0.000469704 2.23812 -0.114139 -1.49329 0.136228
internal_weight=8064 392 7672 1178 6494
internal_count=8064 392 7672 1178 6494
is_linear=0
shrinkage=0.05


Tree=78
num_leaves=7
num_cat=0
split_feature=3 3 5 4 2 1
split_gain=808973 1.78812e+06 4.03886e+06 1.68694e+06 1.58074e+06 978031
threshold=55.872129166666817 15.821868402777911 -0.59116893267988335 -0.1950438958025166 -450.11785714285719 466.31504999999976
decision_type=2 2 2 2 2 2
left_child=1 3 -3 -1 -2 -6
right_child=4 2 -4 -5 5 -7
leaf_value=-1.2273905283588773 -5.3384500127368506 6.2057450616021752 0.11204872134295139 0.67123085740109434 -0.76671153849801654 3.4985776283969621
leaf_weight=2079 179 387 909 2673 1692 145
leaf_count=2079 179 387 909 2673 1692 145
internal_value=0.000436594 0.289584 1.93508 -0.159499 -0.866719 -0.428319
internal_weight=8064 6048 1296 4752 2016 1837
internal_count=8064 6048 1296 4752 2016 1837
is_linear=0
shrinkage=0.05


Tree=79
num_leaves=5
num_cat=0
split_feature=3 3 3 2
split_gain=843392 1.28169e+06 2.25133e+06 925303
threshold=403.21990868055587 219.35430729166617 276.38085729166693 105.0723214285713
decision_type=2 2 2 2
left_child=1 3 -3 -1
right_child=-2 2 -4 -5
leaf_value=-0.2357210171692764 3.779302471095118 -7.7354747165482625 1.0841069567203523 1.0972799117108052
leaf_weight=5968 144 144 144 1664
leaf_count=5968 144 144 144 1664
internal_value=0.000434325 -0.0687408 -3.33719 0.055018
internal_weight=8064 7920 288 7632
internal_count=8064 7920 288 7632
is_linear=0
shrinkage=0.05


Tree=80
num_leaves=5
num_cat=0
split_feature=3 1 3 5
split_gain=761720 1.23847e+06 2.18247e+06 1.21261e+06
threshold=403.21990868055587 36.921900000000058 121.05025659722197 -0.91509365977396839
decision_type=2 2 2 2
left_child=1 3 -3 -1
right_child=-2 2 -4 -5
leaf_value=2.4481517457093904 3.5916405414712842 -0.51773734995572773 -5.7194173512749442 0.01959141593859097
leaf_weight=562 144 1211 241 5906
leaf_count=562 144 1211 241 5906
internal_value=0.000400141 -0.0653403 -1.38444 0.230953
internal_weight=8064 7920 1452 6468
internal_count=8064 7920 1452 6468
is_linear=0
shrinkage=0.05


Tree=81
num_leaves=6
num_cat=0
split_feature=3 7 3 3 0
split_gain=733557 3.23036e+06 1.22997e+06 7.8374e+06 7.16646e+06
threshold=-234.61205729166633 1.0000000180025095e-35 -134.51111284722239 -115.88908020833331 6634.974650000001
decision_type=2 2 2 2 2
left_child=1 -1 4 -4 -2
right_child=2 -3 3 -5 -6
leaf_value=-2.8137376870780155 0.29865914419208978 7.7444705047278575 8.1908745486534169 -0.22073302844135828 -11.422244248390198
leaf_weight=144 705 144 288 6624 159
leaf_count=144 705 144 288 6624 159
internal_value=0.000379041 2.4739 -0.0915391 0.130885 -1.86902
internal_weight=8064 288 7776 6912 864
internal_count=8064 288 7776 6912 864
is_linear=0
shrinkage=0.05


Tree=82
num_leaves=5
num_cat=0
split_feature=5 3 0 2
split_gain=708882 1.16823e+06 909247 732763
threshold=-0.98812630719300909 -48.199846527777247 8374.6634500000018 161.99380714285715
decision_type=2 2 2 2
left_child=1 -1 3 -2
right_child=2 -3 -4 -5
leaf_value=5.3268181802314007 -0.22729689199288333 -0.21048118383463088 -3.358388651386973 1.1391246522291085
leaf_weight=161 6303 231 208 1161
leaf_count=161 6303 231 208 1161
internal_value=0.0003711 2.07153 -0.105711 -0.0146305
internal_weight=8064 392 7672 7464
internal_count=8064 392 7672 7464
is_linear=0
shrinkage=0.05


Tree=83
num_leaves=5
num_cat=0
split_feature=3 2 3 6
split_gain=703524 1.1021e+06 3.63462e+06 703049
threshold=403.21990868055587 -307.26946428571449 55.872129166666817 0.25881904510252074
decision_type=2 2 2 2
left_child=1 2 -1 -3
right_child=-2 3 -4 -5
leaf_value=1.8127972706324524 3.4516987165911446 0.47890240057477851 -7.7122437695589143 -0.50297172597688944
leaf_weight=215 144 4415 186 3104
leaf_count=215 144 4415 186 3104
internal_value=0.000369093 -0.0628102 -2.6135 0.0735513
internal_weight=8064 7920 401 7519
internal_count=8064 7920 401 7519
is_linear=0
shrinkage=0.05


Tree=84
num_leaves=7
num_cat=0
split_feature=5 3 0 0 2 3
split_gain=677202 2.7961e+06 2.13716e+06 1.27319e+06 1.14826e+06 668456
threshold=-0.97111091670450067 -79.306592361110901 8169.0641000000005 7823.8513000000012 338.4071428571429 36.847733680555628
decision_type=2 2 2 2 2 2
left_child=1 -1 -3 4 -2 -5
right_child=3 2 -4 5 -6 -7
leaf_value=6.8992409027228918 -0.16486630070064948 4.2622673141328908 -3.0573872384531744 -5.6131582874098633 2.3624127184330677 -0.99713459102654023
leaf_weight=176 6653 151 289 152 481 162
leaf_count=176 6653 151 289 152 481 162
internal_value=0.000335323 1.5922 -0.541446 -0.131519 0.00583918 -3.24237
internal_weight=8064 616 440 7448 7134 314
internal_count=8064 616 440 7448 7134 314
is_linear=0
shrinkage=0.05


Tree=85
num_leaves=5
num_cat=0
split_feature=3 3 3 4
split_gain=644518 1.01107e+06 2.0264e+06 686212
threshold=403.21990868055587 219.35430729166617 276.38085729166693 -0.10884096748385481
decision_type=2 2 2 2
left_child=1 3 -3 -1
right_child=-2 2 -4 -5
leaf_value=-0.45840422013199777 3.3037669329807677 -7.1360643755156419 1.2303236595515548 0.49198719418453885
leaf_weight=3551 144 144 144 4081
leaf_count=3551 144 144 144 4081
internal_value=0.000341443 -0.0601303 -2.96309 0.0497891
internal_weight=8064 7920 288 7632
internal_count=8064 7920 288 7632
is_linear=0
shrinkage=0.05


Tree=86
num_leaves=6
num_cat=0
split_feature=3 7 3 3 0
split_gain=631549 2.86917e+06 1.17547e+06 6.97043e+06 6.7229e+06
threshold=-234.61205729166633 1.0000000180025095e-35 -134.51111284722239 -115.88908020833331 6634.974650000001
decision_type=2 2 2 2 2
left_child=1 -1 4 -4 -2
right_child=2 -3 3 -5 -6
leaf_value=-2.6876742940113463 0.27690926664442922 7.2626606240765801 7.7335894225300592 -0.19914146148199743 -11.075491032302381
leaf_weight=144 705 144 288 6624 159
leaf_count=144 705 144 288 6624 159
internal_value=0.000308438 2.29541 -0.0849795 0.13246 -1.82264
internal_weight=8064 288 7776 6912 864
internal_count=8064 288 7776 6912 864
is_linear=0
shrinkage=0.05


Tree=87
num_leaves=7
num_cat=0
split_feature=5 3 0 0 2 3
split_gain=637861 2.59885e+06 1.93242e+06 1.12676e+06 1.03643e+06 595115
threshold=-0.97111091670450067 -79.306592361110901 8169.0641000000005 7823.8513000000012 338.4071428571429 36.847733680555628
decision_type=2 2 2 2 2 2
left_child=1 -1 -3 4 -2 -5
right_child=3 2 -4 5 -6 -7
leaf_value=6.6616621704424848 -0.16062638257247508 4.0560182083005971 -2.9042012845236682 -5.2911040182548028 2.2404274857143149 -0.93571176382661614
leaf_weight=176 6653 151 289 152 481 162
leaf_count=176 6653 151 289 152 481 162
internal_value=0.000301149 1.54524 -0.5118 -0.127666 0.00155264 -3.05416
internal_weight=8064 616 440 7448 7134 314
internal_count=8064 616 440 7448 7134 314
is_linear=0
shrinkage=0.05


Tree=88
num_leaves=5
num_cat=0
split_feature=3 1 3 5
split_gain=594138 899594 1.85572e+06 1.08895e+06
threshold=403.21990868055587 20.83564999999999 121.05025659722197 -0.91509365977396839
decision_type=2 2 2 2
left_child=1 3 -3 -1
right_child=-2 2 -4 -5
leaf_value=2.3143036287565528 3.1719978348962194 -0.37394047028289773 -5.0795262539054296 0.000572920279157435
leaf_weight=556 144 1269 250 5845
leaf_count=556 144 1269 250 5845
internal_value=0.000308817 -0.0577514 -1.15123 0.201877
internal_weight=8064 7920 1519 6401
internal_count=8064 7920 1519 6401
is_linear=0
shrinkage=0.05


Tree=89
num_leaves=4
num_cat=0
split_feature=2 1 6
split_gain=588232 716546 604896
threshold=-646.16921428571447 731.47969999999953 0.087155742747658194
decision_type=2 2 2
left_child=-1 2 -2
right_child=1 -3 -4
leaf_value=-3.0910855312813199 0.40325295905027608 3.280057398260698 -0.48215723881392647
leaf_weight=150 4122 168 3624
leaf_count=150 4122 168 3624
internal_value=0.000293583 0.05927 -0.0109988
internal_weight=8064 7914 7746
internal_count=8064 7914 7746
is_linear=0
shrinkage=0.05


Tree=90
num_leaves=5
num_cat=0
split_feature=3 3 5 4
split_gain=567157 2.57125e+06 2.43102e+06 619165
threshold=276.38085729166693 219.35430729166617 1.0000000180025095e-35 -0.10884096748385481
decision_type=2 2 2 2
left_child=1 3 -2 -1
right_child=2 -3 -4 -5
leaf_value=-0.43796327522481787 6.7473983746561519 -6.6764064658921347 -2.4119367513985472 0.46480582805732812
leaf_weight=3551 144 144 144 4081
leaf_count=3551 144 144 144 4081
internal_value=0.000279583 -0.0805435 2.17523 0.0447651
internal_weight=8064 7776 288 7632
internal_count=8064 7776 288 7632
is_linear=0
shrinkage=0.05


Tree=91
num_leaves=4
num_cat=0
split_feature=2 1 3
split_gain=561397 638750 570478
threshold=-646.16921428571447 731.47969999999953 -156.78730312499962
decision_type=2 2 2
left_child=-1 2 -2
right_child=1 -3 -4
leaf_value=-3.0197895255309857 1.330928076346936 3.0987902316821399 -0.14590578770965565
leaf_weight=150 720 168 7026
leaf_count=150 720 168 7026
internal_value=0.000251271 0.0578667 -0.00847823
internal_weight=8064 7914 7746
internal_count=8064 7914 7746
is_linear=0
shrinkage=0.05


Tree=92
num_leaves=6
num_cat=0
split_feature=5 2 2 3 3
split_gain=545850 1.10459e+06 728821 1.16155e+06 566870
threshold=-0.98812630719300909 0.62671428571428589 -53.685721428571803 26.249189930555534 219.35430729166617
decision_type=2 2 2 2 2
left_child=1 -1 3 -2 -4
right_child=2 -3 4 -5 -6
leaf_value=4.8538389183493225 -3.2064078283518622 -0.49462350354962314 0.19113167114473045 0.27061627822279694 -2.032596635644635
leaf_weight=169 456 223 6411 506 299
leaf_count=169 456 223 6411 506 299
internal_value=0.000246536 1.8177 -0.092841 -1.37915 0.0917534
internal_weight=8064 392 7672 962 6710
internal_count=8064 392 7672 962 6710
is_linear=0
shrinkage=0.05


Tree=93
num_leaves=5
num_cat=0
split_feature=3 3 5 6
split_gain=544435 2.27893e+06 2.15084e+06 600301
threshold=276.38085729166693 219.35430729166617 1.0000000180025095e-35 0.21623361138472538
decision_type=2 2 2 2
left_child=1 3 -2 -1
right_child=2 -3 -4 -5
leaf_value=0.42456258575915984 6.4316412254448601 -6.2885733126360801 -2.183997702146399 -0.470876397324059
leaf_weight=4346 144 144 144 3286
leaf_count=4346 144 144 144 3286
internal_value=0.000231621 -0.0789559 2.13117 0.0390152
internal_weight=8064 7776 288 7632
internal_count=8064 7776 288 7632
is_linear=0
shrinkage=0.05


Tree=94
num_leaves=5
num_cat=0
split_feature=2 5 1 0
split_gain=550452 585611 1.29888e+06 772572
threshold=-646.16921428571447 -0.97111091670450067 -397.12394999999964 7823.8513000000012
decision_type=2 2 2 2
left_child=-1 2 -2 -3
right_child=1 3 -4 -5
leaf_value=-2.9902508819340081 -1.9859257213847148 0.03698596586956903 3.2487533422664825 -2.74832830068677
leaf_weight=150 171 7105 381 257
leaf_count=150 171 7105 381 257
internal_value=0.000207098 0.0572581 1.62648 -0.0606066
internal_weight=8064 7914 552 7362
internal_count=8064 7914 552 7362
is_linear=0
shrinkage=0.05


Tree=95
num_leaves=6
num_cat=0
split_feature=3 7 3 0 3
split_gain=518074 2.55546e+06 1.15408e+06 6.25465e+06 6.21847e+06
threshold=-234.61205729166633 1.0000000180025095e-35 -134.51111284722239 6634.974650000001 -115.88908020833331
decision_type=2 2 2 2 2
left_child=1 -1 3 -2 -4
right_child=2 -3 4 -5 -6
leaf_value=-2.6234701653184564 0.22631163864499407 6.7668909539847535 7.3178083110639385 -10.72365664958954 -0.17483302880597285
leaf_weight=144 705 144 288 159 6624
leaf_count=144 705 144 288 159 6624
internal_value=0.000169219 2.07888 -0.0770774 -1.79885 0.138374
internal_weight=8064 288 7776 864 6912
internal_count=8064 288 7776 864 6912
is_linear=0
shrinkage=0.05


Tree=96
num_leaves=7
num_cat=0
split_feature=3 0 3 5 3 3
split_gain=516873 5.43983e+06 3.09192e+06 1.08329e+07 5.61417e+06 237470
threshold=-156.78730312499962 5969.652900000001 -134.51111284722239 -0.48087430661751701 -115.88908020833331 -234.61205729166633
decision_type=2 2 2 2 2 2
left_child=1 5 3 -2 -4 -1
right_child=2 -3 4 -5 -6 -7
leaf_value=-2.3452278020126478 -15.199013568098479 9.2504408593611291 6.9531840312027189 1.4702337393732545 -0.16609269299720819 -0.23890607689178275
leaf_weight=223 147 164 288 285 6624 333
leaf_count=223 147 164 288 285 6624 333
internal_value=0.000165657 1.27767 -0.125236 -4.22394 0.131507 -1.0864
internal_weight=8064 720 7344 432 6912 556
internal_count=8064 720 7344 432 6912 556
is_linear=0
shrinkage=0.05


Tree=97
num_leaves=4
num_cat=0
split_feature=3 1 5
split_gain=512967 819106 703459
threshold=403.21990868055587 860.04374999999993 -0.94670478576706751
decision_type=2 2 2
left_child=1 2 -1
right_child=-2 -3 -4
leaf_value=1.4861645341723877 2.9472342938133358 -3.5078562173815002 -0.1337356147118787
leaf_weight=740 144 167 7013
leaf_count=740 144 167 7013
internal_value=0.000155666 -0.0537929 0.0210506
internal_weight=8064 7920 7753
internal_count=8064 7920 7753
is_linear=0
shrinkage=0.05


Tree=98
num_leaves=5
num_cat=0
split_feature=2 3 3 1
split_gain=494359 918560 4.96334e+06 2.86624e+06
threshold=700.85070000000053 -134.51111284722239 -115.88908020833331 -88.629899999999893
decision_type=2 2 2 2
left_child=1 3 -3 -1
right_child=-2 2 -4 -5
leaf_value=-5.5242350074781204 2.8534663553605948 6.5976451696704705 -0.12044022534693298 0.1888081786530057
leaf_weight=303 148 286 6537 790
leaf_count=303 148 286 6537 790
internal_value=0.000152794 -0.0535473 0.162088 -1.39856
internal_weight=8064 7916 6823 1093
internal_count=8064 7916 6823 1093
is_linear=0
shrinkage=0.05


Tree=99
num_leaves=7
num_cat=0
split_feature=3 0 3 5 3 3
split_gain=512304 5.02404e+06 2.70528e+06 9.61964e+06 4.58223e+06 155165
threshold=-156.78730312499962 5600.807350000001 -134.51111284722239 -0.48087430661751701 -115.88908020833331 -234.61205729166633
decision_type=2 2 2 2 2 2
left_child=1 5 3 -2 -4 -1
right_child=2 -3 4 -5 -6 -7
leaf_value=-2.124201005521146 -14.300804897095706 8.6170093399557199 6.2784024010892558 1.4072193275381635 -0.15338165403035348 -0.40412667535632762
leaf_weight=219 147 175 288 285 6624 326
leaf_count=219 147 175 288 285 6624 326
internal_value=0.000169924 1.27201 -0.124677 -3.95856 0.115479 -1.09794
internal_weight=8064 720 7344 432 6912 545
internal_count=8064 720 7344 432 6912 545
is_linear=0
shrinkage=0.05


end of trees

feature_importances:
Column_3=187
Column_2=162
Column_0=56
Column_1=43
Column_5=39
Column_6=21
Column_4=5
Column_7=3

parameters:
[boosting: gbdt]
[objective: regression]
[metric: l2]
[tree_learner: serial]
[device_type: cpu]
[data_sample_strategy: bagging]
[data: ]
[valid: ]
[num_iterations: 100]
[learning_rate: 0.05]
[num_leaves: 7]
[num_threads: 1]
[seed: 20250911]
[deterministic: 1]
[force_col_wise: 1]
[force_row_wise: 0]
[histogram_pool_size: -1]
[max_depth: 3]
[min_data_in_leaf: 144]
[min_sum_hessian_in_leaf: 0.001]
[bagging_fraction: 1]
[pos_bagging_fraction: 1]
[neg_bagging_fraction: 1]
[bagging_freq: 0]
[bagging_seed: 20250911]
[bagging_by_query: 0]
[feature_fraction: 1]
[feature_fraction_bynode: 1]
[feature_fraction_seed: 20250911]
[extra_trees: 0]
[extra_seed: 26685]
[early_stopping_round: 0]
[early_stopping_min_delta: 0]
[first_metric_only: 0]
[max_delta_step: 0]
[lambda_l1: 0]
[lambda_l2: 1]
[linear_lambda: 0]
[min_gain_to_split: 0]
[drop_rate: 0.1]
[max_drop: 50]
[skip_drop: 0.5]
[xgboost_dart_mode: 0]
[uniform_drop: 0]
[drop_seed: 2504]
[top_rate: 0.2]
[other_rate: 0.1]
[min_data_per_group: 100]
[max_cat_threshold: 32]
[cat_l2: 10]
[cat_smooth: 10]
[max_cat_to_onehot: 4]
[top_k: 20]
[monotone_constraints: ]
[monotone_constraints_method: basic]
[monotone_penalty: 0]
[feature_contri: ]
[forcedsplits_filename: ]
[refit_decay_rate: 0.9]
[cegb_tradeoff: 1]
[cegb_penalty_split: 0]
[cegb_penalty_feature_lazy: ]
[cegb_penalty_feature_coupled: ]
[path_smooth: 0]
[interaction_constraints: ]
[verbosity: -1]
[saved_feature_importance_type: 0]
[use_quantized_grad: 0]
[num_grad_quant_bins: 4]
[quant_train_renew_leaf: 0]
[stochastic_rounding: 1]
[linear_tree: 0]
[max_bin: 63]
[max_bin_by_feature: ]
[min_data_in_bin: 3]
[bin_construct_sample_cnt: 200000]
[data_random_seed: 20250911]
[is_enable_sparse: 1]
[enable_bundle: 1]
[use_missing: 1]
[zero_as_missing: 0]
[feature_pre_filter: 0]
[pre_partition: 0]
[two_round: 0]
[header: 0]
[label_column: ]
[weight_column: ]
[group_column: ]
[ignore_column: ]
[categorical_feature: ]
[forcedbins_filename: ]
[precise_float_parser: 0]
[parser_config_file: ]
[objective_seed: 19683]
[num_class: 1]
[is_unbalance: 0]
[scale_pos_weight: 1]
[sigmoid: 1]
[boost_from_average: 1]
[reg_sqrt: 0]
[alpha: 0.9]
[fair_c: 1]
[poisson_max_delta_step: 0.7]
[tweedie_variance_power: 1.5]
[lambdarank_truncation_level: 30]
[lambdarank_norm: 1]
[label_gain: ]
[lambdarank_position_bias_regularization: 0]
[eval_at: ]
[multi_error_top_k: 1]
[auc_mu_weights: ]
[num_machines: 1]
[local_listen_port: 12400]
[time_out: 120]
[machine_list_filename: ]
[machines: ]
[gpu_platform_id: -1]
[gpu_device_id: -1]
[gpu_device_id_list: ]
[gpu_use_dp: 0]
[num_gpu: 1]

end of parameters

pandas_categorical:null
