tree
version=v4
num_class=1
num_tree_per_iteration=1
label_index=0
max_feature_idx=7
objective=regression
feature_names=Column_0 Column_1 Column_2 Column_3 Column_4 Column_5 Column_6 Column_7
feature_infos=[0:10057.9095] [-2183.6624999999995:2114.3625000000002] [-1595.866814285715:1771.9660714285719] [-334.19214513888892:364.15612430555529] [-1:1] [-1:1] [-1:1] [-1:1]
tree_sizes=754 760 759 758 757 755 761 757 758 756 761 760 761 759 762 758 759 758 759 762 764 764 761 761 762 765 760 682 762 682 757 674 683 756 679 761 682 676 762 678 765 761 677 682 766 677 682 595 591 680 776 756 778 677 681 770 780 507 681 763 762 509 510 681 778 682 776 682 776 597 776 508 593 682 509 783 777 595 506 680 677 673 772 504 578 678 593 586 589 583 505 775 761 587 502 584 671 587 671 501

Tree=0
num_leaves=7
num_cat=0
split_feature=2 2 2 0 2 2
split_gain=2.63393e+08 1.46777e+08 4.52567e+07 2.49498e+07 2.43529e+07 6.55204e+06
threshold=217.18124999999966 -277.11399285714123 574.28206428571423 8498.3599500000018 -50.58874999999977 766.11282857142862
decision_type=2 2 2 2 2 2
left_child=1 3 -2 -1 -3 -4
right_child=2 4 5 -5 -6 -7
leaf_value=-16.192696090446191 16.778290073298866 -8.5712894689909636 31.824536235937167 -34.232664355356164 0.67333426892773607 46.738140227688518
leaf_weight=510 720 820 160 310 5384 160
leaf_count=510 720 820 160 310 5384 160
internal_value=0.299069 -3.17905 23.7705 -23.0464 -0.549786 39.4028
internal_weight=8064 7024 1040 820 6204 320
internal_count=8064 7024 1040 820 6204 320
is_linear=0
shrinkage=1


Tree=1
num_leaves=7
num_cat=0
split_feature=2 2 2 0 2 2
split_gain=2.37804e+08 1.32504e+08 4.08861e+07 2.25276e+07 2.20659e+07 5.91708e+06
threshold=217.18124999999966 -277.11399285714123 574.28206428571423 8498.3599500000018 -36.276071428571292 766.11282857142862
decision_type=2 2 2 2 2 2
left_child=1 3 -2 -1 -3 -4
right_child=2 4 5 -5 -6 -7
leaf_value=-15.668790623633129 15.656402068375384 -8.0314644059370526 29.95898416531012 -32.810698521367229 0.42394815230014676 44.131539093041276
leaf_weight=510 720 902 160 310 5302 160
leaf_count=510 720 902 160 310 5302 160
internal_value=0.000216439 -3.30464 22.3024 -22.1813 -0.806481 37.1607
internal_weight=8064 7024 1040 820 6204 320
internal_count=8064 7024 1040 820 6204 320
is_linear=0
shrinkage=0.05


Tree=2
num_leaves=7
num_cat=0
split_feature=2 2 2 1 2 2
split_gain=2.14701e+08 1.19619e+08 3.69376e+07 2.16557e+07 1.99895e+07 5.34366e+06
threshold=217.18124999999966 -277.11399285714123 574.28206428571423 656.0156500000013 -66.697607142856995 766.11282857142862
decision_type=2 2 2 2 2 2
left_child=1 3 -2 -1 -3 -4
right_child=2 4 5 -5 -6 -7
leaf_value=-14.409624067467718 14.874668271911956 -8.4843656486522843 28.470339010517051 -31.050016013332982 0.2772199563081072 41.938668670417364
leaf_weight=493 720 738 160 327 5466 160
leaf_count=493 720 738 160 327 5466 160
internal_value=0.000414359 -3.13981 21.1916 -21.0752 -0.766218 35.3142
internal_weight=8064 7024 1040 820 6204 320
internal_count=8064 7024 1040 820 6204 320
is_linear=0
shrinkage=0.05


Tree=3
num_leaves=7
num_cat=0
split_feature=2 2 2 0 2 2
split_gain=1.94032e+08 1.11658e+08 2.62122e+07 2.0882e+07 1.23441e+07 4.82581e+06
threshold=265.00664285714271 -167.0637285714283 574.28206428571423 8190.4599000000007 105.18877142857166 766.11282857142862
decision_type=2 2 2 2 2 2
left_child=1 3 -2 -1 -3 -4
right_child=2 4 5 -5 -6 -7
leaf_value=-11.549474061752289 15.577366198254035 -0.77456226962293595 27.055663882427339 -25.382132367117215 6.5644996260192574 39.854758979370878
leaf_weight=697 560 5396 160 451 640 160
leaf_count=697 560 5396 160 451 640 160
internal_value=0.000589645 -2.71492 22.147 -17.0011 0.00456049 33.5594
internal_weight=8064 7184 880 1148 6036 320
internal_count=8064 7184 880 1148 6036 320
is_linear=0
shrinkage=0.05


Tree=4
num_leaves=7
num_cat=0
split_feature=2 2 2 1 2 2
split_gain=1.75371e+08 9.60121e+07 3.55943e+07 1.92024e+07 1.58881e+07 5.43303e+06
threshold=179.02507857142839 -277.11399285714123 574.28206428571423 656.0156500000013 -19.446614285714528 393.4712785714292
decision_type=2 2 2 2 2 2
left_child=1 3 5 -1 -3 -2
right_child=2 4 -4 -5 -6 -7
leaf_value=-12.8524842140163 9.9762314151769118 -6.7131989618786028 31.891884186603946 -28.517459569735134 0.22759014735040395 18.832147173218708
leaf_weight=493 640 984 320 327 5060 240
leaf_count=493 640 984 320 327 5060 240
internal_value=0.000878543 -3.08281 17.6275 -19.1265 -0.903336 12.4101
internal_weight=8064 6864 1200 820 6044 880
internal_count=8064 6864 1200 820 6044 880
is_linear=0
shrinkage=0.05


Tree=5
num_leaves=7
num_cat=0
split_feature=2 2 2 0 2 2
split_gain=1.58664e+08 9.16e+07 2.12459e+07 1.8136e+07 1.65078e+07 4.39756e+06
threshold=265.00664285714271 -277.11399285714123 574.28206428571423 8498.3599500000018 -19.446614285714528 766.11282857142862
decision_type=2 2 2 2 2 2
left_child=1 3 -2 -1 -3 -4
right_child=2 4 5 -5 -6 -7
leaf_value=-12.335601793529937 14.112532700489338 -6.3778797965644749 24.126592804926524 -27.705102928275082 0.66255511010583268 36.289709256219197
leaf_weight=510 560 984 160 310 5380 160
leaf_count=510 560 984 160 310 5380 160
internal_value=0.000914246 -2.45467 20.0274 -18.1727 -0.426866 30.3023
internal_weight=8064 7184 880 820 6364 320
internal_count=8064 7184 880 820 6364 320
is_linear=0
shrinkage=0.05


Tree=6
num_leaves=7
num_cat=0
split_feature=2 2 2 1 2 5
split_gain=1.4463e+08 7.80698e+07 2.86065e+07 1.70059e+07 1.30698e+07 5.11332e+06
threshold=179.02507857142839 -277.11399285714123 574.28206428571423 810.0826000000003 -66.697607142856995 -0.87651811848132988
decision_type=2 2 2 2 2 2
left_child=1 3 5 -1 -3 -2
right_child=2 4 -4 -5 -6 -7
leaf_value=-12.733562132016505 17.140267170371867 -7.0637462646777323 28.796554502148496 -28.788993209677859 0.033600013384418974 8.8036098573405237
leaf_weight=590 265 738 320 230 5306 615
leaf_count=590 265 738 320 230 5306 615
internal_value=0.00104685 -2.79936 16.0084 -17.2665 -0.834044 11.3307
internal_weight=8064 6864 1200 820 6044 880
internal_count=8064 6864 1200 820 6044 880
is_linear=0
shrinkage=0.05


Tree=7
num_leaves=7
num_cat=0
split_feature=2 2 2 0 2 5
split_gain=1.30595e+08 7.24437e+07 2.1731e+07 1.5997e+07 1.26358e+07 4.25259e+06
threshold=217.18124999999966 -277.11399285714123 574.28206428571423 8498.3599500000018 -19.446614285714528 -0.87651811848132988
decision_type=2 2 2 2 2 2
left_child=1 3 5 -1 -3 -2
right_child=2 4 -4 -5 -6 -7
leaf_value=-10.92592769549201 17.350746200168341 -5.7951077292171229 27.361212835876373 -25.356688600797746 0.37915984621493398 9.0426671412852624
leaf_weight=510 227 984 320 310 5220 493
leaf_count=510 227 984 320 310 5220 493
internal_value=0.00103289 -2.44807 16.5283 -16.4057 -0.6009 11.6825
internal_weight=8064 7024 1040 820 6204 720
internal_count=8064 7024 1040 820 6204 720
is_linear=0
shrinkage=0.05


Tree=8
num_leaves=7
num_cat=0
split_feature=2 2 2 1 2 2
split_gain=1.18552e+08 6.3556e+07 2.35738e+07 1.54159e+07 1.07908e+07 5.58346e+06
threshold=179.02507857142839 -277.11399285714123 513.17311428571441 656.0156500000013 -66.697607142856995 766.11282857142862
decision_type=2 2 2 2 2 2
left_child=1 3 -2 -1 -3 -4
right_child=2 4 5 -5 -6 -7
leaf_value=-9.9716648293349905 9.518365033310646 -6.4216734083119853 19.417200520622288 -23.998283345006953 0.027275999487415083 31.696045721835972
leaf_weight=493 800 738 240 327 5306 160
leaf_count=493 800 738 240 327 5306 160
internal_value=0.00105602 -2.53435 14.4936 -15.5876 -0.761102 24.3955
internal_weight=8064 6864 1200 820 6044 400
internal_count=8064 6864 1200 820 6044 400
is_linear=0
shrinkage=0.05


Tree=9
num_leaves=7
num_cat=0
split_feature=2 2 0 2 2 5
split_gain=1.078e+08 6.2369e+07 1.39319e+07 1.29437e+07 9.73787e+06 4.60102e+06
threshold=291.35344999999921 -167.0637285714283 8190.4599000000007 766.11282857142862 74.482914285714529 -0.87651811848132988
decision_type=2 2 2 2 2 2
left_child=1 2 -1 5 -3 -2
right_child=3 4 -4 -5 -6 -7
leaf_value=-8.1568819373568537 19.823998092735277 -0.77134310102167181 -19.450010446716199 30.121086909608074 4.7107519193064968 10.944523255522011
leaf_weight=697 232 5156 451 160 960 408
leaf_count=697 232 5156 451 160 960 408
internal_value=0.00112889 -1.9182 -12.6065 17.4092 0.0897852 14.1892
internal_weight=8064 7264 1148 800 6116 640
internal_count=8064 7264 1148 800 6116 640
is_linear=0
shrinkage=0.05


Tree=10
num_leaves=7
num_cat=0
split_feature=2 2 3 2 2 5
split_gain=9.74604e+07 5.73164e+07 1.35247e+07 1.0262e+07 1.00985e+07 2.92821e+06
threshold=317.05178571428638 -167.0637285714283 -32.374748958333377 74.482914285714529 766.11282857142862 -0.87651811848132988
decision_type=2 2 2 2 2 2
left_child=1 2 -1 -3 5 -2
right_child=4 3 -4 -5 -6 -7
leaf_value=-4.2015530572997202 18.938025674555035 -0.73278338827050982 -15.769243727637445 4.7095792266666372 28.624386685087075 11.415334228630787
leaf_weight=377 215 5156 771 1040 160 345
leaf_count=377 215 5156 771 1040 160 345
internal_value=0.0013032 -1.72067 -11.9774 0.181331 17.5435 14.3321
internal_weight=8064 7344 1148 6196 720 560
internal_count=8064 7344 1148 6196 720 560
is_linear=0
shrinkage=0.05


Tree=11
num_leaves=7
num_cat=0
split_feature=2 2 2 1 2 3
split_gain=8.8127e+07 4.92355e+07 1.7863e+07 1.42914e+07 1.21706e+07 4.20932e+06
threshold=179.02507857142839 -383.90341428571395 513.17311428571441 656.0156500000013 -66.697607142856995 -66.236113194444883
decision_type=2 2 2 2 2 2
left_child=1 3 5 -1 -3 -2
right_child=2 4 -4 -5 -6 -7
leaf_value=-8.6320815398400992 12.733745391753413 -6.0083175473134531 21.116059604190532 -24.459992401465016 0.043466594646257864 5.2714941800246393
leaf_weight=301 309 984 400 273 5306 491
leaf_count=301 309 984 400 273 5306 491
internal_value=0.00150453 -2.18448 12.4967 -16.1894 -0.904072 8.16609
internal_weight=8064 6864 1200 574 6290 800
internal_count=8064 6864 1200 574 6290 800
is_linear=0
shrinkage=0.05


Tree=12
num_leaves=7
num_cat=0
split_feature=2 2 0 2 2 7
split_gain=8.00778e+07 4.76826e+07 1.35632e+07 1.33968e+07 8.64483e+06 2.63336e+06
threshold=317.05178571428638 -383.90341428571395 8839.044850000002 -19.446614285714528 766.11282857142862 0.25881904510252068
decision_type=2 2 2 2 2 2
left_child=1 2 -1 -3 5 -2
right_child=4 3 -4 -5 -6 -7
leaf_value=-9.9119545678452905 9.2534348255709613 -5.1034916051222385 -26.244501491853345 0.66294685700096323 26.152810887372272 16.194791934216347
leaf_weight=383 265 1230 191 5540 160 295
leaf_count=383 265 1230 191 5540 160 295
internal_value=0.00142965 -1.55945 -15.3828 -0.385321 15.9025 12.9324
internal_weight=8064 7344 574 6770 720 560
internal_count=8064 7344 574 6770 720 560
is_linear=0
shrinkage=0.05


Tree=13
num_leaves=7
num_cat=0
split_feature=2 2 2 1 2 2
split_gain=7.31598e+07 3.91377e+07 1.66672e+07 1.27057e+07 9.41906e+06 3.42272e+06
threshold=140.62079285714302 -383.90341428571395 513.17311428571441 656.0156500000013 -66.697607142856995 766.11282857142862
decision_type=2 2 2 2 2 2
left_child=1 3 -2 -1 -3 -4
right_child=2 4 5 -5 -6 -7
leaf_value=-7.494329093307849 6.9852857946342644 -5.4532911748278341 15.238820871370709 -22.413863353920679 -0.11640059486124177 24.853292857045716
leaf_weight=301 960 984 240 273 5146 160
leaf_count=301 960 984 240 273 5146 160
internal_value=0.00142641 -2.14397 10.5708 -14.6168 -0.973839 19.137
internal_weight=8064 6704 1360 574 6130 400
internal_count=8064 6704 1360 574 6130 400
is_linear=0
shrinkage=0.05


Tree=14
num_leaves=7
num_cat=0
split_feature=2 2 2 0 2 5
split_gain=6.62421e+07 3.61162e+07 1.31018e+07 1.20657e+07 9.00288e+06 3.48829e+06
threshold=179.02507857142839 -383.90341428571395 574.28206428571423 8839.044850000002 -50.58874999999977 -0.94670478576706751
decision_type=2 2 2 2 2 2
left_child=1 3 5 -1 -3 -2
right_child=2 4 -4 -5 -6 -7
leaf_value=-8.7311406121434025 14.093617670821866 -4.982399367885324 19.489153928994391 -24.13119256620606 0.057663263880162012 6.1130212445320291
leaf_weight=383 170 1066 320 191 5224 710
leaf_count=383 170 1066 320 191 5224 710
internal_value=0.00142698 -1.89379 10.8346 -13.8886 -0.797159 7.66897
internal_weight=8064 6864 1200 574 6290 880
internal_count=8064 6864 1200 574 6290 880
is_linear=0
shrinkage=0.05


Tree=15
num_leaves=7
num_cat=0
split_feature=2 2 3 2 2 3
split_gain=6.01775e+07 3.46145e+07 1.20098e+07 7.44872e+06 6.80903e+06 3.24788e+06
threshold=291.35344999999921 -277.11399285714123 -32.374748958333377 766.11282857142862 74.482914285714529 -66.236113194444883
decision_type=2 2 2 2 2 2
left_child=1 2 -1 5 -3 -2
right_child=3 4 -4 -5 -6 -7
leaf_value=-1.6017424799814948 14.34854825776539 -0.88090315792638274 -14.95437497927565 22.649941529990727 3.6816542404165937 7.1746482452750202
leaf_weight=237 301 5484 583 160 960 339
leaf_count=237 301 5484 583 160 960 339
internal_value=0.00136749 -1.43266 -11.1018 13.0078 -0.200727 10.5657
internal_weight=8064 7264 820 800 6444 640
internal_count=8064 7264 820 800 6444 640
is_linear=0
shrinkage=0.05


Tree=16
num_leaves=7
num_cat=0
split_feature=2 2 0 2 2 5
split_gain=5.44312e+07 3.22783e+07 1.45215e+07 5.82335e+06 5.35223e+06 2.22553e+06
threshold=317.05178571428638 -66.697607142856995 9136.1768500000017 766.11282857142862 105.18877142857166 -0.87651811848132988
decision_type=2 2 2 2 2 2
left_child=1 2 -1 5 -3 -2
right_child=3 4 -4 -5 -6 -7
leaf_value=-6.0912785424236606 14.67708080444071 -0.174360392891141 -22.468265080769857 21.524478656488547 4.228841964502851 8.1430151641455009
leaf_weight=1409 215 4986 149 160 800 345
leaf_count=1409 215 4986 149 160 800 345
internal_value=0.00148771 -1.28539 -7.67091 13.1112 0.435073 10.6733
internal_weight=8064 7344 1558 720 5786 560
internal_count=8064 7344 1558 720 5786 560
is_linear=0
shrinkage=0.05


Tree=17
num_leaves=7
num_cat=0
split_feature=2 2 2 1 2 6
split_gain=4.91546e+07 2.71213e+07 1.19002e+07 1.08836e+07 6.4469e+06 4.13245e+06
threshold=140.62079285714302 -383.90341428571395 393.4712785714292 656.0156500000013 -8.0001857142854629 -0.76604444311897835
decision_type=2 2 2 2 2 2
left_child=1 3 -2 -1 -3 -4
right_child=2 4 5 -5 -6 -7
leaf_value=-5.5546791877819608 4.7424122419873349 -3.8902975566175528 7.2095098905794091 -19.354046255437126 0.063044546235957052 16.896711241312929
leaf_weight=301 800 1311 154 273 4819 406
leaf_count=301 800 1311 154 273 4819 406
internal_value=0.0015363 -1.757 8.66503 -12.14 -0.782938 14.2503
internal_weight=8064 6704 1360 574 6130 560
internal_count=8064 6704 1360 574 6130 560
is_linear=0
shrinkage=0.05


Tree=18
num_leaves=7
num_cat=0
split_feature=2 2 0 2 2 7
split_gain=4.44875e+07 2.6851e+07 9.92225e+06 7.59144e+06 5.10702e+06 1.94651e+06
threshold=317.05178571428638 -383.90341428571395 8839.044850000002 -8.0001857142854629 766.11282857142862 0.25881904510252068
decision_type=2 2 2 2 2 2
left_child=1 2 -1 -3 5 -2
right_child=4 3 -4 -5 -6 -7
leaf_value=-6.8624392929176494 6.4216732115519797 -3.6959308661753312 -20.82064834535122 0.53979894880126511 19.729671589336039 12.370386020476754
leaf_weight=383 265 1311 191 5459 160 295
leaf_count=383 265 1311 191 5459 160 295
internal_value=0.00146017 -1.16195 -11.5352 -0.280868 11.8534 9.57183
internal_weight=8064 7344 574 6770 720 560
internal_count=8064 7344 574 6770 720 560
is_linear=0
shrinkage=0.05


Tree=19
num_leaves=7
num_cat=0
split_feature=2 2 1 2 2 6
split_gain=4.09363e+07 2.20575e+07 9.81332e+06 9.54897e+06 6.041e+06 3.64243e+06
threshold=140.62079285714302 -439.12512142857071 656.0156500000013 393.4712785714292 -66.697607142856995 -0.76604444311897835
decision_type=2 2 2 2 2 2
left_child=1 2 -1 -2 -3 -5
right_child=3 4 -4 5 -6 -7
leaf_value=-4.4891990505096819 4.3935215523031621 -4.2192923819867945 -18.628955501552642 6.3058927178382875 -0.085392320224616666 15.39461765854599
leaf_weight=239 800 1066 253 154 5146 406
leaf_count=239 800 1066 253 154 5146 406
internal_value=0.00143482 -1.60338 -11.7833 7.90759 -0.795348 12.9109
internal_weight=8064 6704 492 1360 6212 560
internal_count=8064 6704 492 1360 6212 560
is_linear=0
shrinkage=0.05


Tree=20
num_leaves=7
num_cat=0
split_feature=2 2 2 0 3 2
split_gain=3.69545e+07 1.99459e+07 8.85008e+06 8.77231e+06 6.23415e+06 4.76199e+06
threshold=140.62079285714302 -383.90341428571395 574.28206428571423 8839.044850000002 84.847954861111035 -19.446614285714528
decision_type=2 2 2 2 2 2
left_child=1 3 4 -1 -2 -3
right_child=2 5 -4 -5 -6 -7
leaf_value=-6.0355864956175846 6.8179542592137956 -3.4682243419434364 14.77508263030899 -19.157405193864058 -4.3660694195484293 0.010359355942071567
leaf_weight=383 896 1230 320 191 144 4900
leaf_count=383 896 1230 320 191 144 4900
internal_value=0.0013548 -1.52342 7.51317 -10.4276 5.26669 -0.688079
internal_weight=8064 6704 1360 574 1040 6130
internal_count=8064 6704 1360 574 1040 6130
is_linear=0
shrinkage=0.05


Tree=21
num_leaves=7
num_cat=0
split_feature=2 2 1 2 2 3
split_gain=3.33986e+07 1.84145e+07 8.74573e+06 7.04364e+06 5.23342e+06 2.86016e+06
threshold=179.02507857142839 -439.12512142857071 656.0156500000013 574.28206428571423 -66.697607142856995 -66.236113194444883
decision_type=2 2 2 2 2 2
left_child=1 2 -1 5 -3 -2
right_child=3 4 -4 -5 -6 -7
leaf_value=-3.7710588065783188 8.8758614510212865 -3.8192627073654033 -17.116449947455738 14.038630045165897 0.018415105520045733 3.0471532456169919
leaf_weight=239 350 1066 253 320 5306 530
leaf_count=239 350 1066 253 320 5306 530
internal_value=0.00121627 -1.34451 -10.6544 7.69348 -0.624105 5.37283
internal_weight=8064 6864 492 1200 6372 880
internal_count=8064 6864 492 1200 6372 880
is_linear=0
shrinkage=0.05


Tree=22
num_leaves=7
num_cat=0
split_feature=2 2 0 2 2 6
split_gain=3.02683e+07 1.62923e+07 7.97207e+06 7.38684e+06 3.91869e+06 3.30637e+06
threshold=140.62079285714302 -383.90341428571395 8190.4599000000007 393.4712785714292 -8.0001857142854629 -0.76604444311897835
decision_type=2 2 2 2 2 2
left_child=1 2 -1 -2 -3 -5
right_child=3 4 -4 5 -6 -7
leaf_value=-3.1990916434661809 3.7090979725382898 -3.0464537715214934 -15.005788839040418 4.918614508990319 0.035738939018840364 13.564622181815071
leaf_weight=272 800 1311 302 154 4819 406
leaf_count=272 800 1311 302 154 4819 406
internal_value=0.00116333 -1.37879 -9.42627 6.79954 -0.623827 11.2
internal_weight=8064 6704 574 1360 6130 560
internal_count=8064 6704 574 1360 6130 560
is_linear=0
shrinkage=0.05


Tree=23
num_leaves=7
num_cat=0
split_feature=2 2 3 1 2 0
split_gain=2.74043e+07 1.60364e+07 1.01779e+07 4.86155e+06 3.26129e+06 2.42712e+06
threshold=291.35344999999921 -192.43512142857114 -32.374748958333377 -650.08125000000007 74.482914285714529 7292.4340000000011
decision_type=2 2 2 2 2 2
left_child=1 2 -1 5 -3 -2
right_child=3 4 -4 -5 -6 -7
leaf_value=0.55731599330089254 16.2957096080609 -0.4830704362130922 -9.9463110851547487 5.1622414317885399 2.6855805894869706 7.9058889108450234
leaf_weight=337 222 5238 729 432 960 146
leaf_count=337 222 5238 729 432 960 146
internal_value=0.00111123 -0.966607 -6.62834 8.77823 0.00807177 12.9976
internal_weight=8064 7264 1066 800 6198 368
internal_count=8064 7264 1066 800 6198 368
is_linear=0
shrinkage=0.05


Tree=24
num_leaves=7
num_cat=0
split_feature=2 2 0 5 6 0
split_gain=2.48901e+07 1.53986e+07 9.25127e+06 5.223e+06 3.02589e+06 1.63943e+06
threshold=393.4712785714292 -66.697607142856995 9136.1768500000017 -0.94670478576706751 -0.76604444311897835 7401.1641500000014
decision_type=2 2 2 2 2 2
left_child=1 2 -1 -3 -2 -6
right_child=4 3 -4 -5 5 -7
leaf_value=-3.921361072496214 4.1565848164404597 7.1438110278470681 -16.989974795023599 0.075784839422731398 14.957630742573739 8.3300788172060933
leaf_weight=1409 154 273 149 5673 249 157
leaf_count=1409 154 273 149 5673 249 157
internal_value=0.00119316 -0.758189 -5.18128 0.401447 10.1601 12.4215
internal_weight=8064 7504 1558 5946 560 406
internal_count=8064 7504 1558 5946 560 406
is_linear=0
shrinkage=0.05


Tree=25
num_leaves=7
num_cat=0
split_feature=2 2 3 1 2 2
split_gain=2.28786e+07 1.24266e+07 7.9532e+06 7.51146e+06 5.18655e+06 3.07103e+06
threshold=105.18877142857166 -439.12512142857071 101.54536909722221 656.0156500000013 766.11282857142862 -8.0001857142854629
decision_type=2 2 2 2 2 2
left_child=1 3 4 -1 -2 -3
right_child=2 5 -4 -5 -6 -7
leaf_value=-2.5417230307310823 5.5953585831278545 -2.7194823905537002 -5.4997186444095663 -14.903715788520229 15.241164464814753 -0.0444961332913704
leaf_weight=239 1216 1393 147 253 157 4659
leaf_count=239 1216 1393 147 253 157 4659
internal_value=0.00121875 -1.28249 5.52511 -8.91594 6.70863 -0.66055
internal_weight=8064 6544 1520 492 1373 6052
internal_count=8064 6544 1520 492 1373 6052
is_linear=0
shrinkage=0.05


Tree=26
num_leaves=7
num_cat=0
split_feature=2 2 1 5 3 0
split_gain=2.07042e+07 1.19229e+07 6.78186e+06 4.52996e+06 5.2453e+06 4.91132e+06
threshold=217.18124999999966 -439.12512142857071 656.0156500000013 -0.87651811848132988 -66.236113194444883 7518.8205000000007
decision_type=2 2 2 2 2 2
left_child=1 2 -1 5 -5 -2
right_child=3 -3 -4 4 -6 -7
leaf_value=-2.4151663896938165 17.588980041060058 -0.40806098502356802 -14.161463603870139 8.8154553169172072 -0.25219662192082687 6.2333764101742721
leaf_weight=239 158 6532 253 297 343 242
leaf_count=239 158 6532 253 297 343 242
internal_value=0.00112762 -0.974023 -8.47191 6.58176 3.96295 10.7515
internal_weight=8064 7024 492 1040 640 400
internal_count=8064 7024 492 1040 640 400
is_linear=0
shrinkage=0.05


Tree=27
num_leaves=6
num_cat=0
split_feature=2 0 3 2 2
split_gain=1.89738e+07 1.09135e+07 6.95106e+06 4.71427e+06 4.33322e+06
threshold=105.18877142857166 9136.1768500000017 101.54536909722221 -50.58874999999977 766.11282857142862
decision_type=2 2 2 2 2
left_child=1 3 4 -1 -2
right_child=2 -3 -4 -5 -6
leaf_value=-3.3126157661977431 5.1205340190460769 -14.277412259809433 -5.2747461077732014 -0.10095989965496591 13.937239514017785
leaf_weight=1489 1216 154 147 4901 157
leaf_count=1489 1216 154 147 4901 157
internal_value=0.00116671 -1.16787 5.03163 -0.849742 6.13812
internal_weight=8064 6544 1520 6390 1373
internal_count=8064 6544 1520 6390 1373
is_linear=0
shrinkage=0.05


Tree=28
num_leaves=7
num_cat=0
split_feature=2 2 3 5 6 0
split_gain=1.74153e+07 1.08416e+07 6.80086e+06 3.92693e+06 2.60916e+06 1.43282e+06
threshold=393.4712785714292 -167.0637285714283 -32.374748958333377 -0.94670478576706751 -0.76604444311897835 7401.1641500000014
decision_type=2 2 2 2 2 2
left_child=1 2 -1 -3 -2 -6
right_child=4 3 -4 -5 5 -7
leaf_value=0.39985348020911848 2.9326426123803664 5.4427386606273371 -7.7919264406313253 -0.11923504758371822 12.963782878780364 6.7866847493980504
leaf_weight=377 154 334 771 6022 249 157
leaf_count=377 154 334 771 6022 249 157
internal_value=0.00108415 -0.634118 -5.10376 0.17385 8.49875 10.5976
internal_weight=8064 7504 1148 6356 560 406
internal_count=8064 7504 1148 6356 560 406
is_linear=0
shrinkage=0.05


Tree=29
num_leaves=6
num_cat=0
split_feature=2 0 3 1 2
split_gain=1.58457e+07 9.51649e+06 6.14664e+06 3.86449e+06 3.829e+06
threshold=105.18877142857166 9136.1768500000017 101.54536909722221 -1127.9330499999999 -50.58874999999977
decision_type=2 2 2 2 2
left_child=1 4 3 -2 -1
right_child=2 -3 -4 -5 -6
leaf_value=-2.9897281885247105 12.951273979991676 -13.308928260957041 -5.0929159319078607 4.6712361025981943 -0.095285164031867278
leaf_weight=1489 159 154 147 1214 4901
leaf_count=1489 159 154 147 1214 4901
internal_value=0.00115777 -1.06718 4.59829 5.63883 -0.770112
internal_weight=8064 6544 1520 1373 6390
internal_count=8064 6544 1520 1373 6390
is_linear=0
shrinkage=0.05


Tree=30
num_leaves=7
num_cat=0
split_feature=2 2 1 2 7 1
split_gain=1.45287e+07 9.24718e+06 5.87789e+06 3.15984e+06 2.44977e+06 2.42495e+06
threshold=393.4712785714292 -439.12512142857071 656.0156500000013 74.482914285714529 0.64278760968654003 -650.08125000000007
decision_type=2 2 2 2 2 2
left_child=1 2 -1 -3 5 -2
right_child=4 3 -4 -5 -6 -7
leaf_value=-1.5628873758763075 9.5660025190610387 -0.59607615368072264 -12.494502438898163 2.2210994745867381 11.71974814386466 0.97976231857966845
leaf_weight=239 153 5812 253 1200 230 177
leaf_count=239 153 5812 253 1200 230 177
internal_value=0.0010759 -0.5791 -7.19817 -0.11371 7.76261 4.97753
internal_weight=8064 7504 492 7012 560 330
internal_count=8064 7504 492 7012 560 330
is_linear=0
shrinkage=0.05


Tree=31
num_leaves=6
num_cat=0
split_feature=2 0 2 6 0
split_gain=1.3119e+07 8.78232e+06 4.55134e+06 2.23532e+06 1.39618e+06
threshold=393.4712785714292 9136.1768500000017 -8.0001857142854629 -0.76604444311897835 7401.1641500000014
decision_type=2 2 2 2 2
left_child=1 2 -1 -2 -5
right_child=3 -3 -4 4 -6
leaf_value=-2.5410245071937609 2.2287750467946452 -12.328402051771841 0.38938729142502942 11.6498458545506 5.5713570086261903
leaf_weight=1733 154 154 5617 249 157
leaf_count=1733 154 154 5617 249 157
internal_value=0.00108307 -0.550228 -0.301804 7.37646 9.31876
internal_weight=8064 7504 7350 560 406
internal_count=8064 7504 7350 560 406
is_linear=0
shrinkage=0.05


Tree=32
num_leaves=6
num_cat=0
split_feature=2 0 3 7 1
split_gain=1.20565e+07 7.2708e+06 6.97966e+06 3.49662e+06 2.93071e+06
threshold=74.482914285714529 9136.1768500000017 145.12309027777749 0.84258872403671548 2.1157000000000088
decision_type=2 2 2 2 2
left_child=1 4 3 -2 -1
right_child=2 -3 -4 -5 -6
leaf_value=-0.099079990116484024 3.5545903535987406 -11.715959141965836 -6.0403271665885336 9.5760492240138344 -2.5784303178927237
leaf_weight=4534 1297 154 167 296 1616
leaf_count=4534 1297 154 167 296 1616
internal_value=0.00105973 -1.02056 3.65881 4.67876 -0.750878
internal_weight=8064 6304 1760 1593 6150
internal_count=8064 6304 1760 1593 6150
is_linear=0
shrinkage=0.05


Tree=33
num_leaves=7
num_cat=0
split_feature=2 2 1 5 3 0
split_gain=1.10908e+07 7.02249e+06 6.21681e+06 3.22495e+06 3.88237e+06 3.52032e+06
threshold=291.35344999999921 -489.55982142857141 594.001249999999 -0.87651811848132988 -66.236113194444883 7518.8205000000007
decision_type=2 2 2 2 2 2
left_child=1 2 -1 5 -5 -2
right_child=3 -3 -4 4 -6 -7
leaf_value=0.28433407593324694 15.126742395353157 -0.23396830736110763 -12.179600067386039 7.3359502442243727 -1.7976061491589796 4.7832903504683708
leaf_weight=172 146 6854 238 237 227 190
leaf_count=172 146 6854 238 237 227 190
internal_value=0.00096146 -0.614671 -6.96286 5.5847 2.87334 9.30932
internal_weight=8064 7264 410 800 464 336
internal_count=8064 7264 410 800 464 336
is_linear=0
shrinkage=0.05


Tree=34
num_leaves=6
num_cat=0
split_feature=2 0 3 3 2
split_gain=1.0161e+07 6.413e+06 4.03155e+06 4.25016e+06 2.69791e+06
threshold=140.62079285714302 9136.1768500000017 84.847954861111035 33.352760416666804 -19.446614285714528
decision_type=2 2 2 2 2
left_child=1 4 3 -2 -1
right_child=2 -3 -4 -5 -6
leaf_value=-2.3072173175042532 3.7551023242895614 -10.850722505892477 -3.6323862631351518 12.538047564254619 0.0288793913226945
leaf_weight=1652 1047 154 155 158 4898
leaf_count=1652 1047 154 155 158 4898
internal_value=0.000995966 -0.79854 3.93993 4.91617 -0.560579
internal_weight=8064 6704 1360 1205 6550
internal_count=8064 6704 1360 1205 6550
is_linear=0
shrinkage=0.05


Tree=35
num_leaves=7
num_cat=0
split_feature=2 2 1 5 7 1
split_gain=9.36788e+06 6.19475e+06 5.361e+06 2.84558e+06 1.8896e+06 2.16274e+06
threshold=393.4712785714292 -383.90341428571395 367.18324999999987 -0.94670478576706751 0.64278760968654003 -650.08125000000007
decision_type=2 2 2 2 2 2
left_child=1 2 -1 -3 5 -2
right_child=4 3 -4 -5 -6 -7
leaf_value=2.0515693062861291 8.1232661087791644 3.7180940921990726 -8.5542390877037739 -0.32340117697977827 9.7069894354064754 0.020274151510067201
leaf_weight=168 153 466 406 6464 230 177
leaf_count=168 153 466 406 6464 230 177
internal_value=0.000943283 -0.46493 -5.45193 -0.0511382 6.23334 3.79031
internal_weight=8064 7504 574 6930 560 330
internal_count=8064 7504 574 6930 560 330
is_linear=0
shrinkage=0.05


Tree=36
num_leaves=6
num_cat=0
split_feature=2 3 0 3 1
split_gain=8.62436e+06 5.69272e+06 5.41781e+06 3.149e+06 2.2157e+06
threshold=74.482914285714529 145.12309027777749 9136.1768500000017 33.352760416666804 2.1157000000000088
decision_type=2 2 2 2 2
left_child=2 3 4 -2 -1
right_child=1 -3 -4 -5 -6
leaf_value=-0.063545208135804596 2.9627183715708947 -5.6642894103058747 -10.095525394062843 8.7210380182239859 -2.2193309700968071
leaf_weight=4534 1303 167 154 290 1616
leaf_count=4534 1303 167 154 290 1616
internal_value=0.000987485 3.09461 -0.863068 4.01581 -0.630277
internal_weight=8064 1760 6304 1593 6150
internal_count=8064 1760 6304 1593 6150
is_linear=0
shrinkage=0.05


Tree=37
num_leaves=6
num_cat=0
split_feature=2 0 2 6 0
split_gain=7.99402e+06 5.3171e+06 2.81602e+06 1.76432e+06 1.3746e+06
threshold=393.4712785714292 9136.1768500000017 -8.0001857142854629 -0.76604444311897835 7401.1641500000014
decision_type=2 2 2 2 2
left_child=1 2 -1 -2 -5
right_child=3 -3 -4 4 -6
leaf_value=-1.9975107778830514 1.1912862160128932 -9.5940059650713394 0.30752287646314613 9.7908066815495491 3.7847350529100328
leaf_weight=1733 154 154 5617 249 157
leaf_count=1733 154 154 5617 249 157
internal_value=0.000898708 -0.429459 -0.236161 5.75818 7.48327
internal_weight=8064 7504 7350 560 406
internal_count=8064 7504 7350 560 406
is_linear=0
shrinkage=0.05


Tree=38
num_leaves=7
num_cat=0
split_feature=1 2 3 3 0 5
split_gain=7.51372e+06 6.43384e+06 5.29095e+06 3.14977e+06 5.08193e+06 4.86647e+06
threshold=-469.83034999999921 -192.43512142857114 -32.374748958333377 -66.236113194444883 7518.8205000000007 -0.85470842479866194
decision_type=2 2 2 2 2 2
left_child=3 2 -2 4 -1 -5
right_child=1 -3 -4 5 -6 -7
leaf_value=12.430244466612736 1.2144898536764546 0.12643460980508561 -6.4760949245485762 8.1232402611395411 0.74089302720587247 -4.0969707735603853
leaf_weight=239 323 6297 724 144 152 185
leaf_count=239 323 6297 724 144 152 185
internal_value=0.000875343 -0.477248 -4.10465 4.87163 7.89953 1.2601
internal_weight=8064 7344 1047 720 391 329
internal_count=8064 7344 1047 720 391 329
is_linear=0
shrinkage=0.05


Tree=39
num_leaves=6
num_cat=0
split_feature=2 3 3 2 3
split_gain=6.7866e+06 4.96658e+06 4.35348e+06 8.08764e+06 2.96587e+06
threshold=74.482914285714529 145.12309027777749 306.54427916666651 -439.12512142857071 33.352760416666804
decision_type=2 2 2 2 2
left_child=2 4 3 -1 -2
right_child=1 -3 -4 -5 -6
leaf_value=-7.4284352623341086 2.5840163072616869 -5.4356815448474318 7.7982997072642224 -0.45901720744136931 8.1715681914611373
leaf_weight=448 1303 167 144 5712 290
leaf_count=448 1303 167 144 5712 290
internal_value=0.000906364 2.7452 -0.76558 -0.967007 3.6057
internal_weight=8064 1760 6304 6160 1593
internal_count=8064 1760 6304 6160 1593
is_linear=0
shrinkage=0.05


Tree=40
num_leaves=7
num_cat=0
split_feature=1 2 3 5 3 0
split_gain=6.43801e+06 5.36953e+06 4.78523e+06 3.01124e+06 2.85175e+06 4.57697e+06
threshold=-469.83034999999921 -192.43512142857114 -32.374748958333377 -0.94670478576706751 -66.236113194444883 7518.8205000000007
decision_type=2 2 2 2 2 2
left_child=4 2 -2 -3 5 -1
right_child=1 3 -4 -5 -6 -7
leaf_value=11.690266975114744 1.3026696394990993 5.1042084770639322 -6.0107997249282645 -0.12949762872327755 1.0735461301920992 0.59761231584486618
leaf_weight=239 323 287 724 6010 329 152
leaf_count=239 323 287 724 6010 329 152
internal_value=0.000893483 -0.441683 -3.7555 0.109813 4.50953 7.39056
internal_weight=8064 7344 1047 6297 720 391
internal_count=8064 7344 1047 6297 720 391
is_linear=0
shrinkage=0.05


Tree=41
num_leaves=7
num_cat=0
split_feature=1 2 5 3 3 1
split_gain=5.81259e+06 5.05423e+06 2.8875e+06 5.7566e+06 4.88958e+06 2.04013e+06
threshold=-469.83034999999921 -623.48490714285788 -0.87651811848132988 -90.448146180555327 -66.236113194444883 733.03395000000057
decision_type=2 2 2 2 2 2
left_child=2 -2 3 -1 -4 -3
right_child=1 5 4 -5 -6 -7
leaf_value=1.1599456474516128 -7.4952564802081856 -0.33624301073622742 7.2988170453628829 13.883448984158242 -4.267121014518616 4.3163605373902403
leaf_weight=179 243 6858 171 176 194 243
leaf_count=179 243 6858 171 176 194 243
internal_value=0.000933317 -0.419597 4.28498 7.48922 1.15658 -0.176443
internal_weight=8064 7344 720 355 365 7101
internal_count=8064 7344 720 355 365 7101
is_linear=0
shrinkage=0.05


Tree=42
num_leaves=6
num_cat=0
split_feature=2 0 3 3 2
split_gain=5.36732e+06 3.89222e+06 2.09836e+06 3.52508e+06 1.70235e+06
threshold=265.00664285714271 9136.1768500000017 -178.66257083333355 -118.13356944444421 -8.0001857142854629
decision_type=2 2 2 2 2
left_child=1 4 -2 -4 -1
right_child=2 -3 3 -5 -6
leaf_value=-1.637632674418364 8.5709964220158081 -8.2880084469241488 -4.0992581547431231 4.35984378253674 0.16728338104067669
leaf_weight=1733 175 154 158 547 5297
leaf_count=1733 175 154 158 547 5297
internal_value=0.000976901 -0.450665 3.68434 2.46092 -0.277825
internal_weight=8064 7184 880 705 7030
internal_count=8064 7184 880 705 7030
is_linear=0
shrinkage=0.05


Tree=43
num_leaves=6
num_cat=0
split_feature=2 3 3 2 3
split_gain=4.94022e+06 4.29495e+06 4.11931e+06 6.32915e+06 2.80492e+06
threshold=74.482914285714529 145.12309027777749 306.54427916666651 -489.55982142857141 33.352760416666804
decision_type=2 2 2 2 2
left_child=2 4 3 -1 -2
right_child=1 -3 -4 -5 -6
leaf_value=-7.1709219971010771 2.1494441652391965 -5.2648304306236762 7.6772733130537238 -0.44266399652824218 7.5823286069832312
leaf_weight=371 1303 167 144 5789 290
leaf_count=371 1303 167 144 5789 290
internal_value=0.000922308 2.34233 -0.653038 -0.848987 3.14262
internal_weight=8064 1760 6304 6160 1593
internal_count=8064 1760 6304 6160 1593
is_linear=0
shrinkage=0.05


Tree=44
num_leaves=7
num_cat=0
split_feature=1 0 2 5 5 3
split_gain=4.68364e+06 4.20647e+06 4.5994e+06 4.37913e+06 2.59948e+06 5.196e+06
threshold=-469.83034999999921 8190.4599000000007 -383.90341428571395 -0.91509365977396839 -0.87651811848132988 -90.448146180555327
decision_type=2 2 2 2 2 2
left_child=4 3 -3 -2 5 -1
right_child=1 2 -4 -5 -6 -7
leaf_value=0.87479374938540999 7.6954660665988932 -8.7819703151715682 -0.44430233997569968 -0.21062775192154712 0.87889660392058355 12.961416033567009
leaf_weight=179 179 297 372 6496 365 176
leaf_count=179 179 297 372 6496 365 176
internal_value=0.000904294 -0.376585 -4.15336 0.0025068 3.84648 6.88661
internal_weight=8064 7344 669 6675 720 355
internal_count=8064 7344 669 6675 720 355
is_linear=0
shrinkage=0.05


Tree=45
num_leaves=6
num_cat=0
split_feature=2 3 2 6 0
split_gain=4.35914e+06 3.47762e+06 5.87309e+06 1.43635e+06 1.17076e+06
threshold=393.4712785714292 306.54427916666651 -439.12512142857071 -0.76604444311897835 7401.1641500000014
decision_type=2 2 2 2 2
left_child=1 2 -1 -2 -5
right_child=3 -3 -4 4 -6
leaf_value=-6.0091913741355754 0.13849846486122377 7.3513895902962521 -0.10788786240750847 7.9358842483520506 2.4059675522620165
leaf_weight=448 154 144 6912 249 157
leaf_count=448 154 144 6912 249 157
internal_value=0.000939488 -0.316856 -0.467865 4.25237 5.80863
internal_weight=8064 7504 7360 560 406
internal_count=8064 7504 7360 560 406
is_linear=0
shrinkage=0.05


Tree=46
num_leaves=6
num_cat=0
split_feature=1 0 2 3 5
split_gain=4.07255e+06 4.22291e+06 3.32682e+06 4.7717e+06 3.46535e+06
threshold=-723.11250000000007 7401.1641500000014 -66.697607142856995 -32.374748958333377 -0.94670478576706751
decision_type=2 2 2 2 2
left_child=1 -1 3 -2 -4
right_child=2 -3 4 -5 -6
leaf_value=9.3149197910771218 1.6036700450584236 -1.0622709900315044 5.6221369047131802 -4.2845717944983237 0.0036473184824788608
leaf_weight=230 515 170 287 1033 5829
leaf_count=230 515 170 287 1033 5829
internal_value=0.00096515 4.91296 -0.25601 -2.32586 0.268177
internal_weight=8064 400 7664 1548 6116
internal_count=8064 400 7664 1548 6116
is_linear=0
shrinkage=0.05


Tree=47
num_leaves=5
num_cat=0
split_feature=1 0 5 5
split_gain=3.73313e+06 3.11317e+06 4.86374e+06 4.39789e+06
threshold=-1127.9330499999999 8498.3599500000018 -0.94670478576706751 -0.97111091670450067
decision_type=2 2 2 2
left_child=-1 2 -2 -3
right_child=1 3 -4 -5
leaf_value=7.538284169405884 6.0664075064222986 -0.48340089000353559 -0.16234994151831533 -9.9690884315778341
leaf_weight=160 327 346 7043 188
leaf_count=160 327 346 7043 188
internal_value=0.000986312 -0.152525 0.1148 -3.83532
internal_weight=8064 7904 7370 534
internal_count=8064 7904 7370 534
is_linear=0
shrinkage=0.05


Tree=48
num_leaves=5
num_cat=0
split_feature=2 3 3 1
split_gain=3.44579e+06 3.15643e+06 7.52411e+06 1.01071e+06
threshold=574.28206428571423 306.54427916666651 230.74994236111095 -977.38775000000021
decision_type=2 2 2 2
left_child=1 2 -1 -2
right_child=3 -3 -4 -5
leaf_value=-0.12941829401712959 8.0389685195527587 7.0983101682005261 -11.629389060447956 2.3991870363319623
leaf_weight=7456 151 144 144 169
leaf_count=7456 151 144 144 169
internal_value=0.00095553 -0.209436 -0.348814 5.07721
internal_weight=8064 7744 7600 320
internal_count=8064 7744 7600 320
is_linear=0
shrinkage=0.05


Tree=49
num_leaves=6
num_cat=0
split_feature=2 3 3 2 3
split_gain=3.25618e+06 3.54414e+06 3.14246e+06 4.71373e+06 2.59658e+06
threshold=74.482914285714529 145.12309027777749 306.54427916666651 -623.48490714285788 33.352760416666804
decision_type=2 2 2 2 2
left_child=2 4 3 -1 -2
right_child=1 -3 -4 -5 -6
leaf_value=-7.8881457002901216 1.6737443874075872 -5.00801041168826 6.7458422985159121 -0.43491806157490659 6.9000723595326905
leaf_weight=219 1303 167 144 5941 290
leaf_count=219 1303 167 144 5941 290
internal_value=0.000943577 1.90184 -0.529981 -0.701132 2.62891
internal_weight=8064 1760 6304 6160 1593
internal_count=8064 1760 6304 6160 1593
is_linear=0
shrinkage=0.05


Tree=50
num_leaves=7
num_cat=0
split_feature=3 3 5 2 5 1
split_gain=3.22477e+06 1.30511e+07 1.45135e+07 4.65909e+06 3.42463e+06 3.28657e+06
threshold=-14.809275694444066 -10.076097916666638 1.0000000180025095e-35 -623.48490714285788 -0.97111091670450067 -977.38775000000021
decision_type=2 2 2 2 2 2
left_child=4 2 -2 -3 -1 -6
right_child=1 3 -4 -5 5 -7
leaf_value=6.1877215122266511 -22.381162952133295 -7.9675377340744378 0.028516226719165674 0.18390390224376854 7.8292766547360957 0.29249852715749547
leaf_weight=297 144 183 144 3705 150 3441
leaf_count=297 144 183 144 3705 150 3441
internal_value=0.000908724 -0.963757 -11.215 -0.201717 1.03701 0.60941
internal_weight=8064 4176 288 3888 3888 3591
internal_count=8064 4176 288 3888 3888 3591
is_linear=0
shrinkage=0.05


Tree=51
num_leaves=7
num_cat=0
split_feature=0 5 3 3 3 0
split_gain=3.00174e+06 5.8316e+06 5.25458e+06 3.78354e+06 2.3793e+06 1.505e+06
threshold=8498.3599500000018 -0.91509365977396839 33.352760416666804 -14.809275694444066 82.676428819444496 6569.8483000000006
decision_type=2 2 2 2 2 2
left_child=1 2 -1 -2 -5 -3
right_child=3 5 -4 4 -6 -7
leaf_value=2.2339054678394956 2.070653451737309 0.10762163406586872 13.174785569190981 -10.647161429989469 -2.3774609873368897 -2.3541145470755711
leaf_weight=411 190 6277 149 181 168 688
leaf_count=411 190 6277 149 181 168 688
internal_value=0.000765171 0.259135 5.16326 -3.60015 -6.6845 -0.135851
internal_weight=8064 7525 560 539 349 6965
internal_count=8064 7525 560 539 349 6965
is_linear=0
shrinkage=0.05


Tree=52
num_leaves=7
num_cat=0
split_feature=3 3 5 2 5 1
split_gain=2.85811e+06 1.16984e+07 1.29841e+07 4.05408e+06 2.96891e+06 2.95629e+06
threshold=-14.809275694444066 -10.076097916666638 1.0000000180025095e-35 -623.48490714285788 -0.97111091670450067 -977.38775000000021
decision_type=2 2 2 2 2 2
left_child=4 2 -2 -3 -1 -6
right_child=1 3 -4 -5 5 -7
leaf_value=5.7719427430389718 -21.174355381603903 -7.4300433248929352 0.021756282551535246 0.17375077420894131 7.4255131648668398 0.27745960227039007
leaf_weight=297 144 183 144 3705 150 3441
leaf_count=297 144 183 144 3705 150 3441
internal_value=0.000740596 -0.90743 -10.6129 -0.185962 0.976165 0.578026
internal_weight=8064 4176 288 3888 3888 3591
internal_count=8064 4176 288 3888 3888 3591
is_linear=0
shrinkage=0.05


Tree=53
num_leaves=6
num_cat=0
split_feature=0 5 3 3 1
split_gain=2.73752e+06 8.30121e+06 3.29132e+06 4.40508e+06 1.59191e+06
threshold=8190.4599000000007 -0.94670478576706751 182.39851493055519 -14.809275694444066 733.03395000000057
decision_type=2 2 2 2 2
left_child=1 -1 3 -2 -3
right_child=2 4 -4 -5 -6
leaf_value=9.2351993149970166 -0.11717613177583708 -0.13433149883058601 3.7407783050163119 -8.556660748882301 4.850171972920255
leaf_weight=250 301 6881 152 317 163
leaf_count=250 301 6881 152 317 163
internal_value=0.000610989 0.300068 -2.83277 -4.453 -0.0183167
internal_weight=8064 7294 770 618 7044
internal_count=8064 7294 770 618 7044
is_linear=0
shrinkage=0.05


Tree=54
num_leaves=6
num_cat=0
split_feature=2 3 2 3 3
split_gain=2.52071e+06 2.86015e+06 3.47432e+06 2.8312e+06 2.14638e+06
threshold=63.875785714285719 306.54427916666651 -623.48490714285788 145.12309027777749 33.352760416666804
decision_type=2 2 2 2 2
left_child=1 2 -1 4 -2
right_child=3 -3 -4 -5 -6
leaf_value=-6.8141914823922249 1.4203844574439877 6.4601990243998078 -0.41383582806063046 -4.3142273101688096 6.0704738102755265
leaf_weight=219 1357 144 5861 180 303
leaf_count=219 1357 144 5861 180 303
internal_value=0.000636342 -0.480048 -0.645458 1.62598 2.27231
internal_weight=8064 6224 6080 1840 1660
internal_count=8064 6224 6080 1840 1660
is_linear=0
shrinkage=0.05


Tree=55
num_leaves=7
num_cat=0
split_feature=3 3 2 3 3 3
split_gain=2.51938e+06 1.21561e+07 4.21232e+06 1.0201e+07 3.05883e+06 1.02602e+06
threshold=-32.374748958333377 -35.843936111110899 -50.58874999999977 44.66373506944479 -66.313692708333733 209.57285555555566
decision_type=2 2 2 2 2 2
left_child=1 4 3 -2 -1 -4
right_child=2 -3 5 -5 -6 -7
leaf_value=1.3031239489722417 -9.3040985543056909 15.191286511626737 0.33224265667682223 0.53625271405690222 -2.1556785493641231 -2.7724160166653196
leaf_weight=2448 444 144 3230 645 864 289
leaf_count=2448 444 144 3230 645 864 289
internal_value=0.000619458 1.02095 -0.764684 -3.48065 0.400449 0.0765555
internal_weight=8064 3456 4608 1089 3312 3519
internal_count=8064 3456 4608 1089 3312 3519
is_linear=0
shrinkage=0.05


Tree=56
num_leaves=7
num_cat=0
split_feature=3 3 5 2 5 3
split_gain=2.30518e+06 1.03588e+07 1.14427e+07 3.36152e+06 2.52621e+06 2.55235e+06
threshold=-14.809275694444066 -10.076097916666638 1.0000000180025095e-35 -623.48490714285788 -0.97111091670450067 -35.843936111110899
decision_type=2 2 2 2 2 2
left_child=4 2 -2 -3 -1 -6
right_child=1 3 -4 -5 5 -7
leaf_value=5.3004011333388767 -19.862602314209116 -6.7324813059814606 0.035513534217045221 0.19143499167574721 -0.046969087511191471 3.702354573559079
leaf_weight=297 144 183 144 3705 3059 532
leaf_count=297 144 183 144 3705 3059 532
internal_value=0.000607906 -0.814998 -9.94785 -0.136107 0.876613 0.509362
internal_weight=8064 4176 288 3888 3888 3591
internal_count=8064 4176 288 3888 3888 3591
is_linear=0
shrinkage=0.05


Tree=57
num_leaves=4
num_cat=0
split_feature=3 3 2
split_gain=2.30331e+06 6.73448e+06 2.78639e+06
threshold=306.54427916666651 230.74994236111095 -623.48490714285788
decision_type=2 2 2
left_child=1 2 -1
right_child=-2 -3 -4
leaf_value=-5.5411280791893187 6.245329931162555 -10.79028000182119 0.24439531716758878
leaf_weight=213 144 144 7563
leaf_count=213 144 144 7563
internal_value=0.000469561 -0.113847 0.0852263
internal_weight=8064 7920 7776
internal_count=8064 7920 7776
is_linear=0
shrinkage=0.05


Tree=58
num_leaves=6
num_cat=0
split_feature=2 0 7 3 2
split_gain=2.21101e+06 2.60963e+06 5.17916e+06 2.35862e+06 2.96304e+06
threshold=140.62079285714302 8092.0322500000011 0.73657561215276279 306.54427916666651 -277.11399285714123
decision_type=2 2 2 2 2
left_child=3 2 -2 4 -1
right_child=1 -3 -4 -5 -6
leaf_value=-3.4475408564586392 1.1217098961136129 -4.4573462735227984 9.8230350946338447 5.9352169745543906 -0.1273030481995647
leaf_weight=759 1009 146 205 144 5801
leaf_count=759 1009 146 205 144 5801
internal_value=0.000385052 1.8378 2.59792 -0.372578 -0.511926
internal_weight=8064 1360 1214 6704 6560
internal_count=8064 1360 1214 6704 6560
is_linear=0
shrinkage=0.05


Tree=59
num_leaves=7
num_cat=0
split_feature=3 3 2 3 3 3
split_gain=2.0962e+06 1.08816e+07 3.36549e+06 9.11061e+06 2.72372e+06 881214
threshold=-32.374748958333377 -35.843936111110899 -50.58874999999977 44.66373506944479 -66.313692708333733 209.57285555555566
decision_type=2 2 2 2 2 2
left_child=1 4 3 -2 -1 -4
right_child=2 -3 5 -5 -6 -7
leaf_value=1.195864952718569 -8.6287573065650598 14.338060147762299 0.2912495287136973 0.6705978818814452 -2.0679744118262575 -2.5859928857046981
leaf_weight=2448 444 144 3230 645 864 289
leaf_count=2448 444 144 3230 645 864 289
internal_value=0.000420663 0.931124 -0.697657 -3.12531 0.344061 0.0542867
internal_weight=8064 3456 4608 1089 3312 3519
internal_count=8064 3456 4608 1089 3312 3519
is_linear=0
shrinkage=0.05


Tree=60
num_leaves=7
num_cat=0
split_feature=1 0 5 3 3 0
split_gain=1.98694e+06 2.0855e+06 2.81701e+06 2.76812e+06 1.77506e+06 3.94444e+06
threshold=-469.83034999999921 8190.4599000000007 -0.91509365977396839 182.39851493055519 -66.236113194444883 7518.8205000000007
decision_type=2 2 2 2 2 2
left_child=4 2 -2 -3 5 -1
right_child=1 3 -4 -5 -6 -7
leaf_value=8.7699372860292595 6.1915933667702809 -4.6246390039769798 -0.1494744817123542 3.0883617012898128 -0.20227547761165737 -1.5151561615172946
leaf_weight=239 179 520 6496 149 329 152
leaf_count=239 179 520 6496 149 329 152
internal_value=0.000419539 -0.24545 0.0214726 -2.90475 2.50515 4.77797
internal_weight=8064 7344 6675 669 720 391
internal_count=8064 7344 6675 669 720 391
is_linear=0
shrinkage=0.05


Tree=61
num_leaves=4
num_cat=0
split_feature=3 3 2
split_gain=1.89612e+06 5.96271e+06 2.31641e+06
threshold=306.54427916666651 230.74994236111095 -623.48490714285788
decision_type=2 2 2
left_child=1 2 -1
right_child=-2 -3 -4
leaf_value=-5.0458926375781274 5.6665176801023813 -10.149318559416409 0.22919348787990637
leaf_weight=213 144 144 7563
leaf_count=213 144 144 7563
internal_value=0.000470228 -0.103251 0.0840682
internal_weight=8064 7920 7776
internal_count=8064 7920 7776
is_linear=0
shrinkage=0.05


Tree=62
num_leaves=4
num_cat=0
split_feature=1 3 3
split_gain=1.82609e+06 1.78215e+06 5.26228e+06
threshold=-1127.9330499999999 306.54427916666651 230.74994236111095
decision_type=2 2 2
left_child=-1 2 -2
right_child=1 -3 -4
leaf_value=5.2719660722691088 -0.029922388513565545 5.3851457633232256 -9.6453521508183968
leaf_weight=160 7616 144 144
leaf_count=160 7616 144 144
internal_value=0.000389061 -0.106976 -0.209573
internal_weight=8064 7904 7760
internal_count=8064 7904 7760
is_linear=0
shrinkage=0.05


Tree=63
num_leaves=6
num_cat=0
split_feature=2 3 3 3 2
split_gain=1.77431e+06 2.19252e+06 2.02434e+06 1.80975e+06 2.27237e+06
threshold=63.875785714285719 145.12309027777749 33.352760416666804 306.54427916666651 -623.48490714285788
decision_type=2 2 2 2 2
left_child=3 2 -2 4 -1
right_child=1 -3 -4 -5 -6
leaf_value=-5.5233371577708219 1.1057187991263413 -3.8632970001486786 5.6211687853853958 5.1177453650277238 -0.34716029135744997
leaf_weight=219 1357 180 303 144 5861
leaf_count=219 1357 180 303 144 5861
internal_value=0.000375692 1.36401 1.93281 -0.40291 -0.534482
internal_weight=8064 1840 1660 6224 6080
internal_count=8064 1840 1660 6224 6080
is_linear=0
shrinkage=0.05


Tree=64
num_leaves=7
num_cat=0
split_feature=3 3 3 3 5 2
split_gain=1.7745e+06 1.00525e+07 3.30662e+06 6.05427e+06 2.64419e+06 2.43389e+06
threshold=-32.374748958333377 -35.843936111110899 -10.076097916666638 -14.809275694444066 -0.97111091670450067 -623.48490714285788
decision_type=2 2 2 2 2 2
left_child=1 4 3 -2 -1 -4
right_child=2 -3 5 -5 -6 -7
leaf_value=5.1945042835445854 -0.0043714715206595546 13.742709397529735 -5.6780839619429218 -9.3536501001940469 -0.11455799313043731 0.21351854862332462
leaf_weight=253 432 144 183 288 3059 3705
leaf_count=253 432 144 183 288 3059 3705
internal_value=0.000370001 0.856682 -0.64191 -3.75187 0.292441 -0.0651755
internal_weight=8064 3456 4608 720 3312 3888
internal_count=8064 3456 4608 720 3312 3888
is_linear=0
shrinkage=0.05


Tree=65
num_leaves=6
num_cat=0
split_feature=3 7 0 3 5
split_gain=1.66757e+06 4.63578e+06 2.00156e+06 3.44519e+06 3.15503e+06
threshold=-296.77948784722201 1.0000000180025095e-35 8190.4599000000007 182.39851493055519 -0.94670478576706751
decision_type=2 2 2 2 2
left_child=1 -1 4 -4 -2
right_child=2 -3 3 -5 -6
leaf_value=-2.6085402712020382 5.8208593311969272 10.042381730819571 -4.2733122111315076 4.128157955057481 -0.072053690254323996
leaf_weight=144 234 144 604 152 6786
leaf_count=144 234 144 604 152 6786
internal_value=0.000376297 3.72978 -0.138212 -2.58091 0.125178
internal_weight=8064 288 7776 756 7020
internal_count=8064 288 7776 756 7020
is_linear=0
shrinkage=0.05


Tree=66
num_leaves=7
num_cat=0
split_feature=3 3 3 0 5 2
split_gain=1.57272e+06 9.11955e+06 2.97055e+06 5.46679e+06 2.39406e+06 2.20222e+06
threshold=-32.374748958333377 -35.843936111110899 -10.076097916666638 3651.7954500000001 -0.97111091670450067 -623.48490714285788
decision_type=2 2 2 2 2 2
left_child=1 4 3 -2 -1 -4
right_child=2 -3 5 -5 -6 -7
leaf_value=4.9336266196618865 -0.23237575789571166 13.080108519486826 -5.3966874539852148 -9.2631261211521227 -0.11808790626489783 0.20751259567038116
leaf_weight=253 456 144 183 264 3059 3705
leaf_count=253 456 144 183 264 3059 3705
internal_value=0.000438307 0.806598 -0.604225 -3.55191 0.26918 -0.0575852
internal_weight=8064 3456 4608 720 3312 3888
internal_count=8064 3456 4608 720 3312 3888
is_linear=0
shrinkage=0.05


Tree=67
num_leaves=6
num_cat=0
split_feature=2 3 3 3 2
split_gain=1.53104e+06 2.00477e+06 2.30687e+06 1.66632e+06 1.95591e+06
threshold=63.875785714285719 -178.66257083333355 -93.59906562500008 306.54427916666651 -277.11399285714123
decision_type=2 2 2 2 2
left_child=3 -2 -3 4 -1
right_child=1 2 -4 -5 -6
leaf_value=-2.8731630200088811 5.4785296390981095 -2.8968466513374835 1.6461867570230344 4.923189806444892 -0.16150901517734542
leaf_weight=759 244 360 1236 144 5321
leaf_count=759 244 360 1236 144 5321
internal_value=0.000436303 1.26714 0.62027 -0.374184 -0.500437
internal_weight=8064 1840 1596 6224 6080
internal_count=8064 1840 1596 6224 6080
is_linear=0
shrinkage=0.05


Tree=68
num_leaves=7
num_cat=0
split_feature=3 3 3 3 0 3
split_gain=1.51435e+06 1.3757e+07 1.89492e+06 4.0594e+06 3.36654e+06 1.81593e+06
threshold=-66.313692708333733 -76.895928819444393 -45.446851041666598 -32.374748958333377 2780.5794500000006 -152.91193993055523
decision_type=2 2 2 2 2 2
left_child=1 5 4 -4 -2 -1
right_child=2 -3 3 -5 -6 -7
leaf_value=1.6886090995356207 -0.00023650216812990153 15.976092001610789 4.4875702618881546 -0.57598326490150542 -7.7734857731043023 -1.1397471679941844
leaf_weight=1008 342 144 432 4608 234 1296
leaf_count=1008 342 144 432 4608 234 1296
internal_value=0.000452402 1.03801 -0.451921 -0.14116 -3.16612 0.0978544
internal_weight=8064 2448 5616 5040 576 2304
internal_count=8064 2448 5616 5040 576 2304
is_linear=0
shrinkage=0.05


Tree=69
num_leaves=5
num_cat=0
split_feature=0 5 0 0
split_gain=1.41092e+06 1.93743e+06 3.63025e+06 1.49989e+06
threshold=9136.1768500000017 -0.94670478576706751 8190.4599000000007 7842.937750000001
decision_type=2 2 2 2
left_child=1 2 -1 -3
right_child=-2 3 -4 -5
leaf_value=7.4203570245271671 -4.7238373102680331 -0.0028442612011429615 -0.08750169300370747 -3.6671880692550816
leaf_weight=250 154 6921 449 290
leaf_count=250 154 6921 449 290
internal_value=0.000508291 0.0930722 2.60448 -0.150699
internal_weight=8064 7910 699 7211
internal_count=8064 7910 699 7211
is_linear=0
shrinkage=0.05


Tree=70
num_leaves=7
num_cat=0
split_feature=3 3 3 3 5 3
split_gain=1.33462e+06 1.23787e+07 1.73024e+06 3.68616e+06 3.06909e+06 1.61494e+06
threshold=-66.313692708333733 -76.895928819444393 -45.446851041666598 -32.374748958333377 -0.23762932952031213 -152.91193993055523
decision_type=2 2 2 2 2 2
left_child=1 5 4 -4 -2 -1
right_child=2 -3 3 -5 -6 -7
leaf_value=1.5828498521354974 -7.2627386096302349 15.144541998238399 4.28355238948697 -0.54160832190880281 0.11444468977931027 -1.0843926708206086
leaf_weight=1008 244 144 432 4608 332 1296
leaf_count=1008 244 144 432 4608 332 1296
internal_value=0.000476299 0.974519 -0.424204 -0.127255 -3.01778 0.0827064
internal_weight=8064 2448 5616 5040 576 2304
internal_count=8064 2448 5616 5040 576 2304
is_linear=0
shrinkage=0.05


Tree=71
num_leaves=4
num_cat=0
split_feature=3 3 2
split_gain=1.3312e+06 4.73195e+06 1.65944e+06
threshold=306.54427916666651 230.74994236111095 105.18877142857166
decision_type=2 2 2
left_child=1 2 -1
right_child=-2 -3 -4
leaf_value=-0.27606362942057588 4.7480609139902841 -9.0357829889757877 1.5764438860628534
leaf_weight=6280 144 144 1496
leaf_count=6280 144 144 1496
internal_value=0.00052835 -0.086379 0.0804913
internal_weight=8064 7920 7776
internal_count=8064 7920 7776
is_linear=0
shrinkage=0.05


Tree=72
num_leaves=5
num_cat=0
split_feature=0 5 0 0
split_gain=1.26143e+06 1.7812e+06 2.52212e+06 2.26964e+06
threshold=9136.1768500000017 -0.97111091670450067 8498.3599500000018 8190.4599000000007
decision_type=2 2 2 2
left_child=1 3 -3 -1
right_child=-2 2 -4 -5
leaf_value=8.0049722885316417 -4.4665834533014603 0.028505067485351938 -6.4172496116545892 0.70888272459583446
leaf_weight=154 154 7260 154 342
leaf_count=154 154 7260 154 342
internal_value=0.000483403 0.0880065 -0.10623 2.98575
internal_weight=8064 7910 7414 496
internal_count=8064 7910 7414 496
is_linear=0
shrinkage=0.05


Tree=73
num_leaves=6
num_cat=0
split_feature=3 7 0 3 1
split_gain=1.21686e+06 4.10264e+06 1.34601e+06 3.28764e+06 2.14874e+06
threshold=-296.77948784722201 1.0000000180025095e-35 8190.4599000000007 182.39851493055519 733.03395000000057
decision_type=2 2 2 2 2
left_child=1 -1 4 -4 -2
right_child=2 -3 3 -5 -6
leaf_value=-2.7747439819985424 -0.045436903411938186 9.1252470743245109 -3.7746687763880105 4.4315287053195478 5.4300110634254377
leaf_weight=144 6837 144 604 152 183
leaf_count=144 6837 144 604 152 183
internal_value=0.000445967 3.18624 -0.117941 -2.12107 0.0980522
internal_weight=8064 288 7776 756 7020
internal_count=8064 288 7776 756 7020
is_linear=0
shrinkage=0.05


Tree=74
num_leaves=4
num_cat=0
split_feature=3 3 2
split_gain=1.17601e+06 4.29696e+06 1.41878e+06
threshold=306.54427916666651 230.74994236111095 105.18877142857166
decision_type=2 2 2
left_child=1 2 -1
right_child=-2 -3 -4
leaf_value=-0.25185671301902318 4.462737773780165 -8.6093346348507662 1.461058768511575
leaf_weight=6280 144 144 1496
leaf_count=6280 144 144 1496
internal_value=0.000500486 -0.0811843 0.0778312
internal_weight=8064 7920 7776
internal_count=8064 7920 7776
is_linear=0
shrinkage=0.05


Tree=75
num_leaves=7
num_cat=0
split_feature=3 3 5 4 3 1
split_gain=1.13263e+06 8.04163e+06 9.75892e+06 1.89324e+06 3.69764e+06 3.22463e+06
threshold=-14.809275694444066 -10.076097916666638 1.0000000180025095e-35 -0.36235178784537908 -90.448146180555327 82.36874999999965
decision_type=2 2 2 2 2 2
left_child=3 2 -2 5 -5 -1
right_child=1 -3 -4 4 -6 -7
leaf_value=0.037240080427403802 -17.774412792633321 0.026874736175285907 0.59771848168866393 -0.40849866657618678 3.5157265435377933 -7.3567175026399543
leaf_weight=1320 144 3888 144 1246 1157 165
leaf_count=1320 144 3888 144 1246 1157 165
internal_value=0.000457249 -0.571248 -8.61806 0.614501 1.48162 -0.788709
internal_weight=8064 4176 288 3888 2403 1485
internal_count=8064 4176 288 3888 2403 1485
is_linear=0
shrinkage=0.05


Tree=76
num_leaves=7
num_cat=0
split_feature=3 3 3 3 0 3
split_gain=1.10894e+06 1.10156e+07 1.70055e+06 3.21809e+06 2.77798e+06 1.38818e+06
threshold=-66.313692708333733 -76.895928819444393 -45.446851041666598 -32.374748958333377 2780.5794500000006 -152.91193993055523
decision_type=2 2 2 2 2 2
left_child=1 5 4 -4 -2 -1
right_child=2 -3 3 -5 -6 -7
leaf_value=1.4377695040633336 -0.081941035216125738 14.255280832093337 4.0288257141337311 -0.47958607355431354 -7.1433287464304174 -1.0351358646715065
leaf_weight=1008 342 144 432 4608 234 1296
leaf_count=1008 342 144 432 4608 234 1296
internal_value=0.00030195 0.88818 -0.386811 -0.0924282 -2.95804 0.0469146
internal_weight=8064 2448 5616 5040 576 2304
internal_count=8064 2448 5616 5040 576 2304
is_linear=0
shrinkage=0.05


Tree=77
num_leaves=5
num_cat=0
split_feature=0 5 3 0
split_gain=1.10106e+06 1.72284e+06 3.36756e+06 1.46523e+06
threshold=9136.1768500000017 -0.91509365977396839 33.352760416666804 7842.937750000001
decision_type=2 2 2 2
left_child=1 2 -1 -3
right_child=-2 3 -4 -5
leaf_value=0.10140738668454935 -4.1731103564846901 -0.072442801279160959 6.6788401091756349 -4.8549089635563334
leaf_weight=633 154 6834 280 163
leaf_count=633 154 6834 280 163
internal_value=0.000354945 0.0821255 2.12368 -0.184532
internal_weight=8064 7910 913 6997
internal_count=8064 7910 913 6997
is_linear=0
shrinkage=0.05


Tree=78
num_leaves=4
num_cat=0
split_feature=3 3 2
split_gain=1.06683e+06 3.87367e+06 1.27954e+06
threshold=306.54427916666651 230.74994236111095 -623.48490714285788
decision_type=2 2 2
left_child=1 2 -1
right_child=-2 -3 -4
leaf_value=-3.7391975327072857 4.2503834934070195 -8.1746857337293957 0.181361115537787
leaf_weight=213 144 144 7563
leaf_count=213 144 144 7563
internal_value=0.0003228 -0.0774779 0.0735023
internal_weight=8064 7920 7776
internal_count=8064 7920 7776
is_linear=0
shrinkage=0.05


Tree=79
num_leaves=6
num_cat=0
split_feature=1 3 5 3 3
split_gain=1.0568e+06 1.51327e+06 4.84583e+06 1.05285e+06 2.57746e+06
threshold=-469.83034999999921 -118.13356944444421 -0.87651811848132988 306.54427916666651 209.57285555555566
decision_type=2 2 2 2 2
left_child=1 -1 -3 4 -2
right_child=3 2 -4 -5 -6
leaf_value=-1.2374848507085823 -0.071579361632100033 9.1276749953274479 -1.1391269147160497 4.0393299551667843 -4.9153584843748934
leaf_weight=258 6915 210 252 144 285
leaf_count=258 6915 210 252 144 285
internal_value=0.000260284 1.82695 3.53724 -0.179051 -0.263968
internal_weight=8064 720 462 7344 7200
internal_count=8064 720 462 7344 7200
is_linear=0
shrinkage=0.05


Tree=80
num_leaves=6
num_cat=0
split_feature=3 7 0 3 1
split_gain=1.05419e+06 3.7042e+06 1.1709e+06 3.00052e+06 1.98616e+06
threshold=-296.77948784722201 1.0000000180025095e-35 8190.4599000000007 182.39851493055519 733.03395000000057
decision_type=2 2 2 2 2
left_child=1 -1 4 -4 -2
right_child=2 -3 3 -5 -6
leaf_value=-2.6983013210933784 -0.046406504244231178 8.6088567540563385 -3.5579828711383601 4.2815933968506608 5.217811989075626
leaf_weight=144 6837 144 604 152 183
leaf_count=144 6837 144 604 152 183
internal_value=0.000283251 2.9655 -0.109907 -1.9782 0.0915467
internal_weight=8064 288 7776 756 7020
internal_count=8064 288 7776 756 7020
is_linear=0
shrinkage=0.05


Tree=81
num_leaves=6
num_cat=0
split_feature=2 3 3 3 2
split_gain=996042 1.73488e+06 1.77177e+06 991834 1.37936e+06
threshold=63.875785714285719 145.12309027777749 33.352760416666804 306.54427916666651 -489.55982142857141
decision_type=2 2 2 2 2
left_child=3 2 -2 4 -1
right_child=1 -3 -4 -5 -6
leaf_value=-3.3492977095948113 0.75455811399752504 -3.6274966722364583 4.9784954594386939 3.7851531433237007 -0.20695685691719681
leaf_weight=371 1357 180 303 144 5709
leaf_count=371 1357 180 303 144 5709
internal_value=0.000342275 1.02204 1.52809 -0.301818 -0.399221
internal_weight=8064 1840 1660 6224 6080
internal_count=8064 1840 1660 6224 6080
is_linear=0
shrinkage=0.05


Tree=82
num_leaves=7
num_cat=0
split_feature=3 3 3 3 5 5
split_gain=974740 9.91475e+06 1.54424e+06 2.98447e+06 2.53086e+06 1.24392e+06
threshold=-66.313692708333733 -76.895928819444393 -45.446851041666598 -32.374748958333377 -0.23762932952031213 -0.97111091670450067
decision_type=2 2 2 2 2 2
left_child=1 5 4 -4 -2 -1
right_child=2 -3 3 -5 -6 -7
leaf_value=4.0621558091734764 -6.6676078008145714 13.514350445846032 3.8867728536040902 -0.45490949918320178 0.031765151972527265 -0.30021223157308313
leaf_weight=176 244 144 432 4608 332 2128
leaf_count=176 244 144 432 4608 332 2128
internal_value=0.00033964 0.832761 -0.362594 -0.0820681 -2.8128 0.034642
internal_weight=8064 2448 5616 5040 576 2304
internal_count=8064 2448 5616 5040 576 2304
is_linear=0
shrinkage=0.05


Tree=83
num_leaves=4
num_cat=0
split_feature=3 0 5
split_gain=944678 838249 1.02214e+06
threshold=-325.34513888888881 9136.1768500000017 -0.98812630719300909
decision_type=2 2 2
left_child=-1 2 -2
right_child=1 -3 -4
leaf_value=3.9997542683420515 2.8764835429324549 -3.7136222051805063 -0.1144910641152822
leaf_weight=144 296 154 7470
leaf_count=144 296 154 7470
internal_value=0.000409895 -0.0728012 -0.000134818
internal_weight=8064 7920 7766
internal_count=8064 7920 7766
is_linear=0
shrinkage=0.05


Tree=84
num_leaves=5
num_cat=0
split_feature=2 3 3 3
split_gain=910853 825225 3.14726e+06 505920
threshold=574.28206428571423 306.54427916666651 230.74994236111095 -118.13356944444421
decision_type=2 2 2 2
left_child=1 2 -1 -2
right_child=3 -3 -4 -5
leaf_value=-0.03713926158215218 0.65166886598098939 3.6287954344420599 -7.4747787447633414 4.6267990580842469
leaf_weight=7456 163 144 144 157
leaf_count=7456 163 144 144 157
internal_value=0.000408294 -0.107762 -0.179028 2.61031
internal_weight=8064 7744 7600 320
internal_count=8064 7744 7600 320
is_linear=0
shrinkage=0.05


Tree=85
num_leaves=6
num_cat=0
split_feature=3 7 0 3 1
split_gain=874373 3.31658e+06 1.01829e+06 2.81078e+06 1.83886e+06
threshold=-296.77948784722201 1.0000000180025095e-35 8190.4599000000007 182.39851493055519 733.03395000000057
decision_type=2 2 2 2 2
left_child=1 -1 4 -4 -2
right_child=2 -3 3 -5 -6
leaf_value=-2.6578205863925919 -0.044828736699299584 8.0410135399062064 -3.3713361807450775 4.2161690547575361 5.0204266509284148
leaf_weight=144 6837 144 604 152 183
leaf_count=144 6837 144 604 152 183
internal_value=0.000396535 2.70091 -0.0999569 -1.84225 0.0879105
internal_weight=8064 288 7776 756 7020
internal_count=8064 288 7776 756 7020
is_linear=0
shrinkage=0.05


Tree=86
num_leaves=5
num_cat=0
split_feature=5 0 5 3
split_gain=910311 2.39036e+06 1.87226e+06 1.10484e+06
threshold=-0.98812630719300909 8498.3599500000018 -0.91509365977396839 -32.374748958333377
decision_type=2 2 2 2
left_child=3 2 -2 -1
right_child=1 -3 -4 -5
leaf_value=5.3996308583479662 3.3012299319440253 -4.5726055518306543 -0.14012728611204134 0.044567737049526643
leaf_weight=168 418 289 6965 224
leaf_count=168 418 289 6965 224
internal_value=0.000446176 -0.119766 0.0551312 2.34749
internal_weight=8064 7672 7383 392
internal_count=8064 7672 7383 392
is_linear=0
shrinkage=0.05


Tree=87
num_leaves=5
num_cat=0
split_feature=5 0 1 3
split_gain=822048 2.1581e+06 1.70942e+06 997739
threshold=-0.98812630719300909 8498.3599500000018 -977.38775000000021 -32.374748958333377
decision_type=2 2 2 2
left_child=3 2 -2 -1
right_child=1 -3 -4 -5
leaf_value=5.1312470187449604 4.7980766460702231 -4.3447635782587124 -0.069548891212286731 0.042349320093790693
leaf_weight=168 184 289 7199 224
leaf_count=168 184 289 7199 224
internal_value=0.000448862 -0.113787 0.052396 2.23081
internal_weight=8064 7672 7383 392
internal_count=8064 7672 7383 392
is_linear=0
shrinkage=0.05


Tree=88
num_leaves=5
num_cat=0
split_feature=3 3 3 3
split_gain=763648 765265 2.03487e+06 2.01644e+06
threshold=-325.34513888888881 73.361305208333548 -14.809275694444066 84.847954861111035
decision_type=2 2 2 2
left_child=-1 2 -2 -3
right_child=1 3 -4 -5
leaf_value=3.5962443308994687 0.38065343634040161 4.6586006471855006 -1.5075953353841238 0.11696278043349835
leaf_weight=144 3744 288 2304 1584
leaf_count=144 3744 288 2304 1584
internal_value=0.000460867 -0.0653628 -0.33881 0.81779
internal_weight=8064 7920 6048 1872
internal_count=8064 7920 6048 1872
is_linear=0
shrinkage=0.05


Tree=89
num_leaves=5
num_cat=0
split_feature=5 0 5 3
split_gain=742335 1.93093e+06 1.6361e+06 884361
threshold=-0.98812630719300909 8498.3599500000018 -0.91509365977396839 -32.374748958333377
decision_type=2 2 2 2
left_child=3 2 -2 -1
right_child=1 -3 -4 -5
leaf_value=4.8506232157966798 3.0835929348246864 -4.1101801749139 -0.13340812266373511 0.059492298762003584
leaf_weight=168 418 289 6965 224
leaf_count=168 418 289 6965 224
internal_value=0.00048274 -0.108073 0.0491203 2.11995
internal_weight=8064 7672 7383 392
internal_count=8064 7672 7383 392
is_linear=0
shrinkage=0.05


Tree=90
num_leaves=4
num_cat=0
split_feature=3 3 3
split_gain=684816 2.91281e+06 1.14398e+06
threshold=306.54427916666651 230.74994236111095 73.361305208333548
decision_type=2 2 2
left_child=1 2 -1
right_child=-2 -3 -4
leaf_value=-0.2377070035089163 3.4056137151656483 -7.0833547294550927 1.2676833331100761
leaf_weight=6192 144 144 1584
leaf_count=6192 144 144 1584
internal_value=0.000481855 -0.0618518 0.0690702
internal_weight=8064 7920 7776
internal_count=8064 7920 7776
is_linear=0
shrinkage=0.05


Tree=91
num_leaves=7
num_cat=0
split_feature=3 3 3 3 5 0
split_gain=696446 8.98291e+06 1.48302e+06 2.68019e+06 2.38601e+06 1.34989e+06
threshold=-66.313692708333733 -76.895928819444393 -45.446851041666598 -32.374748958333377 -0.27976242230339682 7401.1641500000014
decision_type=2 2 2 2 2 2
left_child=1 5 4 -4 -2 -1
right_child=2 -3 3 -5 -6 -7
leaf_value=0.44578690771089219 -6.5585740012207117 12.775016052805144 3.7296348239753323 -0.38477256940981874 -0.022981203493834243 -2.9746241955736861
leaf_weight=1967 236 144 432 4608 340 337
leaf_count=1967 236 144 432 4608 340 337
internal_value=0.000441347 0.704068 -0.306339 -0.0314392 -2.70748 -0.0555811
internal_weight=8064 2448 5616 5040 576 2304
internal_count=8064 2448 5616 5040 576 2304
is_linear=0
shrinkage=0.05


Tree=92
num_leaves=7
num_cat=0
split_feature=2 3 3 3 3 3
split_gain=722945 1.44165e+06 1.66459e+06 928586 1.90064e+06 1.09259e+06
threshold=63.875785714285719 145.12309027777749 33.352760416666804 82.676428819444496 -14.809275694444066 204.56164444444451
decision_type=2 2 2 2 2 2
left_child=3 2 -2 4 -1 -5
right_child=1 -3 -4 5 -6 -7
leaf_value=0.24076076402179211 0.58258740932424169 -3.3674250823440475 4.6765553541481495 1.8334303717813587 -1.7857994946132916 -1.067185096561059
leaf_weight=2811 1357 180 303 958 1965 490
leaf_count=2811 1357 180 303 958 1965 490
internal_value=0.000462727 0.870898 1.33223 -0.256962 -0.593231 0.851809
internal_weight=8064 1840 1660 6224 4776 1448
internal_count=8064 1840 1660 6224 4776 1448
is_linear=0
shrinkage=0.05


Tree=93
num_leaves=5
num_cat=0
split_feature=5 0 5 3
split_gain=692518 1.70978e+06 1.50389e+06 829327
threshold=-0.98812630719300909 8498.3599500000018 -0.91509365977396839 -32.374748958333377
decision_type=2 2 2 2
left_child=3 2 -2 -1
right_child=1 -3 -4 -5
leaf_value=4.6919056157035941 2.952803188932255 -3.8703531090144452 -0.13148349831717696 0.052270366032918292
leaf_weight=168 418 289 6965 224
leaf_count=168 418 289 6965 224
internal_value=0.000446493 -0.104404 0.0435144 2.04756
internal_weight=8064 7672 7383 392
internal_count=8064 7672 7383 392
is_linear=0
shrinkage=0.05


Tree=94
num_leaves=4
num_cat=0
split_feature=3 3 3
split_gain=670017 671992 2.48867e+06
threshold=-325.34513888888881 306.54427916666651 230.74994236111095
decision_type=2 2 2
left_child=-1 2 -2
right_child=1 -3 -4
leaf_value=3.368585257489106 -0.00079585825852985343 3.3113385348073368 -6.6131613445281987
leaf_weight=144 7632 144 144
leaf_count=144 7632 144 144
internal_value=0.000447089 -0.0612093 -0.124082
internal_weight=8064 7920 7776
internal_count=8064 7920 7776
is_linear=0
shrinkage=0.05


Tree=95
num_leaves=5
num_cat=0
split_feature=0 5 3 1
split_gain=658737 1.18239e+06 2.87959e+06 991219
threshold=9136.1768500000017 -0.94670478576706751 33.352760416666804 810.0826000000003
decision_type=2 2 2 2
left_child=1 2 -1 -3
right_child=-2 3 -4 -5
leaf_value=-0.073654895371429316 -3.2276726419310418 -0.21446036722103809 6.9242400584902093 3.789936932280094
leaf_weight=490 154 7054 209 157
leaf_count=490 154 7054 209 157
internal_value=0.000425139 0.0636731 2.02561 -0.126762
internal_weight=8064 7910 699 7211
internal_count=8064 7910 699 7211
is_linear=0
shrinkage=0.05


Tree=96
num_leaves=6
num_cat=0
split_feature=3 7 0 3 1
split_gain=626756 2.88765e+06 798181 2.6343e+06 1.53687e+06
threshold=-296.77948784722201 1.0000000180025095e-35 8190.4599000000007 182.39851493055519 733.03395000000057
decision_type=2 2 2 2 2
left_child=1 -1 4 -4 -2
right_child=2 -3 3 -5 -6
leaf_value=-2.7122065311259238 -0.039539131208684686 7.2700816560613708 -3.107505224613119 4.2376562600821455 4.5911586038444359
leaf_weight=144 6837 144 604 152 183
leaf_count=144 6837 144 604 152 183
internal_value=0.000448511 2.28682 -0.0845152 -1.62705 0.0818124
internal_weight=8064 288 7776 756 7020
internal_count=8064 288 7776 756 7020
is_linear=0
shrinkage=0.05


Tree=97
num_leaves=5
num_cat=0
split_feature=5 0 1 3
split_gain=634832 1.51916e+06 1.40344e+06 792060
threshold=-0.98812630719300909 8498.3599500000018 -977.38775000000021 -32.374748958333377
decision_type=2 2 2 2
left_child=3 2 -2 -1
right_child=1 -3 -4 -5
leaf_value=4.544735410073276 4.3395646252342175 -3.6497214713384367 -0.070961876892614073 0.010725888782077366
leaf_weight=168 184 289 7199 224
leaf_count=168 184 289 7199 224
internal_value=0.000489563 -0.099899 0.0395306 1.96049
internal_weight=8064 7672 7383 392
internal_count=8064 7672 7383 392
is_linear=0
shrinkage=0.05


Tree=98
num_leaves=6
num_cat=0
split_feature=5 0 1 5 2
split_gain=594444 2.04574e+06 1.76475e+06 1.6721e+06 1.12012e+06
threshold=-0.97111091670450067 8589.953950000001 542.77025000000151 -0.94670478576706751 27.716357142857323
decision_type=2 2 2 2 2
left_child=2 3 4 -2 -1
right_child=1 -3 -4 -5 -6
leaf_value=6.0373480907463017 5.294817520004429 -5.8071527462620898 -3.013175425914504 -0.11041168676044506 1.0022898500053972
leaf_weight=187 145 154 160 7149 269
leaf_count=187 145 154 160 7149 269
internal_value=0.000497158 -0.123038 1.49193 -0.00224814 3.0758
internal_weight=8064 7448 616 7294 456
internal_count=8064 7448 616 7294 456
is_linear=0
shrinkage=0.05


Tree=99
num_leaves=4
num_cat=0
split_feature=3 3 3
split_gain=559284 2.31207e+06 990210
threshold=306.54427916666651 230.74994236111095 73.361305208333548
decision_type=2 2 2
left_child=1 2 -1
right_child=-2 -3 -4
leaf_value=-0.22460995365243097 3.0777462993819142 -6.3115194684883651 1.1759532366362797
leaf_weight=6192 144 144 1584
leaf_count=6192 144 144 1584
internal_value=0.000493407 -0.0558381 0.0608045
internal_weight=8064 7920 7776
internal_count=8064 7920 7776
is_linear=0
shrinkage=0.05


end of trees

feature_importances:
Column_2=174
Column_3=164
Column_0=65
Column_5=52
Column_1=43
Column_7=11
Column_6=8
Column_4=1

parameters:
[boosting: gbdt]
[objective: regression]
[metric: l2]
[tree_learner: serial]
[device_type: cpu]
[data_sample_strategy: bagging]
[data: ]
[valid: ]
[num_iterations: 100]
[learning_rate: 0.05]
[num_leaves: 7]
[num_threads: 1]
[seed: 20250911]
[deterministic: 1]
[force_col_wise: 1]
[force_row_wise: 0]
[histogram_pool_size: -1]
[max_depth: 3]
[min_data_in_leaf: 144]
[min_sum_hessian_in_leaf: 0.001]
[bagging_fraction: 1]
[pos_bagging_fraction: 1]
[neg_bagging_fraction: 1]
[bagging_freq: 0]
[bagging_seed: 20250911]
[bagging_by_query: 0]
[feature_fraction: 1]
[feature_fraction_bynode: 1]
[feature_fraction_seed: 20250911]
[extra_trees: 0]
[extra_seed: 26685]
[early_stopping_round: 0]
[early_stopping_min_delta: 0]
[first_metric_only: 0]
[max_delta_step: 0]
[lambda_l1: 0]
[lambda_l2: 1]
[linear_lambda: 0]
[min_gain_to_split: 0]
[drop_rate: 0.1]
[max_drop: 50]
[skip_drop: 0.5]
[xgboost_dart_mode: 0]
[uniform_drop: 0]
[drop_seed: 2504]
[top_rate: 0.2]
[other_rate: 0.1]
[min_data_per_group: 100]
[max_cat_threshold: 32]
[cat_l2: 10]
[cat_smooth: 10]
[max_cat_to_onehot: 4]
[top_k: 20]
[monotone_constraints: ]
[monotone_constraints_method: basic]
[monotone_penalty: 0]
[feature_contri: ]
[forcedsplits_filename: ]
[refit_decay_rate: 0.9]
[cegb_tradeoff: 1]
[cegb_penalty_split: 0]
[cegb_penalty_feature_lazy: ]
[cegb_penalty_feature_coupled: ]
[path_smooth: 0]
[interaction_constraints: ]
[verbosity: -1]
[saved_feature_importance_type: 0]
[use_quantized_grad: 0]
[num_grad_quant_bins: 4]
[quant_train_renew_leaf: 0]
[stochastic_rounding: 1]
[linear_tree: 0]
[max_bin: 63]
[max_bin_by_feature: ]
[min_data_in_bin: 3]
[bin_construct_sample_cnt: 200000]
[data_random_seed: 20250911]
[is_enable_sparse: 1]
[enable_bundle: 1]
[use_missing: 1]
[zero_as_missing: 0]
[feature_pre_filter: 0]
[pre_partition: 0]
[two_round: 0]
[header: 0]
[label_column: ]
[weight_column: ]
[group_column: ]
[ignore_column: ]
[categorical_feature: ]
[forcedbins_filename: ]
[precise_float_parser: 0]
[parser_config_file: ]
[objective_seed: 19683]
[num_class: 1]
[is_unbalance: 0]
[scale_pos_weight: 1]
[sigmoid: 1]
[boost_from_average: 1]
[reg_sqrt: 0]
[alpha: 0.9]
[fair_c: 1]
[poisson_max_delta_step: 0.7]
[tweedie_variance_power: 1.5]
[lambdarank_truncation_level: 30]
[lambdarank_norm: 1]
[label_gain: ]
[lambdarank_position_bias_regularization: 0]
[eval_at: ]
[multi_error_top_k: 1]
[auc_mu_weights: ]
[num_machines: 1]
[local_listen_port: 12400]
[time_out: 120]
[machine_list_filename: ]
[machines: ]
[gpu_platform_id: -1]
[gpu_device_id: -1]
[gpu_device_id_list: ]
[gpu_use_dp: 0]
[num_gpu: 1]

end of parameters

pandas_categorical:null
