tree
version=v4
num_class=1
num_tree_per_iteration=1
label_index=0
max_feature_idx=7
objective=regression
feature_names=Column_0 Column_1 Column_2 Column_3 Column_4 Column_5 Column_6 Column_7
feature_infos=[0:10216.200000000001] [-2337.3030000000008:2751.406500000001] [-1635.0691857142856:1448.9839285714297] [-370.10410277777737:371.00881319444443] [-1:1] [-1:1] [-1:1] [-1:1]
tree_sizes=747 760 761 759 764 762 762 763 761 760 763 765 764 763 761 766 760 764 766 758 760 767 766 769 762 679 761 681 677 679 683 677 767 759 763 763 763 762 763 774 758 592 768 760 762 675 594 762 681 682 768 762 511 762 595 755 680 510 771 766 591 767 769 511 763 601 685 770 593 773 682 603 770 595 682 771 673 774 765 684 672 595 763 760 767 589 759 763 761 672 675 764 760 758 753 588 767 675 585 768

Tree=0
num_leaves=7
num_cat=0
split_feature=2 2 0 2 2 2
split_gain=3.00274e+08 2.06722e+08 5.6693e+07 3.67788e+07 3.28601e+07 2.86306e+07
threshold=-228.98400714285751 318.51194285714251 8806.1475000000009 710.24695714285792 41.321642857143168 -499.56077142857151
decision_type=2 2 2 2 2 2
left_child=2 4 5 -3 -2 -1
right_child=1 3 -4 -5 -6 -7
leaf_value=-29.747637271459659 2.829279040236381 27.482883824730798 -49.482420415819391 55.772210015380622 12.976671206297496 -10.702878331453768
leaf_weight=287 5437 462 153 154 934 637
leaf_count=287 5437 462 153 154 934 637
internal_value=3.20555 6.99463 -21.3566 34.629 4.3182 -16.6475
internal_weight=8064 6987 1077 616 6371 924
internal_count=8064 6987 1077 616 6371 924
is_linear=0
shrinkage=1


Tree=1
num_leaves=7
num_cat=0
split_feature=2 2 0 2 2 2
split_gain=2.71103e+08 1.86814e+08 5.12133e+07 4.48898e+07 2.58524e+07 1.59887e+07
threshold=-228.98400714285751 224.17841428571413 8806.1475000000009 710.24695714285792 -499.56077142857151 41.321642857143168
decision_type=2 2 2 2 2 2
left_child=2 5 4 -3 -1 -2
right_child=1 3 -4 -5 -6 -7
leaf_value=-31.31125219414632 -0.35746476151451262 20.111317786484314 -50.070681730183694 49.955280318721648 -13.214100375846265 7.6556396720428843
leaf_weight=287 5437 694 153 154 637 702
leaf_count=287 5437 694 153 154 637 702
internal_value=-8.25829e-05 3.60024 -23.3387 25.5836 -18.863 0.559938
internal_weight=8064 6987 1077 848 924 6139
internal_count=8064 6987 1077 848 924 6139
is_linear=0
shrinkage=0.05


Tree=2
num_leaves=7
num_cat=0
split_feature=2 2 2 2 2 0
split_gain=2.44765e+08 1.70569e+08 4.64261e+07 3.67559e+07 1.99593e+07 1.4644e+07
threshold=-228.98400714285751 409.08547857142827 -638.06094285714369 41.321642857143168 710.24695714285792 8504.1734000000015
decision_type=2 2 2 2 2 2
left_child=2 3 -1 -2 -3 -4
right_child=1 4 5 -5 -6 -7
leaf_value=-41.081859838852289 -0.33959474598474421 25.252645170881525 -13.208647668645074 9.7241853500525686 47.473630683652821 -30.229365981764097
leaf_weight=249 5437 308 672 1088 154 156
leaf_count=249 5437 308 672 1088 154 156
internal_value=-0.000185191 3.42078 -22.1762 1.33971 32.7462 -16.448
internal_weight=8064 6987 1077 6525 462 828
internal_count=8064 6987 1077 6525 462 828
is_linear=0
shrinkage=0.05


Tree=3
num_leaves=7
num_cat=0
split_feature=2 2 0 2 2 2
split_gain=2.20982e+08 1.54467e+08 4.37192e+07 2.6582e+07 2.35098e+07 2.11788e+07
threshold=-228.98400714285751 318.51194285714251 8806.1475000000009 710.24695714285792 41.321642857143168 -499.56077142857151
decision_type=2 2 2 2 2 2
left_child=2 4 5 -3 -2 -1
right_child=1 3 -4 -5 -6 -7
leaf_value=-28.203486285053401 -0.32261817597658399 21.061035117951121 -45.768155496344946 45.115263171503621 8.2604917726653788 -11.824336503684336
leaf_weight=287 5437 462 153 154 934 637
leaf_count=287 5437 462 153 154 934 637
internal_value=-0.000190883 3.25033 -21.0713 27.138 0.93678 -16.9368
internal_weight=8064 6987 1077 616 6371 924
internal_count=8064 6987 1077 616 6371 924
is_linear=0
shrinkage=0.05


Tree=4
num_leaves=7
num_cat=0
split_feature=2 2 0 2 2 2
split_gain=2.00053e+08 1.3876e+08 4.30776e+07 2.87698e+07 2.08868e+07 1.60482e+07
threshold=-212.06412142857104 409.08547857142827 8806.1475000000009 41.321642857143168 -499.56077142857151 710.24695714285792
decision_type=2 2 2 2 2 2
left_child=2 3 4 -2 -1 -3
right_child=1 5 -4 -5 -6 -7
leaf_value=-26.798208430078297 -0.17972060766257486 22.944455368349082 -43.775293492963243 8.7352686910754063 -10.826747430233034 42.874053129996028
leaf_weight=287 5355 308 154 1088 718 154
leaf_count=287 5355 308 154 1088 718 154
internal_value=-0.000253806 3.22697 -19.2133 1.32683 -15.4099 29.6659
internal_weight=8064 6905 1159 6443 1005 462
internal_count=8064 6905 1159 6443 1005 462
is_linear=0
shrinkage=0.05


Tree=5
num_leaves=7
num_cat=0
split_feature=2 2 0 2 2 2
split_gain=1.80616e+08 1.25927e+08 3.8913e+07 2.9157e+07 1.92754e+07 9.80584e+06
threshold=-212.06412142857104 224.17841428571413 8806.1475000000009 710.24695714285792 -638.06094285714369 2.2091142857137318
decision_type=2 2 2 2 2 2
left_child=2 5 4 -3 -1 -2
right_child=1 3 -4 -5 -6 -7
leaf_value=-30.519184187480381 -0.32214302330583156 16.688732533420591 -41.600648626742831 40.744181897563323 -11.602236240609038 5.2410727092632463
leaf_weight=160 5121 694 154 154 845 936
leaf_count=160 5121 694 154 154 845 936
internal_value=-0.000284586 3.06616 -18.2562 21.1001 -14.6412 0.538275
internal_weight=8064 6905 1159 848 1005 6057
internal_count=8064 6905 1159 848 1005 6057
is_linear=0
shrinkage=0.05


Tree=6
num_leaves=7
num_cat=0
split_feature=2 2 2 2 2 0
split_gain=1.63716e+08 1.23098e+08 2.63418e+07 1.99732e+07 1.9275e+07 5.09486e+06
threshold=-369.00024999999977 224.17841428571413 710.24695714285792 -88.158735714285612 -733.13437857142833 8504.1734000000015
decision_type=2 2 2 2 2 2
left_child=4 3 -3 -2 -1 -6
right_child=1 2 -4 -5 5 -7
leaf_value=-38.518158744766332 -6.1634179478440076 15.855496474633114 38.720116252668447 1.0883394128011636 -15.215708541799788 -26.166035814166811
leaf_weight=166 1151 694 154 5401 338 160
leaf_count=166 1151 694 154 5401 338 160
internal_value=-0.000402898 2.13487 20.0485 -0.186334 -23.7645 -18.7793
internal_weight=8064 7400 848 6552 664 498
internal_count=8064 7400 848 6552 664 498
is_linear=0
shrinkage=0.05


Tree=7
num_leaves=7
num_cat=0
split_feature=2 2 0 2 2 2
split_gain=1.48208e+08 1.05089e+08 3.29591e+07 2.15079e+07 1.57503e+07 1.11363e+07
threshold=-212.06412142857104 409.08547857142827 8806.1475000000009 73.631250000000037 -499.56077142857151 710.24695714285792
decision_type=2 2 2 2 2 2
left_child=2 3 4 -2 -1 -3
right_child=1 5 -4 -5 -6 -7
leaf_value=-23.100212408353887 -0.064949148140830124 20.178999724897366 -38.021297335547786 8.144049656349619 -9.2317483060700507 36.796599934485656
leaf_weight=287 5511 308 154 932 718 154
leaf_count=287 5511 308 154 932 718 154
internal_value=-0.000571204 2.77718 -16.5377 1.12359 -13.2112 25.7857
internal_weight=8064 6905 1159 6443 1005 462
internal_count=8064 6905 1159 6443 1005 462
is_linear=0
shrinkage=0.05


Tree=8
num_leaves=7
num_cat=0
split_feature=2 2 2 2 2 0
split_gain=1.34102e+08 1.01109e+08 1.80504e+07 1.75489e+07 1.64902e+07 4.04437e+06
threshold=-369.00024999999977 282.39522142857055 -88.158735714285612 710.24695714285792 -733.13437857142833 8504.1734000000015
decision_type=2 2 2 2 2 2
left_child=4 2 -2 -3 -1 -6
right_child=1 3 -4 -5 5 -7
leaf_value=-35.151905539221396 -5.6440809950905129 15.79468682711599 1.2328691629492092 34.968640478041863 -13.722844877179746 -23.481809897859648
leaf_weight=166 1151 539 5556 154 338 160
leaf_count=166 1151 539 5556 154 338 160
internal_value=-0.000575479 1.93195 0.0520383 20.0998 -21.5082 -16.899
internal_weight=8064 7400 6707 693 664 498
internal_count=8064 7400 6707 693 664 498
is_linear=0
shrinkage=0.05


Tree=9
num_leaves=7
num_cat=0
split_feature=2 2 0 2 2 2
split_gain=1.21673e+08 8.73384e+07 2.54206e+07 1.90235e+07 1.2083e+07 8.88094e+06
threshold=-228.98400714285751 409.08547857142827 8806.1475000000009 41.321642857143168 -638.06094285714369 710.24695714285792
decision_type=2 2 2 2 2 2
left_child=2 3 4 -2 -1 -3
right_child=1 5 -4 -5 -6 -7
leaf_value=-24.95262949066873 -0.2860049679381112 18.386136770055518 -34.466462971947408 6.9540675575486617 -9.8436373385777287 33.231488924872494
leaf_weight=160 5437 308 153 1088 764 154
leaf_count=160 5437 308 153 1088 764 154
internal_value=-0.000707949 2.41126 -15.636 0.922109 -12.4841 23.3957
internal_weight=8064 6987 1077 6525 924 462
internal_count=8064 6987 1077 6525 924 462
is_linear=0
shrinkage=0.05


Tree=10
num_leaves=7
num_cat=0
split_feature=2 2 2 2 2 3
split_gain=1.10188e+08 8.39185e+07 1.7085e+07 1.39905e+07 1.37869e+07 3.25014e+06
threshold=-369.00024999999977 224.17841428571413 710.24695714285792 -88.158735714285612 -733.13437857142833 77.693187500000263
decision_type=2 2 2 2 2 2
left_child=4 3 -3 -2 -1 -6
right_child=1 2 -4 -5 5 -7
leaf_value=-31.970979958522822 -5.167960698789102 13.163835968928371 31.580633304349842 0.90131620793037548 -19.883570369520143 -11.642708380918062
leaf_weight=166 1151 694 154 5401 218 280
leaf_count=166 1151 694 154 5401 218 280
internal_value=-0.000740611 1.75102 16.5417 -0.165509 -19.4966 -15.2828
internal_weight=8064 7400 848 6552 664 498
internal_count=8064 7400 848 6552 664 498
is_linear=0
shrinkage=0.05


Tree=11
num_leaves=7
num_cat=0
split_feature=2 2 0 2 2 2
split_gain=1.00064e+08 7.1562e+07 2.41386e+07 1.54402e+07 1.06115e+07 7.01148e+06
threshold=-212.06412142857104 409.08547857142827 8806.1475000000009 41.321642857143168 -499.56077142857151 710.24695714285792
decision_type=2 2 2 2 2 2
left_child=2 3 4 -2 -1 -3
right_child=1 5 -4 -5 -6 -7
leaf_value=-18.859937142363439 -0.18664457694561443 16.813743087697571 -31.972699996886718 6.3443342720027553 -7.4770246723762641 30.01178955216562
leaf_weight=287 5355 308 154 1088 718 154
leaf_count=287 5355 308 154 1088 718 154
internal_value=-0.000846308 2.28158 -13.5891 0.917025 -10.7432 21.2684
internal_weight=8064 6905 1159 6443 1005 462
internal_count=8064 6905 1159 6443 1005 462
is_linear=0
shrinkage=0.05


Tree=12
num_leaves=7
num_cat=0
split_feature=2 2 0 2 2 5
split_gain=9.0366e+07 6.40369e+07 2.28586e+07 1.36293e+07 1.03117e+07 6.54029e+06
threshold=-189.05736428571478 409.08547857142827 8806.1475000000009 73.631250000000037 -638.06094285714369 -0.83127174505093859
decision_type=2 2 2 2 2 2
left_child=2 3 4 -2 -1 -3
right_child=1 5 -4 -5 -6 -7
leaf_value=-21.52721552112088 -0.0093250576242063579 24.381722217664077 -30.384378192655504 6.5325524031660764 -7.7939415413822077 11.598273692411535
leaf_weight=160 5429 310 154 932 927 152
leaf_count=160 5429 310 154 932 927 152
internal_value=-0.000836981 2.25696 -12.406 0.950053 -9.83333 20.21
internal_weight=8064 6823 1241 6361 1087 462
internal_count=8064 6823 1241 6361 1087 462
is_linear=0
shrinkage=0.05


Tree=13
num_leaves=7
num_cat=0
split_feature=2 2 2 2 2 3
split_gain=8.22027e+07 6.27145e+07 1.30602e+07 1.08969e+07 1.07517e+07 3.04013e+06
threshold=-369.00024999999977 224.17841428571413 519.76203571428607 -733.13437857142833 -88.158735714285612 77.693187500000263
decision_type=2 2 2 2 2 2
left_child=3 4 -3 -1 -2 -5
right_child=1 2 -4 5 -6 -7
leaf_value=-27.927445374848602 -4.5300213356625241 9.5829208303897087 22.507890723216494 -17.535193505406923 0.79055917361756034 -9.5889555647279874
leaf_weight=166 1151 540 308 218 5401 280
leaf_count=166 1151 540 308 218 5401 280
internal_value=-0.000901772 1.51214 14.2983 -16.84 -0.144664 -13.0956
internal_weight=8064 7400 848 664 6552 498
internal_count=8064 7400 848 664 6552 498
is_linear=0
shrinkage=0.05


Tree=14
num_leaves=7
num_cat=0
split_feature=2 2 2 2 2 3
split_gain=7.42248e+07 5.66157e+07 1.22132e+07 9.84235e+06 9.70422e+06 2.7454e+06
threshold=-369.00024999999977 224.17841428571413 710.24695714285792 -733.13437857142833 -88.158735714285612 77.693187500000263
decision_type=2 2 2 2 2 2
left_child=3 4 -3 -1 -2 -5
right_child=1 2 -4 5 -6 -7
leaf_value=-26.53943463856589 -4.3037169826579174 10.730407037859342 26.298742039588191 -16.662436992447127 0.75103848566077391 -9.111214026027886
leaf_weight=166 1151 694 154 218 5401 280
leaf_count=166 1151 694 154 218 5401 280
internal_value=-0.00102227 1.43672 13.5853 -16.0021 -0.137459 -12.4435
internal_weight=8064 7400 848 664 6552 498
internal_count=8064 7400 848 664 6552 498
is_linear=0
shrinkage=0.05


Tree=15
num_leaves=7
num_cat=0
split_feature=2 2 0 2 2 5
split_gain=6.7401e+07 4.76318e+07 1.96047e+07 1.06381e+07 8.15085e+06 5.62423e+06
threshold=-168.81111428571424 409.08547857142827 8806.1475000000009 2.2091142857137318 -499.56077142857151 -0.83127174505093859
decision_type=2 2 2 2 2 2
left_child=2 3 4 -2 -1 -3
right_child=1 5 -4 -5 -6 -7
leaf_value=-15.400236711319952 -0.18010247539955793 21.366234887834533 -27.035094848755872 4.8663933821720828 -5.6980585980118335 9.5302628345738825
leaf_weight=287 4957 310 154 1322 882 152
leaf_count=287 4957 310 154 1322 882 152
internal_value=-0.00108791 2.02437 -10.315 0.883008 -8.09116 17.5011
internal_weight=8064 6741 1323 6279 1169 462
internal_count=8064 6741 1323 6279 1169 462
is_linear=0
shrinkage=0.05


Tree=16
num_leaves=7
num_cat=0
split_feature=2 2 0 2 2 2
split_gain=6.09684e+07 4.50241e+07 1.25384e+07 8.44375e+06 7.52683e+06 5.28191e+06
threshold=-275.16625000000016 318.51194285714251 8806.1475000000009 2.2091142857137318 710.24695714285792 -638.06094285714369
decision_type=2 2 2 2 2 2
left_child=2 3 5 -2 -3 -1
right_child=1 4 -4 -5 -6 -7
leaf_value=-17.578300634646638 -0.50478561986351411 11.230107257896572 -25.240676410213794 4.1845861952257932 24.0301386116397 -7.3477345211016782
leaf_weight=160 5367 462 152 1168 154 601
leaf_count=160 5367 462 152 1168 154 601
internal_value=-0.00111133 1.55289 -12.1611 0.333857 14.4639 -9.51895
internal_weight=8064 7151 913 6535 616 761
internal_count=8064 7151 913 6535 616 761
is_linear=0
shrinkage=0.05


Tree=17
num_leaves=7
num_cat=0
split_feature=2 2 0 2 2 5
split_gain=5.56793e+07 3.90672e+07 1.59442e+07 8.68085e+06 6.69474e+06 4.94276e+06
threshold=-168.81111428571424 409.08547857142827 8806.1475000000009 128.05407857142885 -450.52896428571324 -0.83127174505093859
decision_type=2 2 2 2 2 2
left_child=2 3 4 -2 -1 -3
right_child=1 5 -4 -5 -6 -7
leaf_value=-13.024340905504332 0.14821598260233912 19.478249490529397 -24.45412815132449 6.0589099032130198 -4.8304588327080715 8.3902702484255531
leaf_weight=361 5581 310 154 698 808 152
leaf_count=361 5581 310 154 698 808 152
internal_value=-0.00112534 1.83981 -9.37541 0.806134 -7.36979 15.8563
internal_weight=8064 6741 1323 6279 1169 462
internal_count=8064 6741 1323 6279 1169 462
is_linear=0
shrinkage=0.05


Tree=18
num_leaves=7
num_cat=0
split_feature=2 2 0 2 2 5
split_gain=5.0268e+07 3.52728e+07 1.44023e+07 7.95208e+06 6.11652e+06 4.46114e+06
threshold=-168.81111428571424 409.08547857142827 8806.1475000000009 2.2091142857137318 -499.56077142857151 -0.83127174505093859
decision_type=2 2 2 2 2 2
left_child=2 3 4 -2 -1 -3
right_child=1 5 -4 -5 -6 -7
leaf_value=-13.333649100156293 -0.1532742709767099 18.507468415993202 -23.239310108307873 4.2098547397726254 -4.9290166404785953 7.9734987721723671
leaf_weight=287 4957 310 154 1322 882 152
leaf_count=287 4957 310 154 1322 882 152
internal_value=-0.00112011 1.74807 -8.90824 0.765876 -7.00206 15.0665
internal_weight=8064 6741 1323 6279 1169 462
internal_count=8064 6741 1323 6279 1169 462
is_linear=0
shrinkage=0.05


Tree=19
num_leaves=7
num_cat=0
split_feature=2 2 0 2 2 0
split_gain=4.5396e+07 3.24209e+07 1.21155e+07 7.61778e+06 4.28104e+06 3.9396e+06
threshold=-212.06412142857104 409.08547857142827 7969.8081500000017 128.05407857142885 710.24695714285792 8806.1475000000009
decision_type=2 2 2 2 2 2
left_child=2 3 -1 -2 -3 -4
right_child=1 4 5 -5 -6 -7
leaf_value=-5.0839250890464847 0.018071537221580281 10.851280704677794 -12.119206575539152 5.5462060791825358 21.130696281310051 -22.084841092017392
leaf_weight=711 5745 308 294 698 154 154
leaf_count=711 5745 308 294 698 154 154
internal_value=-0.00113208 1.53619 -9.15351 0.617728 14.316 -15.5865
internal_weight=8064 6905 1159 6443 462 448
internal_count=8064 6905 1159 6443 462 448
is_linear=0
shrinkage=0.05


Tree=20
num_leaves=7
num_cat=0
split_feature=2 2 5 0 2 3
split_gain=4.13636e+07 3.16364e+07 8.19393e+06 7.25059e+06 6.89571e+06 2.60869e+06
threshold=-369.00024999999977 224.17841428571413 -0.80625269229011354 8274.7743500000015 -733.13437857142833 77.693187500000263
decision_type=2 2 2 2 2 2
left_child=4 3 -3 -2 -1 -6
right_child=1 2 -4 -5 5 -7
leaf_value=-20.758933638241476 0.16439220387623046 14.38040306734257 4.4274881489698403 -10.389271467031833 -13.070847623533311 -5.7468166341136788
leaf_weight=166 6386 487 361 166 218 280
leaf_count=166 6386 487 361 166 218 280
internal_value=-0.00108629 1.0722 10.1536 -0.104538 -11.946 -8.97269
internal_weight=8064 7400 848 6552 664 498
internal_count=8064 7400 848 6552 664 498
is_linear=0
shrinkage=0.05


Tree=21
num_leaves=7
num_cat=0
split_feature=2 2 0 2 2 3
split_gain=3.78938e+07 2.63568e+07 1.10479e+07 6.29781e+06 4.94775e+06 4.09075e+06
threshold=-168.81111428571424 409.08547857142827 8806.1475000000009 2.2091142857137318 -638.06094285714369 -188.60370381944446
decision_type=2 2 2 2 2 2
left_child=2 3 4 -2 -1 -3
right_child=1 5 -4 -5 -6 -7
leaf_value=-14.21255951209098 -0.14951835759464968 18.299445297301396 -20.286219768216533 3.7333467161484233 -4.7605712105119879 8.7724771192831579
leaf_weight=160 4957 205 154 1322 1009 257
leaf_count=160 4957 205 154 1322 1009 257
internal_value=-0.00122412 1.51749 -7.73472 0.668456 -6.0653 13.0302
internal_weight=8064 6741 1323 6279 1169 462
internal_count=8064 6741 1323 6279 1169 462
is_linear=0
shrinkage=0.05


Tree=22
num_leaves=7
num_cat=0
split_feature=2 2 0 2 2 3
split_gain=3.43287e+07 2.32906e+07 1.18686e+07 7.40117e+06 5.17872e+06 3.32517e+06
threshold=-124.66670714285736 519.76203571428607 8806.1475000000009 128.05407857142885 -450.52896428571324 -198.30219166666686
decision_type=2 2 2 2 2 2
left_child=2 3 4 -2 -1 -3
right_child=1 5 -4 -5 -6 -7
leaf_value=-10.343462093232088 0.24166813220459105 20.198581871601846 -19.684070577135515 5.2576773201428786 -3.4037638047595085 9.7030109812559626
leaf_weight=361 5335 154 156 852 1052 154
leaf_count=361 5335 154 156 852 1052 154
internal_value=-0.00121622 1.60238 -6.63624 0.933151 -5.18281 14.9992
internal_weight=8064 6495 1569 6187 1413 308
internal_count=8064 6495 1569 6187 1413 308
is_linear=0
shrinkage=0.05


Tree=23
num_leaves=7
num_cat=0
split_feature=2 2 0 2 2 5
split_gain=3.09922e+07 2.10503e+07 1.07204e+07 4.8267e+06 4.72482e+06 3.4538e+06
threshold=-124.66670714285736 409.08547857142827 8806.1475000000009 2.2091142857137318 -638.06094285714369 -0.83127174505093859
decision_type=2 2 2 2 2 2
left_child=2 3 4 -2 -1 -3
right_child=1 5 -4 -5 -6 -7
leaf_value=-12.992384538072978 -0.015486172938534394 14.821401861683732 -18.706136270085718 3.4024265993276694 -3.8843582468264795 5.5719398090262828
leaf_weight=160 4711 310 156 1322 1253 152
leaf_count=160 4711 310 156 1322 1253 152
internal_value=-0.00114324 1.52254 -6.30549 0.733914 -4.92416 11.7969
internal_weight=8064 6495 1569 6033 1413 462
internal_count=8064 6495 1569 6033 1413 462
is_linear=0
shrinkage=0.05


Tree=24
num_leaves=7
num_cat=0
split_feature=2 2 2 2 0 3
split_gain=2.80503e+07 1.97063e+07 8.8663e+06 6.44102e+06 4.18206e+06 2.96388e+06
threshold=-168.81111428571424 519.76203571428607 -733.13437857142833 128.05407857142885 7969.8081500000017 -198.30219166666686
decision_type=2 2 2 2 2 2
left_child=2 3 -1 -2 -4 -3
right_child=1 5 4 -5 -6 -7
leaf_value=-17.430873028139867 0.094431114070676739 18.545406391928275 -3.0557723768295593 4.7595109417842396 -9.5348129716875789 8.6458210658834833
leaf_weight=166 5581 154 794 852 363 154
leaf_count=166 5581 154 794 852 363 154
internal_value=-0.00115923 1.30549 -6.65481 0.712928 -5.095 13.6396
internal_weight=8064 6741 1323 6433 1157 308
internal_count=8064 6741 1323 6433 1157 308
is_linear=0
shrinkage=0.05


Tree=25
num_leaves=6
num_cat=0
split_feature=0 2 5 2 0
split_gain=2.5787e+07 2.07695e+07 8.52012e+06 7.5838e+06 2.19632e+06
threshold=8386.1062500000025 90.031449999999509 -0.77969889170510653 -403.67195714285748 8806.1475000000009
decision_type=2 2 2 2 2
left_child=1 3 -3 -1 -2
right_child=4 2 -4 -5 -6
leaf_value=-8.0207037043312326 -9.3921707446080571 10.214536177343078 2.1432693362521213 -0.14549978878444619 -17.138218587219338
leaf_weight=321 234 685 626 6042 156
leaf_count=321 234 685 626 6042 156
internal_value=-0.00108873 0.637014 6.36509 -0.543985 -12.5265
internal_weight=8064 7674 1311 6363 390
internal_count=8064 7674 1311 6363 390
is_linear=0
shrinkage=0.05


Tree=26
num_leaves=7
num_cat=0
split_feature=2 2 3 2 3 3
split_gain=2.34211e+07 1.63054e+07 8.33252e+06 4.76801e+06 3.97685e+06 2.64928e+06
threshold=-124.66670714285736 519.76203571428607 205.35922326388894 128.05407857142885 77.693187500000263 -198.30219166666686
decision_type=2 2 2 2 2 2
left_child=2 3 4 -2 -1 -3
right_child=1 5 -4 -5 -6 -7
leaf_value=-6.5854215672952225 0.20842321497127078 17.168759538588986 -15.18657912402654 4.234454377213928 -1.1909009695147263 7.8156363414179895
leaf_weight=744 5335 154 193 852 632 154
leaf_count=744 5335 154 193 852 632 154
internal_value=-0.00117279 1.32339 -5.48164 0.763435 -4.11037 12.5326
internal_weight=8064 6495 1569 6187 1376 308
internal_count=8064 6495 1569 6187 1376 308
is_linear=0
shrinkage=0.05


Tree=27
num_leaves=6
num_cat=0
split_feature=0 2 2 3 5
split_gain=2.23465e+07 1.7391e+07 8.83858e+06 7.80718e+06 1.50795e+06
threshold=8504.1734000000015 128.05407857142885 -562.51071428571447 -73.502973958333527 -0.98812630719300909
decision_type=2 2 2 2 2
left_child=1 2 -1 -3 -2
right_child=4 3 -4 -5 -6
leaf_value=-11.821722000801635 -9.4693519678423481 1.9744975273248178 -0.17041737283156941 10.184720423078859 -16.555321436258232
leaf_weight=166 154 567 6427 592 158
leaf_count=166 154 567 6427 592 158
internal_value=-0.00107406 0.527716 -0.465525 6.17332 -13.0992
internal_weight=8064 7752 6593 1159 312
internal_count=8064 7752 6593 1159 312
is_linear=0
shrinkage=0.05


Tree=28
num_leaves=6
num_cat=0
split_feature=0 2 2 3 1
split_gain=2.02858e+07 1.59229e+07 7.74649e+06 2.53685e+06 1.98925e+06
threshold=8386.1062500000025 519.76203571428607 -124.66670714285736 -198.30219166666686 887.58680000000015
decision_type=2 2 2 2 2
left_child=1 2 -1 -3 -2
right_child=4 3 -4 -5 -6
leaf_value=-3.5501018294826951 -8.1662593116237154 16.217771798795269 0.81873518210738438 7.075035377192882 -15.540695144284157
leaf_weight=1214 236 154 6152 154 154
leaf_count=1214 236 154 6152 154 154
internal_value=-0.00118069 0.56478 0.0983173 11.6841 -11.1105
internal_weight=8064 7674 7366 308 390
internal_count=8064 7674 7366 308 390
is_linear=0
shrinkage=0.05


Tree=29
num_leaves=6
num_cat=0
split_feature=0 2 2 5 5
split_gain=1.83944e+07 1.49782e+07 8.04711e+06 3.73873e+06 1.35603e+06
threshold=8504.1734000000015 318.51194285714251 -562.51071428571447 -0.83127174505093859 -0.98812630719300909
decision_type=2 2 2 2 2
left_child=1 2 -1 -3 -2
right_child=4 3 -4 -5 -6
leaf_value=-11.01409698553428 -8.4505292609430125 11.070193665300279 0.09228677552009304 3.0757761641228498 -15.157729139174306
leaf_weight=166 154 375 6970 241 158
leaf_count=166 154 375 6970 241 158
internal_value=-0.00114115 0.478616 -0.167581 7.95256 -11.8847
internal_weight=8064 7752 7136 616 312
internal_count=8064 7752 7136 616 312
is_linear=0
shrinkage=0.05


Tree=30
num_leaves=6
num_cat=0
split_feature=0 2 3 2 1
split_gain=1.66868e+07 1.4203e+07 7.13845e+06 4.23059e+06 2.66209e+06
threshold=8274.7743500000015 2.2091142857137318 1.0000000180025095e-35 -304.17288571428509 800.4937500000002
decision_type=2 2 2 2 2
left_child=1 3 -3 -1 -2
right_child=4 2 -4 -5 -6
leaf_value=-5.0250817130526944 -5.8330118173517098 1.7885942031063289 8.2455695127602038 -0.21092834504232655 -13.477315794834363
leaf_weight=498 266 1019 738 5341 202
leaf_count=498 266 1019 738 5341 202
internal_value=-0.00121045 0.563847 4.50389 -0.622311 -9.15418
internal_weight=8064 7596 1757 5839 468
internal_count=8064 7596 1757 5839 468
is_linear=0
shrinkage=0.05


Tree=31
num_leaves=6
num_cat=0
split_feature=0 2 2 3 5
split_gain=1.52157e+07 1.30249e+07 7.08099e+06 2.34373e+06 1.21818e+06
threshold=8504.1734000000015 519.76203571428607 -562.51071428571447 -198.30219166666686 -0.98812630719300909
decision_type=2 2 2 2 2
left_child=1 2 -1 -3 -2
right_child=4 3 -4 -5 -6
leaf_value=-10.162104155346306 -7.5609488893324333 14.848109672838641 0.25110401665731225 6.0719807206430749 -13.908060172368895
leaf_weight=166 154 154 7278 154 158
leaf_count=166 154 154 7278 154 158
internal_value=-0.00123991 0.4351 0.0175574 10.4939 -10.8094
internal_weight=8064 7752 7444 308 312
internal_count=8064 7752 7444 308 312
is_linear=0
shrinkage=0.05


Tree=32
num_leaves=7
num_cat=0
split_feature=2 2 3 3 5 3
split_gain=1.42626e+07 1.01621e+07 7.0843e+06 5.26048e+06 3.88671e+06 2.11665e+06
threshold=-88.158735714285612 519.76203571428607 195.61473541666649 142.73557361111128 -0.021809693682668031 -198.30219166666686
decision_type=2 2 2 2 2 2
left_child=2 4 3 -1 -2 -3
right_child=1 5 -4 -5 -6 -7
leaf_value=-3.5620695780086331 2.525137679939764 14.11049420923956 -11.171499500847538 5.9670299414499306 -0.21029410863015757 5.7703405031850261
leaf_weight=1372 1916 154 282 161 4025 154
leaf_count=1372 1916 154 282 161 4025 154
internal_value=-0.00124275 1.13209 -3.90176 -2.55806 0.672172 9.97259
internal_weight=8064 6249 1815 1533 5941 308
internal_count=8064 6249 1815 1533 5941 308
is_linear=0
shrinkage=0.05


Tree=33
num_leaves=7
num_cat=0
split_feature=0 5 0 0 1 0
split_gain=1.34184e+07 1.24068e+07 4.4574e+06 3.37979e+06 3.26435e+06 2.22219e+06
threshold=8168.9665000000014 -0.94670478576706751 7243.807600000001 7810.516450000001 800.4937500000002 8504.1734000000015
decision_type=2 2 2 2 2 2
left_child=1 3 -3 -1 5 -2
right_child=4 2 -4 -5 -6 -7
leaf_value=13.673002453104104 -0.67229155772957361 0.38658129546346687 -4.8368197314903654 4.4471669130588891 -12.386174890872475 -8.8579397405896874
leaf_weight=201 180 6685 434 198 213 153
leaf_count=201 180 6685 434 198 213 153
internal_value=-0.00109737 0.548956 0.0675093 9.11733 -7.56206 -4.44853
internal_weight=8064 7518 7119 399 546 333
internal_count=8064 7518 7119 399 546 333
is_linear=0
shrinkage=0.05


Tree=34
num_leaves=7
num_cat=0
split_feature=0 5 2 0 1 0
split_gain=1.21167e+07 1.12031e+07 4.42758e+06 3.05184e+06 2.94722e+06 2.00691e+06
threshold=8168.9665000000014 -0.94670478576706751 2.2091142857137318 7810.516450000001 800.4937500000002 8504.1734000000015
decision_type=2 2 2 2 2 2
left_child=1 3 -3 -1 5 -2
right_child=4 2 -4 -5 -6 -7
leaf_value=12.992736849513385 -0.63886271995075505 -0.55019014170887048 2.5945360950370389 4.2259258840551324 -11.769759950431709 -8.4179188338193036
leaf_weight=201 180 5729 1390 198 213 153
leaf_count=201 180 5729 1390 198 213 153
internal_value=-0.00109361 0.521599 0.0641026 8.66373 -7.18596 -4.22753
internal_weight=8064 7518 7119 399 546 333
internal_count=8064 7518 7119 399 546 333
is_linear=0
shrinkage=0.05


Tree=35
num_leaves=7
num_cat=0
split_feature=2 2 3 3 3 3
split_gain=1.1242e+07 7.96661e+06 6.24842e+06 4.91093e+06 3.32672e+06 1.87839e+06
threshold=-88.158735714285612 519.76203571428607 195.61473541666649 77.693187500000263 -73.502973958333527 -198.30219166666686
decision_type=2 2 2 2 2 2
left_child=2 4 3 -1 -2 -3
right_child=1 5 -4 -5 -6 -7
leaf_value=-4.6411859491459015 -1.277299911962122 12.728291298227926 -10.291183200025728 1.0779419899623812 1.3441670787114308 4.8799438918405968
leaf_weight=879 1691 154 282 654 4250 154
leaf_count=879 1691 154 282 654 4250 154
internal_value=-0.00104863 1.00514 -3.46398 -2.20221 0.597924 8.83261
internal_weight=8064 6249 1815 1533 5941 308
internal_count=8064 6249 1815 1533 5941 308
is_linear=0
shrinkage=0.05


Tree=36
num_leaves=7
num_cat=0
split_feature=0 5 0 3 1 0
split_gain=1.04951e+07 9.71529e+06 3.92743e+06 2.81091e+06 2.62448e+06 1.78019e+06
threshold=8168.9665000000014 -0.94670478576706751 7243.807600000001 -44.199885416666795 800.4937500000002 8504.1734000000015
decision_type=2 2 2 2 2 2
left_child=1 3 -3 -1 5 -2
right_child=4 2 -4 -5 -6 -7
leaf_value=3.7034785523857039 -0.51710456222789725 0.35895651615612856 -4.5441007609202941 12.118912669886713 -11.013117220134379 -7.8430482576129492
leaf_weight=193 180 6685 434 206 213 153
leaf_count=193 180 6685 434 206 213 153
internal_value=-0.000972504 0.485489 0.0594522 8.06772 -6.68781 -3.89648
internal_weight=8064 7518 7119 399 546 333
internal_count=8064 7518 7119 399 546 333
is_linear=0
shrinkage=0.05


Tree=37
num_leaves=7
num_cat=0
split_feature=2 0 3 3 4 2
split_gain=9.95914e+06 8.21744e+06 7.6791e+06 1.57927e+07 6.83388e+06 2.89805e+06
threshold=128.05407857142885 8081.0486500000015 -73.502973958333527 -188.60370381944446 0.27976242230339698 -403.67195714285748
decision_type=2 2 2 2 2 2
left_child=1 5 3 -2 -4 -1
right_child=2 -3 4 -5 -6 -7
leaf_value=-5.1830492486199029 7.0578537714623266 -6.3385028973647533 12.414735833268281 -9.8819036664705049 1.3328275535388716 0.038296844103528863
leaf_weight=277 335 594 370 232 223 6033
leaf_count=277 335 594 370 232 223 6033
internal_value=-0.000971863 -0.721392 4.2837 0.1214 8.2566 -0.191698
internal_weight=8064 6904 1160 567 593 6310
internal_count=8064 6904 1160 567 593 6310
is_linear=0
shrinkage=0.05


Tree=38
num_leaves=7
num_cat=0
split_feature=2 2 3 3 6 0
split_gain=9.12352e+06 7.86402e+06 5.09907e+06 1.18432e+07 4.30052e+06 4.20844e+06
threshold=224.17841428571413 -733.13437857142833 -44.199885416666795 -188.60370381944446 -0.043577871373828972 8645.9352500000005
decision_type=2 2 2 2 2 2
left_child=1 -1 3 -2 -4 -3
right_child=2 5 4 -5 -6 -7
leaf_value=-11.301557628551643 8.0928101660071547 -0.14046158534207981 3.465998581477574 -7.7223695160138739 14.412252046690533 -8.4713855855623574
leaf_weight=166 285 6896 167 201 195 154
leaf_count=166 285 6896 167 201 195 154
internal_value=-0.000926747 -0.57769 4.9019 1.54954 9.38592 -0.323618
internal_weight=8064 7216 848 486 362 7050
internal_count=8064 7216 848 486 362 7050
is_linear=0
shrinkage=0.05


Tree=39
num_leaves=7
num_cat=0
split_feature=2 5 3 3 3 5
split_gain=8.25328e+06 6.43699e+06 1.1188e+07 5.56062e+06 3.76478e+06 1.15675e+06
threshold=-88.158735714285612 -0.75166088996455083 -73.502973958333527 205.35922326388894 77.693187500000263 0.065387565056496968
decision_type=2 2 2 2 2 2
left_child=3 2 -2 4 -1 -3
right_child=1 5 -4 -5 -6 -7
leaf_value=-4.1413164608925586 -1.9280144239082493 1.3948100426927068 8.7763282033698644 -10.479530592448151 0.73300202605411435 -0.29133756723936072
leaf_weight=879 406 1381 610 216 720 3852
leaf_count=879 406 1381 610 216 720 3852
internal_value=-0.000890722 0.861238 4.50112 -2.96802 -1.94742 0.153822
internal_weight=8064 6249 1016 1815 1599 5233
internal_count=8064 6249 1016 1815 1599 5233
is_linear=0
shrinkage=0.05


Tree=40
num_leaves=7
num_cat=0
split_feature=0 5 0 0 3 3
split_gain=7.84584e+06 8.53e+06 7.03879e+06 4.79249e+06 4.05743e+06 2.90334e+06
threshold=8081.0486500000015 -0.91509365977396839 7426.0343500000008 7243.807600000001 -8.8215597222222168 93.843623263888745
decision_type=2 2 2 2 2 2
left_child=1 2 -1 -3 -2 -6
right_child=4 3 -4 -5 5 -7
leaf_value=15.968556116389578 1.6843165908541 0.27171780487849378 2.9081727626533342 -6.3271551062732634 -12.65496850504401 -4.5626903436771817
leaf_weight=146 153 6660 348 286 180 291
leaf_count=146 153 6660 348 286 180 291
internal_value=-0.000882988 0.451062 6.79259 -0.000860978 -5.38155 -7.67554
internal_weight=8064 7440 494 6946 624 471
internal_count=8064 7440 494 6946 624 471
is_linear=0
shrinkage=0.05


Tree=41
num_leaves=5
num_cat=0
split_feature=2 2 0 3
split_gain=7.33704e+06 6.7412e+06 3.58797e+06 1.85966e+06
threshold=-733.13437857142833 409.08547857142827 8645.9352500000005 -188.60370381944446
decision_type=2 2 2 2
left_child=-1 2 -2 -3
right_child=1 3 -4 -5
leaf_value=-10.372061851235877 0.014176563903398852 9.6154822065702916 -7.673621129374351 3.2194092439819677
leaf_weight=166 7282 205 154 257
leaf_count=166 7282 205 154 257
internal_value=-0.000855644 0.218412 -0.146049 6.07213
internal_weight=8064 7898 7436 462
internal_count=8064 7898 7436 462
is_linear=0
shrinkage=0.05


Tree=42
num_leaves=7
num_cat=0
split_feature=2 3 3 2 4 1
split_gain=6.74871e+06 6.4673e+06 1.26331e+07 5.87325e+06 5.64077e+06 4.55376e+06
threshold=128.05407857142885 -73.502973958333527 -188.60370381944446 -733.13437857142833 0.27976242230339698 -344.60574999999966
decision_type=2 2 2 2 2 2
left_child=3 2 -2 -1 -3 -5
right_child=1 4 -4 5 -6 -7
leaf_value=-9.8565640552850553 5.9117612327049889 10.94990136467543 -9.2389861510546947 -7.1424774285639687 0.88345508341278356 -0.11501192245752748
leaf_weight=166 335 370 232 238 223 6500
leaf_count=166 335 370 232 238 223 6500
internal_value=-0.000845067 3.52625 -0.292838 -0.593887 7.17223 -0.364259
internal_weight=8064 1160 567 6904 593 6738
internal_count=8064 1160 567 6904 593 6738
is_linear=0
shrinkage=0.05


Tree=43
num_leaves=7
num_cat=0
split_feature=0 5 0 0 7 3
split_gain=6.30344e+06 7.0183e+06 6.08618e+06 4.08247e+06 3.76339e+06 4.74841e+06
threshold=8081.0486500000015 -0.91509365977396839 7426.0343500000008 7243.807600000001 0.84258872403671548 111.3129215277777
decision_type=2 2 2 2 2 2
left_child=1 2 -1 -3 -2 -6
right_child=4 3 -4 -5 5 -7
leaf_value=14.688695383984218 -10.97397475197409 0.24588980628201293 2.5449976522464808 -5.8445761540002525 1.242325274968068 -9.6986394150837043
leaf_weight=146 177 6660 348 286 300 147
leaf_count=146 177 6660 348 286 300 147
internal_value=-0.000856192 0.404236 6.15645 -0.00568898 -4.82372 -2.36933
internal_weight=8064 7440 494 6946 624 447
internal_count=8064 7440 494 6946 624 447
is_linear=0
shrinkage=0.05


Tree=44
num_leaves=7
num_cat=0
split_feature=2 3 3 0 7 7
split_gain=5.95276e+06 5.44797e+06 1.10549e+07 4.8288e+06 4.70853e+06 2.81647e+06
threshold=2.2091142857137318 -73.502973958333527 -188.60370381944446 7243.807600000001 0.17364817766693022 0.73657561215276279
decision_type=2 2 2 2 2 2
left_child=3 2 -2 -1 -3 -5
right_child=1 4 -4 5 -6 -7
leaf_value=-0.18059015578881041 4.5629004494162171 1.7699211116979432 -7.7414956043474383 -7.7923878480843349 8.5170439803119127 -1.877860069292677
leaf_weight=5442 424 562 319 336 479 502
leaf_count=5442 424 562 319 336 479 502
internal_value=-0.000861716 2.54712 -0.72318 -0.724972 4.8797 -4.25578
internal_weight=8064 1784 743 6280 1041 838
internal_count=8064 1784 743 6280 1041 838
is_linear=0
shrinkage=0.05


Tree=45
num_leaves=6
num_cat=0
split_feature=0 5 0 3 5
split_gain=5.51461e+06 5.0785e+06 5.06737e+06 1.75037e+06 981684
threshold=8504.1734000000015 -0.97111091670450067 8081.0486500000015 -44.199885416666795 -0.98812630719300909
decision_type=2 2 2 2 2
left_child=1 3 -3 -1 -2
right_child=4 2 -4 -5 -6
leaf_value=1.7285213600099087 -3.6310201208053097 0.15496535763281913 -9.1301314121087387 8.5345609690280675 -9.2707671451118756
leaf_weight=159 154 7210 149 234 158
leaf_count=159 154 7210 149 234 158
internal_value=-0.000835631 0.26185 -0.0342479 5.79235 -6.50754
internal_weight=8064 7752 7359 393 312
internal_count=8064 7752 7359 393 312
is_linear=0
shrinkage=0.05


Tree=46
num_leaves=5
num_cat=0
split_feature=2 2 0 3
split_gain=5.31774e+06 4.80166e+06 2.75503e+06 1.28342e+06
threshold=519.76203571428607 -733.13437857142833 8645.9352500000005 -198.30219166666686
decision_type=2 2 2 2
left_child=1 -1 -3 -2
right_child=3 2 -4 -5
leaf_value=-8.6436167286541643 9.6485409596658531 0.064950999328249229 -6.6701853023805926 3.1730010386436218
leaf_weight=166 154 7436 154 154
leaf_count=166 154 7436 154 154
internal_value=-0.000865855 -0.2571 -0.0725646 6.43152
internal_weight=8064 7756 7590 308
internal_count=8064 7756 7590 308
is_linear=0
shrinkage=0.05


Tree=47
num_leaves=7
num_cat=0
split_feature=2 3 3 1 2 7
split_gain=4.93606e+06 5.00865e+06 9.90028e+06 4.21e+06 4.135e+06 4.07192e+06
threshold=2.2091142857137318 -73.502973958333527 -154.4793906249997 -279.98464999999982 -733.13437857142833 0.17364817766693022
decision_type=2 2 2 2 2 2
left_child=3 2 -2 -1 -5 -3
right_child=1 5 -4 4 -6 -7
leaf_value=-8.7983227534447952 3.3306346363424044 1.6639813512881316 -8.8289854388830715 -8.2140239321186161 -0.2367627939815225 7.93847716263185
leaf_weight=154 490 562 253 166 5960 479
leaf_count=154 490 562 253 166 5960 479
internal_value=-0.000837594 2.31937 -0.816157 -0.660217 -0.454233 4.55594
internal_weight=8064 1784 743 6280 6126 1041
internal_count=8064 1784 743 6280 6126 1041
is_linear=0
shrinkage=0.05


Tree=48
num_leaves=6
num_cat=0
split_feature=2 0 1 5 6
split_gain=4.60872e+06 4.14094e+06 3.94183e+06 3.3701e+06 1.22859e+06
threshold=519.76203571428607 7969.8081500000017 -97.741350000000224 -0.91509365977396839 -0.043577871373828972
decision_type=2 2 2 2 2
left_child=1 3 -3 -1 -2
right_child=4 2 -4 -5 -6
leaf_value=5.6348073201009852 2.941981876411556 -10.856571070925344 -1.8782575040617411 -0.091967360195637296 9.2803461389666477
leaf_weight=266 161 157 543 6790 147
leaf_count=266 161 157 543 6790 147
internal_value=-0.000877223 -0.239418 -3.90458 0.124691 5.98735
internal_weight=8064 7756 700 7056 308
internal_count=8064 7756 700 7056 308
is_linear=0
shrinkage=0.05


Tree=49
num_leaves=6
num_cat=0
split_feature=2 3 3 2 3
split_gain=4.37284e+06 4.86134e+06 5.05392e+06 3.66346e+06 2.16806e+06
threshold=-88.158735714285612 195.61473541666649 142.73557361111128 710.24695714285792 -59.38320069444466
decision_type=2 2 2 2 2
left_child=1 2 -1 4 -2
right_child=3 -3 -4 -5 -6
leaf_value=-2.0331662366821961 -0.97156502412414669 -8.1818236069523405 7.305065372549457 8.2177793947342916 1.0662511938664936
leaf_weight=1372 1892 282 161 154 4203
leaf_count=1372 1892 282 161 154 4203
internal_value=-0.00080217 -2.16056 -1.04832 0.626737 0.43362
internal_weight=8064 1815 1533 6249 6095
internal_count=8064 1815 1533 6249 6095
is_linear=0
shrinkage=0.05


Tree=50
num_leaves=7
num_cat=0
split_feature=2 3 3 1 2 7
split_gain=4.03797e+06 4.55241e+06 8.70436e+06 3.63504e+06 3.60676e+06 3.56898e+06
threshold=2.2091142857137318 -73.502973958333527 -154.4793906249997 -279.98464999999982 -733.13437857142833 0.17364817766693022
decision_type=2 2 2 2 2 2
left_child=3 2 -2 -1 -5 -3
right_child=1 5 -4 4 -6 -7
leaf_value=-8.159116556182985 2.9970978600308755 1.5227080272262516 -8.4045289027643957 -7.6529230487560795 -0.20261215359135659 7.3968481277053559
leaf_weight=154 490 562 253 166 5960 479
leaf_count=154 490 562 253 166 5960 479
internal_value=-0.00072856 2.09781 -0.891365 -0.597114 -0.405714 4.23011
internal_weight=8064 1784 743 6280 6126 1041
internal_count=8064 1784 743 6280 6126 1041
is_linear=0
shrinkage=0.05


Tree=51
num_leaves=7
num_cat=0
split_feature=0 5 0 5 3 0
split_gain=3.85448e+06 4.82689e+06 5.62331e+06 3.48244e+06 4.52218e+06 2.80211e+06
threshold=7969.8081500000017 -0.87651811848132988 7341.876400000001 -0.94670478576706751 111.3129215277777 7243.807600000001
decision_type=2 2 2 2 2 2
left_child=1 2 -1 4 -2 -3
right_child=3 5 -4 -5 -6 -7
leaf_value=11.576156774224067 1.4260831746173668 0.11299002976055941 1.2841918615105656 -10.128823768634064 -8.3432640615915297 -6.5232358360583067
leaf_weight=195 375 6593 412 155 172 162
leaf_count=195 375 6593 412 155 172 162
internal_value=-0.000769639 0.336964 4.60411 -3.53809 -1.65543 -0.0471035
internal_weight=8064 7362 607 702 547 6755
internal_count=8064 7362 607 702 547 6755
is_linear=0
shrinkage=0.05


Tree=52
num_leaves=4
num_cat=0
split_feature=0 2 5
split_gain=3.64935e+06 3.28986e+06 1.77024e+06
threshold=8806.1475000000009 710.24695714285792 -0.98812630719300909
decision_type=2 2 2
left_child=1 2 -1
right_child=-2 -3 -4
leaf_value=4.1184929716257237 -7.5492810927189087 7.3616954457375314 -0.13384394091341109
leaf_weight=252 156 154 7502
leaf_count=252 156 154 7502
internal_value=-0.000796864 0.149047 0.00486752
internal_weight=8064 7908 7754
internal_count=8064 7908 7754
is_linear=0
shrinkage=0.05


Tree=53
num_leaves=7
num_cat=0
split_feature=0 5 0 3 3 0
split_gain=3.41103e+06 3.77161e+06 4.6504e+06 3.37873e+06 3.55952e+06 2.91555e+06
threshold=8081.0486500000015 -0.91509365977396839 7426.0343500000008 -8.8215597222222168 93.843623263888745 7243.807600000001
decision_type=2 2 2 2 2 2
left_child=1 2 -1 -2 -5 -3
right_child=3 5 -4 4 -6 -7
leaf_value=11.971299163662657 2.8927954076172471 0.2093600389278498 1.3601051751897808 -11.149713467168546 -2.2096750090383508 -4.9375876471556026
leaf_weight=146 153 6660 348 180 291 286
leaf_count=146 153 6660 348 180 291 286
internal_value=-0.000733478 0.297261 4.51406 -3.54853 -5.64263 -0.00324463
internal_weight=8064 7440 494 624 471 6946
internal_count=8064 7440 494 624 471 6946
is_linear=0
shrinkage=0.05


Tree=54
num_leaves=5
num_cat=0
split_feature=0 2 3 5
split_gain=3.18131e+06 2.7612e+06 3.59011e+06 2.44297e+06
threshold=8806.1475000000009 224.17841428571413 -44.199885416666795 -0.98812630719300909
decision_type=2 2 2 2
left_child=1 3 -3 -1
right_child=-2 2 -4 -5
leaf_value=5.7011653106573021 -7.0485256686332125 0.023216337969170948 6.5953981384696547 -0.33165901347025806
leaf_weight=171 156 486 362 6889
leaf_count=171 156 486 362 6889
internal_value=-0.000708347 0.139197 2.83326 -0.184751
internal_weight=8064 7908 848 7060
internal_count=8064 7908 848 7060
is_linear=0
shrinkage=0.05


Tree=55
num_leaves=7
num_cat=0
split_feature=0 1 3 5 0 0
split_gain=3.06701e+06 3.796e+06 6.71962e+06 3.77401e+06 4.71361e+06 2.31918e+06
threshold=7969.8081500000017 -97.741350000000224 111.3129215277777 -0.87651811848132988 7341.876400000001 7243.807600000001
decision_type=2 2 2 2 2 2
left_child=3 -2 -3 4 -1 -5
right_child=1 2 -4 5 -6 -7
leaf_value=10.456939980813436 -9.9250266961753368 3.0701619316875073 -8.4493364495038996 0.10666165598908262 1.0346251925891019 -5.930686953316437
leaf_weight=195 159 344 199 6593 412 162
leaf_count=195 159 344 199 6593 412 162
internal_value=-0.000642315 -3.156 -1.1593 0.300623 4.07378 -0.0389839
internal_weight=8064 702 543 7362 607 6755
internal_count=8064 702 543 7362 607 6755
is_linear=0
shrinkage=0.05


Tree=56
num_leaves=6
num_cat=0
split_feature=0 5 0 3 2
split_gain=2.85555e+06 3.32906e+06 3.4215e+06 1.85312e+06 1.09519e+06
threshold=8504.1734000000015 -0.97111091670450067 8081.0486500000015 -44.199885416666795 -562.51071428571447
decision_type=2 2 2 2 2
left_child=1 3 -3 -1 -2
right_child=4 2 -4 -5 -6
leaf_value=0.49408459588885312 -1.8864579459864226 0.1041081077562323 -7.5255164550145466 7.4867283324485134 -7.8278598220980902
leaf_weight=159 166 7210 149 234 146
leaf_count=159 166 7210 149 234 146
internal_value=-0.000669942 0.188357 -0.0513728 4.66608 -4.68286
internal_weight=8064 7752 7359 393 312
internal_count=8064 7752 7359 393 312
is_linear=0
shrinkage=0.05


Tree=57
num_leaves=4
num_cat=0
split_feature=2 2 3
split_gain=2.69749e+06 2.39676e+06 1.97719e+06
threshold=-733.13437857142833 710.24695714285792 77.693187500000263
decision_type=2 2 2
left_child=-1 2 -2
right_child=1 -3 -4
leaf_value=-6.2892198753571087 -0.63231483136890998 6.2884664950832247 1.004018289686275
leaf_weight=166 4709 154 3035
leaf_count=166 4709 154 3035
internal_value=-0.00069321 0.132258 0.00903766
internal_weight=8064 7898 7744
internal_count=8064 7898 7744
is_linear=0
shrinkage=0.05


Tree=58
num_leaves=7
num_cat=0
split_feature=2 3 3 5 3 0
split_gain=2.61348e+06 4.07549e+06 4.89204e+06 2.47206e+06 5.16431e+06 40026.8
threshold=-88.158735714285612 195.61473541666649 142.73557361111128 0.065387565056496968 -59.38320069444466 12.258400000000002
decision_type=2 2 2 2 2 2
left_child=1 2 -1 4 -2 -5
right_child=3 -3 -4 5 -6 -7
leaf_value=-1.6213489108842385 -1.1976479519433949 -7.183343791751053 7.5658673033302213 -0.34176947067844282 3.5739556668163801 0.32148370778211111
leaf_weight=1372 919 282 161 3610 1478 242
leaf_count=1372 919 282 161 3610 1478 242
internal_value=-0.000656236 -1.67033 -0.652178 0.484486 1.74481 -0.300028
internal_weight=8064 1815 1533 6249 2397 3852
internal_count=8064 1815 1533 6249 2397 3852
is_linear=0
shrinkage=0.05


Tree=59
num_leaves=7
num_cat=0
split_feature=0 1 3 5 0 3
split_gain=2.45714e+06 3.63382e+06 6.03822e+06 3.13984e+06 4.21403e+06 2.08992e+06
threshold=7969.8081500000017 -97.741350000000224 111.3129215277777 -0.87651811848132988 7341.876400000001 142.73557361111128
decision_type=2 2 2 2 2 2
left_child=3 -2 -3 4 -1 -5
right_child=1 2 -4 5 -6 -7
leaf_value=9.7459585191643967 -9.4475365373492242 3.1369653445050338 -7.7826920726597315 -0.45100180233831155 0.83739317275998681 1.8439378561304007
leaf_weight=195 159 344 199 5548 412 1207
leaf_count=195 159 344 199 5548 412 1207
internal_value=-0.000616496 -2.82488 -0.871848 0.269037 3.71061 -0.0407241
internal_weight=8064 702 543 7362 607 6755
internal_count=8064 702 543 7362 607 6755
is_linear=0
shrinkage=0.05


Tree=60
num_leaves=5
num_cat=0
split_feature=0 5 0 1
split_gain=2.33172e+06 2.16503e+06 3.0792e+06 1.12696e+06
threshold=8806.1475000000009 -0.98812630719300909 8081.0486500000015 -236.9812499999999
decision_type=2 2 2 2
left_child=1 3 -3 -1
right_child=-2 2 -4 -5
leaf_value=1.0755456843047309 -6.03439136090552 0.16259828354488359 -4.9096676416121996 7.2088532143337716
leaf_weight=144 156 7297 311 156
leaf_count=144 156 7297 311 156
internal_value=-0.000598809 0.119177 -0.0453639 4.27822
internal_weight=8064 7908 7608 300
internal_count=8064 7908 7608 300
is_linear=0
shrinkage=0.05


Tree=61
num_leaves=7
num_cat=0
split_feature=2 3 3 4 1 2
split_gain=2.2132e+06 3.89658e+06 7.36353e+06 3.01502e+06 2.94659e+06 1.98709e+06
threshold=2.2091142857137318 -73.502973958333527 -154.4793906249997 0.065387565056497135 -279.98464999999982 -733.13437857142833
decision_type=2 2 2 2 2 2
left_child=4 2 -2 -3 -1 -6
right_child=1 3 -4 -5 5 -7
leaf_value=-7.2504388373513384 2.365010280351775 6.0404852845042738 -8.1219778985899733 0.6477019330804108 -5.6490380604110086 -0.11905446451365438
leaf_weight=154 490 555 253 486 166 5960
leaf_count=154 490 555 253 486 166 5960
internal_value=-0.000584342 1.55304 -1.21205 3.52585 -0.44211 -0.269801
internal_weight=8064 1784 743 1041 6280 6126
internal_count=8064 1784 743 1041 6280 6126
is_linear=0
shrinkage=0.05


Tree=62
num_leaves=7
num_cat=0
split_feature=2 3 3 5 3 0
split_gain=2.07039e+06 3.36563e+06 4.12821e+06 2.17487e+06 4.14104e+06 36621.5
threshold=-77.249999999999645 205.35922326388894 153.0074732638889 0.065387565056496968 -59.38320069444466 12.258400000000002
decision_type=2 2 2 2 2 2
left_child=1 2 -1 4 -2 -5
right_child=3 -3 -4 5 -6 -7
leaf_value=-1.5330709778405351 -0.98352669393028325 -7.1861836528248269 6.4820643707613144 -0.32500461626089172 3.3440565588025843 0.3156190864694845
leaf_weight=1494 907 224 179 3610 1413 237
leaf_count=1494 907 224 179 3610 1413 237
internal_value=-0.00063006 -1.44471 -0.672144 0.443739 1.6525 -0.285466
internal_weight=8064 1897 1673 6167 2320 3847
internal_count=8064 1897 1673 6167 2320 3847
is_linear=0
shrinkage=0.05


Tree=63
num_leaves=4
num_cat=0
split_feature=2 0 5
split_gain=2.01762e+06 1.87915e+06 1.68004e+06
threshold=710.24695714285792 8645.9352500000005 -0.97111091670450067
decision_type=2 2 2
left_child=1 2 -1
right_child=-2 -3 -4
leaf_value=3.2920506453051921 5.6489090458039319 -4.5155046352427055 -0.14382337014058755
leaf_weight=373 154 234 7303
leaf_count=373 154 234 7303
internal_value=-0.000597848 -0.111288 0.0235432
internal_weight=8064 7910 7676
internal_count=8064 7910 7676
is_linear=0
shrinkage=0.05


Tree=64
num_leaves=7
num_cat=0
split_feature=0 1 3 5 0 0
split_gain=1.89616e+06 3.45174e+06 5.32661e+06 2.53864e+06 3.25808e+06 2.04298e+06
threshold=7969.8081500000017 -97.741350000000224 111.3129215277777 -0.91509365977396839 7426.0343500000008 7243.807600000001
decision_type=2 2 2 2 2 2
left_child=3 -2 -3 4 -1 -5
right_child=1 2 -4 5 -6 -7
leaf_value=9.9995042161876668 -8.935999939069152 3.1860842501339706 -7.0698326940536509 0.17681113866504158 0.84247958113749832 -4.2597749938788239
leaf_weight=146 159 344 199 6660 287 269
leaf_count=146 159 344 199 6660 287 269
internal_value=-0.000541411 -2.48155 -0.578617 0.236339 3.94599 0.00398265
internal_weight=8064 702 543 7362 433 6929
internal_count=8064 702 543 7362 433 6929
is_linear=0
shrinkage=0.05


Tree=65
num_leaves=5
num_cat=0
split_feature=2 3 3 5
split_gain=1.75391e+06 1.62655e+06 4.07335e+06 3.67798e+06
threshold=-733.13437857142833 77.693187500000263 44.011313541667057 -0.4026508470528945
decision_type=2 2 2 2
left_child=-1 2 -2 -3
right_child=1 3 -4 -5
leaf_value=-5.0712978374458366 -0.1077821753543268 3.4059105000560566 -6.3840736100490947 -0.24723091508219508
leaf_weight=166 4575 1050 273 2000
leaf_count=166 4575 1050 273 2000
internal_value=-0.000551924 0.106653 -0.462456 1.01111
internal_weight=8064 7898 4848 3050
internal_count=8064 7898 4848 3050
is_linear=0
shrinkage=0.05


Tree=66
num_leaves=6
num_cat=0
split_feature=0 3 3 5 3
split_gain=1.75278e+06 1.05752e+07 8.8311e+06 5.72444e+06 1.82875e+06
threshold=7341.876400000001 195.61473541666649 -145.22790034722217 -0.87651811848132988 142.73557361111128
decision_type=2 2 2 2 2
left_child=3 2 -2 -1 -5
right_child=1 -3 -4 4 -6
leaf_value=8.7361135944724086 -10.364607227894298 -13.556384918420783 2.0132792022420851 -0.31944732012013266 1.8583525042793214
leaf_weight=195 170 163 915 5451 1170
leaf_count=195 170 163 915 5451 1170
internal_value=-0.000576436 -1.72252 0.0661288 0.314916 0.0656152
internal_weight=8064 1248 1085 6816 6621
internal_count=8064 1248 1085 6816 6621
is_linear=0
shrinkage=0.05


Tree=67
num_leaves=7
num_cat=0
split_feature=2 3 5 3 5 3
split_gain=1.7062e+06 2.8566e+06 5.32972e+06 4.5578e+06 1.78041e+06 3.71737e+06
threshold=-77.249999999999645 195.61473541666649 -0.6913484944011038 142.73557361111128 0.065387565056496968 -59.38320069444466
decision_type=2 2 2 2 2 2
left_child=1 3 -3 -1 5 -2
right_child=4 2 -4 -5 -6 -7
leaf_value=-1.391122197460037 -1.0010428553455333 -12.660151885953443 0.86773778159602166 7.3343548663362057 -0.25699481648129646 3.0991446096666131
leaf_weight=1441 907 144 146 166 3847 1413
leaf_count=1441 907 144 146 166 3847 1413
internal_value=-0.000619715 -1.31155 -5.86998 -0.485797 0.402777 1.49644
internal_weight=8064 1897 290 1607 6167 2320
internal_count=8064 1897 290 1607 6167 2320
is_linear=0
shrinkage=0.05


Tree=68
num_leaves=5
num_cat=0
split_feature=2 0 1 4
split_gain=1.55504e+06 1.44184e+06 2.90319e+06 1.01e+06
threshold=710.24695714285792 8168.9665000000014 800.4937500000002 -0.065387565056497052
decision_type=2 2 2 2
left_child=1 2 -1 -3
right_child=-2 3 -4 -5
leaf_value=-0.067784984587644731 4.9591513730633645 -5.438796368589256 6.4868034599833413 -0.95958336010957379
leaf_weight=7192 154 196 172 350
leaf_count=7192 154 196 172 350
internal_value=-0.000613587 -0.09779 0.0861697 -2.57451
internal_weight=8064 7910 7364 546
internal_count=8064 7910 7364 546
is_linear=0
shrinkage=0.05


Tree=69
num_leaves=7
num_cat=0
split_feature=2 3 3 3 0 3
split_gain=1.51938e+06 2.61132e+06 7.25384e+06 4.3073e+06 1.58143e+06 3.25459e+06
threshold=-77.249999999999645 -22.021573263889191 -0.47297638888881005 -145.22790034722217 220.61940000000001 -59.38320069444466
decision_type=2 2 2 2 2 2
left_child=1 3 -3 -1 -2 -6
right_child=4 2 -4 -5 5 -7
leaf_value=-3.3934287054915178 -0.25768862013306787 -11.520241283463395 -0.90725675591150068 6.7233721467397984 -0.91937322065194338 2.8588002253851608
leaf_weight=189 3773 183 1290 235 934 1460
leaf_count=189 3773 183 1290 235 934 1460
internal_value=-0.000552037 -1.23763 -2.2327 2.21639 0.380119 1.38501
internal_weight=8064 1897 1473 424 6167 2394
internal_count=8064 1897 1473 424 6167 2394
is_linear=0
shrinkage=0.05


Tree=70
num_leaves=6
num_cat=0
split_feature=0 3 3 5 3
split_gain=1.44493e+06 8.96481e+06 7.80504e+06 4.99679e+06 1.55931e+06
threshold=7341.876400000001 195.61473541666649 -145.22790034722217 -0.87651811848132988 142.73557361111128
decision_type=2 2 2 2 2
left_child=3 2 -2 -1 -5
right_child=1 -3 -4 4 -6
leaf_value=8.1536688085113251 -9.7232744228073038 -12.459633767314074 1.9133412186560674 -0.30260287926691021 1.7083781740560582
leaf_weight=195 170 163 915 5451 1170
leaf_count=195 170 163 915 5451 1170
internal_value=-0.0005704 -1.564 0.0828183 0.285879 0.0529628
internal_weight=8064 1248 1085 6816 6621
internal_count=8064 1248 1085 6816 6621
is_linear=0
shrinkage=0.05


Tree=71
num_leaves=5
num_cat=0
split_feature=2 3 3 5
split_gain=1.39279e+06 1.28725e+06 3.7928e+06 3.3997e+06
threshold=-733.13437857142833 77.693187500000263 44.011313541667057 -0.4026508470528945
decision_type=2 2 2 2
left_child=-1 2 -2 -3
right_child=1 3 -4 -5
leaf_value=-4.5192876591653883 -0.069124519433009832 3.2019635046583264 -6.1254092245641418 -0.31023113545465997
leaf_weight=166 4575 1050 273 2000
leaf_count=166 4575 1050 273 2000
internal_value=-0.000608286 0.0949253 -0.411358 0.899538
internal_weight=8064 7898 4848 3050
internal_count=8064 7898 4848 3050
is_linear=0
shrinkage=0.05


Tree=72
num_leaves=7
num_cat=0
split_feature=2 3 3 3 0 3
split_gain=1.38208e+06 3.0064e+06 6.53625e+06 3.27371e+06 1.28861e+06 3.27434e+06
threshold=-88.158735714285612 -22.021573263889191 -0.47297638888881005 -145.22790034722217 220.61940000000001 153.0074732638889
decision_type=2 2 2 2 2 2
left_child=1 3 -3 -1 -2 -6
right_child=4 2 -4 -5 5 -7
leaf_value=-2.4113973234262733 -0.22929389077173054 -11.432730797556944 -1.0325589654531824 6.666189561233864 0.56571268855612045 6.1542548028614696
leaf_weight=179 3774 171 1244 221 2178 297
leaf_count=179 3774 171 1244 221 2178 297
internal_value=-0.000626361 -1.21483 -2.29659 2.60809 0.352171 1.23855
internal_weight=8064 1815 1415 400 6249 2475
internal_count=8064 1815 1415 400 6249 2475
is_linear=0
shrinkage=0.05


Tree=73
num_leaves=5
num_cat=0
split_feature=2 1 3 2
split_gain=1.31469e+06 1.64149e+06 1.30199e+06 1.21153e+06
threshold=409.08547857142827 -641.18034999999998 -188.60370381944446 -733.13437857142833
decision_type=2 2 2 2
left_child=1 -1 -2 -3
right_child=2 3 -4 -5
leaf_value=-4.8626836087822261 5.547695750981859 -4.2539355753424637 0.21146650492220886 0.053504798721925831
leaf_weight=180 205 166 257 7256
leaf_count=180 205 166 257 7256
internal_value=-0.0006057 -0.158131 2.58614 -0.0433952
internal_weight=8064 7602 462 7422
internal_count=8064 7602 462 7422
is_linear=0
shrinkage=0.05


Tree=74
num_leaves=6
num_cat=0
split_feature=0 3 3 5 3
split_gain=1.26988e+06 8.27322e+06 7.251e+06 4.32811e+06 1.29623e+06
threshold=7341.876400000001 195.61473541666649 -44.199885416666795 -0.87651811848132988 142.73557361111128
decision_type=2 2 2 2 2
left_child=3 2 -2 -1 -5
right_child=1 -3 -4 4 -6
leaf_value=7.5903928316065254 -6.7185844148580847 -11.933194485815561 2.5557920978863851 -0.2730170058372044 1.5604911885856565
leaf_weight=195 285 163 800 5451 1170
leaf_count=195 285 163 800 5451 1170
internal_value=-0.000595922 -1.46627 0.115722 0.267942 0.0511698
internal_weight=8064 1248 1085 6816 6621
internal_count=8064 1248 1085 6816 6621
is_linear=0
shrinkage=0.05


Tree=75
num_leaves=7
num_cat=0
split_feature=2 3 3 6 1 5
split_gain=1.18829e+06 3.61534e+06 5.67634e+06 3.19589e+06 2.97599e+06 1.40014e+06
threshold=149.90547857142795 -44.199885416666795 -188.60370381944446 -0.043577871373828972 -344.60574999999966 -0.91509365977396839
decision_type=2 2 2 2 2 2
left_child=4 2 -2 -3 -1 -6
right_child=1 3 -4 -5 5 -7
leaf_value=-5.4572195313275991 3.2814938181675744 0.37555044851565766 -6.6619048564820673 8.3584775553095305 2.2888311791755322 -0.25944302431903576
leaf_weight=262 321 235 258 268 590 6130
leaf_count=262 321 235 258 268 590 6130
internal_value=-0.000610871 1.54041 -1.15309 4.63702 -0.23961 -0.0354034
internal_weight=8064 1082 579 503 6982 6720
internal_count=8064 1082 579 503 6982 6720
is_linear=0
shrinkage=0.05


Tree=76
num_leaves=6
num_cat=0
split_feature=0 1 3 1 2
split_gain=1.234e+06 3.198e+06 3.99351e+06 2.40164e+06 2.53686e+06
threshold=7969.8081500000017 -97.741350000000224 111.3129215277777 800.4937500000002 -403.67195714285748
decision_type=2 2 2 2 2
left_child=3 -2 -3 4 -1
right_child=1 2 -4 -5 -6
leaf_value=-5.8010444377279953 -8.2146217817068106 3.087971662611201 -5.7922040350437172 6.4524745214780168 0.21025769887529294
leaf_weight=179 159 344 199 149 7034
leaf_count=179 159 344 199 149 7034
internal_value=-0.000568379 -2.00203 -0.171122 0.190526 0.0602959
internal_weight=8064 702 543 7362 7213
internal_count=8064 702 543 7362 7213
is_linear=0
shrinkage=0.05


Tree=77
num_leaves=7
num_cat=0
split_feature=2 3 3 3 5 3
split_gain=1.16768e+06 2.28664e+06 6.13594e+06 3.39506e+06 1.19932e+06 2.97946e+06
threshold=-77.249999999999645 -22.021573263889191 -0.47297638888881005 -145.22790034722217 0.065387565056496968 153.0074732638889
decision_type=2 2 2 2 2 2
left_child=1 3 -3 -1 5 -2
right_child=4 2 -4 -5 -6 -7
leaf_value=-2.8341138397510117 0.5750193565967493 -10.558211387369944 -0.79726441694289374 6.1480969060528077 -0.20838791752406427 6.1273336889585961
leaf_weight=189 2047 183 1290 235 3847 273
leaf_count=189 2047 183 1290 235 3847 273
internal_value=-0.000602313 -1.08509 -2.01627 2.14699 0.333115 1.23073
internal_weight=8064 1897 1473 424 6167 2320
internal_count=8064 1897 1473 424 6167 2320
is_linear=0
shrinkage=0.05


Tree=78
num_leaves=7
num_cat=0
split_feature=3 5 3 5 5 3
split_gain=1.12527e+06 8.33226e+06 5.62534e+06 9.13241e+06 2.51276e+06 1.49734e+06
threshold=195.61473541666649 -0.85470842479866194 153.0074732638889 -0.48087430661751701 -0.97111091670450067 231.31819826388849
decision_type=2 2 2 2 2 2
left_child=2 -2 4 -4 -1 -3
right_child=1 5 3 -5 -6 -7
leaf_value=3.1972095364136588 -12.375585077614184 -1.7359217282114081 15.805700978898521 0.49464978348541933 -0.4266055468651595 2.8372929967315503
leaf_weight=517 150 357 147 285 6251 357
leaf_count=517 150 357 147 285 6251 357
internal_value=-0.000581797 -1.70453 0.204101 5.72913 -0.149355 0.551456
internal_weight=8064 864 7200 432 6768 714
internal_count=8064 864 7200 432 6768 714
is_linear=0
shrinkage=0.05


Tree=79
num_leaves=6
num_cat=0
split_feature=0 3 3 5 1
split_gain=1.16538e+06 6.6501e+06 6.40677e+06 3.74034e+06 1.09606e+06
threshold=7341.876400000001 195.61473541666649 -73.502973958333527 -0.87651811848132988 520.83749999999998
decision_type=2 2 2 2 2
left_child=3 2 -2 -1 -5
right_child=1 -3 -4 4 -6
leaf_value=7.0638589378522374 -7.1211629428824441 -10.788749593350946 2.0790037186456178 -0.067876391766494029 3.4162254465823505
leaf_weight=195 243 163 842 6388 233
leaf_count=195 243 163 842 6388 233
internal_value=-0.000504367 -1.40458 0.0138457 0.256748 0.0552302
internal_weight=8064 1248 1085 6816 6621
internal_count=8064 1248 1085 6816 6621
is_linear=0
shrinkage=0.05


Tree=80
num_leaves=6
num_cat=0
split_feature=2 3 3 2 3
split_gain=1.0866e+06 2.33992e+06 5.76546e+06 818282 762164
threshold=-168.81111428571424 -22.021573263889191 77.693187500000263 710.24695714285792 -59.38320069444466
decision_type=2 2 2 2 2
left_child=1 -1 -3 4 -2
right_child=3 2 -4 -5 -6
leaf_value=2.8839988676340957 -0.64510692316589258 -7.7156393450725815 0.17990650207177325 3.8476018409575183 0.52597453395841931
leaf_weight=265 1990 340 718 154 4597
leaf_count=265 1990 340 718 154 4597
internal_value=-0.000512738 -1.31007 -2.3623 0.25666 0.172135
internal_weight=8064 1323 1058 6741 6587
internal_count=8064 1323 1058 6741 6587
is_linear=0
shrinkage=0.05


Tree=81
num_leaves=5
num_cat=0
split_feature=2 3 3 3
split_gain=1.04062e+06 917325 3.51216e+06 2.88757e+06
threshold=-733.13437857142833 77.693187500000263 44.011313541667057 93.843623263888745
decision_type=2 2 2 2
left_child=-1 2 -2 -3
right_child=1 3 -4 -5
leaf_value=-3.906343177264322 -0.015987870621110699 5.5257535245890423 -5.8438921630382543 0.26460007059828594
leaf_weight=166 4575 287 273 2763
leaf_count=166 4575 287 273 2763
internal_value=-0.000492827 0.0820844 -0.345306 0.761315
internal_weight=8064 7898 4848 3050
internal_count=8064 7898 4848 3050
is_linear=0
shrinkage=0.05


Tree=82
num_leaves=7
num_cat=0
split_feature=3 3 0 1 4 3
split_gain=985496 5.5517e+06 5.83477e+06 2.00224e+06 1.73038e+06 1.58693e+06
threshold=-169.79139930555536 -145.22790034722217 556.26840000000016 -40.382500000000043 0.15208718494349097 -22.021573263889191
decision_type=2 2 2 2 2 2
left_child=3 2 -2 4 -1 -3
right_child=1 5 -4 -5 -6 -7
leaf_value=1.2663256674022465 0.10550721719347199 1.7418742052390073 -14.102828055024148 -0.22111616635553208 7.4074848126226946 -0.303936472525766
leaf_weight=272 144 1152 144 826 198 5328
leaf_count=272 144 1152 144 826 198 5328
internal_value=-0.000492834 -0.242415 -7.02288 1.26209 3.86369 0.0599759
internal_weight=8064 6768 288 1296 470 6480
internal_count=8064 6768 288 1296 470 6480
is_linear=0
shrinkage=0.05


Tree=83
num_leaves=7
num_cat=0
split_feature=0 3 3 5 3 0
split_gain=953227 6.05458e+06 5.94224e+06 3.33865e+06 3.11427e+06 878225
threshold=7341.876400000001 195.61473541666649 -44.199885416666795 -0.80625269229011354 -16.788433680555951 6110.1920500000006
decision_type=2 2 2 2 2 2
left_child=3 2 -2 4 -1 -5
right_child=1 -3 -4 5 -6 -7
leaf_value=0.64753460389661743 -6.1038340323454854 -10.224486742404904 2.291942303100329 0.084131281954179224 9.4385506457608681 -2.6650671671648496
leaf_weight=223 285 163 800 6106 183 304
leaf_count=223 285 163 800 6106 183 304
internal_value=-0.000493646 -1.27035 0.0830104 0.232167 4.62344 -0.0466473
internal_weight=8064 1248 1085 6816 406 6410
internal_count=8064 1248 1085 6816 406 6410
is_linear=0
shrinkage=0.05


Tree=84
num_leaves=7
num_cat=0
split_feature=3 3 0 1 6 3
split_gain=929458 4.93621e+06 5.19322e+06 1.86208e+06 1.55163e+06 1.49251e+06
threshold=-169.79139930555536 -145.22790034722217 556.26840000000016 -40.382500000000043 -0.1736481776669305 -22.021573263889191
decision_type=2 2 2 2 2 2
left_child=3 2 -2 4 -1 -3
right_child=1 5 -4 -5 -6 -7
leaf_value=7.1346089887983952 0.096090681162373778 1.6807865940900286 -13.308408797856035 -0.20471130202658375 1.3064668022541572 -0.30323541486413158
leaf_weight=195 144 1152 144 826 275 5328
leaf_count=195 144 1152 144 826 275 5328
internal_value=-0.000509455 -0.235453 -6.62902 1.22565 3.73454 0.0496845
internal_weight=8064 6768 288 1296 470 6480
internal_count=8064 6768 288 1296 470 6480
is_linear=0
shrinkage=0.05


Tree=85
num_leaves=5
num_cat=0
split_feature=2 3 3 1
split_gain=893481 899070 3.15666e+06 2.8786e+06
threshold=-733.13437857142833 77.693187500000263 44.011313541667057 520.83749999999998
decision_type=2 2 2 2
left_child=-1 2 -2 -3
right_child=1 3 -4 -5
leaf_value=-3.6196958898070331 -0.034893870457180148 0.17345705254926727 -5.559989421428555 4.8511275880098346
leaf_weight=166 4575 2676 273 374
leaf_count=166 4575 2676 273 374
internal_value=-0.000506298 0.0760104 -0.347105 0.748449
internal_weight=8064 7898 4848 3050
internal_count=8064 7898 4848 3050
is_linear=0
shrinkage=0.05


Tree=86
num_leaves=7
num_cat=0
split_feature=2 3 3 3 0 3
split_gain=912801 2.0693e+06 5.45322e+06 2.6888e+06 970634 2.32324e+06
threshold=-77.249999999999645 -22.021573263889191 -0.47297638888881005 -145.22790034722217 81.269100000000023 153.0074732638889
decision_type=2 2 2 2 2 2
left_child=1 3 -3 -1 -2 -6
right_child=4 2 -4 -5 5 -7
leaf_value=-2.3183782389603165 -0.21835702019986716 -9.8978979756002854 -0.69606194655482367 5.6756421953187157 0.49159924743865918 5.1860053942774735
leaf_weight=189 3696 183 1290 235 2172 299
leaf_count=189 3696 183 1290 235 2172 299
internal_value=-0.00050696 -0.959362 -1.8452 2.1152 0.294549 1.06151
internal_weight=8064 1897 1473 424 6167 2471
internal_count=8064 1897 1473 424 6167 2471
is_linear=0
shrinkage=0.05


Tree=87
num_leaves=7
num_cat=0
split_feature=3 0 5 3 0 5
split_gain=891895 6.09587e+06 3.46422e+06 3.45474e+06 2.24337e+06 1.46462e+06
threshold=205.35922326388894 6896.4103000000005 -0.97111091670450067 -73.502973958333527 8081.0486500000015 -0.23762932952031213
decision_type=2 2 2 2 2 2
left_child=2 5 3 -1 -4 -2
right_child=1 -3 4 -5 -6 -7
leaf_value=-2.1328589426824847 4.9804672616322838 -10.392631554527647 0.014601051939728155 6.4646219882917038 -5.2230932063118551 -0.78296876838968066
leaf_weight=165 149 156 6573 396 210 415
leaf_count=165 149 156 6573 396 210 415
internal_value=-0.000492632 -1.67862 0.164236 3.93666 -0.148303 0.745761
internal_weight=8064 720 7344 561 6783 564
internal_count=8064 720 7344 561 6783 564
is_linear=0
shrinkage=0.05


Tree=88
num_leaves=7
num_cat=0
split_feature=3 3 3 1 4 5
split_gain=864457 4.40266e+06 4.73174e+06 1.66747e+06 1.39759e+06 1.29759e+06
threshold=-169.79139930555536 -145.22790034722217 -154.4793906249997 -40.382500000000043 0.15208718494349097 -0.98812630719300909
decision_type=2 2 2 2 2 2
left_child=3 2 -2 4 -1 -3
right_child=1 5 -4 -5 -6 -7
leaf_value=1.221508912507431 0.15368482227983149 3.167135268232868 -12.640956949118911 -0.17158194505029609 6.7410962498068221 -0.11795978677578989
leaf_weight=272 144 315 144 826 198 6165
leaf_count=272 144 315 144 826 198 6165
internal_value=-0.000511834 -0.227091 -6.26524 1.182 3.55616 0.0421964
internal_weight=8064 6768 288 1296 470 6480
internal_count=8064 6768 288 1296 470 6480
is_linear=0
shrinkage=0.05


Tree=89
num_leaves=6
num_cat=0
split_feature=0 1 3 1 2
split_gain=886832 3.04115e+06 3.16397e+06 2.15244e+06 2.13193e+06
threshold=7969.8081500000017 -97.741350000000224 111.3129215277777 800.4937500000002 -403.67195714285748
decision_type=2 2 2 2 2
left_child=3 -2 -3 4 -1
right_child=1 2 -4 -5 -6
leaf_value=-5.3349995731976305 -7.7555265395343298 2.9882314876715341 -4.9160108921527872 6.0896760416030888 0.17569169139435256
leaf_weight=179 159 344 199 149 7034
leaf_count=179 159 344 199 149 7034
internal_value=-0.00049647 -1.69722 0.0877531 0.161502 0.0382161
internal_weight=8064 702 543 7362 7213
internal_count=8064 702 543 7362 7213
is_linear=0
shrinkage=0.05


Tree=90
num_leaves=6
num_cat=0
split_feature=0 3 3 5 1
split_gain=832461 5.00145e+06 5.20264e+06 2.86483e+06 983310
threshold=7341.876400000001 195.61473541666649 -44.199885416666795 -0.87651811848132988 520.83749999999998
decision_type=2 2 2 2 2
left_child=3 2 -2 -1 -5
right_child=1 -3 -4 4 -6
leaf_value=6.1742913017467584 -5.7461432042863825 -9.3254420687512649 2.1097796844148755 -0.076064375229252745 3.2239691990053552
leaf_weight=195 285 163 800 6388 233
leaf_count=195 285 163 800 6388 233
internal_value=-0.000525894 -1.18722 0.0428514 0.216898 0.0405366
internal_weight=8064 1248 1085 6816 6621
internal_count=8064 1248 1085 6816 6621
is_linear=0
shrinkage=0.05


Tree=91
num_leaves=7
num_cat=0
split_feature=2 3 3 3 5 3
split_gain=803436 1.95334e+06 5.09388e+06 2.3559e+06 813030 2.63489e+06
threshold=-77.249999999999645 -22.021573263889191 -0.47297638888881005 -145.22790034722217 0.065387565056496968 153.0074732638889
decision_type=2 2 2 2 2 2
left_child=1 3 -3 -1 5 -2
right_child=4 2 -4 -5 -6 -7
leaf_value=-2.0634207875791351 0.39879540620668197 -9.5436281081451035 -0.65016409557119392 5.4196689314761413 -0.16955403906473282 5.6200625957528567
leaf_weight=189 2047 183 1290 235 3847 273
leaf_count=189 2047 183 1290 235 3847 273
internal_value=-0.00052217 -0.900104 -1.76078 2.08704 0.276295 1.01535
internal_weight=8064 1897 1473 424 6167 2320
internal_count=8064 1897 1473 424 6167 2320
is_linear=0
shrinkage=0.05


Tree=92
num_leaves=7
num_cat=0
split_feature=3 3 0 1 5 6
split_gain=802056 3.87454e+06 4.55445e+06 1.49692e+06 1.26155e+06 1.25179e+06
threshold=-169.79139930555536 -145.22790034722217 556.26840000000016 -40.382500000000043 -0.94670478576706751 -0.1736481776669305
decision_type=2 2 2 2 2 2
left_child=3 2 -2 5 -3 -1
right_child=1 4 -4 -5 -6 -7
leaf_value=6.4419661432504656 0.41256420291703322 2.078114796425464 -12.138358462853679 -0.14398397726548481 -0.20414873410233328 1.2069611868996553
leaf_weight=195 144 675 144 826 5805 275
leaf_count=195 144 675 144 826 5805 275
internal_value=-0.000502196 -0.21875 -5.88318 1.13853 0.033871 3.388
internal_weight=8064 6768 288 1296 6480 470
internal_count=8064 6768 288 1296 6480 470
is_linear=0
shrinkage=0.05


Tree=93
num_leaves=7
num_cat=0
split_feature=0 3 1 5 3 0
split_gain=790956 4.60957e+06 4.79482e+06 2.53283e+06 2.98215e+06 845161
threshold=7341.876400000001 195.61473541666649 -314.5015499999999 -0.80625269229011354 -16.788433680555951 6110.1920500000006
decision_type=2 2 2 2 2 2
left_child=3 2 -2 4 -1 -5
right_child=1 -3 -4 5 -6 -7
leaf_value=0.14786340425323163 -5.2695468900646372 -8.9701171293491271 2.107024568514182 0.096884800199848103 8.7479816566990767 -2.6000640830226609
leaf_weight=223 306 163 779 6106 183 304
leaf_count=223 306 163 779 6106 183 304
internal_value=-0.000491629 -1.15722 0.0236909 0.211443 4.03624 -0.031406
internal_weight=8064 1248 1085 6816 406 6410
internal_count=8064 1248 1085 6816 406 6410
is_linear=0
shrinkage=0.05


Tree=94
num_leaves=7
num_cat=0
split_feature=3 3 1 3 0 1
split_gain=759998 7.68529e+06 1.86963e+06 1.2075e+06 930116 355246
threshold=-154.4793906249997 -145.22790034722217 -145.42555000000013 -22.021573263889191 6896.4103000000005 71.901000000000025
decision_type=2 2 2 2 2 2
left_child=2 -2 4 -3 -1 -4
right_child=1 3 5 -5 -6 -7
leaf_value=5.7483563428153364 -11.611269751581652 1.4950058585283221 0.23936557608317335 -0.28955255886926046 1.0654374885559084 -2.435590667642396
leaf_weight=251 144 1152 861 5328 184 144
leaf_count=251 144 1152 861 5328 184 144
internal_value=-0.000502633 -0.226856 1.04016 0.027884 3.77452 -0.145952
internal_weight=8064 6624 1440 6480 435 1005
internal_count=8064 6624 1440 6480 435 1005
is_linear=0
shrinkage=0.05


Tree=95
num_leaves=5
num_cat=0
split_feature=1 5 3 0
split_gain=743010 1.60681e+06 3.85803e+06 3.26799e+06
threshold=1125.8263500000005 -0.94670478576706751 101.04766874999997 7243.807600000001
decision_type=2 2 2 2
left_child=1 2 -1 -3
right_child=-2 3 -4 -5
leaf_value=4.3250175798318411 -3.4288859799504281 0.1217990834678276 -3.9277993470272694 -4.1495105053981147
leaf_weight=565 154 6678 188 479
leaf_count=565 154 6678 188 479
internal_value=-0.000513381 0.0666587 2.26208 -0.164609
internal_weight=8064 7910 753 7157
internal_count=8064 7910 753 7157
is_linear=0
shrinkage=0.05


Tree=96
num_leaves=7
num_cat=0
split_feature=3 3 5 3 0 0
split_gain=743018 3.89044e+06 6.08792e+06 2.79614e+06 1.08686e+07 2.27579e+06
threshold=77.693187500000263 44.011313541667057 1.0000000180025095e-35 101.04766874999997 5568.0939500000013 6728.2312500000016
decision_type=2 2 2 2 2 2
left_child=1 -1 -3 4 -2 -5
right_child=3 2 -4 5 -6 -7
leaf_value=-0.033631232109734732 -0.43053428494859314 -13.246309163323765 1.2597397626679521 0.58308858486255666 13.344770357209413 -3.138527817522101
leaf_weight=4608 524 144 144 1927 196 521
leaf_count=4608 524 144 144 1927 196 521
internal_value=-0.000531479 -0.386575 -6.01402 0.596015 3.33272 -0.209929
internal_weight=8064 4896 288 3168 720 2448
internal_count=8064 4896 288 3168 720 2448
is_linear=0
shrinkage=0.05


Tree=97
num_leaves=6
num_cat=0
split_feature=0 1 4 1 2
split_gain=724914 2.72119e+06 2.52103e+06 2.00417e+06 1.82195e+06
threshold=7969.8081500000017 -97.741350000000224 -0.065387565056497052 800.4937500000002 -403.67195714285748
decision_type=2 2 2 2 2
left_child=3 -2 -3 4 -1
right_child=1 2 -4 -5 -6
leaf_value=-4.9402658240000408 -7.2653049844503403 -4.3483686287595766 2.7223065104539526 5.8662937431335456 0.15407733262432496
leaf_weight=179 159 197 346 149 7034
leaf_count=179 159 197 346 149 7034
internal_value=-0.000515211 -1.53455 0.153793 0.14595 0.0269873
internal_weight=8064 702 543 7362 7213
internal_count=8064 702 543 7362 7213
is_linear=0
shrinkage=0.05


Tree=98
num_leaves=5
num_cat=0
split_feature=0 5 0 1
split_gain=672916 1.34795e+06 1.3363e+06 852712
threshold=8806.1475000000009 -0.98812630719300909 8081.0486500000015 -236.9812499999999
decision_type=2 2 2 2
left_child=1 3 -3 -1
right_child=-2 2 -4 -5
leaf_value=0.56258847236633303 -3.2419339883099698 0.070983660950097768 -3.2704741498598686 5.8943919327608345
leaf_weight=144 156 7297 311 156
leaf_count=144 156 7297 311 156
internal_value=-0.000537874 0.0638065 -0.0660204 3.3455
internal_weight=8064 7908 7608 300
internal_count=8064 7908 7608 300
is_linear=0
shrinkage=0.05


Tree=99
num_leaves=7
num_cat=0
split_feature=3 3 5 3 0 0
split_gain=663643 3.53047e+06 5.49754e+06 2.52924e+06 9.83625e+06 2.02644e+06
threshold=77.693187500000263 44.011313541667057 1.0000000180025095e-35 101.04766874999997 5568.0939500000013 6728.2312500000016
decision_type=2 2 2 2 2 2
left_child=1 -1 -3 4 -2 -5
right_child=3 2 -4 5 -6 -7
leaf_value=-0.029133420896021917 -0.41397289457455994 -12.598803935790885 1.1860117392704406 0.54507588315503941 12.690782632894324 -2.9667513081739689
leaf_weight=4608 524 144 144 1927 196 521
leaf_count=4608 524 144 144 1927 196 521
internal_value=-0.000510884 -0.365352 -5.72614 0.563272 3.16609 -0.203241
internal_weight=8064 4896 288 3168 720 2448
internal_count=8064 4896 288 3168 720 2448
is_linear=0
shrinkage=0.05


end of trees

feature_importances:
Column_2=182
Column_3=148
Column_0=106
Column_5=60
Column_1=35
Column_4=7
Column_6=5
Column_7=5

parameters:
[boosting: gbdt]
[objective: regression]
[metric: l2]
[tree_learner: serial]
[device_type: cpu]
[data_sample_strategy: bagging]
[data: ]
[valid: ]
[num_iterations: 100]
[learning_rate: 0.05]
[num_leaves: 7]
[num_threads: 1]
[seed: 20250911]
[deterministic: 1]
[force_col_wise: 1]
[force_row_wise: 0]
[histogram_pool_size: -1]
[max_depth: 3]
[min_data_in_leaf: 144]
[min_sum_hessian_in_leaf: 0.001]
[bagging_fraction: 1]
[pos_bagging_fraction: 1]
[neg_bagging_fraction: 1]
[bagging_freq: 0]
[bagging_seed: 20250911]
[bagging_by_query: 0]
[feature_fraction: 1]
[feature_fraction_bynode: 1]
[feature_fraction_seed: 20250911]
[extra_trees: 0]
[extra_seed: 26685]
[early_stopping_round: 0]
[early_stopping_min_delta: 0]
[first_metric_only: 0]
[max_delta_step: 0]
[lambda_l1: 0]
[lambda_l2: 1]
[linear_lambda: 0]
[min_gain_to_split: 0]
[drop_rate: 0.1]
[max_drop: 50]
[skip_drop: 0.5]
[xgboost_dart_mode: 0]
[uniform_drop: 0]
[drop_seed: 2504]
[top_rate: 0.2]
[other_rate: 0.1]
[min_data_per_group: 100]
[max_cat_threshold: 32]
[cat_l2: 10]
[cat_smooth: 10]
[max_cat_to_onehot: 4]
[top_k: 20]
[monotone_constraints: ]
[monotone_constraints_method: basic]
[monotone_penalty: 0]
[feature_contri: ]
[forcedsplits_filename: ]
[refit_decay_rate: 0.9]
[cegb_tradeoff: 1]
[cegb_penalty_split: 0]
[cegb_penalty_feature_lazy: ]
[cegb_penalty_feature_coupled: ]
[path_smooth: 0]
[interaction_constraints: ]
[verbosity: -1]
[saved_feature_importance_type: 0]
[use_quantized_grad: 0]
[num_grad_quant_bins: 4]
[quant_train_renew_leaf: 0]
[stochastic_rounding: 1]
[linear_tree: 0]
[max_bin: 63]
[max_bin_by_feature: ]
[min_data_in_bin: 3]
[bin_construct_sample_cnt: 200000]
[data_random_seed: 20250911]
[is_enable_sparse: 1]
[enable_bundle: 1]
[use_missing: 1]
[zero_as_missing: 0]
[feature_pre_filter: 0]
[pre_partition: 0]
[two_round: 0]
[header: 0]
[label_column: ]
[weight_column: ]
[group_column: ]
[ignore_column: ]
[categorical_feature: ]
[forcedbins_filename: ]
[precise_float_parser: 0]
[parser_config_file: ]
[objective_seed: 19683]
[num_class: 1]
[is_unbalance: 0]
[scale_pos_weight: 1]
[sigmoid: 1]
[boost_from_average: 1]
[reg_sqrt: 0]
[alpha: 0.9]
[fair_c: 1]
[poisson_max_delta_step: 0.7]
[tweedie_variance_power: 1.5]
[lambdarank_truncation_level: 30]
[lambdarank_norm: 1]
[label_gain: ]
[lambdarank_position_bias_regularization: 0]
[eval_at: ]
[multi_error_top_k: 1]
[auc_mu_weights: ]
[num_machines: 1]
[local_listen_port: 12400]
[time_out: 120]
[machine_list_filename: ]
[machines: ]
[gpu_platform_id: -1]
[gpu_device_id: -1]
[gpu_device_id_list: ]
[gpu_use_dp: 0]
[num_gpu: 1]

end of parameters

pandas_categorical:null
