tree
version=v4
num_class=1
num_tree_per_iteration=1
label_index=0
max_feature_idx=7
objective=regression
feature_names=Column_0 Column_1 Column_2 Column_3 Column_4 Column_5 Column_6 Column_7
feature_infos=[0:9936.4883000000009] [-2342.6018999999997:2306.8288999999995] [-1969.118657142857:1542.8108142857136] [-366.06392986111041:364.15612430555529] [-1:1] [-1:1] [-1:1] [-1:1]
tree_sizes=746 759 759 762 757 760 752 758 759 763 761 763 760 762 761 763 758 763 765 676 759 760 763 757 760 764 767 759 763 754 761 767 680 763 760 759 763 756 583 760 592 677 593 761 679 593 767 585 766 759 681 594 765 682 594 767 761 762 681 772 600 775 755 775 599 668 678 667 679 771 598 668 777 752 679 672 756 763 674 771 762 770 768 770 762 773 759 768 750 769 767 763 748 664 741 769 761 767 668 587

Tree=0
num_leaves=7
num_cat=0
split_feature=2 2 2 2 3 4
split_gain=2.42512e+08 1.25084e+08 2.61359e+07 2.54945e+07 1.10921e+07 1.07795e+07
threshold=171.9299071428575 -473.00504285714254 -85.31005714285719 356.11277142857085 165.09609201388869 0.34202014332566882
decision_type=2 2 2 2 2 2
left_child=1 4 -3 -2 -1 -5
right_child=3 2 -4 5 -6 -7
leaf_value=-22.472833089958002 23.501987566043482 0.5747254065593701 8.6295135623175536 45.40096816968299 -8.1734417447951433 29.812328360446934
leaf_weight=361 492 1245 5252 308 224 182
leaf_count=361 492 1245 5252 308 224 182
internal_value=8.31914 5.08934 7.08505 31.5915 -17.035 39.6665
internal_weight=8064 7082 6497 982 585 490
internal_count=8064 7082 6497 982 585 490
is_linear=0
shrinkage=1


Tree=1
num_leaves=7
num_cat=0
split_feature=2 2 2 2 2 4
split_gain=2.18939e+08 1.12927e+08 2.38856e+07 2.30221e+07 1.06697e+07 9.72851e+06
threshold=171.9299071428575 -473.00504285714254 -178.03109285714297 356.11277142857085 -845.96904285714334 0.34202014332566882
decision_type=2 2 2 2 2 2
left_child=1 4 -3 -2 -1 -5
right_child=3 2 -4 5 -6 -7
leaf_value=-34.765534561484522 14.425243951788298 -9.0887937664358045 -0.011605773706859321 35.23373571206065 -19.716838887768787 20.424400725130177
leaf_weight=168 492 830 5667 308 417 182
leaf_count=168 492 830 5667 308 417 182
internal_value=0.000118015 -3.0687 -1.17245 22.1124 -24.0905 29.7859
internal_weight=8064 7082 6497 982 585 490
internal_count=8064 7082 6497 982 585 490
is_linear=0
shrinkage=0.05


Tree=2
num_leaves=7
num_cat=0
split_feature=2 2 2 2 1 4
split_gain=1.98757e+08 9.93352e+07 2.79077e+07 2.01768e+07 1.0356e+07 8.7819e+06
threshold=130.78295714285699 -473.00504285714254 356.11277142857085 -178.03109285714297 595.09000000000003 0.40265084705289472
decision_type=2 2 2 2 2 2
left_child=1 4 -2 -3 -1 -4
right_child=2 3 5 -5 -6 -7
leaf_value=-16.016738535298241 12.503211045607676 -8.6349014497836141 33.009611429662414 -0.27622065708788418 -29.435005027793324 18.538619899602583
leaf_weight=287 656 830 329 5503 298 161
leaf_count=287 656 830 329 5503 298 161
internal_value=0.000152393 -3.19552 19.2773 -1.3729 -22.8906 28.3023
internal_weight=8064 6918 1146 6333 585 490
internal_count=8064 6918 1146 6333 585 490
is_linear=0
shrinkage=0.05


Tree=3
num_leaves=7
num_cat=0
split_feature=2 2 2 2 3 4
split_gain=1.79432e+08 8.96834e+07 2.52012e+07 1.84837e+07 1.05698e+07 8.00171e+06
threshold=130.78295714285699 -473.00504285714254 356.11277142857085 -85.31005714285719 165.09609201388869 0.34202014332566882
decision_type=2 2 2 2 2 2
left_child=1 4 -2 -3 -1 -4
right_child=2 3 5 -5 -6 -7
leaf_value=-27.049531071884196 11.879002603239847 -6.762396759075826 31.832611715976864 0.032300210815588461 -13.126823532448876 18.403864871999605
leaf_weight=361 656 1245 308 5088 224 182
leaf_count=361 656 1245 308 5088 224 182
internal_value=0.000204944 -3.03614 18.3162 -1.30432 -21.7499 26.8924
internal_weight=8064 6918 1146 6333 585 490
internal_count=8064 6918 1146 6333 585 490
is_linear=0
shrinkage=0.05


Tree=4
num_leaves=7
num_cat=0
split_feature=2 2 2 2 2 4
split_gain=1.62098e+08 8.38586e+07 1.66493e+07 1.55788e+07 1.1158e+07 7.22158e+06
threshold=171.9299071428575 -358.50782142857196 356.11277142857085 -721.67946428571429 -85.31005714285719 0.34202014332566882
decision_type=2 2 2 2 2 2
left_child=1 3 -2 -1 -3 -4
right_child=2 4 5 -5 -6 -7
leaf_value=-27.903222238452067 12.488806963133726 -5.5005386453843048 30.246131108069502 -12.987368335130132 0.2691890021355271 17.488700426276264
leaf_weight=252 492 996 308 582 5252 182
leaf_count=252 492 996 308 582 5252 182
internal_value=0.000288947 -2.64028 19.0269 -17.5223 -0.651302 25.5529
internal_weight=8064 7082 982 834 6248 490
internal_count=8064 7082 982 834 6248 490
is_linear=0
shrinkage=0.05


Tree=5
num_leaves=7
num_cat=0
split_feature=2 2 2 2 3 4
split_gain=1.47175e+08 7.37974e+07 2.02693e+07 1.78038e+07 9.10009e+06 6.57655e+06
threshold=130.78295714285699 -516.47937142857143 356.11277142857085 -178.03109285714297 165.09609201388869 0.40265084705289472
decision_type=2 2 2 2 2 2
left_child=1 4 -2 -3 -1 -4
right_child=2 3 5 -5 -6 -7
leaf_value=-26.744559974650542 10.814979026558465 -7.765787550015478 28.352919906775156 -0.23011616073754554 -12.922620216333399 15.833860780869001
leaf_weight=299 656 913 329 5503 203 161
leaf_count=299 656 913 329 5503 203 161
internal_value=0.000361879 -2.74954 16.5885 -1.30349 -21.192 24.2801
internal_weight=8064 6918 1146 6416 502 490
internal_count=8064 6918 1146 6416 502 490
is_linear=0
shrinkage=0.05


Tree=6
num_leaves=7
num_cat=0
split_feature=2 2 2 2 3 4
split_gain=1.33092e+08 6.631e+07 2.04852e+07 1.81779e+07 9.13752e+06 5.93727e+06
threshold=113.27588571428603 -579.55898571428486 356.11277142857085 -178.03109285714297 165.09609201388869 0.34202014332566882
decision_type=2 2 2 2 2 2
left_child=1 4 -2 -3 -1 -4
right_child=2 3 5 -5 -6 -7
leaf_value=-28.38191784689824 9.8652861158924328 -7.6675994309463142 27.325660808726809 -0.32146427854510834 -13.346691696156455 15.75984587728
leaf_weight=239 738 996 308 5421 180 182
leaf_count=239 738 996 308 5421 180 182
internal_value=0.000389336 -2.72268 15.149 -1.46269 -21.97 23.0706
internal_weight=8064 6836 1228 6417 419 490
internal_count=8064 6836 1228 6417 419 490
is_linear=0
shrinkage=0.05


Tree=7
num_leaves=7
num_cat=0
split_feature=2 2 2 2 4 2
split_gain=1.20595e+08 6.44154e+07 1.32539e+07 1.30422e+07 1.18868e+07 3.7392e+06
threshold=218.26887142857098 -358.50782142857196 52.572421428571666 -845.96904285714334 0.48087430661751701 580.24906428571433
decision_type=2 2 2 2 2 2
left_child=1 3 -3 -1 5 -2
right_child=4 2 -4 -5 -6 -7
leaf_value=-27.549906103427595 19.399467222726908 -1.2244747567517911 5.5787250431007216 -11.945141195491336 9.6659604483365058 28.390376698970798
leaf_weight=168 360 5592 820 666 275 183
leaf_count=168 360 5592 820 666 275 183
internal_value=0.000389919 -2.05488 -0.353712 -15.1178 18.1866 22.4762
internal_weight=8064 7246 6412 834 818 543
internal_count=8064 7246 6412 834 818 543
is_linear=0
shrinkage=0.05


Tree=8
num_leaves=7
num_cat=0
split_feature=2 2 0 2 4 2
split_gain=1.08879e+08 5.85991e+07 1.51334e+07 1.12404e+07 1.07325e+07 3.37874e+06
threshold=218.26887142857098 -302.84226428571486 8472.1179500000017 52.572421428571666 0.48087430661751701 580.24906428571433
decision_type=2 2 2 2 2 2
left_child=1 2 -1 -3 5 -2
right_child=4 3 -4 -5 -6 -7
leaf_value=-9.8275874436902768 18.432180486561688 -0.9772738403914405 -24.517795146557322 5.3001284736472929 9.1844136736315232 26.97857247511654
leaf_weight=773 360 5426 227 820 275 183
leaf_count=773 360 5426 227 820 275 183
internal_value=0.000508746 -1.95238 -13.1834 -0.152435 17.2808 21.3568
internal_weight=8064 7246 1000 6246 818 543
internal_count=8064 7246 1000 6246 818 543
is_linear=0
shrinkage=0.05


Tree=9
num_leaves=7
num_cat=0
split_feature=2 2 2 2 3 5
split_gain=9.85342e+07 5.09419e+07 1.56919e+07 1.38896e+07 8.46841e+06 4.9136e+06
threshold=113.27588571428603 -579.55898571428486 356.11277142857085 -118.56049285714276 165.09609201388869 -0.91509365977396839
decision_type=2 2 2 2 2 2
left_child=1 4 5 -3 -1 -2
right_child=2 3 -4 -5 -6 -7
leaf_value=-25.378563044293163 16.64146159446403 -5.9770168496618332 19.967888157109137 -0.096329275923015045 -10.930430976593692 6.3740359164247611
leaf_weight=239 145 1245 490 5172 180 593
leaf_count=239 145 1245 490 5172 180 593
internal_value=0.000635628 -2.34239 13.035 -1.23803 -19.2125 8.41114
internal_weight=8064 6836 1228 6417 419 738
internal_count=8064 6836 1228 6417 419 738
is_linear=0
shrinkage=0.05


Tree=10
num_leaves=7
num_cat=0
split_feature=2 2 2 4 3 2
split_gain=8.92329e+07 4.84863e+07 1.49951e+07 9.38414e+06 7.64525e+06 2.88202e+06
threshold=218.26887142857098 -579.55898571428486 -85.31005714285719 0.48087430661751701 165.09609201388869 580.24906428571433
decision_type=2 2 2 2 2 2
left_child=1 4 -3 5 -1 -2
right_child=3 2 -4 -5 -6 -7
leaf_value=-24.114922142823538 16.756274393803526 -5.3418521210498504 0.44350887945450357 8.0768509340243053 -10.386928991718188 24.644005979532782
leaf_weight=239 360 1411 5416 275 180 183
leaf_count=239 360 1411 5416 275 180 183
internal_value=0.000607558 -1.76733 -0.752813 15.6444 -18.2562 19.455
internal_weight=8064 7246 6827 818 419 543
internal_count=8064 7246 6827 818 419 543
is_linear=0
shrinkage=0.05


Tree=11
num_leaves=7
num_cat=0
split_feature=2 2 2 2 3 5
split_gain=8.15471e+07 4.14453e+07 1.27498e+07 1.15138e+07 6.9021e+06 4.24611e+06
threshold=113.27588571428603 -579.55898571428486 356.11277142857085 -178.03109285714297 165.09609201388869 -0.91509365977396839
decision_type=2 2 2 2 2 2
left_child=1 4 5 -3 -1 -2
right_child=2 3 -4 -5 -6 -7
leaf_value=-22.914200214395922 15.340552707567609 -6.0729989340964146 18.107748277512684 -0.22649517633290209 -9.8704516715107715 5.7968525061904383
leaf_weight=239 145 996 490 5421 180 593
leaf_count=239 145 996 490 5421 180 593
internal_value=0.000639665 -2.13088 11.8584 -1.13475 -17.3475 7.69019
internal_weight=8064 6836 1228 6417 419 738
internal_count=8064 6836 1228 6417 419 738
is_linear=0
shrinkage=0.05


Tree=12
num_leaves=7
num_cat=0
split_feature=2 2 2 0 7 3
split_gain=7.38375e+07 3.5931e+07 1.57876e+07 9.94675e+06 7.77809e+06 6.23119e+06
threshold=62.661057142857096 -579.55898571428486 356.11277142857085 8188.3904000000011 0.73657561215276279 165.09609201388869
decision_type=2 2 2 2 2 2
left_child=1 5 4 -3 -2 -1
right_child=2 3 -4 -5 -6 -7
leaf_value=-21.773263631562394 4.505678373567708 -0.95554914305918004 17.20420497668615 -11.383368062872847 16.237532645534902 -9.3796558410423234
leaf_weight=239 899 5852 490 237 167 180
leaf_count=239 899 5852 490 237 167 180
internal_value=0.000608674 -2.33913 9.78181 -1.36323 6.35709 -16.484
internal_weight=8064 6508 1556 6089 1066 419
internal_count=8064 6508 1556 6089 1066 419
is_linear=0
shrinkage=0.05


Tree=13
num_leaves=7
num_cat=0
split_feature=2 2 1 1 7 2
split_gain=6.68437e+07 3.46009e+07 1.07114e+07 9.45247e+06 5.71699e+06 4.94962e+06
threshold=130.78295714285699 -358.50782142857196 460.8109500000001 -666.72534999999959 0.73657561215276279 -85.31005714285719
decision_type=2 2 2 2 2 2
left_child=1 2 -1 -2 -5 -3
right_child=3 5 -4 4 -6 -7
leaf_value=-4.7307536519450055 18.212080133084715 -3.7641488312318581 -16.221615020364279 6.2331956797145978 17.127570958395264 0.088535543643728731
leaf_weight=351 337 996 483 662 147 5088
leaf_count=351 337 996 483 662 147 5088
internal_value=0.000543877 -1.85269 -11.397 11.1797 8.23147 -0.542695
internal_weight=8064 6918 834 1146 809 6084
internal_count=8064 6918 834 1146 809 6084
is_linear=0
shrinkage=0.05


Tree=14
num_leaves=7
num_cat=0
split_feature=2 2 2 0 3 3
split_gain=6.08814e+07 2.98597e+07 1.31837e+07 8.55501e+06 5.76071e+06 4.95893e+06
threshold=62.661057142857096 -579.55898571428486 308.77103571428626 8188.3904000000011 165.09609201388869 73.361305208333548
decision_type=2 2 2 2 2 2
left_child=1 4 5 -3 -1 -2
right_child=2 3 -4 -5 -6 -7
leaf_value=-20.101676983783644 3.5457675607984558 -0.85623205563289939 14.914223712583903 -10.527027428651058 -8.1955436987112904 12.309454431081667
leaf_weight=239 781 5852 572 237 180 203
leaf_count=239 781 5852 572 237 180 203
internal_value=0.000621759 -2.12394 8.88232 -1.23431 -15.0186 5.36438
internal_weight=8064 6508 1556 6089 419 984
internal_count=8064 6508 1556 6089 419 984
is_linear=0
shrinkage=0.05


Tree=15
num_leaves=7
num_cat=0
split_feature=2 2 0 4 2 0
split_gain=5.50573e+07 3.09016e+07 1.08085e+07 7.45548e+06 6.21476e+06 3.06021e+06
threshold=218.26887142857098 -302.84226428571486 8472.1179500000017 0.48087430661751701 52.572421428571666 7348.8750000000009
decision_type=2 2 2 2 2 2
left_child=1 2 -1 5 -3 -2
right_child=3 4 -4 -5 -6 -7
leaf_value=-6.7112022282599018 17.956997388141421 -0.69442446411001946 -19.118529163745414 5.5532602095949484 3.9732580931628085 9.3621096039471574
leaf_weight=773 398 5426 227 275 820 145
leaf_count=773 398 5426 227 275 820 145
internal_value=0.000535391 -1.38817 -9.54395 12.2887 -0.0810944 15.6833
internal_weight=8064 7246 1000 818 6246 543
internal_count=8064 7246 1000 818 6246 543
is_linear=0
shrinkage=0.05


Tree=16
num_leaves=7
num_cat=0
split_feature=2 2 3 2 4 0
split_gain=4.98326e+07 2.83758e+07 1.04776e+07 6.4572e+06 6.00018e+06 2.8284e+06
threshold=242.27963571428555 -302.84226428571486 250.1063152777779 52.572421428571666 0.48087430661751701 7247.4951500000016
decision_type=2 2 2 2 2 2
left_child=1 2 -1 -3 5 -2
right_child=4 3 -4 -5 -6 -7
leaf_value=-11.274664304613786 18.18245401731178 -0.65970959812249996 2.7766125903853887 3.9066497244353382 5.9096137790032373 9.9820573454317838
leaf_weight=843 334 5426 157 902 242 160
leaf_count=843 334 5426 157 902 242 160
internal_value=0.000572635 -1.24569 -9.06804 -0.00830136 12.3939 15.552
internal_weight=8064 7328 1000 6328 736 494
internal_count=8064 7328 1000 6328 736 494
is_linear=0
shrinkage=0.05


Tree=17
num_leaves=7
num_cat=0
split_feature=2 2 2 5 1 3
split_gain=4.49984e+07 2.51734e+07 7.86036e+06 7.29279e+06 5.19481e+06 4.87451e+06
threshold=171.9299071428575 -579.55898571428486 -85.31005714285719 -0.87651811848132988 595.09000000000003 -61.921314583333462
decision_type=2 2 2 2 2 2
left_child=1 4 -3 -2 -1 -5
right_child=3 2 -4 5 -6 -7
leaf_value=-6.6665495575484588 15.330810240254074 -3.9538955145739756 0.24828486486907014 11.606950073478787 -17.993919934601081 2.4687244189072803
leaf_weight=176 390 1411 5252 261 243 331
leaf_count=176 390 1411 5252 261 243 331
internal_value=0.000722681 -1.39053 -0.642056 10.0254 -13.2631 6.51035
internal_weight=8064 7082 6663 982 419 592
internal_count=8064 7082 6663 982 419 592
is_linear=0
shrinkage=0.05


Tree=18
num_leaves=7
num_cat=0
split_feature=2 0 3 7 1 0
split_gain=4.12067e+07 2.18588e+07 1.04122e+07 1.00948e+07 8.09429e+06 6.80586e+06
threshold=62.661057142857096 8188.3904000000011 82.983218402778235 0.60818202301879232 102.0527000000002 7348.8750000000009
decision_type=2 2 2 2 2 2
left_child=1 4 -3 -2 -1 -5
right_child=3 2 -4 5 -6 -7
leaf_value=-0.054179453285578244 4.7554088023041858 -18.630169197232636 -2.5471502727932402 19.826614960695483 -4.5888009794472682 7.405901356242798
leaf_weight=4844 1112 269 161 223 1234 221
leaf_count=4844 1112 269 161 223 1234 221
internal_value=0.000693014 -1.74719 -12.6283 7.30767 -0.975435 13.6748
internal_weight=8064 6508 430 1556 6078 444
internal_count=8064 6508 430 1556 6078 444
is_linear=0
shrinkage=0.05


Tree=19
num_leaves=6
num_cat=0
split_feature=2 2 0 4 0
split_gain=3.77453e+07 2.25172e+07 9.79052e+06 4.64444e+06 2.58049e+06
threshold=242.27963571428555 -721.67946428571429 8472.1179500000017 0.48087430661751701 7247.4951500000016
decision_type=2 2 2 2 2
left_child=1 -1 -3 4 -2
right_child=3 2 -4 -5 -6
leaf_value=-15.740772488183183 16.073258974214099 -0.23375995942968261 -11.168440337542675 5.0826418837156808 8.2619894708905903
leaf_weight=252 334 6866 210 242 160
leaf_count=252 334 6866 210 242 160
internal_value=0.000696596 -1.08394 -0.559809 10.7867 13.5651
internal_weight=8064 7328 7076 736 494
internal_count=8064 7328 7076 736 494
is_linear=0
shrinkage=0.05


Tree=20
num_leaves=7
num_cat=0
split_feature=2 2 0 7 0 1
split_gain=3.46531e+07 1.87781e+07 9.1846e+06 8.63626e+06 5.69017e+06 4.67537e+06
threshold=62.661057142857096 -721.67946428571429 8472.1179500000017 0.60818202301879232 7348.8750000000009 -581.04304999999965
decision_type=2 2 2 2 2 2
left_child=1 -1 -3 5 -5 -2
right_child=3 2 -4 4 -6 -7
leaf_value=-14.956844331624481 11.625082624076015 -0.72007010299502827 -11.79993580190629 18.215853898227216 6.8578843191937287 2.8949768794656441
leaf_weight=252 183 6064 192 223 221 929
leaf_count=252 183 6064 192 223 221 929
internal_value=0.00067587 -1.6022 -1.06195 6.70144 12.5906 4.34083
internal_weight=8064 6508 6256 1556 444 1112
internal_count=8064 6508 6256 1556 444 1112
is_linear=0
shrinkage=0.05


Tree=21
num_leaves=7
num_cat=0
split_feature=2 2 0 7 0 1
split_gain=3.12861e+07 1.71862e+07 7.96388e+06 7.79854e+06 5.1734e+06 4.22258e+06
threshold=62.661057142857096 -845.96904285714334 8188.3904000000011 0.60818202301879232 7561.0363500000012 -581.04304999999965
decision_type=2 2 2 2 2 2
left_child=1 -1 -3 5 -5 -2
right_child=3 2 -4 4 -6 -7
leaf_value=-17.258882093782258 11.04698756016467 -0.68602135855984647 -8.6412474375173272 16.166429169944049 5.0048180365703523 2.7503836697468196
leaf_weight=168 183 6009 331 276 168 929
leaf_count=168 183 6009 331 276 168 929
internal_value=0.000717181 -1.5223 -1.10265 6.36764 11.9639 4.12444
internal_weight=8064 6508 6340 1556 444 1112
internal_count=8064 6508 6340 1556 444 1112
is_linear=0
shrinkage=0.05


Tree=22
num_leaves=7
num_cat=0
split_feature=2 2 3 5 4 2
split_gain=2.83626e+07 1.78089e+07 1.31473e+07 5.38738e+06 3.76466e+06 2.1249e+06
threshold=242.27963571428555 -178.03109285714297 270.87893229166622 -0.83127174505093859 0.27976242230339698 580.24906428571433
decision_type=2 2 2 2 2 2
left_child=1 2 -1 -3 5 -2
right_child=4 3 -4 -5 -6 -7
leaf_value=-7.7272272504038284 9.777595024971065 5.7670780079376298 7.2567013229232238 -0.14740123982769651 5.2374983629770577 17.335264294373022
leaf_weight=1250 270 413 165 5500 319 147
leaf_count=1250 270 413 165 5500 319 147
internal_value=0.000733298 -0.939478 -5.97609 0.266607 9.35054 12.4769
internal_weight=8064 7328 1415 5913 736 417
internal_count=8064 7328 1415 5913 736 417
is_linear=0
shrinkage=0.05


Tree=23
num_leaves=7
num_cat=0
split_feature=2 2 1 5 3 2
split_gain=2.59543e+07 1.50181e+07 7.20202e+06 6.53111e+06 4.51427e+06 654261
threshold=62.661057142857096 -845.96904285714334 8.6685500000000122 -0.48087430661751701 73.361305208333548 113.27588571428603
decision_type=2 2 2 2 2 2
left_child=1 -1 -3 4 -2 -5
right_child=3 2 -4 5 -6 -7
leaf_value=-16.09676498329851 6.5820221786951496 0.069395819808822742 -3.6641954703828894 -0.83307691716202881 15.214550894721945 2.7336468954866682
leaf_weight=168 821 4535 1805 204 186 345
leaf_count=168 821 4535 1805 204 186 345
internal_value=0.000929131 -1.38625 -0.993969 5.8 8.19002 1.4092
internal_weight=8064 6508 6340 1556 1007 549
internal_count=8064 6508 6340 1556 1007 549
is_linear=0
shrinkage=0.05


Tree=24
num_leaves=7
num_cat=0
split_feature=2 2 1 3 4 2
split_gain=2.36049e+07 1.53681e+07 7.33829e+06 5.97744e+06 3.42757e+06 1.9116e+06
threshold=242.27963571428555 -473.00504285714254 460.8109500000001 82.983218402778235 0.27976242230339698 580.24906428571433
decision_type=2 2 2 2 2 2
left_child=1 2 -1 -3 5 -2
right_child=4 3 -4 -5 -6 -7
leaf_value=-0.93327119645900014 8.9554566508729518 -1.0740557282831233 -12.697110022219292 2.3012636486296731 4.6080357888992882 16.118316263765902
leaf_weight=203 270 4961 382 1782 319 147
leaf_count=203 270 4961 382 1782 319 147
internal_value=0.000907515 -0.856828 -8.62352 -0.181837 8.53054 11.513
internal_weight=8064 7328 585 6743 736 417
internal_count=8064 7328 585 6743 736 417
is_linear=0
shrinkage=0.05


Tree=25
num_leaves=7
num_cat=0
split_feature=2 0 3 5 1 3
split_gain=2.18952e+07 1.3118e+07 1.06155e+07 6.07181e+06 5.62484e+06 4.61152e+06
threshold=52.572421428571666 8188.3904000000011 82.983218402778235 -0.48087430661751701 102.0527000000002 73.361305208333548
decision_type=2 2 2 2 2 2
left_child=1 4 -3 5 -1 -2
right_child=3 2 -4 -5 -6 -7
leaf_value=0.063928313409803941 5.8722211324114673 -15.886368161752429 0.36664430285677496 1.1944589129216321 -3.7351344584032371 14.430899134693812
leaf_weight=4776 836 266 161 608 1223 194
leaf_count=4776 836 266 161 608 1223 194
internal_value=0.000969244 -1.31456 -9.77164 5.15955 -0.71107 7.49668
internal_weight=8064 6426 427 1638 5999 1030
internal_count=8064 6426 427 1638 5999 1030
is_linear=0
shrinkage=0.05


Tree=26
num_leaves=7
num_cat=0
split_feature=2 2 1 7 0 3
split_gain=1.97656e+07 1.22919e+07 5.85345e+06 5.55561e+06 4.75238e+06 3.72831e+06
threshold=52.572421428571666 -845.96904285714334 8.6685500000000122 0.60818202301879232 7348.8750000000009 -61.921314583333462
decision_type=2 2 2 2 2 2
left_child=1 -1 -3 5 -5 -2
right_child=3 2 -4 4 -6 -7
leaf_value=-14.555221744401919 6.5954739838137586 0.074787217772499873 -3.3140639449192073 14.775307628141512 4.4928325833981502 0.85503361970186242
leaf_weight=168 464 4478 1780 224 227 723
leaf_count=168 464 4478 1780 224 227 723
internal_value=0.000935075 -1.24898 -0.889499 4.90223 9.62126 3.10264
internal_weight=8064 6426 6258 1638 451 1187
internal_count=8064 6426 6258 1638 451 1187
is_linear=0
shrinkage=0.05


Tree=27
num_leaves=7
num_cat=0
split_feature=2 2 1 3 4 2
split_gain=1.80638e+07 1.20917e+07 6.46224e+06 5.41844e+06 2.95617e+06 1.6182e+06
threshold=242.27963571428555 -473.00504285714254 460.8109500000001 82.983218402778235 0.27976242230339698 580.24906428571433
decision_type=2 2 2 2 2 2
left_child=1 2 -1 -3 5 -2
right_child=4 3 -4 -5 -6 -7
leaf_value=-0.42432667151385667 7.8815341873582447 -1.0001453306048649 -11.461244615165434 2.2134734114261154 3.8221345270238816 14.46587192238988
leaf_weight=203 270 4961 382 1782 319 147
leaf_count=203 270 4961 382 1782 319 147
internal_value=0.000943644 -0.749395 -7.6386 -0.150667 7.46259 10.2317
internal_weight=8064 7328 585 6743 736 417
internal_count=8064 7328 585 6743 736 417
is_linear=0
shrinkage=0.05


Tree=28
num_leaves=7
num_cat=0
split_feature=2 0 3 3 5 3
split_gain=1.6658e+07 1.06988e+07 1.0043e+07 4.97428e+06 4.86197e+06 4.25797e+06
threshold=52.572421428571666 8188.3904000000011 82.983218402778235 -32.374748958333377 -0.48087430661751701 73.361305208333548
decision_type=2 2 2 2 2 2
left_child=1 3 -3 -1 5 -2
right_child=4 2 -4 -5 -6 -7
leaf_value=1.1829621594748363 5.0321312332203174 -14.73168698696608 1.0728219011867488 -1.7627737203880665 0.95261724362721789 13.252945779286899
leaf_weight=2365 836 266 161 3634 608 194
leaf_count=2365 836 266 161 3634 608 194
internal_value=0.000992547 -1.14647 -8.78403 -0.601466 4.50053 6.59187
internal_weight=8064 6426 427 5999 1638 1030
internal_count=8064 6426 427 5999 1638 1030
is_linear=0
shrinkage=0.05


Tree=29
num_leaves=7
num_cat=0
split_feature=2 2 3 4 2 0
split_gain=1.50787e+07 1.08679e+07 6.98334e+06 2.68998e+06 1.45306e+06 443120
threshold=242.27963571428555 -845.96904285714334 82.983218402778235 0.27976242230339698 580.24906428571433 5296.9125000000013
decision_type=2 2 2 2 2 2
left_child=1 -1 -3 4 -2 -5
right_child=3 2 -4 5 -6 -7
leaf_value=-13.216974147219631 7.2342307492815712 -1.3456690802232889 2.1584929993978927 5.3426176430394996 13.469786114064423 1.5988909029683402
leaf_weight=168 270 5205 1955 148 147 171
leaf_count=168 270 5205 1955 148 147 171
internal_value=0.00097391 -0.684569 -0.388708 6.81827 9.45934 3.34706
internal_weight=8064 7328 7160 736 417 319
internal_count=8064 7328 7160 736 417 319
is_linear=0
shrinkage=0.05


Tree=30
num_leaves=7
num_cat=0
split_feature=2 1 3 3 7 0
split_gain=1.41028e+07 9.61653e+06 1.15437e+07 4.14849e+06 4.13718e+06 3.96789e+06
threshold=52.572421428571666 460.8109500000001 56.275701388888827 -32.374748958333377 0.60818202301879232 7561.0363500000012
decision_type=2 2 2 2 2 2
left_child=1 3 -3 -1 -2 -6
right_child=4 2 -4 -5 5 -7
leaf_value=1.2451994047733221 2.5882560564876105 -14.134136849702831 -1.3269721970029549 -1.4945741921364379 11.920511437920359 2.2772071446010047
leaf_weight=2357 1187 292 441 3336 277 174
leaf_count=2357 1187 292 441 3336 277 174
internal_value=0.00101971 -1.05477 -6.44118 -0.360241 4.1411 8.2133
internal_weight=8064 6426 733 5693 1638 451
internal_count=8064 6426 733 5693 1638 451
is_linear=0
shrinkage=0.05


Tree=31
num_leaves=7
num_cat=0
split_feature=2 5 3 3 3 3
split_gain=1.29831e+07 1.18806e+07 1.1377e+07 1.33784e+07 8.3143e+06 3.31887e+06
threshold=-178.03109285714297 -0.83127174505093859 270.87893229166622 -32.374748958333377 73.361305208333548 -66.313692708333733
decision_type=2 2 2 2 2 2
left_child=2 4 3 -1 -2 -3
right_child=1 5 -4 -5 -6 -7
leaf_value=0.65430141098891637 4.1541934900834008 1.9947138727420233 7.9600111840741654 -10.007396316292738 17.122902056857264 -0.62239653516573412
leaf_weight=473 649 1712 165 777 152 4136
leaf_count=473 649 1712 165 777 152 4136
internal_value=0.000975396 0.926635 -4.34622 -5.97571 6.63345 0.143972
internal_weight=8064 6649 1415 1250 801 5848
internal_count=8064 6649 1415 1250 801 5848
is_linear=0
shrinkage=0.05


Tree=32
num_leaves=6
num_cat=0
split_feature=2 2 3 3 3
split_gain=1.1927e+07 8.55944e+06 4.9834e+06 3.80576e+06 4.41804e+06
threshold=52.572421428571666 -845.96904285714334 82.983218402778235 -178.66257083333355 73.361305208333548
decision_type=2 2 2 2 2
left_child=1 -1 -3 -2 -5
right_child=3 2 -4 4 -6
leaf_value=-12.073572702661775 9.6708775001236162 -1.5566143640818593 1.5744765893028272 1.3445341164993287 8.1731020841377457
leaf_weight=168 236 4486 1772 1101 301
leaf_count=168 236 4486 1772 1101 301
internal_value=0.00105839 -0.969879 -0.669912 3.80839 2.81536
internal_weight=8064 6426 6258 1638 1402
internal_count=8064 6426 6258 1638 1402
is_linear=0
shrinkage=0.05


Tree=33
num_leaves=7
num_cat=0
split_feature=2 5 3 3 0 2
split_gain=1.12139e+07 1.03497e+07 1.01076e+07 1.21013e+07 5.9418e+06 3.42937e+06
threshold=-178.03109285714297 -0.85470842479866194 270.87893229166622 -32.374748958333377 7348.8750000000009 411.53303571428597
decision_type=2 2 2 2 2 2
left_child=2 4 3 -1 -2 -3
right_child=1 5 -4 -5 -6 -7
leaf_value=0.73038467918267236 11.168709745198489 -0.033176048678274984 7.5601540818989994 -9.4094574751538307 2.1768825584941172 7.5034897152839166
leaf_weight=473 349 5758 165 777 388 154
leaf_count=473 349 5758 165 777 388 154
internal_value=0.00104969 0.861329 -4.0391 -5.57502 6.44425 0.16438
internal_weight=8064 6649 1415 1250 737 5912
internal_count=8064 6649 1415 1250 737 5912
is_linear=0
shrinkage=0.05


Tree=34
num_leaves=7
num_cat=0
split_feature=2 3 3 5 0 5
split_gain=1.01214e+07 9.80638e+06 1.99275e+07 9.3432e+06 5.36413e+06 3.23874e+06
threshold=-178.03109285714297 165.09609201388869 -32.374748958333377 -0.85470842479866194 7348.8750000000009 -0.72219205899833572
decision_type=2 2 2 2 2 2
left_child=1 2 -1 4 -2 -3
right_child=3 5 -4 -5 -6 -7
leaf_value=0.69394245358962048 10.611869678122657 6.0960285031651882 -13.635125714731982 0.1562243542324061 2.0683182733530865 -2.4747708397682269
leaf_weight=473 349 248 497 5912 388 197
leaf_count=473 349 248 497 5912 388 197
internal_value=0.00111933 -3.83719 -6.65434 0.818419 6.12294 2.30472
internal_weight=8064 1415 970 6649 737 445
internal_count=8064 1415 970 6649 737 445
is_linear=0
shrinkage=0.05


Tree=35
num_leaves=7
num_cat=0
split_feature=0 1 3 5 2 0
split_gain=9.676e+06 9.64413e+06 7.91362e+06 4.47632e+06 4.22065e+06 1.3349e+06
threshold=8188.3904000000011 -666.72534999999959 82.983218402778235 -0.97111091670450067 -274.08322857142872 6999.2437500000005
decision_type=2 2 2 2 2 2
left_child=1 5 4 -3 -2 -1
right_child=2 3 -4 -5 -6 -7
leaf_value=10.463925663262856 -16.566557072784942 7.6398813583115315 2.1605414765012774 -0.17818643460058201 -5.0340789386204321 4.3696009927147985
leaf_weight=237 176 187 162 7008 146 148
leaf_count=237 176 187 162 7008 146 148
internal_value=0.00108517 0.439107 -6.84561 0.0260407 -11.3693 8.13856
internal_weight=8064 7580 484 7195 322 385
internal_count=8064 7580 484 7195 322 385
is_linear=0
shrinkage=0.05


Tree=36
num_leaves=7
num_cat=0
split_feature=2 3 3 5 3 2
split_gain=8.81242e+06 1.0394e+07 1.15644e+07 8.12357e+06 4.80694e+06 2.75737e+06
threshold=-85.31005714285719 270.87893229166622 -32.374748958333377 -0.87651811848132988 26.494419097222593 411.53303571428597
decision_type=2 2 2 2 2 2
left_child=1 2 -1 4 -2 -5
right_child=3 -3 -4 5 -6 -7
leaf_value=0.97675218099751815 3.3896315516110813 7.9941048452581889 -7.649832217294982 0.10915384250027915 13.014987172273102 6.5754030618948098
leaf_weight=631 417 190 1009 5460 188 169
leaf_count=631 417 190 1009 5460 188 169
internal_value=0.00104862 -3.04869 -4.33213 0.896649 6.39719 0.304424
internal_weight=8064 1830 1640 6234 605 5629
internal_count=8064 1830 1640 6234 605 5629
is_linear=0
shrinkage=0.05


Tree=37
num_leaves=7
num_cat=0
split_feature=0 1 3 5 2 3
split_gain=8.41769e+06 8.39335e+06 7.32193e+06 3.75963e+06 3.63135e+06 920490
threshold=8188.3904000000011 -772.60744999999986 82.983218402778235 -0.97111091670450067 -274.08322857142872 -118.5095031249998
decision_type=2 2 2 2 2 2
left_child=1 5 4 -3 -2 -1
right_child=2 3 -4 -5 -6 -7
leaf_value=5.7916587095082921 -15.557529856794972 6.8977162444317832 2.2770382370685507 -0.12242771648649493 -4.8580567392362219 11.329184457279693
leaf_weight=160 176 195 162 7077 146 148
leaf_count=160 176 195 162 7077 146 148
internal_value=0.00114751 0.409697 -6.38487 0.0667412 -10.7363 8.4806
internal_weight=8064 7580 484 7272 322 308
internal_count=8064 7580 484 7272 322 308
is_linear=0
shrinkage=0.05


Tree=38
num_leaves=5
num_cat=0
split_feature=2 1 3 3
split_gain=8.0371e+06 6.94835e+06 6.19004e+06 5.53381e+06
threshold=-845.96904285714334 -380.75295 73.361305208333548 -178.66257083333355
decision_type=2 2 2 2
left_child=-1 3 -3 -2
right_child=1 2 -4 -5
leaf_value=-10.787799130106819 12.282758640260488 -1.2399506052129032 1.9866843514200572 2.3910033839436533
leaf_weight=168 181 4956 2122 637
leaf_count=168 181 4956 2122 637
internal_value=0.00112584 0.232014 -0.272454 4.59209
internal_weight=8064 7896 7078 818
internal_count=8064 7896 7078 818
is_linear=0
shrinkage=0.05


Tree=39
num_leaves=7
num_cat=0
split_feature=2 3 3 5 3 5
split_gain=7.42526e+06 7.97687e+06 1.68705e+07 6.64126e+06 6.76148e+06 2.99478e+06
threshold=-178.03109285714297 165.09609201388869 -32.374748958333377 -0.83127174505093859 73.361305208333548 -0.72219205899833572
decision_type=2 2 2 2 2 2
left_child=1 2 -1 4 -2 -3
right_child=3 5 -4 -5 -6 -7
leaf_value=0.93327013520751823 2.7341237745136024 5.898351204730421 -12.250432367389461 0.11595863632731691 14.425424007340974 -2.3434305178396633
leaf_weight=473 649 248 497 5848 152 197
leaf_count=473 649 248 497 5848 152 197
internal_value=0.00109824 -3.28648 -5.82734 0.70113 4.96792 2.25267
internal_weight=8064 1415 970 6649 801 445
internal_count=8064 1415 970 6649 801 445
is_linear=0
shrinkage=0.05


Tree=40
num_leaves=5
num_cat=0
split_feature=2 2 3 4
split_gain=7.25762e+06 6.07689e+06 5.10697e+06 2.01012e+06
threshold=-845.96904285714334 242.27963571428555 82.983218402778235 0.27976242230339698
decision_type=2 2 2 2
left_child=-1 2 -2 -3
right_child=1 3 -4 -5
leaf_value=-10.251302576488293 -1.0428298173183013 6.8253840863134307 1.9538016969837049 1.5490181889571251
leaf_weight=168 5205 417 1955 319
leaf_count=168 5205 417 1955 319
internal_value=0.00110233 0.220509 -0.224457 4.54369
internal_weight=8064 7896 7160 736
internal_count=8064 7896 7160 736
is_linear=0
shrinkage=0.05


Tree=41
num_leaves=6
num_cat=0
split_feature=0 5 3 1 2
split_gain=6.95483e+06 6.5372e+06 6.5274e+06 4.60804e+06 2.86959e+06
threshold=8188.3904000000011 -0.98812630719300909 82.983218402778235 -772.60744999999986 -274.08322857142872
decision_type=2 2 2 2 2
left_child=1 -1 4 -3 -2
right_child=2 3 -4 -5 -6
leaf_value=9.7078311525407397 -14.199111874729901 7.0158290293257117 2.3737023735338929 -0.085024698547772781 -4.6831636454783334
leaf_weight=182 176 235 162 7163 146
leaf_count=182 176 235 162 7163 146
internal_value=0.00104122 0.372398 -5.80362 0.141454 -9.91228
internal_weight=8064 7580 484 7398 322
internal_count=8064 7580 484 7398 322
is_linear=0
shrinkage=0.05


Tree=42
num_leaves=5
num_cat=0
split_feature=2 3 0 3
split_gain=6.52729e+06 5.81936e+06 6.4473e+06 5.54214e+06
threshold=-721.67946428571429 -229.57853020833338 2942.2218500000004 73.361305208333548
decision_type=2 2 2 2
left_child=-1 2 -2 -3
right_child=1 3 -4 -5
leaf_value=-7.9031767701914193 1.0285847957463081 -0.95151096691816872 13.553483846854597 2.0642884301232316
leaf_weight=252 265 5232 167 2148
leaf_count=252 265 5232 167 2148
internal_value=0.000989965 0.256942 5.89051 -0.073581
internal_weight=8064 7812 432 7380
internal_count=8064 7812 432 7380
is_linear=0
shrinkage=0.05


Tree=43
num_leaves=7
num_cat=0
split_feature=2 3 3 5 3 2
split_gain=6.1416e+06 8.34251e+06 9.90349e+06 5.32882e+06 4.92562e+06 4.06677e+06
threshold=-85.31005714285719 270.87893229166622 -32.374748958333377 -0.91509365977396839 26.494419097222593 489.43736428571407
decision_type=2 2 2 2 2 2
left_child=1 2 -1 4 -2 -5
right_child=3 -3 -4 5 -6 -7
leaf_value=1.2175529798607732 2.2993016413026961 7.3478593587875372 -6.7651700570925817 0.091607783328850625 12.927096615377815 8.2513513893078851
leaf_weight=631 344 190 1009 5575 159 156
leaf_count=631 344 190 1009 5575 159 156
internal_value=0.000988786 -2.545 -3.6949 0.748655 5.67777 0.31512
internal_weight=8064 1830 1640 6234 503 5731
internal_count=8064 1830 1640 6234 503 5731
is_linear=0
shrinkage=0.05


Tree=44
num_leaves=6
num_cat=0
split_feature=0 3 5 3 2
split_gain=5.79278e+06 6.06475e+06 5.65664e+06 4.10568e+06 2.41736e+06
threshold=8188.3904000000011 82.983218402778235 -0.98812630719300909 -32.374748958333377 -274.08322857142872
decision_type=2 2 2 2 2
left_child=2 4 -1 -4 -2
right_child=1 -3 3 -5 -6
leaf_value=9.0239757813879713 -13.19206641542036 2.5842671903364498 1.5230815531608946 -0.86706533593417445 -4.4559920778079904
leaf_weight=182 176 162 3071 4327 146
leaf_count=182 176 162 3071 4327 146
internal_value=0.00109663 -5.29648 0.340013 0.125186 -9.25705
internal_weight=8064 484 7580 7398 322
internal_count=8064 484 7580 7398 322
is_linear=0
shrinkage=0.05


Tree=45
num_leaves=5
num_cat=0
split_feature=2 3 0 3
split_gain=5.63973e+06 5.07469e+06 5.68039e+06 4.99205e+06
threshold=-845.96904285714334 -229.57853020833338 2942.2218500000004 82.983218402778235
decision_type=2 2 2 2
left_child=-1 2 -2 -3
right_child=1 3 -4 -5
leaf_value=-9.0366849250342014 0.89353164304608024 -0.90439365703723174 12.649609659115475 1.9956170117000245
leaf_weight=168 265 5422 167 2042
leaf_count=168 265 5422 167 2042
internal_value=0.00100841 0.19442 5.45684 -0.110848
internal_weight=8064 7896 432 7464
internal_count=8064 7896 432 7464
is_linear=0
shrinkage=0.05


Tree=46
num_leaves=7
num_cat=0
split_feature=2 1 3 3 3 3
split_gain=5.2904e+06 5.27736e+06 7.27388e+06 3.29227e+06 2.43362e+06 3.07116e+06
threshold=43.839835714285691 460.8109500000001 56.275701388888827 -32.374748958333377 73.361305208333548 -178.66257083333355
decision_type=2 2 2 2 2 2
left_child=1 3 -3 -1 5 -2
right_child=4 2 -4 -5 -6 -7
leaf_value=1.2976623244939429 6.6664663130854382 -10.777951459729508 -0.58857901373322308 -1.160977447104359 6.3796017053427168 0.48272515146306277
leaf_weight=2318 242 291 438 3297 321 1157
leaf_count=2318 242 291 438 3297 321 1157
internal_value=0.000992695 -0.665906 -4.66513 -0.145945 2.45972 1.55639
internal_weight=8064 6344 729 5615 1720 1399
internal_count=8064 6344 729 5615 1720 1399
is_linear=0
shrinkage=0.05


Tree=47
num_leaves=5
num_cat=0
split_feature=2 1 3 3
split_gain=4.95442e+06 4.34754e+06 4.06008e+06 3.56017e+06
threshold=-845.96904285714334 -380.75295 82.983218402778235 -178.66257083333355
decision_type=2 2 2 2
left_child=-1 3 -3 -2
right_child=1 2 -4 -5
leaf_value=-8.4698554696416011 9.7996374616911126 -0.9643924179650013 1.7008437503538163 1.8657233754622524
leaf_weight=168 181 5093 1985 637
leaf_count=168 181 5093 1985 637
internal_value=0.000957305 0.182237 -0.216802 3.63109
internal_weight=8064 7896 7078 818
internal_count=8064 7896 7078 818
is_linear=0
shrinkage=0.05


Tree=48
num_leaves=7
num_cat=0
split_feature=2 3 3 7 5 2
split_gain=4.74012e+06 7.27942e+06 1.45007e+07 4.08858e+06 4.04306e+06 3.94656e+06
threshold=-41.228957142857261 165.09609201388869 -32.374748958333377 -0.34202014332566916 -0.94670478576706751 489.43736428571407
decision_type=2 2 2 2 2 2
left_child=1 2 -1 -3 -2 -6
right_child=4 3 -4 -5 5 -7
leaf_value=1.2800973404975204 5.7490737791048652 -2.3033687534452487 -8.5470020508494908 6.2495319771204025 0.13306952446874087 7.5019251134325859
leaf_weight=714 373 237 790 338 5425 187
leaf_count=714 373 237 790 338 5425 187
internal_value=0.000933826 -2.0553 -3.88399 2.72637 0.715428 0.379903
internal_weight=8064 2079 1504 575 5985 5612
internal_count=8064 2079 1504 575 5985 5612
is_linear=0
shrinkage=0.05


Tree=49
num_leaves=7
num_cat=0
split_feature=2 1 3 3 0 3
split_gain=4.606e+06 5.32358e+06 3.54997e+06 3.37327e+06 4.0349e+06 3.06336e+06
threshold=-516.47937142857143 460.8109500000001 165.09609201388869 -229.57853020833338 3119.5869500000003 82.983218402778235
decision_type=2 2 2 2 2 2
left_child=1 -1 -3 4 -2 -5
right_child=3 2 -4 5 -6 -7
leaf_value=2.9876382761363747 0.90232445468832734 -13.136168933736867 -2.9843622430900618 -0.57521970340175188 10.932384366809197 1.7679100341111675
leaf_weight=157 272 173 172 5231 158 1901
leaf_count=157 272 173 172 5231 158 1901
internal_value=0.000949519 -4.63209 -8.09823 0.309084 4.6046 0.0494905
internal_weight=8064 502 345 7562 430 7132
internal_count=8064 502 345 7562 430 7132
is_linear=0
shrinkage=0.05


Tree=50
num_leaves=6
num_cat=0
split_feature=0 3 5 3 2
split_gain=4.35744e+06 5.25045e+06 4.73494e+06 3.34017e+06 1.79583e+06
threshold=8188.3904000000011 82.983218402778235 -0.98812630719300909 -32.374748958333377 -274.08322857142872
decision_type=2 2 2 2 2
left_child=2 4 -1 -4 -2
right_child=1 -3 3 -5 -6
leaf_value=8.2398800644881103 -11.671581573346579 2.7373301492592583 1.3591611319148797 -0.79667748911407399 -4.137863940608745
leaf_weight=182 176 162 3071 4327 146
leaf_count=182 176 162 3071 4327 146
internal_value=0.000901395 -4.59371 0.294845 0.0983002 -8.27906
internal_weight=8064 484 7580 7398 322
internal_count=8064 484 7580 7398 322
is_linear=0
shrinkage=0.05


Tree=51
num_leaves=5
num_cat=0
split_feature=2 3 0 3
split_gain=4.2486e+06 3.5274e+06 4.14438e+06 3.88594e+06
threshold=-845.96904285714334 -229.57853020833338 3119.5869500000003 73.361305208333548
decision_type=2 2 2 2
left_child=-1 2 -2 -3
right_child=1 3 -4 -5
leaf_value=-7.8434199979319379 0.78966437584751259 -0.82001161005219503 10.914402460607683 1.6864539270333958
leaf_weight=168 272 5278 160 2186
leaf_count=168 272 5278 160 2186
internal_value=0.000829838 0.168701 4.55611 -0.0858093
internal_weight=8064 7896 432 7464
internal_count=8064 7896 432 7464
is_linear=0
shrinkage=0.05


Tree=52
num_leaves=7
num_cat=0
split_feature=2 3 3 5 3 2
split_gain=3.91808e+06 6.61104e+06 7.6543e+06 3.69693e+06 4.53597e+06 2.78392e+06
threshold=-85.31005714285719 270.87893229166622 -32.374748958333377 -0.91509365977396839 26.494419097222593 489.43736428571407
decision_type=2 2 2 2 2 2
left_child=1 2 -1 4 -2 -5
right_child=3 -3 -4 5 -6 -7
leaf_value=1.2620321005111255 1.4640352817203688 6.7734876434216318 -5.7556894367866889 0.051973804951761682 11.659415405988694 6.8031579416268961
leaf_weight=631 344 190 1009 5575 159 156
leaf_count=631 344 190 1009 5575 159 156
internal_value=0.000817665 -2.03272 -3.05645 0.597995 4.70357 0.236898
internal_weight=8064 1830 1640 6234 503 5731
internal_count=8064 1830 1640 6234 503 5731
is_linear=0
shrinkage=0.05


Tree=53
num_leaves=6
num_cat=0
split_feature=0 5 3 3 3
split_gain=3.69342e+06 4.90034e+06 3.38317e+06 4.88287e+06 2.90857e+06
threshold=8042.2315500000013 -0.97111091670450067 82.983218402778235 -14.809275694444066 -32.374748958333377
decision_type=2 2 2 2 2
left_child=1 -1 3 -2 -3
right_child=2 4 -4 -5 -6
leaf_value=6.9212031925477948 -1.7566216435064288 1.2417003582255621 1.6236571876521417 -13.245701390877366 -0.79408806517579655
leaf_weight=268 220 2992 186 159 4239
leaf_count=268 220 2992 186 159 4239
internal_value=0.000914783 0.294837 -3.89382 -6.59875 0.0483235
internal_weight=8064 7499 565 379 7231
internal_count=8064 7499 565 379 7231
is_linear=0
shrinkage=0.05


Tree=54
num_leaves=5
num_cat=0
split_feature=2 3 0 3
split_gain=3.65628e+06 3.0083e+06 3.64165e+06 3.58566e+06
threshold=-845.96904285714334 -229.57853020833338 2942.2218500000004 73.361305208333548
decision_type=2 2 2 2
left_child=-1 2 -2 -3
right_child=1 3 -4 -5
leaf_value=-7.2760962805275389 0.55518656882800554 -0.78374197961505687 9.9673505553887001 1.6239359425773454
leaf_weight=168 265 5278 167 2186
leaf_count=168 265 5278 167 2186
internal_value=0.000831773 0.156562 4.2083 -0.0784764
internal_weight=8064 7896 432 7464
internal_count=8064 7896 432 7464
is_linear=0
shrinkage=0.05


Tree=55
num_leaves=7
num_cat=0
split_feature=2 3 3 2 5 2
split_gain=3.40427e+06 6.40121e+06 1.65644e+07 6.38769e+06 2.94542e+06 2.98052e+06
threshold=-41.228957142857261 73.361305208333548 -14.809275694444066 -721.67946428571429 -0.94670478576706751 489.43736428571407
decision_type=2 2 2 2 2 2
left_child=1 2 -1 -3 -2 -6
right_child=4 3 -4 -5 5 -7
leaf_value=0.61450796359904591 4.9026834688084655 -7.1670739160221864 -10.947762883982861 4.1208003587757274 0.10543427434308786 6.5092176460522282
leaf_weight=796 373 156 506 621 5425 187
leaf_count=796 373 156 506 621 5425 187
internal_value=0.000815523 -1.74175 -3.88392 1.84821 0.606319 0.319939
internal_weight=8064 2079 1302 777 5985 5612
internal_count=8064 2079 1302 777 5985 5612
is_linear=0
shrinkage=0.05


Tree=56
num_leaves=7
num_cat=0
split_feature=1 2 6 3 3 3
split_gain=3.19887e+06 4.98565e+06 6.17017e+06 3.67969e+06 7.15161e+06 4.59843e+06
threshold=-86.551499999999962 -358.50782142857196 -0.81915204428899224 -32.374748958333377 -52.121324652777496 73.361305208333548
decision_type=2 2 2 2 2 2
left_child=3 2 -2 4 -1 -5
right_child=1 -3 -4 5 -6 -7
leaf_value=2.128161871027697 4.5441099187995819 0.011495069501038294 -6.543658991525068 -3.3596687222019805 14.118621632193223 5.8059452035439705
leaf_weight=811 157 5655 612 495 146 188
leaf_count=811 157 5655 612 495 146 188
internal_value=0.000763211 -0.502456 -4.277 1.97101 3.97026 -0.831977
internal_weight=8064 6424 769 1640 957 683
internal_count=8064 6424 769 1640 957 683
is_linear=0
shrinkage=0.05


Tree=57
num_leaves=7
num_cat=0
split_feature=1 2 6 3 3 3
split_gain=2.88842e+06 4.49983e+06 5.57067e+06 3.3219e+06 6.45963e+06 4.15187e+06
threshold=-86.551499999999962 -358.50782142857196 -0.81915204428899224 -32.374748958333377 -52.121324652777496 73.361305208333548
decision_type=2 2 2 2 2 2
left_child=3 2 -2 4 -1 -5
right_child=1 -3 -4 5 -6 -7
leaf_value=2.0218848435777086 4.3183424946628035 0.010920410481246342 -6.2170097625566738 -3.19202392587979 13.417492828746232 5.5171839398681808
leaf_weight=811 157 5655 612 495 146 188
leaf_count=811 157 5655 612 495 146 188
internal_value=0.000828618 -0.477348 -4.06328 1.87303 3.77259 -0.790199
internal_weight=8064 6424 769 1640 957 683
internal_count=8064 6424 769 1640 957 683
is_linear=0
shrinkage=0.05


Tree=58
num_leaves=6
num_cat=0
split_feature=3 2 3 0 5
split_gain=2.73612e+06 3.43849e+06 7.5807e+06 3.11262e+06 2.46624e+06
threshold=-229.57853020833338 -16.996464285713952 82.983218402778235 3119.5869500000003 -0.94670478576706751
decision_type=2 2 2 2 2
left_child=3 2 -2 -1 -3
right_child=1 4 -4 -5 -6
leaf_value=0.60353799830207899 -4.1545635092482192 4.6325298931843566 1.9845850201731814 9.3775762763082611 0.17970811757341418
leaf_weight=272 1371 330 793 160 5138
leaf_count=272 1371 330 793 160 5138
internal_value=0.000885609 -0.218448 -1.90499 3.86733 0.449239
internal_weight=8064 7632 2164 432 5468
internal_count=8064 7632 2164 432 5468
is_linear=0
shrinkage=0.05


Tree=59
num_leaves=7
num_cat=0
split_feature=3 3 3 3 0 3
split_gain=2.64089e+06 1.13994e+07 4.96578e+06 1.02383e+07 6.55404e+06 2.15624e+06
threshold=-66.313692708333733 -70.008321527777966 -45.381777777777408 -32.374748958333377 2942.2218500000004 -229.57853020833338
decision_type=2 2 2 2 2 2
left_child=1 5 4 -4 -2 -1
right_child=2 -3 3 -5 -6 -7
leaf_value=3.6751199109449675 -0.53663006656699719 15.002485614028471 7.2789260064688355 -0.75212007168748629 -11.377052251691536 -0.27050739941023
leaf_weight=432 341 144 432 4752 235 1728
leaf_count=432 341 144 432 4752 235 1728
internal_value=0.000919589 1.43123 -0.571353 -0.0815915 -4.97142 0.519954
internal_weight=8064 2304 5760 5184 576 2160
internal_count=8064 2304 5760 5184 576 2160
is_linear=0
shrinkage=0.05


Tree=60
num_leaves=5
num_cat=0
split_feature=2 3 5 1
split_gain=2.63537e+06 2.24817e+06 1.32596e+07 6.94257e+06
threshold=-845.96904285714334 82.983218402778235 -0.5554380223489348 8.6685500000000122
decision_type=2 2 2 2
left_child=-1 3 -3 -2
right_child=1 2 -4 -5
leaf_value=-6.1770706340406072 0.54315754692587592 8.1325481025602233 -0.90736706432150638 -3.6283902165064337
leaf_weight=168 4580 557 1485 1274
leaf_count=168 4580 557 1485 1274
internal_value=0.000954326 0.133167 1.56124 -0.365157
internal_weight=8064 7896 2042 5854
internal_count=8064 7896 2042 5854
is_linear=0
shrinkage=0.05


Tree=61
num_leaves=7
num_cat=0
split_feature=3 3 5 5 1 3
split_gain=2.45458e+06 7.48377e+06 1.83522e+07 4.55042e+06 3.13073e+06 4.04051e+06
threshold=-14.809275694444066 26.494419097222593 -0.62577451934762995 -0.77969889170510653 -66.287449999999893 -45.381777777777408
decision_type=2 2 2 2 2 2
left_child=4 2 -2 -3 5 -1
right_child=1 3 -4 -5 -6 -7
leaf_value=1.5802975520610267 -15.250509545362243 3.8727691883466493 -0.31881278169617433 -0.63372235562709667 -0.0052981738632798614 8.9037607332070667
leaf_weight=878 287 713 721 2599 2627 239
leaf_count=878 287 713 721 2599 2627 239
internal_value=0.000893989 -0.81112 -4.5811 0.337301 0.9378 3.15383
internal_weight=8064 4320 1008 3312 3744 1117
internal_count=8064 4320 1008 3312 3744 1117
is_linear=0
shrinkage=0.05


Tree=62
num_leaves=7
num_cat=0
split_feature=1 3 2 3 3 3
split_gain=2.44237e+06 7.99163e+06 4.32594e+06 2.25771e+06 4.85604e+06 3.94327e+06
threshold=654.08695 56.275701388888827 -579.55898571428486 -14.809275694444066 26.494419097222593 -45.381777777777408
decision_type=2 2 2 2 2 2
left_child=3 -2 -3 5 -5 -1
right_child=1 2 -4 4 -6 -7
leaf_value=0.22448826497052479 -11.976924185957229 -4.7111271547791143 7.1474928410173213 -3.7190393871976628 0.3826882917980487 4.1435480308577599
leaf_weight=2832 174 148 158 952 2971 829
leaf_count=2832 174 148 158 952 2971 829
internal_value=0.000837802 -3.4542 1.41529 0.219937 -0.613378 1.11281
internal_weight=8064 480 306 7584 3923 3661
internal_count=8064 480 306 7584 3923 3661
is_linear=0
shrinkage=0.05


Tree=63
num_leaves=7
num_cat=0
split_feature=3 3 3 5 2 3
split_gain=2.31638e+06 1.03358e+07 4.5887e+06 5.29219e+06 3.37132e+06 1.90216e+06
threshold=-66.313692708333733 -70.008321527777966 -57.351262847221726 1.0000000180025095e-35 356.11277142857085 -229.57853020833338
decision_type=2 2 2 2 2 2
left_child=1 5 3 -2 -4 -1
right_child=2 -3 4 -5 -6 -7
leaf_value=3.4360333824405496 -13.418275151088322 14.262929955679795 -0.45683616723864207 0.11324337322136452 6.0483087091342265 -0.26983684363452842
leaf_weight=432 144 144 5266 144 206 1728
leaf_count=432 144 144 5266 144 206 1728
internal_value=0.000743162 1.34029 -0.535217 -6.67553 -0.210882 0.472584
internal_weight=8064 2304 5760 288 5472 2160
internal_count=8064 2304 5760 288 5472 2160
is_linear=0
shrinkage=0.05


Tree=64
num_leaves=5
num_cat=0
split_feature=2 3 5 3
split_gain=2.256e+06 1.9607e+06 1.14152e+07 5.71566e+06
threshold=-845.96904285714334 82.983218402778235 -0.59116893267988335 -14.809275694444066
decision_type=2 2 2 2
left_child=-1 3 -3 -2
right_child=1 2 -4 -5
leaf_value=-5.7153178444980872 0.84320006521646274 7.7877312786538502 -0.74920339775628031 -2.4006508434386316
leaf_weight=168 3715 527 1515 2139
leaf_count=168 3715 527 1515 2139
internal_value=0.000766235 0.123093 1.45674 -0.342282
internal_weight=8064 7896 2042 5854
internal_count=8064 7896 2042 5854
is_linear=0
shrinkage=0.05


Tree=65
num_leaves=6
num_cat=0
split_feature=1 3 2 5 1
split_gain=2.2449e+06 6.95762e+06 3.71683e+06 1.98307e+06 2.16013e+06
threshold=654.08695 56.275701388888827 -579.55898571428486 -0.98812630719300909 -772.60744999999986
decision_type=2 2 2 2 2
left_child=3 -2 -3 -1 -5
right_child=1 2 -4 4 -6
leaf_value=4.3024455545659652 -11.263910209110804 -4.4462936627384799 6.5456696012110092 4.6664954076494487 -0.1092119566783725
leaf_weight=284 174 148 158 244 7056
leaf_count=284 174 148 158 244 7056
internal_value=0.000726473 -3.31169 1.23213 0.210782 0.0510317
internal_weight=8064 480 306 7584 7300
internal_count=8064 480 306 7584 7300
is_linear=0
shrinkage=0.05


Tree=66
num_leaves=6
num_cat=0
split_feature=0 5 3 3 3
split_gain=2.11994e+06 3.44779e+06 2.37251e+06 3.35711e+06 1.87958e+06
threshold=8042.2315500000013 -0.97111091670450067 82.983218402778235 -14.809275694444066 275.95809826388864
decision_type=2 2 2 2 2
left_child=1 -1 3 -2 -3
right_child=2 4 -4 -5 -6
leaf_value=5.7815481063241627 -1.2017106122021222 0.17161054344501975 1.6691191100819225 -10.726600308790804 -4.1742648988269098
leaf_weight=268 220 6974 186 159 257
leaf_count=268 220 6974 186 159 257
internal_value=0.00068826 0.223368 -2.95002 -5.21535 0.0165961
internal_weight=8064 7499 565 379 7231
internal_count=8064 7499 565 379 7231
is_linear=0
shrinkage=0.05


Tree=67
num_leaves=6
num_cat=0
split_feature=1 3 2 5 1
split_gain=1.97945e+06 6.11744e+06 3.3707e+06 1.75257e+06 1.90818e+06
threshold=654.08695 56.275701388888827 -579.55898571428486 -0.98812630719300909 -772.60744999999986
decision_type=2 2 2 2 2
left_child=3 -2 -3 -1 -5
right_child=1 2 -4 4 -6
leaf_value=4.0443753481224967 -10.566450270380294 -4.2566275515012295 6.2109813774906613 4.385622721983462 -0.1029410607169744
leaf_weight=284 174 148 158 244 7056
leaf_count=284 174 148 158 244 7056
internal_value=0.000601266 -3.10981 1.15084 0.197847 0.0476678
internal_weight=8064 480 306 7584 7300
internal_count=8064 480 306 7584 7300
is_linear=0
shrinkage=0.05


Tree=68
num_leaves=6
num_cat=0
split_feature=0 1 0 3 3
split_gain=1.89074e+06 1.76322e+06 1.74191e+06 1.74166e+06 1.67115e+06
threshold=8472.1179500000017 -666.72534999999959 8898.5066000000024 -118.5095031249998 250.1063152777779
decision_type=2 2 2 2 2
left_child=1 3 -2 -1 -3
right_child=2 4 -4 -5 -6
leaf_value=-0.062133273903612063 -7.3853990003375189 -0.2334296908922463 -0.041177497295119013 6.5594720004842832 2.6296326813593969
leaf_weight=190 162 6795 160 207 550
leaf_count=190 162 6795 160 207 550
internal_value=0.00056944 0.156921 -3.74752 3.39825 -0.0187123
internal_weight=8064 7742 322 397 7345
internal_count=8064 7742 322 397 7345
is_linear=0
shrinkage=0.05


Tree=69
num_leaves=7
num_cat=0
split_feature=3 3 3 3 5 3
split_gain=1.82118e+06 9.28795e+06 4.35304e+06 8.29872e+06 5.64985e+06 1.658e+06
threshold=-66.313692708333733 -70.008321527777966 -45.381777777777408 -32.374748958333377 -0.48087430661751701 -229.57853020833338
decision_type=2 2 2 2 2 2
left_child=1 5 4 -4 -2 -1
right_child=2 -3 3 -5 -6 -7
leaf_value=3.1325475893243633 -11.46622609595962 13.438384515828099 6.6105921076571974 -0.61983595525504165 -1.0291085262419877 -0.32729429042105768
leaf_weight=432 196 144 432 4752 380 1728
leaf_count=432 196 144 432 4752 380 1728
internal_value=0.00055006 1.18832 -0.47468 -0.0161415 -4.59434 0.365803
internal_weight=8064 2304 5760 5184 576 2160
internal_count=8064 2304 5760 5184 576 2160
is_linear=0
shrinkage=0.05


Tree=70
num_leaves=5
num_cat=0
split_feature=2 3 5 1
split_gain=1.75044e+06 1.76469e+06 9.95106e+06 4.92096e+06
threshold=-845.96904285714334 82.983218402778235 -0.5554380223489348 8.6685500000000122
decision_type=2 2 2 2
left_child=-1 3 -3 -2
right_child=1 2 -4 -5
leaf_value=-5.034446986187139 0.43155768640437775 7.066314128351042 -0.76500878873153333 -3.0805043277249617
leaf_weight=168 4580 557 1485 1274
leaf_count=168 4580 557 1485 1274
internal_value=0.000582942 0.108335 1.37357 -0.333164
internal_weight=8064 7896 2042 5854
internal_count=8064 7896 2042 5854
is_linear=0
shrinkage=0.05


Tree=71
num_leaves=6
num_cat=0
split_feature=1 3 2 5 1
split_gain=1.72653e+06 5.16772e+06 2.88689e+06 1.60141e+06 1.57461e+06
threshold=654.08695 56.275701388888827 -579.55898571428486 -0.98812630719300909 -772.60744999999986
decision_type=2 2 2 2 2
left_child=3 -2 -3 -1 -5
right_child=1 2 -4 4 -6
leaf_value=3.8616634982510618 -9.7577656724793584 -3.9924031723265681 5.69482306324461 3.9818019797424884 -0.095609767045625127
leaf_weight=284 174 148 158 244 7056
leaf_count=284 174 148 158 244 7056
internal_value=0.000545227 -2.90437 1.01176 0.184759 0.041203
internal_weight=8064 480 306 7584 7300
internal_count=8064 480 306 7584 7300
is_linear=0
shrinkage=0.05


Tree=72
num_leaves=7
num_cat=0
split_feature=3 3 3 5 3 3
split_gain=1.62961e+06 8.40632e+06 3.94354e+06 4.50347e+06 2.82465e+06 1.45692e+06
threshold=-66.313692708333733 -70.008321527777966 -57.351262847221726 1.0000000180025095e-35 -32.374748958333377 -229.57853020833338
decision_type=2 2 2 2 2 2
left_child=1 5 3 -2 -4 -1
right_child=2 -3 4 -5 -6 -7
leaf_value=2.9351256192005812 -12.361364694700159 12.778255287974046 2.7678616645535388 0.12104049374317301 -0.59070406838571199 -0.30813141534597266
leaf_weight=432 144 144 720 144 4752 1728
leaf_count=432 144 144 720 144 4752 1728
internal_value=0.000516058 1.12408 -0.449025 -6.14134 -0.148363 0.341578
internal_weight=8064 2304 5760 288 5472 2160
internal_count=8064 2304 5760 288 5472 2160
is_linear=0
shrinkage=0.05


Tree=73
num_leaves=7
num_cat=0
split_feature=2 1 2 4 3 0
split_gain=1.57088e+06 2.22942e+06 1.75319e+06 1.30775e+06 1.60479e+06 971264
threshold=14.515614285714358 -380.75295 -516.47937142857143 0.27976242230339698 73.361305208333548 6581.0886500000006
decision_type=2 2 2 2 2 2
left_child=1 -1 -3 4 -2 -5
right_child=3 2 -4 5 -6 -7
leaf_value=5.6542636819787937 1.4763700547666139 -3.4131620596678696 -0.2977001905829148 0.50383465434295061 6.4893785061314704 -3.9011913586060203
leaf_weight=147 954 492 5377 754 191 149
leaf_count=147 954 492 5377 754 191 149
internal_value=0.000523378 -0.406663 -0.559407 1.19625 2.31753 -0.22653
internal_weight=8064 6016 5869 2048 1145 903
internal_count=8064 6016 5869 2048 1145 903
is_linear=0
shrinkage=0.05


Tree=74
num_leaves=6
num_cat=0
split_feature=0 5 3 3 3
split_gain=1.4824e+06 2.61459e+06 1.95304e+06 2.94896e+06 1.78743e+06
threshold=8042.2315500000013 -0.97111091670450067 82.983218402778235 -14.809275694444066 275.95809826388864
decision_type=2 2 2 2 2
left_child=1 -1 3 -2 -3
right_child=2 4 -4 -5 -6
leaf_value=5.0269615006269577 -0.76246406276840972 0.15785359014503952 1.7232108715383765 -9.6875170928239829 -4.0801513422367188
leaf_weight=268 220 6974 186 159 257
leaf_count=268 220 6974 186 159 257
internal_value=0.000537573 0.186747 -2.4669 -4.52239 0.00668553
internal_weight=8064 7499 565 379 7231
internal_count=8064 7499 565 379 7231
is_linear=0
shrinkage=0.05


Tree=75
num_leaves=6
num_cat=0
split_feature=3 5 1 2 3
split_gain=1.55019e+06 7.3127e+06 3.35158e+06 4.03029e+06 1.74979e+06
threshold=270.87893229166622 -0.48087430661751701 654.08695 -388.65998571428571 -14.809275694444066
decision_type=2 2 2 2 2
left_child=2 -2 4 -4 -1
right_child=1 -3 3 -5 -6
leaf_value=0.84926455115514732 11.928419861278019 -1.7658947617440792 -8.4829542416500381 1.9310482725903797 -0.70579103530245235
leaf_weight=3661 147 285 250 147 3574
leaf_count=3661 147 285 250 147 3574
internal_value=0.000463447 2.91076 -0.16463 -4.63172 0.0810951
internal_weight=8064 432 7632 397 7235
internal_count=8064 432 7632 397 7235
is_linear=0
shrinkage=0.05


Tree=76
num_leaves=7
num_cat=0
split_feature=3 3 1 2 7 3
split_gain=1.40021e+06 7.1167e+06 3.02592e+06 3.65342e+06 2.93346e+06 1.57924e+06
threshold=270.87893229166622 275.95809826388864 654.08695 -433.99224285714303 1.0000000180025095e-35 -14.809275694444066
decision_type=2 2 2 2 2 2
left_child=2 -2 5 -4 -3 -1
right_child=1 4 3 -5 -6 -7
leaf_value=0.80681292629778611 11.801150065722137 -6.7998996797101263 -8.3910379369715429 1.3433614077001084 3.25978653759792 -0.67051137798644245
leaf_weight=3661 144 144 234 163 144 3574
leaf_count=3661 144 144 234 163 144 3574
internal_value=0.000463542 2.7664 -0.156441 -4.40096 -1.77618 0.0770413
internal_weight=8064 432 7632 397 288 7235
internal_count=8064 432 7632 397 288 7235
is_linear=0
shrinkage=0.05


Tree=77
num_leaves=7
num_cat=0
split_feature=1 2 6 3 3 7
split_gain=1.31136e+06 2.35045e+06 4.97094e+06 2.08803e+06 5.19787e+06 3.4071e+06
threshold=-86.551499999999962 -252.1379571428574 -0.57357643635104605 -32.374748958333377 -52.121324652777496 0.64278760968654003
decision_type=2 2 2 2 2 2
left_child=3 2 -2 4 -1 -5
right_child=1 -3 -4 5 -6 -7
leaf_value=1.1984248539882489 2.1542036782671263 0.10187945208856899 -5.0223080447384003 -2.7391749932913854 11.419186007753522 5.7277246317442732
leaf_weight=811 373 5371 680 531 146 152
leaf_count=811 373 5371 680 531 146 152
internal_value=0.000448718 -0.321747 -2.48057 1.26194 2.768 -0.849268
internal_weight=8064 6424 1053 1640 957 683
internal_count=8064 6424 1053 1640 957 683
is_linear=0
shrinkage=0.05


Tree=78
num_leaves=6
num_cat=0
split_feature=3 5 1 2 3
split_gain=1.29376e+06 6.54076e+06 2.56306e+06 3.23626e+06 1.33461e+06
threshold=270.87893229166622 -0.48087430661751701 654.08695 -388.65998571428571 -14.809275694444066
decision_type=2 2 2 2 2
left_child=2 -2 4 -4 -1
right_child=1 -3 3 -5 -6
leaf_value=0.73544281353331709 11.187728847361901 -1.7634389736852445 -7.5078725370107238 1.8236067525438362 -0.62264884124456588
leaf_weight=3661 147 285 250 147 3574
leaf_count=3661 147 285 250 147 3574
internal_value=0.000505901 2.65922 -0.150316 -4.05674 0.0645691
internal_weight=8064 432 7632 397 7235
internal_count=8064 432 7632 397 7235
is_linear=0
shrinkage=0.05


Tree=79
num_leaves=7
num_cat=0
split_feature=3 3 5 2 3 5
split_gain=1.23494e+06 2.70954e+06 4.80067e+06 1.69953e+06 4.23038e+06 1.32108e+06
threshold=-229.57853020833338 -318.21471805555524 1.0000000180025095e-35 -1.6232142857142982 82.983218402778235 -0.94670478576706751
decision_type=2 2 2 2 2 2
left_child=1 -1 -3 4 -2 -5
right_child=3 2 -4 5 -6 -7
leaf_value=-2.9881517180081074 -2.8823242450629758 11.814161365936542 -1.0676083761556396 3.4446815864220492 1.5651120791601167 0.14518352705713089
leaf_weight=144 1480 144 144 322 836 4994
leaf_count=144 1480 144 144 322 836 4994
internal_value=0.000504483 2.59808 5.39187 -0.146849 -1.27696 0.345651
internal_weight=8064 432 288 7632 2316 5316
internal_count=8064 432 288 7632 2316 5316
is_linear=0
shrinkage=0.05


Tree=80
num_leaves=7
num_cat=0
split_feature=3 3 7 1 5 3
split_gain=1.12528e+06 6.43003e+06 2.54357e+06 2.28616e+06 2.93786e+06 1.20462e+06
threshold=270.87893229166622 275.95809826388864 1.0000000180025095e-35 654.08695 -0.97111091670450067 -14.809275694444066
decision_type=2 2 2 2 2 2
left_child=3 -2 -3 5 -5 -1
right_child=1 2 -4 4 -6 -7
leaf_value=0.70019380323385905 11.068080557461442 -6.5148841485278357 2.8529178759147382 -9.4429625417099512 -0.53978160969794742 -0.59006686395931485
leaf_weight=3661 144 144 144 146 251 3574
leaf_count=3661 144 144 144 146 251 3574
internal_value=0.000541448 2.48011 -1.83732 -0.140118 -3.8295 0.0628276
internal_weight=8064 432 288 7632 397 7235
internal_count=8064 432 288 7632 397 7235
is_linear=0
shrinkage=0.05


Tree=81
num_leaves=7
num_cat=0
split_feature=3 5 2 3 2 3
split_gain=1.1435e+06 5.27792e+06 7.1443e+06 3.56572e+06 1.06143e+07 2.56748e+06
threshold=73.361305208333548 -0.59116893267988335 -721.67946428571429 -14.809275694444066 -1.6232142857142982 -45.381777777777408
decision_type=2 2 2 2 2 2
left_child=3 2 -2 5 -5 -1
right_child=1 -3 -4 4 -6 -7
leaf_value=-0.18059934767914165 -4.8586460063534398 -0.6202275323550791 7.3393688211039958 -7.631753548474804 0.29476431968942873 2.9256611726876631
leaf_weight=2880 154 1616 534 601 1415 864
leaf_count=2880 154 1616 534 601 1415 864
internal_value=0.000499083 0.941676 4.60591 -0.37607 -2.07086 0.53682
internal_weight=8064 2304 688 5760 2016 3744
internal_count=8064 2304 688 5760 2016 3744
is_linear=0
shrinkage=0.05


Tree=82
num_leaves=7
num_cat=0
split_feature=3 3 0 3 5 2
split_gain=1.09207e+06 2.44713e+06 4.33743e+06 1.40866e+06 4.7637e+06 3.74373e+06
threshold=-229.57853020833338 -318.21471805555524 1175.8282000000002 73.361305208333548 -0.59116893267988335 -41.228957142857261
decision_type=2 2 2 2 2 2
left_child=1 -1 -3 5 -5 -2
right_child=3 2 -4 4 -6 -7
leaf_value=-2.8655751569517727 -3.0053468931050129 -1.0415046649349147 11.202834603416509 4.375794852610424 -0.58923533308638254 0.14075717295469367
leaf_weight=144 1228 144 144 688 1616 4100
leaf_count=144 1228 144 144 688 1616 4100
internal_value=0.00045721 2.44315 5.09825 -0.13811 0.894633 -0.584786
internal_weight=8064 432 288 7632 2304 5328
internal_count=8064 432 288 7632 2304 5328
is_linear=0
shrinkage=0.05


Tree=83
num_leaves=7
num_cat=0
split_feature=3 3 3 3 5 3
split_gain=999106 7.67308e+06 4.10687e+06 6.25241e+06 4.70882e+06 1.38588e+06
threshold=-66.313692708333733 -70.008321527777966 -45.381777777777408 -32.374748958333377 -0.51864980417341189 -94.459258333333068
decision_type=2 2 2 2 2 2
left_child=1 5 4 -4 -2 -1
right_child=2 -3 3 -5 -6 -7
leaf_value=0.62993588638588893 -10.825156722939205 12.01452352482697 5.8458210368285828 -0.43016935989457405 -1.1972312721349587 -3.0900691239840019
leaf_weight=1872 188 144 432 4752 388 288
leaf_count=1872 188 144 432 4752 388 288
internal_value=0.000485283 0.880237 -0.351507 0.0938564 -4.35299 0.132735
internal_weight=8064 2304 5760 5184 576 2160
internal_count=8064 2304 5760 5184 576 2160
is_linear=0
shrinkage=0.05


Tree=84
num_leaves=7
num_cat=0
split_feature=1 2 6 0 3 3
split_gain=1.00883e+06 1.85121e+06 4.4138e+06 1.74094e+06 1.65359e+06 4.63257e+06
threshold=-86.551499999999962 -252.1379571428574 -0.70710678118654802 5834.388100000001 -32.374748958333377 -52.121324652777496
decision_type=2 2 2 2 2 2
left_child=4 2 -2 -3 5 -1
right_child=1 3 -4 -5 -6 -7
leaf_value=0.96565184082923095 3.1726965833548126 -0.1838643524491278 -4.1449914730950539 3.0109752809975845 -0.77183499137124822 10.614286451761416
leaf_weight=811 280 4905 773 466 683 146
leaf_count=811 280 4905 773 466 683 146
internal_value=0.0004793 -0.282118 -2.198 0.093836 1.10693 2.44719
internal_weight=8064 6424 1053 5371 1640 957
internal_count=8064 6424 1053 5371 1640 957
is_linear=0
shrinkage=0.05


Tree=85
num_leaves=7
num_cat=0
split_feature=3 5 2 3 0 6
split_gain=1.03589e+06 4.33099e+06 6.30898e+06 2.95267e+06 9.34773e+06 2.51149e+06
threshold=73.361305208333548 -0.59116893267988335 -721.67946428571429 -14.809275694444066 4087.1979000000006 -0.76604444311897735
decision_type=2 2 2 2 2 2
left_child=3 2 -2 5 -5 -1
right_child=1 -3 -4 4 -6 -7
leaf_value=2.8461969195822814 -4.6780091216871815 -0.51856063463913482 6.784395203412136 0.5756103783608838 -6.5792734790646765 -0.23349430401244012
leaf_weight=858 154 1616 534 1319 697 2886
leaf_count=858 154 1616 534 1319 697 2886
internal_value=0.000533835 0.896333 4.21562 -0.357879 -1.90011 0.47284
internal_weight=8064 2304 688 5760 2016 3744
internal_count=8064 2304 688 5760 2016 3744
is_linear=0
shrinkage=0.05


Tree=86
num_leaves=7
num_cat=0
split_feature=1 2 4 3 6 3
split_gain=944595 1.62518e+06 3.42177e+06 1.53497e+06 3.77904e+06 2.19653e+06
threshold=-86.551499999999962 -516.47937142857143 0.21643961393810304 -61.921314583333462 -0.81915204428899224 -118.5095031249998
decision_type=2 2 2 2 2 2
left_child=3 2 -2 5 -5 -1
right_child=1 -3 -4 4 -6 -7
leaf_value=0.45096447287204627 -6.61818247448159 -0.051343092309823625 2.1561477505194175 -6.9372817242282565 1.267012865907069 5.9653596185484243
leaf_weight=433 278 5962 184 173 725 309
leaf_count=433 278 5962 184 173 725 309
internal_value=0.000495964 -0.272956 -3.12653 1.07114 -0.319506 2.75233
internal_weight=8064 6424 462 1640 898 742
internal_count=8064 6424 462 1640 898 742
is_linear=0
shrinkage=0.05


Tree=87
num_leaves=7
num_cat=0
split_feature=3 5 2 3 2 1
split_gain=989451 4.05446e+06 5.24014e+06 2.60504e+06 8.34436e+06 1.16332e+06
threshold=73.361305208333548 -0.5554380223489348 -721.67946428571429 4.6003256944445647 -85.31005714285719 -4.1826499999999731
decision_type=2 2 2 2 2 2
left_child=3 2 -2 5 -5 -1
right_child=1 -3 -4 4 -6 -7
leaf_value=1.4123685802011128 -4.139925415393634 -0.53852982047181397 6.2163180269603702 -8.8531719307386165 -0.13362506234781199 -0.32360618745226688
leaf_weight=1512 155 1584 565 352 1232 2664
leaf_count=1512 155 1584 565 352 1232 2664
internal_value=0.000447818 0.875938 3.9842 -0.34984 -2.07567 0.305124
internal_weight=8064 2304 720 5760 1584 4176
internal_count=8064 2304 720 5760 1584 4176
is_linear=0
shrinkage=0.05


Tree=88
num_leaves=7
num_cat=0
split_feature=3 3 7 1 5 3
split_gain=928839 5.76814e+06 2.14512e+06 1.71156e+06 2.55454e+06 872261
threshold=270.87893229166622 275.95809826388864 1.0000000180025095e-35 654.08695 -0.97111091670450067 -229.57853020833338
decision_type=2 2 2 2 2 2
left_child=3 -2 -3 5 -5 -1
right_child=1 2 -4 4 -6 -7
leaf_value=2.2241534371677503 10.387199006491695 -6.1310530131027621 2.4722109265163028 -8.5540303214066693 -0.25308556718722225 -0.09029058088065095
leaf_weight=432 144 144 144 146 251 6803
leaf_count=432 144 144 144 146 251 6803
internal_value=0.000385996 2.25314 -1.83575 -0.127407 -3.31965 0.0481926
internal_weight=8064 432 288 7632 397 7235
internal_count=8064 432 288 7632 397 7235
is_linear=0
shrinkage=0.05


Tree=89
num_leaves=7
num_cat=0
split_feature=3 5 2 3 2 6
split_gain=886454 3.70718e+06 4.9363e+06 2.32782e+06 8.03774e+06 2.3232e+06
threshold=73.361305208333548 -0.59116893267988335 -721.67946428571429 -14.809275694444066 -1.6232142857142982 -0.81915204428899124
decision_type=2 2 2 2 2 2
left_child=3 2 -2 5 -5 -1
right_child=1 -3 -4 4 -6 -7
leaf_value=2.8847012970384385 -3.9675087774953535 -0.47999886864394264 6.1720683322554439 -6.539652696506824 0.35796127206998446 -0.21929992794846062
leaf_weight=754 154 1616 534 601 1415 2990
leaf_count=754 154 1616 534 601 1415 2990
internal_value=0.000367038 0.829039 3.89999 -0.331188 -1.70054 0.406415
internal_weight=8064 2304 688 5760 2016 3744
internal_count=8064 2304 688 5760 2016 3744
is_linear=0
shrinkage=0.05


Tree=90
num_leaves=7
num_cat=0
split_feature=3 3 1 4 3 2
split_gain=805527 3.82425e+06 1.98936e+06 2.98147e+06 1.81486e+06 1.14927e+06
threshold=82.983218402778235 85.154744444444773 8.6685500000000122 0.27976242230339698 101.54536909722221 -226.00373571428574
decision_type=2 2 2 2 2 2
left_child=2 -2 5 -4 -3 -1
right_child=1 4 3 -5 -6 -7
leaf_value=4.2494676010949268 8.6692361537341416 -5.1271920284731642 -4.1194087369737993 0.66656935715030152 0.67915142941454232 0.036086152130613558
leaf_weight=167 144 144 738 581 1872 4418
leaf_count=167 144 144 738 581 1872 4418
internal_value=0.000337582 0.826306 -0.301935 -2.01235 0.262076 0.190444
internal_weight=8064 2160 5904 1319 2016 4585
internal_count=8064 2160 5904 1319 2016 4585
is_linear=0
shrinkage=0.05


Tree=91
num_leaves=7
num_cat=0
split_feature=3 3 5 3 5 0
split_gain=795720 2.20219e+06 3.83332e+06 999352 3.46612e+06 2.8503e+06
threshold=-229.57853020833338 -318.21471805555524 1.0000000180025095e-35 73.361305208333548 -0.80625269229011354 7123.1464000000005
decision_type=2 2 2 2 2 2
left_child=1 -1 -3 5 -5 -2
right_child=3 2 -4 4 -6 -7
leaf_value=-2.9496013211638767 0.0032277957867150203 10.343468356379148 -1.1663055701913505 4.6088424735139775 -0.22265707755690625 -3.1825432851274784
leaf_weight=144 4497 144 144 464 1840 831
leaf_count=144 4497 144 144 464 1840 831
internal_value=0.000352027 2.08544 4.60446 -0.11793 0.751931 -0.494156
internal_weight=8064 432 288 7632 2304 5328
internal_count=8064 432 288 7632 2304 5328
is_linear=0
shrinkage=0.05


Tree=92
num_leaves=7
num_cat=0
split_feature=3 3 3 1 5 5
split_gain=751290 5.19595e+06 2.06996e+06 1.49167e+06 2.28776e+06 836296
threshold=270.87893229166622 275.95809826388864 320.31385972222216 654.08695 -0.97111091670450067 -0.98812630719300909
decision_type=2 2 2 2 2 2
left_child=3 -2 -3 5 -5 -1
right_child=1 2 -4 4 -6 -7
leaf_value=2.7486797819103024 9.7466172649120466 -6.0733245116883312 2.3780233858371602 -8.0482083457667812 -0.19286238101739733 -0.057652579799506935
leaf_weight=275 144 144 144 146 251 6960
leaf_count=275 144 144 144 146 251 6960
internal_value=0.000380521 2.02642 -1.85404 -0.114552 -3.09469 0.0493803
internal_weight=8064 432 288 7632 397 7235
internal_count=8064 432 288 7632 397 7235
is_linear=0
shrinkage=0.05


Tree=93
num_leaves=6
num_cat=0
split_feature=3 3 0 2 3
split_gain=715790 1.98892e+06 3.45684e+06 983578 942566
threshold=-229.57853020833338 -318.21471805555524 1175.8282000000002 580.24906428571433 73.361305208333548
decision_type=2 2 2 2 2
left_child=1 -1 -3 4 -2
right_child=3 2 -4 -5 -6
leaf_value=-2.8070495973784348 -0.57825063468412174 -1.1081606021626242 9.8218074552252386 3.3753012776601738 0.64271372346327649
leaf_weight=144 5158 144 144 196 2278
leaf_count=144 5158 144 144 196 2278
internal_value=0.000364601 1.97796 4.3719 -0.111819 -0.204175
internal_weight=8064 432 288 7632 7436
internal_count=8064 432 288 7632 7436
is_linear=0
shrinkage=0.05


Tree=94
num_leaves=7
num_cat=0
split_feature=3 3 3 1 2 5
split_gain=656093 4.69289e+06 1.86945e+06 1.35216e+06 2.25404e+06 733522
threshold=270.87893229166622 275.95809826388864 320.31385972222216 654.08695 -433.99224285714303 -0.98812630719300909
decision_type=2 2 2 2 2 2
left_child=3 -2 -3 5 -5 -1
right_child=1 2 -4 4 -6 -7
leaf_value=2.577081843317095 9.2307333298387189 -5.8036665790245454 2.2280281852031574 -6.0788276655115983 1.5650608772548233 -0.051163342373541691
leaf_weight=275 144 144 144 234 163 6960
leaf_count=275 144 144 144 234 163 6960
internal_value=0.000404316 1.89374 -1.79401 -0.107 -2.94436 0.0490777
internal_weight=8064 432 288 7632 397 7235
internal_count=8064 432 288 7632 397 7235
is_linear=0
shrinkage=0.05


Tree=95
num_leaves=7
num_cat=0
split_feature=3 3 3 3 5 3
split_gain=645862 7.03302e+06 3.82054e+06 5.33594e+06 4.24933e+06 1.20332e+06
threshold=-66.313692708333733 -70.008321527777966 -45.381777777777408 -32.374748958333377 -0.51864980417341189 -94.459258333333068
decision_type=2 2 2 2 2 2
left_child=1 5 4 -4 -2 -1
right_child=2 -3 3 -5 -6 -7
leaf_value=0.45551287705397947 -10.290362824677002 11.367526505075652 5.4606508191408238 -0.33716457484532192 -1.1442162162530927 -3.0108158267957119
leaf_weight=1872 188 144 432 4752 388 288
leaf_count=1872 188 144 432 4752 388 288
internal_value=0.00040683 0.70774 -0.2826 0.146947 -4.14208 -0.00784366
internal_weight=8064 2304 5760 5184 576 2160
internal_count=8064 2304 5760 5184 576 2160
is_linear=0
shrinkage=0.05


Tree=96
num_leaves=7
num_cat=0
split_feature=1 4 3 3 2 6
split_gain=644307 1.37619e+06 2.34058e+06 1.56052e+06 1.23906e+06 3.51881e+06
threshold=-86.551499999999962 0.27976242230339698 -14.809275694444066 30.410157638889363 -252.1379571428574 -0.64278760968653958
decision_type=2 2 2 2 2 2
left_child=1 3 -3 -1 5 -2
right_child=4 2 -4 -5 -6 -7
leaf_value=1.1952475349336678 2.4245138024869832 1.5616830491667311 -4.4324376030003325 6.5906917087780021 0.082135256633668038 -3.7698406184024713
leaf_weight=804 336 405 271 160 5371 717
leaf_count=804 336 405 271 160 5371 717
internal_value=0.000401997 0.884641 -0.844283 2.09666 -0.22544 -1.79287
internal_weight=8064 1640 676 964 6424 1053
internal_count=8064 1640 676 964 6424 1053
is_linear=0
shrinkage=0.05


Tree=97
num_leaves=7
num_cat=0
split_feature=3 3 3 2 3 3
split_gain=636711 3.44517e+06 1.70369e+06 6.3938e+06 1.61159e+06 1.10057e+06
threshold=82.983218402778235 85.154744444444773 4.6003256944445647 -1.6232142857142982 101.54536909722221 -45.381777777777408
decision_type=2 2 2 2 2 2
left_child=2 -2 5 -4 -3 -1
right_child=1 4 3 -5 -6 -7
leaf_value=-0.26648633812438777 8.1788100384843769 -4.8792359766364104 -6.1991010826479167 0.41647413771099118 0.5922771307468232 1.4875077326002955
leaf_weight=2880 144 144 523 1205 1872 1296
leaf_count=2880 144 144 523 1205 1872 1296
internal_value=0.00040453 0.73474 -0.268334 -1.58824 0.199229 0.278082
internal_weight=8064 2160 5904 1728 2016 4176
internal_count=8064 2160 5904 1728 2016 4176
is_linear=0
shrinkage=0.05


Tree=98
num_leaves=6
num_cat=0
split_feature=3 3 5 2 3
split_gain=620510 1.80189e+06 3.1044e+06 848840 835685
threshold=-229.57853020833338 -318.21471805555524 1.0000000180025095e-35 580.24906428571433 73.361305208333548
decision_type=2 2 2 2 2
left_child=1 -1 -3 4 -2
right_child=3 2 -4 -5 -6
leaf_value=-2.7126477883602012 -0.54209667625306746 9.2849482630861218 -1.0727346912129172 3.1354107496739947 0.60756022441983493
leaf_weight=144 5158 144 144 196 2278
leaf_count=144 5158 144 144 196 2278
internal_value=0.000380156 1.84166 4.12031 -0.104071 -0.189868
internal_weight=8064 432 288 7632 7436
internal_count=8064 432 288 7632 7436
is_linear=0
shrinkage=0.05


Tree=99
num_leaves=5
num_cat=0
split_feature=3 0 2 3
split_gain=579413 4.69315e+06 1.09024e+06 668229
threshold=270.87893229166622 4465.3411500000011 -845.96904285714334 82.983218402778235
decision_type=2 2 2 2
left_child=2 -2 -1 -4
right_child=1 -3 3 -5
leaf_value=-4.3068578764302847 -1.9269343381954565 9.0791466642732495 -0.26483049851857737 0.88009053988781272
leaf_weight=150 287 145 5854 1628
leaf_count=150 287 145 5854 1628
internal_value=0.000415091 1.77967 -0.100518 -0.0156241
internal_weight=8064 432 7632 7482
internal_count=8064 432 7632 7482
is_linear=0
shrinkage=0.05


end of trees

feature_importances:
Column_3=205
Column_2=164
Column_5=57
Column_1=47
Column_0=46
Column_4=22
Column_7=12
Column_6=8

parameters:
[boosting: gbdt]
[objective: regression]
[metric: l2]
[tree_learner: serial]
[device_type: cpu]
[data_sample_strategy: bagging]
[data: ]
[valid: ]
[num_iterations: 100]
[learning_rate: 0.05]
[num_leaves: 7]
[num_threads: 1]
[seed: 20250911]
[deterministic: 1]
[force_col_wise: 1]
[force_row_wise: 0]
[histogram_pool_size: -1]
[max_depth: 3]
[min_data_in_leaf: 144]
[min_sum_hessian_in_leaf: 0.001]
[bagging_fraction: 1]
[pos_bagging_fraction: 1]
[neg_bagging_fraction: 1]
[bagging_freq: 0]
[bagging_seed: 20250911]
[bagging_by_query: 0]
[feature_fraction: 1]
[feature_fraction_bynode: 1]
[feature_fraction_seed: 20250911]
[extra_trees: 0]
[extra_seed: 26685]
[early_stopping_round: 0]
[early_stopping_min_delta: 0]
[first_metric_only: 0]
[max_delta_step: 0]
[lambda_l1: 0]
[lambda_l2: 1]
[linear_lambda: 0]
[min_gain_to_split: 0]
[drop_rate: 0.1]
[max_drop: 50]
[skip_drop: 0.5]
[xgboost_dart_mode: 0]
[uniform_drop: 0]
[drop_seed: 2504]
[top_rate: 0.2]
[other_rate: 0.1]
[min_data_per_group: 100]
[max_cat_threshold: 32]
[cat_l2: 10]
[cat_smooth: 10]
[max_cat_to_onehot: 4]
[top_k: 20]
[monotone_constraints: ]
[monotone_constraints_method: basic]
[monotone_penalty: 0]
[feature_contri: ]
[forcedsplits_filename: ]
[refit_decay_rate: 0.9]
[cegb_tradeoff: 1]
[cegb_penalty_split: 0]
[cegb_penalty_feature_lazy: ]
[cegb_penalty_feature_coupled: ]
[path_smooth: 0]
[interaction_constraints: ]
[verbosity: -1]
[saved_feature_importance_type: 0]
[use_quantized_grad: 0]
[num_grad_quant_bins: 4]
[quant_train_renew_leaf: 0]
[stochastic_rounding: 1]
[linear_tree: 0]
[max_bin: 63]
[max_bin_by_feature: ]
[min_data_in_bin: 3]
[bin_construct_sample_cnt: 200000]
[data_random_seed: 20250911]
[is_enable_sparse: 1]
[enable_bundle: 1]
[use_missing: 1]
[zero_as_missing: 0]
[feature_pre_filter: 0]
[pre_partition: 0]
[two_round: 0]
[header: 0]
[label_column: ]
[weight_column: ]
[group_column: ]
[ignore_column: ]
[categorical_feature: ]
[forcedbins_filename: ]
[precise_float_parser: 0]
[parser_config_file: ]
[objective_seed: 19683]
[num_class: 1]
[is_unbalance: 0]
[scale_pos_weight: 1]
[sigmoid: 1]
[boost_from_average: 1]
[reg_sqrt: 0]
[alpha: 0.9]
[fair_c: 1]
[poisson_max_delta_step: 0.7]
[tweedie_variance_power: 1.5]
[lambdarank_truncation_level: 30]
[lambdarank_norm: 1]
[label_gain: ]
[lambdarank_position_bias_regularization: 0]
[eval_at: ]
[multi_error_top_k: 1]
[auc_mu_weights: ]
[num_machines: 1]
[local_listen_port: 12400]
[time_out: 120]
[machine_list_filename: ]
[machines: ]
[gpu_platform_id: -1]
[gpu_device_id: -1]
[gpu_device_id_list: ]
[gpu_use_dp: 0]
[num_gpu: 1]

end of parameters

pandas_categorical:null
