tree
version=v4
num_class=1
num_tree_per_iteration=1
label_index=0
max_feature_idx=7
objective=regression
feature_names=Column_0 Column_1 Column_2 Column_3 Column_4 Column_5 Column_6 Column_7
feature_infos=[0:10105.3207] [-2183.6624999999995:2542.174500000001] [-1776.6499857142862:1771.9660714285719] [-334.19214513888892:502.61053680555551] [-1:1] [-1:1] [-1:1] [-1:1]
tree_sizes=750 760 757 759 756 757 762 760 758 757 758 760 760 760 758 760 761 758 761 764 758 758 760 761 763 681 679 752 763 765 679 763 759 758 759 679 680 761 765 764 763 679 594 675 766 677 771 680 677 771 765 593 685 761 593 682 770 674 596 597 680 772 510 766 771 679 507 675 773 775 682 759 774 768 764 599 679 770 761 601 769 761 598 772 671 589 671 673 588 757 674 588 674 767 758 769 672 591 756 770

Tree=0
num_leaves=7
num_cat=0
split_feature=2 2 2 2 2 3
split_gain=2.77647e+08 1.90794e+08 4.61646e+07 2.69752e+07 2.0925e+07 1.6066e+07
threshold=256.24482142857147 -249.21717857142946 748.73605000000077 -16.114792857142898 -578.28234285714268 -115.88908020833331
decision_type=2 2 2 2 2 2
left_child=1 4 5 -3 -1 -2
right_child=2 3 -4 -5 -6 -7
leaf_value=-47.303388550186867 23.66308372972583 -16.524226104660531 43.793945141336216 -6.6657827945837562 -29.00516195372191 8.2954275685427561
leaf_weight=237 261 790 152 5651 474 499
leaf_count=237 261 790 152 5651 474 499
internal_value=-7.27709 -10.5913 18.6884 -7.87619 -35.1522 13.6067
internal_weight=8064 7152 912 6441 711 760
internal_count=8064 7152 912 6441 711 760
is_linear=0
shrinkage=1


Tree=1
num_leaves=7
num_cat=0
split_feature=2 2 2 2 1 3
split_gain=2.50681e+08 1.72248e+08 4.17033e+07 2.44837e+07 1.89885e+07 1.45082e+07
threshold=256.24482142857147 -249.21717857142946 748.73605000000077 -3.1624428571428571 983.09630000000027 -115.88908020833331
decision_type=2 2 2 2 2 2
left_child=1 4 5 -3 -1 -2
right_child=2 3 -4 -5 -6 -7
leaf_value=-21.405386375489154 29.399071351831196 -8.3701255950965425 48.534175005146103 0.64869600025171459 -39.845307143162465 14.795450838994237
leaf_weight=517 261 869 152 5572 194 499
leaf_count=517 261 869 152 5572 194 499
internal_value=0.000168555 -3.14898 24.6725 -0.569206 -26.4857 19.8427
internal_weight=8064 7152 912 6441 711 760
internal_count=8064 7152 912 6441 711 760
is_linear=0
shrinkage=0.05


Tree=2
num_leaves=7
num_cat=0
split_feature=2 2 2 2 0 3
split_gain=2.27042e+08 1.57265e+08 3.43637e+07 2.28054e+07 1.83863e+07 1.17258e+07
threshold=275.16182857142843 -249.21717857142946 748.73605000000077 -3.1624428571428571 8811.3000000000011 -115.88908020833331
decision_type=2 2 2 2 2 2
left_child=1 4 5 -3 -1 -2
right_child=2 3 -4 -5 -6 -7
leaf_value=-19.480017838236684 28.85057110585241 -7.952100380522082 46.123326879700812 0.74419786670388832 -36.696871824244148 15.011971626741053
leaf_weight=478 236 869 152 5648 233 448
leaf_count=478 236 869 152 5648 233 448
internal_value=0.000307439 -2.85411 24.6533 -0.41644 -25.1657 19.8218
internal_weight=8064 7228 836 6517 711 684
internal_count=8064 7228 836 6517 711 684
is_linear=0
shrinkage=0.05


Tree=3
num_leaves=7
num_cat=0
split_feature=2 2 2 2 2 3
split_gain=2.05072e+08 1.40326e+08 3.50532e+07 2.0024e+07 1.75997e+07 1.05613e+07
threshold=256.24482142857147 -249.21717857142946 561.32709285714338 -16.114792857142898 -578.28234285714268 -115.88908020833331
decision_type=2 2 2 2 2 2
left_child=1 4 5 -3 -1 -2
right_child=2 3 -4 -5 -6 -7
leaf_value=-35.047390971414181 24.885246071113549 -7.9702824640552867 36.166822105782934 0.52349748630168103 -18.281318301351448 10.753032571272181
leaf_weight=237 196 790 304 5651 474 412
leaf_count=237 196 790 304 5651 474 412
internal_value=0.00045701 -2.84784 22.3157 -0.519355 -23.9114 15.3422
internal_weight=8064 7152 912 6441 711 608
internal_count=8064 7152 912 6441 711 608
is_linear=0
shrinkage=0.05


Tree=4
num_leaves=7
num_cat=0
split_feature=2 2 2 2 2 3
split_gain=1.85481e+08 1.284e+08 2.90917e+07 2.10618e+07 1.24667e+07 9.63016e+06
threshold=275.16182857142843 -186.84954999999897 748.73605000000077 -578.28234285714268 151.06637857142883 -115.88908020833331
decision_type=2 2 2 2 2 2
left_child=1 3 5 -1 -3 -2
right_child=2 4 -4 -5 -6 -7
leaf_value=-33.302384383337845 26.02041123237791 -0.78473389790985904 42.035711531487166 -15.784690562648606 7.1973466281364029 13.480376621509979
leaf_weight=237 236 5826 152 632 533 448
leaf_count=237 236 5826 152 632 533 448
internal_value=0.000502479 -2.57946 22.2831 -20.595 -0.114664 17.8387
internal_weight=8064 7228 836 869 6359 684
internal_count=8064 7228 836 869 6359 684
is_linear=0
shrinkage=0.05


Tree=5
num_leaves=7
num_cat=0
split_feature=2 2 2 2 0 3
split_gain=1.67569e+08 1.17719e+08 2.36503e+07 1.84315e+07 1.54813e+07 7.8436e+06
threshold=302.3048571428572 -249.21717857142946 748.73605000000077 -3.1624428571428571 8811.3000000000011 -115.88908020833331
decision_type=2 2 2 2 2 2
left_child=1 4 5 -3 -1 -2
right_child=2 3 -4 -5 -6 -7
leaf_value=-16.428965162210527 25.611719169126491 -7.0200620703998657 39.947663799610012 0.79100266542399567 -32.214195707618686 13.634980923705029
leaf_weight=478 213 869 152 5724 233 395
leaf_count=478 213 869 152 5724 233 395
internal_value=0.000718296 -2.32533 22.329 -0.239455 -21.6399 17.8659
internal_weight=8064 7304 760 6593 711 608
internal_count=8064 7304 760 6593 711 608
is_linear=0
shrinkage=0.05


Tree=6
num_leaves=7
num_cat=0
split_feature=2 2 2 1 2 3
split_gain=1.52416e+08 1.01373e+08 3.23181e+07 1.51141e+07 1.47192e+07 1.11336e+07
threshold=215.23151428571444 -249.21717857142946 561.32709285714338 983.09630000000027 -16.114792857142898 -115.88908020833331
decision_type=2 2 2 2 2 2
left_child=1 3 5 -1 -3 -2
right_child=2 4 -4 -5 -6 -7
leaf_value=-16.041073438973964 20.871139891196272 -7.0327158514730517 31.384639996231581 -32.463448279698689 0.26193740388737485 7.8971878013164671
leaf_weight=517 244 790 304 194 5499 516
leaf_count=517 244 790 304 194 5499 516
internal_value=0.000833179 -2.67988 17.6231 -20.5613 -0.655361 12.0845
internal_weight=8064 7000 1064 711 6289 760
internal_count=8064 7000 1064 711 6289 760
is_linear=0
shrinkage=0.05


Tree=7
num_leaves=7
num_cat=0
split_feature=2 2 2 2 2 3
split_gain=1.37892e+08 9.37699e+07 2.42547e+07 1.7108e+07 9.51084e+06 7.35564e+06
threshold=256.24482142857147 -186.84954999999897 561.32709285714338 -578.28234285714268 -3.1624428571428571 -115.88908020833331
decision_type=2 2 2 2 2 2
left_child=1 3 5 -1 -3 -2
right_child=2 4 -4 -5 -6 -7
leaf_value=-29.168795283401717 20.462357695404499 -5.6461243880556884 29.820552803781194 -13.386337795163877 0.49075869792330695 8.6708038316511935
leaf_weight=237 196 711 304 632 5572 412
leaf_count=237 196 711 304 632 5572 412
internal_value=0.000821774 -2.33479 18.2994 -17.7192 -0.204494 12.4994
internal_weight=8064 7152 912 869 6283 608
internal_count=8064 7152 912 869 6283 608
is_linear=0
shrinkage=0.05


Tree=8
num_leaves=7
num_cat=0
split_feature=2 2 2 3 2 3
split_gain=1.25321e+08 8.15594e+07 2.99751e+07 1.48058e+07 1.3325e+07 1.03333e+07
threshold=180.86785714285682 -278.28301428571439 454.20962142857212 121.05025659722197 -16.114792857142898 -115.88908020833331
decision_type=2 2 2 2 2 2
left_child=1 3 5 -1 -3 -2
right_child=2 4 -4 -5 -6 -7
leaf_value=-14.03558426204969 17.570949694813599 -6.6236267399856423 24.910329984340422 -30.120720447232372 0.048722849762894038 4.852947963950335
leaf_weight=410 228 869 456 222 5347 532
leaf_count=410 228 869 456 222 5347 532
internal_value=0.000850377 -2.6263 14.7859 -19.7244 -0.88499 8.68642
internal_weight=8064 6848 1216 632 6216 760
internal_count=8064 6848 1216 632 6216 760
is_linear=0
shrinkage=0.05


Tree=9
num_leaves=7
num_cat=0
split_feature=2 2 2 2 2 3
split_gain=1.13486e+08 8.09719e+07 1.50327e+07 1.46818e+07 1.35607e+07 2.24151e+06
threshold=361.30308571428583 -186.84954999999897 151.06637857142883 -578.28234285714268 748.73605000000077 -83.891253472222147
decision_type=2 2 2 2 2 2
left_child=1 3 -3 -1 5 -2
right_child=4 2 -4 -5 -6 -7
leaf_value=-26.635800564789974 20.11673154567244 -0.66427268055757516 6.8036208516265466 -12.017672769358091 33.685701306583056 12.945924310924108
leaf_weight=237 216 5826 761 632 152 240
leaf_count=237 216 5826 761 632 152 240
internal_value=0.000786805 -1.69409 0.199399 -16.0305 20.754 16.3792
internal_weight=8064 7456 6587 869 608 456
internal_count=8064 7456 6587 869 608 456
is_linear=0
shrinkage=0.05


Tree=10
num_leaves=7
num_cat=0
split_feature=2 2 2 0 2 3
split_gain=1.02904e+08 7.41671e+07 1.57739e+07 1.39596e+07 9.86182e+06 2.55585e+06
threshold=396.69417857142827 -186.84954999999897 151.06637857142883 8963.1022500000017 748.73605000000077 -70.478298958333184
decision_type=2 2 2 2 2 2
left_child=1 3 -3 -1 5 -2
right_child=4 2 -4 -5 -6 -7
leaf_value=-11.712658908289528 21.20778674552454 -0.63106478873812277 6.7055418374003555 -26.734277986951653 32.012424725410987 12.837386450245607
leaf_weight=667 180 5826 837 202 152 200
leaf_count=667 180 5826 837 202 152 200
internal_value=0.000959704 -1.50127 0.291421 -15.2312 21.2323 16.8476
internal_weight=8064 7532 6663 869 532 380
internal_count=8064 7532 6663 869 532 380
is_linear=0
shrinkage=0.05


Tree=11
num_leaves=7
num_cat=0
split_feature=2 2 2 2 2 3
split_gain=9.29262e+07 6.77747e+07 1.85709e+07 1.24242e+07 8.90773e+06 2.30822e+06
threshold=396.69417857142827 -75.94527857142883 -426.40639999999979 151.06637857142883 748.73605000000077 -70.478298958333184
decision_type=2 2 2 2 2 2
left_child=1 2 -1 -3 5 -2
right_child=4 3 -4 -5 -6 -7
leaf_value=-20.963784976469146 20.153255676037702 -0.17026154756716103 -7.8820077951064054 6.3706647562943317 30.422265256308265 12.198710483223644
leaf_weight=395 180 5431 869 837 152 200
leaf_count=395 180 5431 869 837 152 200
internal_value=0.00112057 -1.42642 -11.9834 0.704061 20.1769 16.0097
internal_weight=8064 7532 1264 6268 532 380
internal_count=8064 7532 1264 6268 532 380
is_linear=0
shrinkage=0.05


Tree=12
num_leaves=7
num_cat=0
split_feature=2 2 2 3 2 3
split_gain=8.4013e+07 5.85969e+07 1.44406e+07 1.33227e+07 1.30523e+07 5.15392e+06
threshold=275.16182857142843 -313.13092857142777 748.73605000000077 121.05025659722197 -3.1624428571428571 -115.88908020833331
decision_type=2 2 2 2 2 2
left_child=1 3 5 -1 -3 -2
right_child=2 4 -4 -5 -6 -7
leaf_value=-11.32783839175071 17.848692473127873 -5.6202269082887151 28.911093463773042 -27.419128603520605 0.50501701072228367 8.6851976245116926
leaf_weight=347 236 1027 152 206 5648 448
leaf_count=347 236 1027 152 206 5648 448
internal_value=0.00131328 -1.73504 14.9978 -17.3607 -0.438099 11.8683
internal_weight=8064 7228 836 553 6675 684
internal_count=8064 7228 836 553 6675 684
is_linear=0
shrinkage=0.05


Tree=13
num_leaves=7
num_cat=0
split_feature=2 2 2 3 2 3
split_gain=7.675e+07 5.02838e+07 1.89994e+07 1.20316e+07 1.02969e+07 9.14107e+06
threshold=180.86785714285682 -313.13092857142777 561.32709285714338 121.05025659722197 -16.114792857142898 -115.88908020833331
decision_type=2 2 2 2 2 2
left_child=1 3 5 -1 -3 -2
right_child=2 4 -4 -5 -6 -7
leaf_value=-10.763074030924118 15.454320836194469 -5.5832504925693929 22.381839806290927 -26.054794769413803 0.06829796349201149 4.6029312636591433
leaf_weight=347 280 948 304 206 5347 632
leaf_count=347 280 948 304 206 5347 632
internal_value=0.00131944 -2.05463 11.5717 -16.4962 -0.783553 7.94778
internal_weight=8064 6848 1216 553 6295 912
internal_count=8064 6848 1216 553 6295 912
is_linear=0
shrinkage=0.05


Tree=14
num_leaves=7
num_cat=0
split_feature=2 2 0 2 2 4
split_gain=6.99915e+07 5.02971e+07 1.50728e+07 9.33676e+06 6.64879e+06 1.74995e+06
threshold=396.69417857142827 -75.94527857142883 8963.1022500000017 151.06637857142883 748.73605000000077 0.27976242230339698
decision_type=2 2 2 2 2 2
left_child=1 2 -1 -3 5 -2
right_child=4 3 -4 -5 -6 -7
leaf_value=-7.8876177030883614 11.13907442157573 -0.16026515218824292 -22.575386387734188 5.509999635883192 26.363209316153934 18.246237169236554
leaf_weight=1055 234 5431 209 837 152 146
leaf_count=1055 234 5431 209 837 152 146
internal_value=0.0012541 -1.23767 -10.3321 0.597674 17.5112 13.9104
internal_weight=8064 7532 1264 6268 532 380
internal_count=8064 7532 1264 6268 532 380
is_linear=0
shrinkage=0.05


Tree=15
num_leaves=7
num_cat=0
split_feature=2 2 2 1 2 3
split_gain=6.32056e+07 4.61309e+07 1.04185e+07 1.03683e+07 6.00538e+06 1.68455e+06
threshold=396.69417857142827 -278.28301428571439 151.06637857142883 983.09630000000027 748.73605000000077 -70.478298958333184
decision_type=2 2 2 2 2 2
left_child=1 3 -3 -1 5 -2
right_child=4 2 -4 -5 -6 -7
leaf_value=-9.9047825242939833 16.754800404698809 -0.71298816178889712 5.2348284827318565 -23.958072553289696 25.053664399751653 9.9688353568760331
leaf_weight=445 180 6063 837 187 152 200
leaf_count=445 180 6063 837 187 152 200
internal_value=0.00138138 -1.17595 0.00916187 -14.0942 16.6408 13.2188
internal_weight=8064 7532 6900 632 532 380
internal_count=8064 7532 6900 632 532 380
is_linear=0
shrinkage=0.05


Tree=16
num_leaves=7
num_cat=0
split_feature=2 2 0 2 2 4
split_gain=5.70771e+07 4.21995e+07 1.27412e+07 7.52361e+06 5.42439e+06 1.57257e+06
threshold=396.69417857142827 -75.94527857142883 8963.1022500000017 151.06637857142883 748.73605000000077 0.27976242230339698
decision_type=2 2 2 2 2 2
left_child=1 2 -1 -3 5 -2
right_child=4 3 -4 -5 -6 -7
leaf_value=-7.2001888757383616 9.9409001241846298 -0.11661050317531921 -20.704055038491887 4.9733993966505823 23.809168598854466 16.665044968468802
leaf_weight=1055 234 5431 209 837 152 146
leaf_count=1055 234 5431 209 837 152 146
internal_value=0.00145138 -1.11735 -9.44763 0.563771 15.8137 12.5613
internal_weight=8064 7532 1264 6268 532 380
internal_count=8064 7532 1264 6268 532 380
is_linear=0
shrinkage=0.05


Tree=17
num_leaves=7
num_cat=0
split_feature=2 2 3 2 2 3
split_gain=5.15434e+07 3.83924e+07 1.01399e+07 9.29479e+06 4.89946e+06 1.5123e+06
threshold=396.69417857142827 -313.13092857142777 121.05025659722197 -3.1624428571428571 748.73605000000077 -70.478298958333184
decision_type=2 2 2 2 2 2
left_child=1 2 -1 -3 5 -2
right_child=4 3 -4 -5 -6 -7
leaf_value=-8.4744305582481569 15.282504920554425 -4.4463022063099888 -22.501423665002925 0.70223768358590521 22.6264909909052 8.8645592388228991
leaf_weight=347 180 1027 206 5952 152 200
leaf_count=347 180 1027 206 5952 152 200
internal_value=0.0015485 -1.06163 -13.7309 -0.055928 15.0277 11.9368
internal_weight=8064 7532 553 6979 532 380
internal_count=8064 7532 553 6979 532 380
is_linear=0
shrinkage=0.05


Tree=18
num_leaves=7
num_cat=0
split_feature=2 2 3 3 2 2
split_gain=4.76531e+07 3.16408e+07 1.34363e+07 1.30836e+07 8.79896e+06 6.68527e+06
threshold=180.86785714285682 -426.40639999999979 -115.88908020833331 121.05025659722197 -75.94527857142883 508.49950000000041
decision_type=2 2 2 2 2 2
left_child=1 3 -2 -1 -3 -4
right_child=2 4 5 -5 -6 -7
leaf_value=-7.5764473938838748 16.190812721676419 -5.4536536172237895 2.494254888362355 -26.044478501612886 -0.047745448506579823 13.072565501009056
leaf_weight=230 432 869 584 165 5584 200
leaf_count=230 432 869 584 165 5584 200
internal_value=0.00154581 -1.61847 9.11861 -15.3372 -0.77647 5.20602
internal_weight=8064 6848 1216 395 6453 784
internal_count=8064 6848 1216 395 6453 784
is_linear=0
shrinkage=0.05


Tree=19
num_leaves=7
num_cat=0
split_feature=2 2 3 4 2 2
split_gain=4.31234e+07 2.91162e+07 1.02367e+07 9.1465e+06 6.18477e+06 5.36953e+06
threshold=215.23151428571444 -313.13092857142777 -115.88908020833331 -0.32136297141497078 -3.1624428571428571 508.49950000000041
decision_type=2 2 2 2 2 2
left_child=1 3 -2 -1 -3 -4
right_child=2 4 5 -5 -6 -7
leaf_value=-1.6723111489597633 15.737530100345612 -4.0348727808910123 2.6431880916867936 -16.267624593008417 0.19517258090214293 12.422189132728388
leaf_weight=146 396 1027 468 407 5420 200
leaf_count=146 396 1027 468 407 5420 200
internal_value=0.00142287 -1.42449 9.37494 -12.4242 -0.47919 5.58522
internal_weight=8064 7000 1064 553 6447 668
internal_count=8064 7000 1064 553 6447 668
is_linear=0
shrinkage=0.05


Tree=20
num_leaves=7
num_cat=0
split_feature=2 2 3 2 2 3
split_gain=3.9106e+07 2.74533e+07 1.16236e+07 8.26506e+06 6.54734e+06 2.50731e+06
threshold=302.3048571428572 -426.40639999999979 121.05025659722197 -16.114792857142898 748.73605000000077 -115.88908020833331
decision_type=2 2 2 2 2 2
left_child=1 2 -1 -3 5 -2
right_child=4 3 -4 -5 -6 -7
leaf_value=-6.6137050739098431 12.813921962608802 -4.3475916939726158 -24.016353161071976 0.36681991415923088 20.0532385152929 6.0587617403329022
leaf_weight=230 213 1106 165 5803 152 395
leaf_count=230 213 1106 165 5803 152 395
internal_value=0.00140765 -1.12228 -13.9255 -0.388388 10.7879 8.44244
internal_weight=8064 7304 395 6909 760 608
internal_count=8064 7304 395 6909 760 608
is_linear=0
shrinkage=0.05


Tree=21
num_leaves=7
num_cat=0
split_feature=2 0 2 3 5 2
split_gain=3.58694e+07 2.41822e+07 1.08835e+07 1.04245e+07 6.4261e+06 5.012e+06
threshold=180.86785714285682 9171.9463000000014 -75.94527857142883 -115.88908020833331 -0.6913484944011038 508.49950000000041
decision_type=2 2 2 2 2 2
left_child=1 2 -1 4 -2 -5
right_child=3 -3 -4 5 -6 -7
leaf_value=-5.457446497162131 18.44413642388314 -21.465083406733818 -0.060621343654244556 2.1172955223026437 5.4653084938279513 11.276460127391626
leaf_weight=1121 288 146 5581 584 144 200
leaf_count=1121 288 146 5581 584 144 200
internal_value=0.00136404 -1.40415 -0.963993 7.91127 14.1405 4.46521
internal_weight=8064 6848 6702 1216 432 784
internal_count=8064 6848 6702 1216 432 784
is_linear=0
shrinkage=0.05


Tree=22
num_leaves=7
num_cat=0
split_feature=2 0 2 3 5 2
split_gain=3.23848e+07 2.18407e+07 9.82333e+06 9.41202e+06 5.80077e+06 4.55767e+06
threshold=180.86785714285682 9171.9463000000014 -75.94527857142883 -115.88908020833331 -0.6913484944011038 454.20962142857212
decision_type=2 2 2 2 2 2
left_child=1 2 -1 4 -2 -5
right_child=3 -3 -4 5 -6 -7
leaf_value=-5.184817482972079 17.525120528887921 -20.399130200366585 -0.057590828444882142 1.6121592433993859 5.1939275470273252 9.768046632291302
leaf_weight=1121 288 146 5581 532 144 252
leaf_count=1121 288 146 5581 532 144 252
internal_value=0.00135978 -1.33414 -0.915834 7.51724 13.4362 4.2428
internal_weight=8064 6848 6702 1216 432 784
internal_count=8064 6848 6702 1216 432 784
is_linear=0
shrinkage=0.05


Tree=23
num_leaves=7
num_cat=0
split_feature=2 2 6 2 2 6
split_gain=2.93759e+07 2.17957e+07 7.4286e+06 4.99777e+06 3.45756e+06 1.38783e+06
threshold=396.69417857142827 -249.21717857142946 0.64278760968653947 151.06637857142883 748.73605000000077 -0.49999999999999972
decision_type=2 2 2 2 2 2
left_child=1 2 -1 -3 5 -2
right_child=4 3 -4 -5 -6 -7
leaf_value=-12.295623469051222 12.606121432944519 -0.43873220944662372 -0.89232865655841553 3.6840618670093415 17.719791186177265 6.3360678844280161
leaf_weight=513 145 5984 198 837 152 235
leaf_count=513 145 5984 198 837 152 235
internal_value=0.00134427 -0.801287 -9.12574 0.0676388 11.3451 8.7554
internal_weight=8064 7532 711 6821 532 380
internal_count=8064 7532 711 6821 532 380
is_linear=0
shrinkage=0.05


Tree=24
num_leaves=7
num_cat=0
split_feature=2 2 3 2 2 6
split_gain=2.65278e+07 2.00562e+07 9.97557e+06 6.15592e+06 3.12288e+06 1.25378e+06
threshold=396.69417857142827 -426.40639999999979 121.05025659722197 -3.1624428571428571 748.73605000000077 -0.49999999999999972
decision_type=2 2 2 2 2 2
left_child=1 2 -1 -3 5 -2
right_child=4 3 -4 -5 -6 -7
leaf_value=-4.9472523769258938 11.980132357469977 -3.4429830627563032 -21.059737076026849 0.50181834032668649 16.839592424560998 6.0206066939916658
leaf_weight=230 145 1185 165 5952 152 235
leaf_count=230 145 1185 165 5952 152 235
internal_value=0.00144267 -0.761288 -11.714 -0.153552 10.7813 8.32011
internal_weight=8064 7532 395 7137 532 380
internal_count=8064 7532 395 7137 532 380
is_linear=0
shrinkage=0.05


Tree=25
num_leaves=6
num_cat=0
split_feature=2 0 3 2 2
split_gain=2.46453e+07 1.72208e+07 1.15816e+07 6.92919e+06 4.98821e+06
threshold=151.06637857142883 9171.9463000000014 118.50141874999964 -75.94527857142883 748.73605000000077
decision_type=2 2 2 2 2
left_child=1 3 4 -1 -2
right_child=2 -3 -4 -5 -6
leaf_value=-4.445673627490776 6.5635450051635278 -18.173485374207399 -6.5888974774746032 -0.12930740172097996 16.355226560087015
leaf_weight=1121 1063 146 158 5428 148
leaf_count=1121 1063 146 158 5428 148
internal_value=0.00140706 -1.24874 6.11161 -0.868711 7.77272
internal_weight=8064 6695 1369 6549 1211
internal_count=8064 6695 1369 6549 1211
is_linear=0
shrinkage=0.05


Tree=26
num_leaves=6
num_cat=0
split_feature=2 0 3 2 2
split_gain=2.22473e+07 1.55534e+07 1.0457e+07 6.2542e+06 4.50689e+06
threshold=151.06637857142883 9171.9463000000014 118.50141874999964 -75.94527857142883 748.73605000000077
decision_type=2 2 2 2 2
left_child=1 3 4 -1 -2
right_child=2 -3 -4 -5 -6
leaf_value=-4.2235880241249548 6.2356761359686699 -17.270992370203242 -6.2615245796599481 -0.12284319527079431 15.542953576330071
leaf_weight=1121 1063 146 158 5428 148
leaf_count=1121 1063 146 158 5428 148
internal_value=0.00129693 -1.18647 5.80663 -0.82531 7.38503
internal_weight=8064 6695 1369 6549 1211
internal_count=8064 6695 1369 6549 1211
is_linear=0
shrinkage=0.05


Tree=27
num_leaves=7
num_cat=0
split_feature=2 2 3 2 3 2
split_gain=2.02665e+07 1.54547e+07 8.70594e+06 4.44e+06 2.37176e+06 469963
threshold=396.69417857142827 -426.40639999999979 121.05025659722197 -3.1624428571428571 -115.88908020833331 561.32709285714338
decision_type=2 2 2 2 2 2
left_child=1 2 -1 -3 -2 -6
right_child=4 3 -4 -5 5 -7
leaf_value=-3.9622123798766697 13.23587228203642 -2.9256002992686847 -19.009639061071788 0.42459450113857555 4.4183338791926703 8.4260227832918861
leaf_weight=230 231 1185 165 5952 149 152
leaf_count=230 231 1185 165 5952 149 152
internal_value=0.00119428 -0.665475 -10.28 -0.131991 9.42337 6.46335
internal_weight=8064 7532 395 7137 532 301
internal_count=8064 7532 395 7137 532 301
is_linear=0
shrinkage=0.05


Tree=28
num_leaves=7
num_cat=0
split_feature=1 2 3 3 6 2
split_gain=1.87417e+07 1.73941e+07 6.77116e+06 5.5364e+06 4.12152e+06 3.39153e+06
threshold=-431.28860000000026 -426.40639999999979 -171.2626572916665 121.05025659722197 -0.46130913087034953 -3.1624428571428571
decision_type=2 2 2 2 2 2
left_child=2 3 -1 -2 -4 -3
right_child=1 5 4 -5 -6 -7
leaf_value=16.324759882018412 -5.8294423769337476 -2.7139876344982459 9.6306893961468418 -18.064882858833638 1.1952548140096009 0.28322031257633051
leaf_weight=168 212 1126 260 165 326 5807
leaf_count=168 212 1126 260 165 326 5807
internal_value=0.0011383 -0.773377 7.50112 -11.2181 4.94797 -0.203882
internal_weight=8064 7310 754 377 586 6933
internal_count=8064 7310 754 377 586 6933
is_linear=0
shrinkage=0.05


Tree=29
num_leaves=7
num_cat=0
split_feature=2 0 3 2 5 2
split_gain=1.74578e+07 1.23464e+07 6.59334e+06 4.61515e+06 4.61475e+06 2.77819e+06
threshold=180.86785714285682 9171.9463000000014 -115.88908020833331 -36.34578571428596 -0.6913484944011038 361.30308571428583
decision_type=2 2 2 2 2 2
left_child=1 3 4 -1 -2 -4
right_child=2 -3 5 -5 -6 -7
leaf_value=-3.3667528544253353 14.117829848078296 -15.313679108165559 0.11861536187765527 -0.027855670910139785 3.1352096593791043 6.1047976581619947
leaf_weight=1278 288 146 436 5424 144 348
leaf_count=1278 288 146 436 5424 144 348
internal_value=0.00108652 -0.979458 5.51937 -0.664955 10.4727 2.78014
internal_weight=8064 6848 1216 6702 432 784
internal_count=8064 6848 1216 6702 432 784
is_linear=0
shrinkage=0.05


Tree=30
num_leaves=6
num_cat=0
split_feature=2 0 3 2 3
split_gain=1.58176e+07 1.10424e+07 8.76067e+06 4.02559e+06 3.43537e+06
threshold=151.06637857142883 9171.9463000000014 118.50141874999964 -75.94527857142883 14.705188194444419
decision_type=2 2 2 2 2
left_child=1 3 4 -1 -2
right_child=2 -3 -4 -5 -6
leaf_value=-3.4225428184550823 4.9939882256552455 -14.553203453660823 -6.1484888289334645 -0.13256832021313447 11.63722306110421
leaf_weight=1121 967 146 158 5428 244
leaf_count=1121 967 146 158 5428 244
internal_value=0.00106177 -1.00047 4.89612 -0.696154 6.34101
internal_weight=8064 6695 1369 6549 1211
internal_count=8064 6695 1369 6549 1211
is_linear=0
shrinkage=0.05


Tree=31
num_leaves=7
num_cat=0
split_feature=1 0 3 5 3 6
split_gain=1.47465e+07 1.37615e+07 1.28582e+07 9.15431e+06 5.71021e+06 3.72694e+06
threshold=-431.28860000000026 8494.3358500000013 118.50141874999964 -0.94670478576706751 -171.2626572916665 -0.46130913087034953
decision_type=2 2 2 2 2 2
left_child=4 3 -3 -2 -1 -6
right_child=1 2 -4 -5 5 -7
leaf_value=14.756033306855423 9.9257970598734673 -2.5019747637023997 -19.961354237690308 -0.46383219903934797 8.762405459725537 0.74243949215619942
leaf_weight=168 218 276 170 6646 260 326
leaf_count=168 218 276 170 6646 260 326
internal_value=0.000961378 -0.68606 -9.18666 -0.132461 6.65369 4.30965
internal_weight=8064 7310 446 6864 754 586
internal_count=8064 7310 446 6864 754 586
is_linear=0
shrinkage=0.05


Tree=32
num_leaves=7
num_cat=0
split_feature=2 2 3 2 6 2
split_gain=1.34686e+07 1.00275e+07 6.30209e+06 2.93404e+06 1.95964e+06 995508
threshold=454.20962142857212 -426.40639999999979 121.05025659722197 78.828542857142807 -0.64278760968653958 650.69464285714378
decision_type=2 2 2 2 2 2
left_child=1 2 -1 -3 -2 -6
right_child=4 3 -4 -5 5 -7
leaf_value=-2.8738244608883221 12.688088148221913 -0.56389022008022249 -15.672952091442534 2.0026173943068919 2.8519896931483828 8.7208424717590614
leaf_weight=230 165 5838 165 1375 144 147
leaf_count=230 165 5838 165 1375 144 147
internal_value=0.00098312 -0.499739 -8.24637 -0.0744321 8.33796 5.83638
internal_weight=8064 7608 395 7213 456 291
internal_count=8064 7608 395 7213 456 291
is_linear=0
shrinkage=0.05


Tree=33
num_leaves=7
num_cat=0
split_feature=1 0 3 5 3 4
split_gain=1.234e+07 1.18197e+07 1.09855e+07 8.09756e+06 5.03651e+06 3.2667e+06
threshold=-431.28860000000026 8494.3358500000013 118.50141874999964 -0.94670478576706751 -171.2626572916665 0.27976242230339698
decision_type=2 2 2 2 2 2
left_child=4 3 -3 -2 -1 -6
right_child=1 2 -4 -5 5 -7
leaf_value=13.69571535940001 9.3454743792477259 -2.3267187265712863 -18.46480045393545 -0.42609560887501757 0.65979542061907603 8.2013697926533897
leaf_weight=168 218 276 170 6646 336 250
leaf_count=168 218 276 170 6646 336 250
internal_value=0.000978324 -0.62749 -8.50555 -0.114435 6.08672 3.88568
internal_weight=8064 7310 446 6864 754 586
internal_count=8064 7310 446 6864 754 586
is_linear=0
shrinkage=0.05


Tree=34
num_leaves=7
num_cat=0
split_feature=2 2 3 5 6 2
split_gain=1.12795e+07 8.59211e+06 4.60929e+06 3.06922e+06 1.66819e+06 854511
threshold=454.20962142857212 -249.21717857142946 -40.378976736111092 -0.94670478576706751 -0.64278760968653958 650.69464285714378
decision_type=2 2 2 2 2 2
left_child=1 2 -1 -3 -2 -6
right_child=4 3 -4 -5 5 -7
leaf_value=1.2747581370050014 11.643711361253118 4.0892656912406293 -8.0093911663618655 -0.19499931118768044 2.5586227150621088 7.9948678158525688
leaf_weight=178 165 446 533 6451 144 147
leaf_count=178 165 446 533 6451 144 147
internal_value=0.000995641 -0.457231 -5.68656 0.0825988 7.63041 5.32274
internal_weight=8064 7608 711 6897 456 291
internal_count=8064 7608 711 6897 456 291
is_linear=0
shrinkage=0.05


Tree=35
num_leaves=6
num_cat=0
split_feature=1 2 3 0 6
split_gain=1.03306e+07 1.0393e+07 4.43897e+06 3.45173e+06 2.89233e+06
threshold=-431.28860000000026 -578.28234285714268 -171.2626572916665 8494.3358500000013 -0.46130913087034953
decision_type=2 2 2 2 2
left_child=2 -2 -1 -3 -4
right_child=1 3 4 -5 -6
leaf_value=12.712357097476193 -11.081328583678655 -0.0027959981104753091 7.4258413544331479 -5.4659718271172206 0.36175827834219748
leaf_weight=168 227 6782 260 301 326
leaf_count=168 227 6782 260 301 326
internal_value=0.00106587 -0.573961 5.56931 -0.235699 3.5033
internal_weight=8064 7310 754 7083 586
internal_count=8064 7310 754 7083 586
is_linear=0
shrinkage=0.05


Tree=36
num_leaves=6
num_cat=0
split_feature=2 0 3 5 3
split_gain=9.66474e+06 7.01187e+06 7.00789e+06 3.93002e+06 3.58539e+06
threshold=151.06637857142883 9171.9463000000014 118.50141874999964 -0.98812630719300909 14.705188194444419
decision_type=2 2 2 2 2
left_child=1 3 4 -1 -2
right_child=2 -3 -4 -5 -6
leaf_value=7.5440103545480843 3.7460942613236101 -11.581531132402874 -6.0490982298581102 -0.72480084861196503 10.526903355681167
leaf_weight=146 967 146 158 6403 244
leaf_count=146 967 146 158 6403 244
internal_value=0.00103704 -0.781831 3.82738 -0.539337 5.11989
internal_weight=8064 6695 1369 6549 1211
internal_count=8064 6695 1369 6549 1211
is_linear=0
shrinkage=0.05


Tree=37
num_leaves=7
num_cat=0
split_feature=2 1 0 5 4 0
split_gain=8.95498e+06 7.22516e+06 5.56927e+06 4.94206e+06 1.41701e+06 1.30863e+06
threshold=454.20962142857212 99.264650000000088 8494.3358500000013 -0.91509365977396839 -0.2376293295203116 7364.5316000000012
decision_type=2 2 2 2 2 2
left_child=1 3 -3 -1 -2 -6
right_child=4 2 -4 -5 5 -7
leaf_value=5.6949513124654176 2.7126230280010066 -1.7984115141705166 -8.9886588122036013 -0.038561275115300164 11.89366657164112 5.341705319772359
leaf_weight=401 146 1072 359 5776 158 152
leaf_count=401 146 1072 359 5776 158 152
internal_value=0.00100666 -0.407282 -3.60727 0.33451 6.79897 8.7086
internal_weight=8064 7608 1431 6177 456 310
internal_count=8064 7608 1431 6177 456 310
is_linear=0
shrinkage=0.05


Tree=38
num_leaves=7
num_cat=0
split_feature=2 2 4 0 3 5
split_gain=8.11423e+06 6.53837e+06 4.04708e+06 3.09581e+06 2.73026e+06 1.73346e+06
threshold=-75.94527857142883 454.20962142857212 0.15208718494349097 8963.1022500000017 -17.638489930555348 -0.94670478576706751
decision_type=2 2 2 2 2 2
left_child=2 5 3 -1 -4 -2
right_child=1 -3 4 -5 -6 -7
leaf_value=0.73968233184930976 3.7259636516864725 6.4612043629068259 -1.4081322499485904 -7.3728097006185171 -8.9303304060030797 0.071278721457611799
leaf_weight=531 342 456 171 150 412 6002
leaf_count=531 342 456 171 150 412 6002
internal_value=0.00104819 0.684997 -3.67605 -1.0554 -6.73018 0.268856
internal_weight=8064 6800 1264 681 583 6344
internal_count=8064 6800 1264 681 583 6344
is_linear=0
shrinkage=0.05


Tree=39
num_leaves=7
num_cat=0
split_feature=1 0 3 5 3 4
split_gain=7.48577e+06 8.07379e+06 8.93804e+06 6.20154e+06 3.844e+06 2.59171e+06
threshold=-431.28860000000026 8494.3358500000013 118.50141874999964 -0.94670478576706751 -171.2626572916665 0.27976242230339698
decision_type=2 2 2 2 2 2
left_child=4 3 -3 -2 -1 -6
right_child=1 2 -4 -5 5 -7
leaf_value=11.387108183541947 8.214138094645385 -1.4290143304783516 -15.982495137473993 -0.33725634439365959 -0.052004910665025342 6.6633068201551398
leaf_weight=168 218 276 170 6646 336 250
leaf_count=168 218 276 170 6646 336 250
internal_value=0.000954163 -0.488536 -6.99965 -0.0645079 4.74091 2.81936
internal_weight=8064 7310 446 6864 754 586
internal_count=8064 7310 446 6864 754 586
is_linear=0
shrinkage=0.05


Tree=40
num_leaves=7
num_cat=0
split_feature=2 1 6 3 3 0
split_gain=7.03186e+06 5.28104e+06 3.86334e+06 3.37796e+06 3.19029e+06 2.14063e+06
threshold=-3.1624428571428571 -431.28860000000026 -0.34202014332566827 -83.891253472222147 75.863539583333036 8963.1022500000017
decision_type=2 2 2 2 2 2
left_child=2 3 4 -2 -1 -4
right_child=1 -3 5 -5 -6 -7
leaf_value=-8.2696458232112047 8.0499307260735247 0.24230387543155568 0.36498798924478992 0.94074690592694921 -1.2312620958960099 -6.0918832121751247
leaf_weight=450 377 5807 724 300 251 155
leaf_count=450 377 5807 724 300 251 155
internal_value=0.000958926 0.72989 -2.989 4.90566 -5.75483 -0.779224
internal_weight=8064 6484 1580 677 701 879
internal_count=8064 6484 1580 677 701 879
is_linear=0
shrinkage=0.05


Tree=41
num_leaves=6
num_cat=0
split_feature=2 3 2 3 0
split_gain=6.37426e+06 5.79123e+06 5.0235e+06 3.54302e+06 2.377e+06
threshold=151.06637857142883 118.50141874999964 -682.99749285714222 14.705188194444419 166.95805000000004
decision_type=2 2 2 2 2
left_child=2 3 -1 -2 -4
right_child=1 -3 4 -5 -6
leaf_value=-9.4162147591323979 2.9190480742126335 -5.8689449961455367 0.32979286596058988 9.6568028376053796 -1.6313425336177787
leaf_weight=158 967 158 4034 244 2503
leaf_count=158 967 158 4034 244 2503
internal_value=0.000873818 3.10832 -0.634908 4.28346 -0.421255
internal_weight=8064 1369 6695 1211 6537
internal_count=8064 1369 6695 1211 6537
is_linear=0
shrinkage=0.05


Tree=42
num_leaves=5
num_cat=0
split_feature=1 2 3 2
split_gain=5.94421e+06 6.1014e+06 3.26777e+06 2.25647e+06
threshold=-657.38184999999964 -578.28234285714268 -146.92082916666638 -3.1624428571428571
decision_type=2 2 2 2
left_child=2 -2 -1 -3
right_child=1 3 -4 -5
leaf_value=10.60315131069498 -8.332843129517455 -1.961750652193796 1.9882966246177902 0.32564328666491088
leaf_weight=187 230 1310 267 6070
leaf_count=187 230 1310 267 6070
internal_value=0.000805266 -0.331068 5.55221 -0.0805954
internal_weight=8064 7610 454 7380
internal_count=8064 7610 454 7380
is_linear=0
shrinkage=0.05


Tree=43
num_leaves=6
num_cat=0
split_feature=2 3 2 0 3
split_gain=5.50799e+06 4.50313e+06 8.95302e+06 1.5896e+06 3.01149e+06
threshold=396.69417857142827 403.21990868055587 -313.13092857142777 7364.5316000000012 -70.478298958333184
decision_type=2 2 2 2 2
left_child=1 2 -1 4 -2
right_child=3 -3 -4 -5 -6
leaf_value=-6.9439032864924704 11.411861728694705 8.3794829577413097 -0.046559623089938891 1.3391257347783658 1.9059102352922128
leaf_weight=504 179 144 6884 197 156
leaf_count=504 179 144 6884 197 156
internal_value=0.00078125 -0.346769 -0.517964 4.91278 7.00406
internal_weight=8064 7532 7388 532 335
internal_count=8064 7532 7388 532 335
is_linear=0
shrinkage=0.05


Tree=44
num_leaves=7
num_cat=0
split_feature=1 0 3 5 3 4
split_gain=5.09584e+06 5.94915e+06 7.87594e+06 5.49768e+06 2.84448e+06 2.36369e+06
threshold=-431.28860000000026 8494.3358500000013 118.50141874999964 -0.94670478576706751 -171.2626572916665 -0.1950438958025166
decision_type=2 2 2 2 2 2
left_child=4 3 -3 -2 -1 -6
right_child=1 2 -4 -5 5 -7
leaf_value=9.6285073400921473 7.7556519757667095 -0.76520162095662059 -14.424142583629541 -0.29584559087896684 -2.1621743151843549 4.5321967358748934
leaf_weight=168 218 276 170 6646 199 387
leaf_count=168 218 276 170 6646 199 387
internal_value=0.000841676 -0.403021 -5.99215 -0.0390383 3.91162 2.25904
internal_weight=8064 7310 446 6864 754 586
internal_count=8064 7310 446 6864 754 586
is_linear=0
shrinkage=0.05


Tree=45
num_leaves=6
num_cat=0
split_feature=2 3 3 2 3
split_gain=4.63281e+06 4.91846e+06 4.40646e+06 7.17239e+06 3.46739e+06
threshold=151.06637857142883 118.50141874999964 403.21990868055587 -313.13092857142777 14.705188194444419
decision_type=2 2 2 2 2
left_child=2 4 3 -1 -2
right_child=1 -3 -4 -5 -6
leaf_value=-6.4564467777238042 2.3840407215205044 -5.6226390748653774 8.0803969201137278 -0.25380128986065442 9.0479535701566824
leaf_weight=504 967 158 144 6047 244
leaf_count=504 967 158 144 6047 244
internal_value=0.000826058 2.65 -0.541194 -0.731913 3.73309
internal_weight=8064 1369 6695 6551 1211
internal_count=8064 1369 6695 6551 1211
is_linear=0
shrinkage=0.05


Tree=46
num_leaves=7
num_cat=0
split_feature=3 3 3 1 3 3
split_gain=4.42629e+06 1.9581e+07 4.66399e+06 4.47193e+06 4.84282e+06 4.05152e+06
threshold=-115.88908020833331 -121.31573368055545 -126.68820763888924 99.264650000000088 26.249189930555534 -92.068457638888944
decision_type=2 2 2 2 2 2
left_child=1 2 -1 5 -5 -2
right_child=3 -3 -4 4 -6 -7
leaf_value=1.4926065390811953 -4.7809659112056702 19.829949028985254 -7.9152798607431611 -7.2174875223050563 -0.92420387996996167 0.48895357041079007
leaf_weight=1440 395 144 144 477 849 4615
leaf_count=1440 395 144 144 477 849 4615
internal_value=0.00082925 2.24319 0.63289 -0.610981 -3.19181 0.0725897
internal_weight=8064 1728 1584 6336 1326 5010
internal_count=8064 1728 1584 6336 1326 5010
is_linear=0
shrinkage=0.05


Tree=47
num_leaves=6
num_cat=0
split_feature=1 2 3 0 5
split_gain=4.31454e+06 4.4214e+06 2.76403e+06 1.89157e+06 1.64654e+06
threshold=-657.38184999999964 -578.28234285714268 -83.891253472222147 7511.9691000000012 -0.97111091670450067
decision_type=2 2 2 2 2
left_child=2 -2 3 -1 -3
right_child=1 4 -4 -5 -6
leaf_value=11.390437524785337 -7.0935877882557001 2.9987462090377948 -0.93300149201535865 3.5324663490434234 -0.25050741021712092
leaf_weight=151 230 412 146 157 6968
leaf_count=151 230 412 146 157 6968
internal_value=0.000793829 -0.28195 4.73038 7.40931 -0.0687311
internal_weight=8064 7610 454 308 7380
internal_count=8064 7610 454 308 7380
is_linear=0
shrinkage=0.05


Tree=48
num_leaves=6
num_cat=0
split_feature=2 3 2 4 0
split_gain=3.92553e+06 3.83563e+06 6.49644e+06 1.05562e+06 1.00272e+06
threshold=454.20962142857212 403.21990868055587 -313.13092857142777 -0.2376293295203116 7364.5316000000012
decision_type=2 2 2 2 2
left_child=1 2 -1 -2 -5
right_child=3 -3 -4 4 -6
leaf_value=-5.9017736251755517 0.98699573464945056 7.7848438540820428 -0.028603319099742636 8.9301307112540851 3.2175570835085474
leaf_weight=504 146 144 6960 158 152
leaf_count=504 146 144 6960 158 152
internal_value=0.000813932 -0.26951 -0.425921 4.50167 6.14848
internal_weight=8064 7608 7464 456 310
internal_count=8064 7608 7464 456 310
is_linear=0
shrinkage=0.05


Tree=49
num_leaves=7
num_cat=0
split_feature=3 3 3 0 3 3
split_gain=3.74921e+06 1.77308e+07 4.17624e+06 4.0258e+06 8.37304e+06 3.05078e+06
threshold=-115.88908020833331 -121.31573368055545 -126.68820763888924 8382.2621500000005 118.50141874999964 -92.068457638888944
decision_type=2 2 2 2 2 2
left_child=1 2 -1 5 -5 -2
right_child=3 -3 -4 4 -6 -7
leaf_value=1.345881880686433 -4.3138275560564727 18.799832193687045 -7.5564631168287377 -0.058740461375339927 -13.386572552574137 0.12961327149922724
leaf_weight=1440 415 144 144 331 182 5408
leaf_count=1440 415 144 144 331 182 5408
internal_value=0.000866165 2.06461 0.532321 -0.562209 -4.80398 -0.187753
internal_weight=8064 1728 1584 6336 513 5823
internal_count=8064 1728 1584 6336 513 5823
is_linear=0
shrinkage=0.05


Tree=50
num_leaves=7
num_cat=0
split_feature=1 0 3 5 3 6
split_gain=3.63339e+06 4.1918e+06 6.4003e+06 4.9259e+06 2.48695e+06 1.10379e+06
threshold=-476.04649999999987 8494.3358500000013 118.50141874999964 -0.97111091670450067 -83.891253472222147 -0.46130913087034953
decision_type=2 2 2 2 2 2
left_child=4 3 -3 -2 5 -1
right_child=1 2 -4 -5 -6 -7
leaf_value=8.9187916840170782 9.1014454811811447 -0.33608745396985706 -12.614025121979546 -0.21211243550141565 -0.09370947247074897 3.6040598785049767
leaf_weight=181 144 280 170 6791 282 216
leaf_count=181 144 280 170 6791 282 216
internal_value=0.000791613 -0.321202 -4.9921 -0.0174392 3.49821 6.04347
internal_weight=8064 7385 450 6935 679 397
internal_count=8064 7385 450 6935 679 397
is_linear=0
shrinkage=0.05


Tree=51
num_leaves=5
num_cat=0
split_feature=3 2 3 2
split_gain=3.40595e+06 5.91035e+06 8.93407e+06 2.98579e+06
threshold=403.21990868055587 -313.13092857142777 121.05025659722197 561.32709285714338
decision_type=2 2 2 2
left_child=1 2 -1 -3
right_child=-2 3 -4 -5
leaf_value=-0.88191664369626988 7.5947261426366612 0.010419808407745545 -15.227945078022874 5.0624735754923744
leaf_weight=347 144 7112 157 304
leaf_count=347 144 7112 157 304
internal_value=0.000803908 -0.138209 -5.37212 0.21817
internal_weight=8064 7920 504 7416
internal_count=8064 7920 504 7416
is_linear=0
shrinkage=0.05


Tree=52
num_leaves=6
num_cat=0
split_feature=3 3 3 3 2
split_gain=3.14456e+06 1.60558e+07 3.78705e+06 3.54896e+06 6.81877e+06
threshold=-115.88908020833331 -121.31573368055545 -156.34206319444408 403.21990868055587 -313.13092857142777
decision_type=2 2 2 2 2
left_child=1 2 -1 4 -2
right_child=3 -3 -4 -5 -6
leaf_value=2.2800477081597799 -6.4522615513801576 17.815889468110843 -2.7985363073453335 7.2176086881242956 -0.21767063922028776
leaf_weight=1008 474 144 576 144 5718
leaf_count=1008 474 144 576 144 5718
internal_value=0.00074238 1.89076 0.432689 -0.514933 -0.695896
internal_weight=8064 1728 1584 6336 6192
internal_count=8064 1728 1584 6336 6192
is_linear=0
shrinkage=0.05


Tree=53
num_leaves=7
num_cat=0
split_feature=1 0 3 5 4 3
split_gain=3.07101e+06 3.34966e+06 6.30996e+06 4.8414e+06 2.34648e+06 2.46175e+06
threshold=-431.28860000000026 8382.2621500000005 118.50141874999964 -0.94670478576706751 -0.32136297141497078 -158.5131982638886
decision_type=2 2 2 2 2 2
left_child=4 3 -3 -2 -1 -6
right_child=1 2 -4 -5 5 -7
leaf_value=-1.5839973267794836 7.9325668373415557 0.01850189893871923 -11.6553710435909 -0.24657703333051431 10.291213103529858 2.714470706202436
leaf_weight=201 185 315 182 6628 145 408
leaf_count=201 185 315 182 6628 145 408
internal_value=0.00081589 -0.312705 -4.27126 -0.0233492 3.03678 4.71613
internal_weight=8064 7310 497 6813 754 553
internal_count=8064 7310 497 6813 754 553
is_linear=0
shrinkage=0.05


Tree=54
num_leaves=5
num_cat=0
split_feature=3 2 3 2
split_gain=2.85873e+06 4.77997e+06 4.06013e+06 2.35657e+06
threshold=403.21990868055587 -75.94527857142883 -83.891253472222147 748.73605000000077
decision_type=2 2 2 2
left_child=1 2 -1 -3
right_child=-2 3 -4 -5
leaf_value=2.7413394604550034 6.9580103939977196 0.25089307575751069 -4.4827116100428013 6.5282055474184704
leaf_weight=243 144 6563 962 152
leaf_count=243 144 6563 962 152
internal_value=0.000821408 -0.126535 -3.02485 0.393937
internal_weight=8064 7920 1205 6715
internal_count=8064 7920 1205 6715
is_linear=0
shrinkage=0.05


Tree=55
num_leaves=6
num_cat=0
split_feature=2 3 3 0 3
split_gain=2.66555e+06 3.91633e+06 2.99693e+06 4.11479e+06 2.51581e+06
threshold=78.828542857142807 118.50141874999964 403.21990868055587 166.95805000000004 14.705188194444419
decision_type=2 2 2 2 2
left_child=2 4 3 -1 -2
right_child=1 -3 -4 -5 -6
leaf_value=0.29354057703633213 1.4535161391063105 -4.5184106785670988 6.6125092648637711 -2.4305234825404427 6.1450199310737919
leaf_weight=3956 1237 223 144 2133 371
leaf_count=3956 1237 223 144 2133 371
internal_value=0.000854705 1.67755 -0.491881 -0.660952 2.53909
internal_weight=8064 1831 6233 6089 1608
internal_count=8064 1831 6233 6089 1608
is_linear=0
shrinkage=0.05


Tree=56
num_leaves=7
num_cat=0
split_feature=3 3 3 3 5 2
split_gain=2.55235e+06 1.45575e+07 3.5278e+06 3.1627e+06 7.51004e+06 2.9644e+06
threshold=-115.88908020833331 -121.31573368055545 -126.68820763888924 -92.068457638888944 -0.48087430661751701 -682.99749285714222
decision_type=2 2 2 2 2 2
left_child=1 2 -1 4 -2 -5
right_child=3 -3 -4 5 -6 -7
leaf_value=1.0631581306835607 -13.726119412421376 16.86752051164364 -7.1188465437395827 -6.9620314624829165 0.15628961571655076 0.023339384786849438
leaf_weight=1440 147 144 144 155 285 5749
leaf_count=1440 147 144 144 155 285 5749
internal_value=0.00085881 1.70363 0.315317 -0.463728 -4.58838 -0.161198
internal_weight=8064 1728 1584 6336 432 5904
internal_count=8064 1728 1584 6336 432 5904
is_linear=0
shrinkage=0.05


Tree=57
num_leaves=6
num_cat=0
split_feature=1 2 4 1 3
split_gain=2.54922e+06 2.62808e+06 2.14775e+06 2.1461e+06 1.89486e+06
threshold=-431.28860000000026 -578.28234285714268 -0.48087430661751701 667.50590000000022 -158.5131982638886
decision_type=2 2 2 2 2
left_child=2 -2 -1 -3 -4
right_child=1 3 4 -5 -6
leaf_value=-2.404573753794784 -5.568640240190323 -0.28292186650956158 8.7387351744014055 4.3888913925956272 2.406546301101816
leaf_weight=158 227 6829 162 254 434
leaf_count=158 227 6829 162 254 434
internal_value=0.000755763 -0.284891 2.7668 -0.114792 4.13947
internal_weight=8064 7310 754 7083 596
internal_count=8064 7310 754 7083 596
is_linear=0
shrinkage=0.05


Tree=58
num_leaves=5
num_cat=0
split_feature=3 1 2 5
split_gain=2.43422e+06 3.87589e+06 4.14486e+06 3.65264e+06
threshold=403.21990868055587 99.264650000000088 -578.28234285714268 -0.91509365977396839
decision_type=2 2 2 2
left_child=1 3 -3 -1
right_child=-2 2 -4 -5
leaf_value=4.14470873097242 6.4206447639958615 -9.5303187836714791 -1.450878568257477 0.020046714737149557
leaf_weight=589 144 182 1202 5947
leaf_count=589 144 182 1202 5947
internal_value=0.000763081 -0.116758 -2.51946 0.392323
internal_weight=8064 7920 1384 6536
internal_count=8064 7920 1384 6536
is_linear=0
shrinkage=0.05


Tree=59
num_leaves=5
num_cat=0
split_feature=3 3 0 3
split_gain=2.19848e+06 3.60834e+06 9.05656e+06 4.17883e+06
threshold=403.21990868055587 121.05025659722197 8382.2621500000005 75.863539583333036
decision_type=2 2 2 2
left_child=1 3 -3 -1
right_child=-2 2 -4 -5
leaf_value=0.029128262250604949 6.1018265650190164 -0.96006870678216361 -13.700658497420498 5.1099159565175656
leaf_weight=6192 144 1138 158 432
leaf_count=6192 144 1138 158 432
internal_value=0.000722484 -0.110963 -2.52269 0.361205
internal_weight=8064 7920 1296 6624
internal_count=8064 7920 1296 6624
is_linear=0
shrinkage=0.05


Tree=60
num_leaves=6
num_cat=0
split_feature=2 3 3 0 3
split_gain=2.16425e+06 3.40062e+06 2.31363e+06 3.31175e+06 2.30062e+06
threshold=78.828542857142807 118.50141874999964 403.21990868055587 166.95805000000004 14.705188194444419
decision_type=2 2 2 2 2
left_child=2 4 3 -1 -2
right_child=1 -3 -4 -5 -6
leaf_value=0.26442575374613936 1.276338430166678 -4.2620479393484336 5.7988392655602823 -2.1794090992050994 5.7625022619642241
leaf_weight=3956 1237 223 144 2133 371
leaf_count=3956 1237 223 144 2133 371
internal_value=0.000665153 1.5115 -0.443326 -0.591876 2.31433
internal_weight=8064 1831 6233 6089 1608
internal_count=8064 1831 6233 6089 1608
is_linear=0
shrinkage=0.05


Tree=61
num_leaves=7
num_cat=0
split_feature=3 3 3 3 5 3
split_gain=2.12803e+06 1.32373e+07 3.14228e+06 2.91018e+06 6.87699e+06 2.78448e+06
threshold=-115.88908020833331 -121.31573368055545 -126.68820763888924 -92.068457638888944 -0.48087430661751701 -83.891253472222147
decision_type=2 2 2 2 2 2
left_child=1 2 -1 4 -2 -5
right_child=3 -3 -4 5 -6 -7
leaf_value=0.93749766986950256 -13.124239820886302 16.015374560684993 -6.7845037361157354 3.726474165495735 0.16015249623076899 -0.43869183802857753
leaf_weight=1440 147 144 144 432 285 5472
leaf_count=1440 147 144 144 432 285 5472
internal_value=0.000673207 1.55547 0.23166 -0.423541 -4.3801 -0.133344
internal_weight=8064 1728 1584 6336 432 5904
internal_count=8064 1728 1584 6336 432 5904
is_linear=0
shrinkage=0.05


Tree=62
num_leaves=4
num_cat=0
split_feature=2 3 2
split_gain=2.08848e+06 1.88198e+06 2.98305e+06
threshold=748.73605000000077 403.21990868055587 -578.28234285714268
decision_type=2 2 2
left_child=1 2 -1
right_child=-2 -3 -4
leaf_value=-6.2284377828759343 5.7866795552504904 5.5326802839081868 -0.056877024255503228
leaf_weight=200 152 144 7568
leaf_count=200 152 144 7568
internal_value=0.000642582 -0.111232 -0.216555
internal_weight=8064 7912 7768
internal_count=8064 7912 7768
is_linear=0
shrinkage=0.05


Tree=63
num_leaves=7
num_cat=0
split_feature=1 0 3 5 3 3
split_gain=1.98686e+06 1.94163e+06 4.19742e+06 3.88573e+06 1.78788e+06 1.09606e+06
threshold=-476.04649999999987 8494.3358500000013 118.50141874999964 -0.97111091670450067 -83.891253472222147 -134.51111284722239
decision_type=2 2 2 2 2 2
left_child=4 3 -3 -2 5 -1
right_child=1 2 -4 -5 -6 -7
leaf_value=2.6799341575753304 8.0683468056547234 0.35192161437879682 -9.5888472420430322 -0.20362737391284447 -0.45733420745644049 8.105342396205625
leaf_weight=247 144 280 170 6791 282 150
leaf_count=247 144 280 170 6791 282 150
internal_value=0.000641668 -0.237467 -3.41641 -0.0307276 2.58692 4.74505
internal_weight=8064 7385 450 6935 679 397
internal_count=8064 7385 450 6935 679 397
is_linear=0
shrinkage=0.05


Tree=64
num_leaves=7
num_cat=0
split_feature=3 3 3 3 5 3
split_gain=1.81834e+06 1.19414e+07 2.93472e+06 2.69633e+06 6.35655e+06 2.43589e+06
threshold=-115.88908020833331 -121.31573368055545 -156.34206319444408 -92.068457638888944 -0.48087430661751701 -83.891253472222147
decision_type=2 2 2 2 2 2
left_child=1 2 -1 4 -2 -5
right_child=3 -3 -4 5 -6 -7
leaf_value=1.8069141824648516 -12.606649712291924 15.171798819180195 -2.6637550116153483 3.4979931166348224 0.16515252681878898 -0.39773744686024948
leaf_weight=1008 147 144 576 432 285 5472
leaf_count=1008 147 144 576 432 285 5472
internal_value=0.0006651 1.43788 0.180561 -0.391469 -4.19989 -0.11214
internal_weight=8064 1728 1584 6336 432 5904
internal_count=8064 1728 1584 6336 432 5904
is_linear=0
shrinkage=0.05


Tree=65
num_leaves=6
num_cat=0
split_feature=2 3 3 3 2
split_gain=1.81239e+06 3.07281e+06 3.2603e+06 1.92208e+06 2.36211e+06
threshold=151.06637857142883 118.50141874999964 14.705188194444419 403.21990868055587 -578.28234285714268
decision_type=2 2 2 2 2
left_child=3 2 -2 4 -1
right_child=1 -3 -4 -5 -6
leaf_value=-5.8008457251745673 1.2072562949531829 -4.8801455274974028 7.6664242524030257 5.3557768630981446 -0.29537595934200839
leaf_weight=200 967 158 244 144 6351
leaf_count=200 967 158 244 144 6351
internal_value=0.000662673 1.65763 2.51394 -0.338353 -0.464316
internal_weight=8064 1369 1211 6695 6551
internal_count=8064 1369 1211 6695 6551
is_linear=0
shrinkage=0.05


Tree=66
num_leaves=4
num_cat=0
split_feature=2 3 2
split_gain=1.72118e+06 1.5919e+06 2.49947e+06
threshold=748.73605000000077 403.21990868055587 -186.84954999999897
decision_type=2 2 2
left_child=1 2 -1
right_child=-2 -3 -4
leaf_value=-2.8156762953738084 5.2533012459480695 5.0898349804713812 0.10944069617975377
leaf_weight=815 152 144 6953
leaf_count=815 152 144 6953
internal_value=0.000649709 -0.100912 -0.197779
internal_weight=8064 7912 7768
internal_count=8064 7912 7768
is_linear=0
shrinkage=0.05


Tree=67
num_leaves=6
num_cat=0
split_feature=1 3 3 2 0
split_gain=1.6326e+06 1.64569e+06 1.48426e+06 3.1401e+06 1.31882e+06
threshold=-657.38184999999964 -83.891253472222147 403.21990868055587 -578.28234285714268 7511.9691000000012
decision_type=2 2 2 2 2
left_child=1 4 3 -2 -1
right_child=2 -3 -4 -5 -6
leaf_value=8.2988727795450323 -6.5485893116399794 -1.4557865538564672 4.837098230164627 -0.10305852875071748 1.7508011381837385
leaf_weight=151 193 146 144 7273 157
leaf_count=151 193 146 144 7273 157
internal_value=0.000664575 2.91001 -0.173262 -0.270534 4.97753
internal_weight=8064 454 7610 7466 308
internal_count=8064 454 7610 7466 308
is_linear=0
shrinkage=0.05


Tree=68
num_leaves=7
num_cat=0
split_feature=3 3 5 0 5 1
split_gain=1.53056e+06 6.89692e+06 6.76885e+06 5.09291e+06 2.93766e+06 2.14039e+06
threshold=118.50141874999964 75.863539583333036 1.0000000180025095e-35 8277.3017500000024 -0.94670478576706751 535.35055000000023
decision_type=2 2 2 2 2 2
left_child=1 4 -3 5 -1 -2
right_child=3 2 -4 -5 -6 -7
leaf_value=3.1799880341018318 -1.039233794501994 15.516858604457873 0.21115620134205654 -9.0037657606941437 -0.38265425634878292 5.1241681824315277
leaf_weight=645 1234 144 144 192 5547 158
leaf_count=645 1234 144 144 192 5547 158
internal_value=0.000673381 0.341285 7.89122 -1.39207 -0.0110921 -0.336476
internal_weight=8064 6480 288 1584 6192 1392
internal_count=8064 6480 288 1584 6192 1392
is_linear=0
shrinkage=0.05


Tree=69
num_leaves=7
num_cat=0
split_feature=3 3 3 3 5 3
split_gain=1.53152e+06 1.08122e+07 2.69426e+06 2.47221e+06 5.8637e+06 2.20923e+06
threshold=-115.88908020833331 -121.31573368055545 -126.68820763888924 -92.068457638888944 -0.48087430661751701 -83.891253472222147
decision_type=2 2 2 2 2 2
left_child=1 2 -1 4 -2 -5
right_child=3 -3 -4 5 -6 -7
leaf_value=0.77700542329185585 -12.080147153068637 14.388134927379674 -6.3733270814501006 3.3463800231825056 0.18644831443166399 -0.36367940989154668
leaf_weight=1440 147 144 144 432 285 5472
leaf_count=1440 147 144 144 432 285 5472
internal_value=0.000724058 1.31973 0.123364 -0.359156 -4.00586 -0.0916909
internal_weight=8064 1728 1584 6336 432 5904
internal_count=8064 1728 1584 6336 432 5904
is_linear=0
shrinkage=0.05


Tree=70
num_leaves=6
num_cat=0
split_feature=2 3 3 3 0
split_gain=1.46832e+06 2.55053e+06 1.96594e+06 1.50671e+06 2.53473e+06
threshold=78.828542857142807 118.50141874999964 14.705188194444419 403.21990868055587 166.95805000000004
decision_type=2 2 2 2 2
left_child=3 2 -2 4 -1
right_child=1 -3 -4 -5 -6
leaf_value=0.26423902525369991 0.98110627813177465 -3.7548751684986721 5.1278051003933918 4.672356583825473 -1.8737604861099695
leaf_weight=3956 1237 223 371 144 2133
leaf_count=3956 1237 223 371 144 2133
internal_value=0.000687127 1.24512 1.94043 -0.365018 -0.484895
internal_weight=8064 1831 1608 6233 6089
internal_count=8064 1831 1608 6233 6089
is_linear=0
shrinkage=0.05


Tree=71
num_leaves=7
num_cat=0
split_feature=5 3 0 1 3 0
split_gain=1.41218e+06 6.56296e+06 3.07044e+06 3.25818e+06 1.20563e+06 705012
threshold=-0.97111091670450067 -40.378976736111092 8089.8326500000012 667.50590000000022 36.847733680555628 8680.6565000000028
decision_type=2 2 2 2 2 2
left_child=1 -1 3 -2 -4 -3
right_child=2 5 4 -5 -6 -7
leaf_value=8.0323140155362047 -0.15987388697557814 0.31021072423621399 -8.276127195989849 6.3448283196398707 -1.9817758721800951 -4.2814919436038457
leaf_weight=275 6946 145 150 197 155 196
leaf_count=275 6946 145 150 197 155 196
internal_value=0.000686348 2.29944 -0.189719 0.0203852 -5.09429 -2.33381
internal_weight=8064 616 7448 7143 305 341
internal_count=8064 616 7448 7143 305 341
is_linear=0
shrinkage=0.05


Tree=72
num_leaves=7
num_cat=0
split_feature=3 3 3 3 5 3
split_gain=1.3313e+06 9.73876e+06 2.47122e+06 2.26353e+06 5.35732e+06 1.97559e+06
threshold=-115.88908020833331 -121.31573368055545 -156.34206319444408 -92.068457638888944 -0.48087430661751701 -83.891253472222147
decision_type=2 2 2 2 2 2
left_child=1 2 -1 4 -2 -5
right_child=3 -3 -4 5 -6 -7
leaf_value=1.5874585741541993 -11.542052546304626 13.633174770947162 -2.515001700800461 3.1722402151957949 0.18290349795268135 -0.33616090032222523
leaf_weight=1008 147 144 576 432 285 5472
leaf_count=1008 147 144 576 432 285 5472
internal_value=0.000651964 1.23042 0.0950093 -0.334881 -3.82428 -0.0789549
internal_weight=8064 1728 1584 6336 432 5904
internal_count=8064 1728 1584 6336 432 5904
is_linear=0
shrinkage=0.05


Tree=73
num_leaves=7
num_cat=0
split_feature=1 4 3 0 3 5
split_gain=1.32308e+06 1.78768e+06 1.78658e+06 1.28991e+06 3.80109e+06 3.40399e+06
threshold=-431.28860000000026 -0.32136297141497078 -60.943062152777877 8382.2621500000005 118.50141874999964 -0.94670478576706751
decision_type=2 2 2 2 2 2
left_child=1 -1 -3 5 -5 -2
right_child=3 2 -4 4 -6 -7
leaf_value=-2.0375945470120649 6.6455465437423804 5.5192365787081812 -0.45254970478514833 0.6658297428224661 -8.3928853358075912 -0.21275770688553952
leaf_weight=201 185 362 191 315 182 6628
leaf_count=201 185 362 191 315 182 6628
internal_value=0.000645287 1.99338 3.45955 -0.205142 -2.66164 -0.0255796
internal_weight=8064 754 553 7310 497 6813
internal_count=8064 754 553 7310 497 6813
is_linear=0
shrinkage=0.05


Tree=74
num_leaves=7
num_cat=0
split_feature=5 3 3 0 1 3
split_gain=1.23176e+06 5.65234e+06 3.26961e+06 2.68665e+06 2.95844e+06 1.17586e+06
threshold=-0.97111091670450067 -78.430476736110663 26.249189930555534 8089.8326500000012 667.50590000000022 36.847733680555628
decision_type=2 2 2 2 2 2
left_child=1 -1 -3 4 -2 -5
right_child=3 2 -4 5 -6 -7
leaf_value=8.8102866170519878 -0.15243553394169942 -6.6933650841195904 2.4113481592984849 -7.9068092118825355 6.0458430971762152 -1.6933816350423374
leaf_weight=209 6946 165 242 150 197 155
leaf_count=209 6946 165 242 150 197 155
internal_value=0.000623774 2.14752 -1.28711 -0.177203 0.0193319 -4.76502
internal_weight=8064 616 407 7448 7143 305
internal_count=8064 616 407 7448 7143 305
is_linear=0
shrinkage=0.05


Tree=75
num_leaves=5
num_cat=0
split_feature=3 3 5 2
split_gain=1.17737e+06 2.22042e+06 2.67926e+06 1.39229e+06
threshold=403.21990868055587 230.74994236111095 1.0000000180025095e-35 78.828542857142807
decision_type=2 2 2 2
left_child=1 3 -3 -1
right_child=-2 2 -4 -5
leaf_value=-0.29182278825854446 4.4654067705417502 -9.1808014532820934 0.44480922747274926 1.302269114487294
leaf_weight=5844 144 144 144 1788
leaf_count=5844 144 144 144 1788
internal_value=0.000597688 -0.0811342 -4.38311 0.0817575
internal_weight=8064 7920 288 7632
internal_count=8064 7920 288 7632
is_linear=0
shrinkage=0.05


Tree=76
num_leaves=6
num_cat=0
split_feature=5 3 3 0 1
split_gain=1.15259e+06 6.09597e+06 3.95897e+06 2.66311e+06 2.19727e+06
threshold=-0.94670478576706751 -78.430476736110663 14.705188194444419 8089.8326500000012 667.50590000000022
decision_type=2 2 2 2 2
left_child=1 -1 -3 4 -2
right_child=3 2 -4 -5 -6
leaf_value=7.682766464925729 -0.20307206207265005 -7.0202380891965364 1.8073958084977897 -6.3873800199873312 5.1793686186961638
leaf_weight=285 6861 195 360 169 194
leaf_count=285 6861 195 360 169 194
internal_value=0.000547578 1.75241 -1.30125 -0.203371 -0.0543514
internal_weight=8064 840 555 7224 7055
internal_count=8064 840 555 7224 7055
is_linear=0
shrinkage=0.05


Tree=77
num_leaves=7
num_cat=0
split_feature=3 3 5 0 1 1
split_gain=1.14544e+06 6.29468e+06 6.01619e+06 3.90028e+06 2.62566e+06 1.60967e+06
threshold=118.50141874999964 75.863539583333036 1.0000000180025095e-35 8277.3017500000024 59.542349999999267 535.35055000000023
decision_type=2 2 2 2 2 2
left_child=1 4 -3 5 -1 -2
right_child=3 2 -4 -5 -6 -7
leaf_value=0.40486099623234506 -0.89000623357712261 14.69715721728473 0.26698929897670087 -7.8654244230818877 -2.415966213576648 4.4549271652533582
leaf_weight=5213 1234 144 144 192 979 158
leaf_count=5213 1234 144 144 192 979 158
internal_value=0.00052677 0.295186 7.50796 -1.20432 -0.0414503 -0.280563
internal_weight=8064 6480 288 1584 6192 1392
internal_count=8064 6480 288 1584 6192 1392
is_linear=0
shrinkage=0.05


Tree=78
num_leaves=7
num_cat=0
split_feature=5 3 3 3 0 5
split_gain=1.16237e+06 5.36442e+06 7.32554e+06 2.71143e+06 2.3553e+06 935682
threshold=-0.87651811848132988 -30.52239652777757 26.249189930555534 -121.31573368055545 7093.9828000000007 -0.80625269229011354
decision_type=2 2 2 2 2 2
left_child=1 3 -3 -1 5 -2
right_child=4 2 -4 -5 -6 -7
leaf_value=0.90128651411514582 3.6531898147489397 -10.141092633298925 1.4836762847985039 7.715844799638484 -5.2682707764503718 -0.18310137761170495
leaf_weight=253 162 184 506 345 226 6388
leaf_count=253 162 184 506 345 226 6388
internal_value=0.000554071 1.37683 -1.62645 4.83908 -0.261216 -0.0876759
internal_weight=8064 1288 690 598 6776 6550
internal_count=8064 1288 690 598 6776 6550
is_linear=0
shrinkage=0.05


Tree=79
num_leaves=5
num_cat=0
split_feature=3 3 5 5
split_gain=1.07919e+06 1.95612e+06 2.43445e+06 1.16044e+06
threshold=403.21990868055587 230.74994236111095 1.0000000180025095e-35 -0.85470842479866194
decision_type=2 2 2 2
left_child=1 3 -3 -1
right_child=-2 2 -4 -5
leaf_value=1.4197030285207575 4.2751192324737017 -8.6888352320523108 0.48609106575620586 -0.20749323253059782
leaf_weight=1325 144 144 144 6307
leaf_count=1325 144 144 144 6307
internal_value=0.000514977 -0.077735 -4.11556 0.0751551
internal_weight=8064 7920 288 7632
internal_count=8064 7920 288 7632
is_linear=0
shrinkage=0.05


Tree=80
num_leaves=7
num_cat=0
split_feature=3 3 5 0 1 1
split_gain=1.00383e+06 5.70125e+06 5.41147e+06 3.5818e+06 2.3493e+06 1.49555e+06
threshold=118.50141874999964 75.863539583333036 1.0000000180025095e-35 8277.3017500000024 59.542349999999267 535.35055000000023
decision_type=2 2 2 2 2 2
left_child=1 4 -3 5 -1 -2
right_child=3 2 -4 -5 -6 -7
leaf_value=0.3781128350264219 -0.82968252935375164 13.959001816141194 0.27312693914462782 -7.5107856363830168 -2.290134946071372 4.3222806317251434
leaf_weight=5213 1234 144 144 192 979 158
leaf_count=5213 1234 144 144 192 979 158
internal_value=0.000472388 0.276316 7.14069 -1.12744 -0.0440581 -0.242222
internal_weight=8064 6480 288 1584 6192 1392
internal_count=8064 6480 288 1584 6192 1392
is_linear=0
shrinkage=0.05


Tree=81
num_leaves=7
num_cat=0
split_feature=5 3 3 0 3 2
split_gain=1.0434e+06 4.41368e+06 1.20928e+07 2.93786e+06 2.65722e+06 750402
threshold=-0.85470842479866194 -30.52239652777757 14.705188194444419 7093.9828000000007 -121.31573368055545 -0.22260714285714281
decision_type=2 2 2 2 2 2
left_child=1 4 -3 5 -1 -2
right_child=3 2 -4 -5 -6 -7
leaf_value=0.51615611474583112 -1.4696081639516216 -14.020219569214133 1.8079045548415225 -7.0633829955900866 6.9853303231744777 0.11185213734085911
leaf_weight=275 864 150 600 154 375 5646
leaf_count=275 864 150 600 154 375 5646
internal_value=0.000500231 1.24086 -1.37217 -0.260226 4.25337 -0.098231
internal_weight=8064 1400 750 6664 650 6510
internal_count=8064 1400 750 6664 650 6510
is_linear=0
shrinkage=0.05


Tree=82
num_leaves=5
num_cat=0
split_feature=3 3 3 5
split_gain=1.00145e+06 1.71842e+06 2.21702e+06 1.00341e+06
threshold=403.21990868055587 230.74994236111095 276.38085729166693 -0.85470842479866194
decision_type=2 2 2 2
left_child=1 3 -3 -1
right_child=-2 2 -4 -5
leaf_value=1.3185850569790125 4.1181580402933324 -8.2238334930855128 0.53137075255657062 -0.19451385880870653
leaf_weight=1325 144 144 144 6307
leaf_count=1325 144 144 144 6307
internal_value=0.000393823 -0.0749851 -3.85954 0.0683153
internal_weight=8064 7920 288 7632
internal_count=8064 7920 288 7632
is_linear=0
shrinkage=0.05


Tree=83
num_leaves=7
num_cat=0
split_feature=3 3 3 5 3 3
split_gain=955820 8.60706e+06 2.33897e+06 5.44077e+06 2.29154e+06 1.59545e+06
threshold=-115.88908020833331 -121.31573368055545 -92.068457638888944 -0.48087430661751701 -126.68820763888924 -88.171511805555369
decision_type=2 2 2 2 2 2
left_child=1 4 3 -2 -1 -4
right_child=2 -3 5 -5 -6 -7
leaf_value=0.57793934761955668 -11.608668564783562 12.702238147012119 5.1562108177974313 0.2071732930370144 -6.0163675010204321 -0.15417223101311406
leaf_weight=1440 147 144 144 285 144 5760
leaf_count=1440 147 144 144 285 144 5760
internal_value=0.000358934 1.04237 -0.283946 -3.83102 -0.0249607 -0.0237994
internal_weight=8064 1728 6336 432 1584 5904
internal_count=8064 1728 6336 432 1584 5904
is_linear=0
shrinkage=0.05


Tree=84
num_leaves=6
num_cat=0
split_feature=5 3 3 0 1
split_gain=919364 4.92367e+06 3.11585e+06 2.3206e+06 1.92408e+06
threshold=-0.94670478576706751 -83.891253472222147 14.705188194444419 8089.8326500000012 667.50590000000022
decision_type=2 2 2 2 2
left_child=1 -1 -3 4 -2
right_child=3 2 -4 -5 -6
leaf_value=7.1136344274031718 -0.18183984962240171 -5.8966493824646946 1.752146482153943 -5.9544259082569795 4.85489199036207
leaf_weight=270 6861 210 360 169 194
leaf_count=270 6861 210 360 169 194
internal_value=0.000346345 1.56495 -1.07122 -0.181776 -0.0426702
internal_weight=8064 840 570 7224 7055
internal_count=8064 840 570 7224 7055
is_linear=0
shrinkage=0.05


Tree=85
num_leaves=5
num_cat=0
split_feature=3 2 3 0
split_gain=897399 1.68996e+06 2.67234e+06 1.07958e+06
threshold=403.21990868055587 -75.94527857142883 -83.891253472222147 8382.2621500000005
decision_type=2 2 2 2
left_child=1 2 -1 -3
right_child=-2 3 -4 -5
leaf_value=2.8821691737311785 3.8983199543788518 0.3442069695211018 -2.9774072156323514 -3.5599837429575873
leaf_weight=243 144 6534 962 181
leaf_count=243 144 6534 962 181
internal_value=0.000339495 -0.0710161 -1.79436 0.238457
internal_weight=8064 7920 1205 6715
internal_count=8064 7920 1205 6715
is_linear=0
shrinkage=0.05


Tree=86
num_leaves=6
num_cat=0
split_feature=5 3 0 3 1
split_gain=961655 3.82216e+06 2.647e+06 2.11938e+06 955397
threshold=-0.83127174505093859 -158.5131982638886 6643.6254000000008 118.50141874999964 535.35055000000023
decision_type=2 2 2 2 2
left_child=1 -1 4 -3 -2
right_child=2 3 -4 -5 -6
leaf_value=8.3688718795776378 -0.174593014725234 1.3155183825561021 -5.7050499153357972 -3.4601781427660243 3.7628565148462223
leaf_weight=162 6180 1053 215 297 157
leaf_count=162 6180 1053 215 297 157
internal_value=0.000326166 1.13652 -0.262005 0.263082 -0.0764639
internal_weight=8064 1512 6552 1350 6337
internal_count=8064 1512 6552 1350 6337
is_linear=0
shrinkage=0.05


Tree=87
num_leaves=6
num_cat=0
split_feature=5 3 0 3 1
split_gain=868183 3.45187e+06 2.39012e+06 1.91328e+06 862796
threshold=-0.83127174505093859 -158.5131982638886 6643.6254000000008 118.50141874999964 535.35055000000023
decision_type=2 2 2 2 2
left_child=1 -1 4 -3 -2
right_child=2 3 -4 -5 -6
leaf_value=7.9529955352010901 -0.1658647750304294 1.2498049138456697 -5.4211181490509599 -3.2877498409892092 3.5759045106700706
leaf_weight=162 6180 1053 215 297 157
leaf_count=162 6180 1053 215 297 157
internal_value=0.000335328 1.0799 -0.248921 0.249848 -0.0726124
internal_weight=8064 1512 6552 1350 6337
internal_count=8064 1512 6552 1350 6337
is_linear=0
shrinkage=0.05


Tree=88
num_leaves=5
num_cat=0
split_feature=3 2 3 1
split_gain=831397 1.47014e+06 4.79709e+06 3.04744e+06
threshold=403.21990868055587 -313.13092857142777 121.05025659722197 593.19964999999968
decision_type=2 2 2 2
left_child=1 2 -1 -3
right_child=-2 3 -4 -5
leaf_value=0.60794576221498953 3.7522414496849326 -0.048600394913921069 -9.900674768641025 6.6101979046382686
leaf_weight=347 144 7241 157 175
leaf_count=347 144 7241 157 175
internal_value=0.000342752 -0.0683387 -2.6787 0.109401
internal_weight=8064 7920 504 7416
internal_count=8064 7920 504 7416
is_linear=0
shrinkage=0.05


Tree=89
num_leaves=7
num_cat=0
split_feature=5 3 0 1 3 2
split_gain=817571 3.61726e+06 1.86151e+06 2.17729e+06 1.28891e+06 479891
threshold=-0.97111091670450067 -40.378976736111092 8089.8326500000012 667.50590000000022 36.847733680555628 -16.114792857142898
decision_type=2 2 2 2 2 2
left_child=1 -1 3 -2 -4 -3
right_child=2 5 4 -5 -6 -7
leaf_value=6.0054831638824249 -0.12830658724886257 -0.083134531613552221 -7.2514456628963648 5.189075219390368 -0.75534373330764293 -3.8735499197861247
leaf_weight=275 6946 197 150 197 155 144
leaf_count=275 6946 197 150 197 155 144
internal_value=0.000331939 1.74941 -0.144544 0.0190497 -3.9634 -1.69043
internal_weight=8064 616 7448 7143 305 341
internal_count=8064 616 7448 7143 305 341
is_linear=0
shrinkage=0.05


Tree=90
num_leaves=6
num_cat=0
split_feature=5 3 0 0 2
split_gain=798103 3.01815e+06 2.19913e+06 1.68598e+06 698857
threshold=-0.83127174505093859 -158.5131982638886 6643.6254000000008 8184.7812500000009 -0.22260714285714281
decision_type=2 2 2 2 2
left_child=1 -1 4 -3 -2
right_child=2 3 -4 -5 -6
leaf_value=7.4622029405430057 -1.4751988688354218 2.0404413854631023 -5.1999232138472573 -1.4910564308204961 0.12653278206919899
leaf_weight=162 775 669 215 681 5562
leaf_count=162 775 669 215 681 5562
internal_value=0.000309789 1.03538 -0.238675 0.259212 -0.069557
internal_weight=8064 1512 6552 1350 6337
internal_count=8064 1512 6552 1350 6337
is_linear=0
shrinkage=0.05


Tree=91
num_leaves=5
num_cat=0
split_feature=3 3 5 3
split_gain=748671 1.44302e+06 2.06897e+06 951949
threshold=403.21990868055587 230.74994236111095 1.0000000180025095e-35 14.705188194444419
decision_type=2 2 2 2
left_child=1 3 -3 -1
right_child=-2 2 -4 -5
leaf_value=-0.38589958964850468 3.56065084769808 -7.7490896138651628 0.70758332532027679 0.75563038834018159
leaf_weight=4608 144 144 144 3024
leaf_count=4608 144 144 144 3024
internal_value=0.00030337 -0.0648716 -3.53294 0.0664445
internal_weight=8064 7920 288 7632
internal_count=8064 7920 288 7632
is_linear=0
shrinkage=0.05


Tree=92
num_leaves=6
num_cat=0
split_feature=5 3 3 0 1
split_gain=753945 3.5521e+06 3.06916e+06 1.78262e+06 1.61069e+06
threshold=-0.94670478576706751 -83.891253472222147 14.705188194444419 8089.8326500000012 667.50590000000022
decision_type=2 2 2 2 2
left_child=1 -1 -3 4 -2
right_child=3 2 -4 -5 -6
leaf_value=6.1299973653691282 -0.1700684397942836 -5.6115066810594918 1.9795474304056566 -5.2241232465821161 4.4382634420883962
leaf_weight=270 6861 210 360 169 194
leaf_count=270 6861 210 360 169 194
internal_value=0.000268913 1.41714 -0.822086 -0.164657 -0.0427364
internal_weight=8064 840 570 7224 7055
internal_count=8064 840 570 7224 7055
is_linear=0
shrinkage=0.05


Tree=93
num_leaves=7
num_cat=0
split_feature=3 3 5 0 3 1
split_gain=740958 5.17105e+06 4.87758e+06 2.68842e+06 2.08607e+06 1.3822e+06
threshold=118.50141874999964 75.863539583333036 1.0000000180025095e-35 8680.6565000000028 57.843413194444345 -72.065999999999789
decision_type=2 2 2 2 2 2
left_child=1 4 -3 5 -1 -2
right_child=3 2 -4 -5 -6 -7
leaf_value=0.13515343523752274 -4.8790279801632908 13.247891663837022 0.25469073478517862 -7.3380157268444695 -4.2155738551930169 0.22287147023171025
leaf_weight=5904 147 144 144 149 288 1288
leaf_count=5904 147 144 144 149 288 1288
internal_value=0.00026503 0.237256 6.77465 -0.968781 -0.067854 -0.302796
internal_weight=8064 6480 288 1584 6192 1435
internal_count=8064 6480 288 1584 6192 1435
is_linear=0
shrinkage=0.05


Tree=94
num_leaves=7
num_cat=0
split_feature=5 3 3 3 2 3
split_gain=749135 3.01387e+06 5.85546e+06 3.10764e+06 1.90955e+06 2.73925e+06
threshold=-0.87651811848132988 -30.52239652777757 26.249189930555534 -121.31573368055545 -3.1624428571428571 75.863539583333036
decision_type=2 2 2 2 2 2
left_child=1 3 -3 -1 5 -2
right_child=4 2 -4 -5 -6 -7
leaf_value=-0.50947202111440382 -3.9762637558223726 -8.7588121588648971 1.6340042951323932 6.7798665610868811 0.13473845054299155 1.8069323158631587
leaf_weight=253 686 184 506 345 5799 291
leaf_count=253 686 184 506 345 5799 291
internal_value=0.000235823 1.10511 -1.14608 3.70021 -0.209914 -2.25365
internal_weight=8064 1288 690 598 6776 977
internal_count=8064 1288 690 598 6776 977
is_linear=0
shrinkage=0.05


Tree=95
num_leaves=7
num_cat=0
split_feature=3 3 4 0 3 1
split_gain=716897 4.61581e+06 4.4747e+06 2.46748e+06 1.88854e+06 1.24896e+06
threshold=118.50141874999964 75.863539583333036 1.0000000180025095e-35 8680.6565000000028 57.843413194444345 -72.065999999999789
decision_type=2 2 2 2 2 2
left_child=1 4 -3 5 -1 -2
right_child=3 2 -4 -5 -6 -7
leaf_value=0.13820679202609579 -4.6650012314697173 0.16543559041516534 12.609906391719806 -7.0548894510070488 -4.0014100757127817 0.18478500807211323
leaf_weight=5904 147 144 144 149 288 1288
leaf_count=5904 147 144 144 149 288 1288
internal_value=0.000206132 0.233317 6.40977 -0.952975 -0.0549486 -0.314925
internal_weight=8064 6480 288 1584 6192 1435
internal_count=8064 6480 288 1584 6192 1435
is_linear=0
shrinkage=0.05


Tree=96
num_leaves=6
num_cat=0
split_feature=5 3 0 3 1
split_gain=725626 2.60347e+06 2.01611e+06 1.57196e+06 627009
threshold=-0.83127174505093859 -158.5131982638886 6643.6254000000008 14.705188194444419 535.35055000000023
decision_type=2 2 2 2 2
left_child=1 -1 4 -3 -2
right_child=2 3 -4 -5 -6
leaf_value=6.9561443256454245 -0.14526309113508964 -1.3721016578471679 -4.9780102484756048 2.040482055295965 3.044510200883769
leaf_weight=162 6180 702 215 648 157
leaf_count=162 6180 702 215 648 157
internal_value=0.000179559 0.987136 -0.227696 0.266236 -0.0657682
internal_weight=8064 1512 6552 1350 6337
internal_count=8064 1512 6552 1350 6337
is_linear=0
shrinkage=0.05


Tree=97
num_leaves=5
num_cat=0
split_feature=3 1 3 5
split_gain=671449 1.29103e+06 2.50376e+06 1.02038e+06
threshold=403.21990868055587 99.264650000000088 -30.52239652777757 -0.91509365977396839
decision_type=2 2 2 2
left_child=1 3 -3 -1
right_child=-2 2 -4 -5
leaf_value=2.2155771463755833 3.371939449186983 2.030048136290568 -2.7463905338421317 0.035526421669515661
leaf_weight=589 144 376 1008 5947
leaf_count=589 144 376 1008 5947
internal_value=0.000204959 -0.0615173 -1.44822 0.232293
internal_weight=8064 7920 1384 6536
internal_count=8064 7920 1384 6536
is_linear=0
shrinkage=0.05


Tree=98
num_leaves=7
num_cat=0
split_feature=5 3 0 1 3 2
split_gain=641825 2.63103e+06 1.51312e+06 1.85255e+06 1.18406e+06 538834
threshold=-0.97111091670450067 -40.378976736111092 8089.8326500000012 667.50590000000022 36.847733680555628 -16.114792857142898
decision_type=2 2 2 2 2 2
left_child=1 -1 3 -2 -4 -3
right_child=2 5 4 -5 -6 -7
leaf_value=5.1796990771656457 -0.11657034509316032 0.31729423964414938 -6.7224604410840989 4.788274471446722 -0.49793647420712006 -3.6972416134949393
leaf_weight=275 6946 197 150 197 155 144
leaf_count=275 6946 197 150 197 155 144
internal_value=0.000225135 1.54995 -0.128139 0.0193539 -3.57114 -1.38385
internal_weight=8064 616 7448 7143 305 341
internal_count=8064 616 7448 7143 305 341
is_linear=0
shrinkage=0.05


Tree=99
num_leaves=7
num_cat=0
split_feature=3 3 5 0 1 1
split_gain=648710 4.20692e+06 4.39683e+06 2.23246e+06 1.71102e+06 1.09567e+06
threshold=118.50141874999964 75.863539583333036 1.0000000180025095e-35 8277.3017500000024 172.73849999999996 535.35055000000023
decision_type=2 2 2 2 2 2
left_child=1 4 -3 5 -1 -2
right_child=3 2 -4 -5 -6 -7
leaf_value=0.24458853111711465 -0.71045797845853975 12.264443119188835 -0.069630747992416905 -5.9460407583207049 -2.3720421508229372 3.6992731728643742
leaf_weight=5488 1234 144 144 192 704 158
leaf_count=5488 1234 144 144 192 704 158
internal_value=0.000209236 0.221957 6.1185 -0.906509 -0.0532445 -0.207632
internal_weight=8064 6480 288 1584 6192 1392
internal_count=8064 6480 288 1584 6192 1392
is_linear=0
shrinkage=0.05


end of trees

feature_importances:
Column_3=202
Column_2=171
Column_0=57
Column_5=50
Column_1=43
Column_4=13
Column_6=10

parameters:
[boosting: gbdt]
[objective: regression]
[metric: l2]
[tree_learner: serial]
[device_type: cpu]
[data_sample_strategy: bagging]
[data: ]
[valid: ]
[num_iterations: 100]
[learning_rate: 0.05]
[num_leaves: 7]
[num_threads: 1]
[seed: 20250911]
[deterministic: 1]
[force_col_wise: 1]
[force_row_wise: 0]
[histogram_pool_size: -1]
[max_depth: 3]
[min_data_in_leaf: 144]
[min_sum_hessian_in_leaf: 0.001]
[bagging_fraction: 1]
[pos_bagging_fraction: 1]
[neg_bagging_fraction: 1]
[bagging_freq: 0]
[bagging_seed: 20250911]
[bagging_by_query: 0]
[feature_fraction: 1]
[feature_fraction_bynode: 1]
[feature_fraction_seed: 20250911]
[extra_trees: 0]
[extra_seed: 26685]
[early_stopping_round: 0]
[early_stopping_min_delta: 0]
[first_metric_only: 0]
[max_delta_step: 0]
[lambda_l1: 0]
[lambda_l2: 1]
[linear_lambda: 0]
[min_gain_to_split: 0]
[drop_rate: 0.1]
[max_drop: 50]
[skip_drop: 0.5]
[xgboost_dart_mode: 0]
[uniform_drop: 0]
[drop_seed: 2504]
[top_rate: 0.2]
[other_rate: 0.1]
[min_data_per_group: 100]
[max_cat_threshold: 32]
[cat_l2: 10]
[cat_smooth: 10]
[max_cat_to_onehot: 4]
[top_k: 20]
[monotone_constraints: ]
[monotone_constraints_method: basic]
[monotone_penalty: 0]
[feature_contri: ]
[forcedsplits_filename: ]
[refit_decay_rate: 0.9]
[cegb_tradeoff: 1]
[cegb_penalty_split: 0]
[cegb_penalty_feature_lazy: ]
[cegb_penalty_feature_coupled: ]
[path_smooth: 0]
[interaction_constraints: ]
[verbosity: -1]
[saved_feature_importance_type: 0]
[use_quantized_grad: 0]
[num_grad_quant_bins: 4]
[quant_train_renew_leaf: 0]
[stochastic_rounding: 1]
[linear_tree: 0]
[max_bin: 63]
[max_bin_by_feature: ]
[min_data_in_bin: 3]
[bin_construct_sample_cnt: 200000]
[data_random_seed: 20250911]
[is_enable_sparse: 1]
[enable_bundle: 1]
[use_missing: 1]
[zero_as_missing: 0]
[feature_pre_filter: 0]
[pre_partition: 0]
[two_round: 0]
[header: 0]
[label_column: ]
[weight_column: ]
[group_column: ]
[ignore_column: ]
[categorical_feature: ]
[forcedbins_filename: ]
[precise_float_parser: 0]
[parser_config_file: ]
[objective_seed: 19683]
[num_class: 1]
[is_unbalance: 0]
[scale_pos_weight: 1]
[sigmoid: 1]
[boost_from_average: 1]
[reg_sqrt: 0]
[alpha: 0.9]
[fair_c: 1]
[poisson_max_delta_step: 0.7]
[tweedie_variance_power: 1.5]
[lambdarank_truncation_level: 30]
[lambdarank_norm: 1]
[label_gain: ]
[lambdarank_position_bias_regularization: 0]
[eval_at: ]
[multi_error_top_k: 1]
[auc_mu_weights: ]
[num_machines: 1]
[local_listen_port: 12400]
[time_out: 120]
[machine_list_filename: ]
[machines: ]
[gpu_platform_id: -1]
[gpu_device_id: -1]
[gpu_device_id_list: ]
[gpu_use_dp: 0]
[num_gpu: 1]

end of parameters

pandas_categorical:null
