tree
version=v4
num_class=1
num_tree_per_iteration=1
label_index=0
max_feature_idx=11
objective=regression
feature_names=Column_0 Column_1 Column_2 Column_3 Column_4 Column_5 Column_6 Column_7 Column_8 Column_9 Column_10 Column_11
feature_infos=[0:10076.8909] [-1796.0487000000003:2238.2599999999993] [-1776.6499857142862:1232.9571428571435] [-222.63616805555557:502.61053680555551] [-1:1] [-1:1] [-1:1] [-1:1] [12.5:13.833333333333332] [11.916666666666666:11.916666666666666] [-0.44666666666666666:1.46] [1:1]
tree_sizes=755 758 759 761 761 761 758 759 761 755 756 756 749 759 756 762 753 756 674 676 674 679 756 755 676 756 591 593 753 510 591 509 763 678 508 683 757 510 771 592 593 681 511 766 584 769 755 509 767 508 678 504 765 765 506 768 759 762 504 767 509 749 769 768 500 743 765 497 762 585 756 500 581 583 497 501 758 497 756 754 764 500 758 501 764 753 579 501 760 581 766 761 497 581 747 495 581 497 588 762

Tree=0
num_leaves=7
num_cat=0
split_feature=2 2 2 3 2 2
split_gain=1.00539e+08 7.22918e+07 1.60768e+07 1.58421e+07 6.21205e+06 3.06927e+06
threshold=321.69704285714266 -4.5918928571429181 -417.11844999999988 -115.88908020833331 224.88619285714233 459.05860000000081
decision_type=2 2 2 2 2 2
left_child=1 2 -1 -2 -3 -5
right_child=3 4 -4 5 -6 -7
leaf_value=-39.170792095428538 19.511533196002766 -13.769271549893178 -24.119224320253071 -3.7045428156593605 -6.9234683579864349 4.423626958150507
leaf_weight=219 149 5929 936 215 350 266
leaf_count=219 149 5929 936 215 350 266
internal_value=-13.8758 -15.502 -26.9926 5.28591 -13.3866 0.819093
internal_weight=8064 7434 1155 630 6279 481
internal_count=8064 7434 1155 630 6279 481
is_linear=0
shrinkage=1


Tree=1
num_leaves=7
num_cat=0
split_feature=2 2 2 3 2 2
split_gain=9.07833e+07 6.52594e+07 1.45199e+07 1.43107e+07 5.69732e+06 2.78498e+06
threshold=321.69704285714266 -4.5918928571429181 -417.11844999999988 -115.88908020833331 166.72070000000011 499.12915714285651
decision_type=2 2 2 2 2 2
left_child=1 2 -1 -2 -3 -5
right_child=3 4 -4 5 -6 -7
leaf_value=-24.035995765057478 31.729091908454894 -0.03856233727887471 -9.731803795393148 10.471895224715441 4.970821233393651 18.213968289229605
leaf_weight=219 149 5649 936 266 630 215
leaf_count=219 149 5649 936 266 630 215
internal_value=0.00020691 -1.54511 -12.4625 18.2085 0.464763 13.9631
internal_weight=8064 7434 1155 630 6279 481
internal_count=8064 7434 1155 630 6279 481
is_linear=0
shrinkage=0.05


Tree=2
num_leaves=7
num_cat=0
split_feature=2 2 2 3 2 2
split_gain=8.19755e+07 5.8911e+07 1.31138e+07 1.29271e+07 5.2053e+06 2.55269e+06
threshold=321.69704285714266 -4.5918928571429181 -417.11844999999988 -115.88908020833331 224.88619285714233 459.05860000000081
decision_type=2 2 2 2 2 2
left_child=1 2 -1 -2 -3 -5
right_child=3 4 -4 5 -6 -7
leaf_value=-22.839658520438455 30.153213605244954 0.091300225852722461 -9.2457330706724132 9.1438740886747834 6.3578683290811009 16.554532269301934
leaf_weight=219 149 5929 936 215 350 266
leaf_count=219 149 5929 936 215 350 266
internal_value=0.000392352 -1.46805 -11.8408 17.3029 0.441564 13.2679
internal_weight=8064 7434 1155 630 6279 481
internal_count=8064 7434 1155 630 6279 481
is_linear=0
shrinkage=0.05


Tree=3
num_leaves=7
num_cat=0
split_feature=2 2 2 3 2 2
split_gain=7.4021e+07 5.31803e+07 1.19798e+07 1.16775e+07 4.77397e+06 2.33185e+06
threshold=321.69704285714266 -4.5918928571429181 -278.22481428571399 -115.88908020833331 166.72070000000011 547.09017857142828
decision_type=2 2 2 2 2 2
left_child=1 2 -1 -2 -3 -5
right_child=3 4 -4 5 -6 -7
leaf_value=-18.765813825287662 28.655603640874229 -0.041198751166858505 -7.7861611355828941 10.183551033337912 4.5443210166343233 17.752241613896064
leaf_weight=363 149 5649 792 329 630 152
leaf_count=363 149 5649 792 329 630 152
internal_value=0.000560069 -1.39482 -11.2502 16.4422 0.419537 12.6072
internal_weight=8064 7434 1155 630 6279 481
internal_count=8064 7434 1155 630 6279 481
is_linear=0
shrinkage=0.05


Tree=4
num_leaves=7
num_cat=0
split_feature=2 2 2 3 2 2
split_gain=6.68405e+07 4.80055e+07 1.10154e+07 1.05481e+07 4.36171e+06 2.16762e+06
threshold=321.69704285714266 -4.5918928571429181 -417.11844999999988 -115.88908020833331 224.88619285714233 459.05860000000081
decision_type=2 2 2 2 2 2
left_child=1 2 -1 -2 -3 -5
right_child=3 4 -4 5 -6 -7
leaf_value=-20.768840843113988 27.232375268300377 0.077969735991995012 -8.3106780755036418 8.1819766298488332 5.8143120858064741 15.007196542386261
leaf_weight=219 149 5929 936 215 350 266
leaf_count=219 149 5929 936 215 350 266
internal_value=0.000746243 -1.32523 -10.6888 15.6245 0.398596 11.9797
internal_weight=8064 7434 1155 630 6279 481
internal_count=8064 7434 1155 630 6279 481
is_linear=0
shrinkage=0.05


Tree=5
num_leaves=7
num_cat=0
split_feature=2 2 2 3 2 2
split_gain=6.03546e+07 4.33357e+07 1.00554e+07 9.5285e+06 4.00026e+06 1.98243e+06
threshold=321.69704285714266 -4.5918928571429181 -278.22481428571399 -115.88908020833331 166.72070000000011 547.09017857142828
decision_type=2 2 2 2 2 2
left_child=1 2 -1 -2 -3 -5
right_child=3 4 -4 5 -6 -7
leaf_value=-17.040936444341565 25.879833864212038 -0.043037012712486028 -6.9823339814346044 9.1501673549233065 4.1544823259186066 16.124976068715647
leaf_weight=363 149 5649 792 329 630 152
leaf_count=363 149 5649 792 329 630 152
internal_value=0.000877763 -1.25912 -10.1556 14.8473 0.378713 11.3831
internal_weight=8064 7434 1155 630 6279 481
internal_count=8064 7434 1155 630 6279 481
is_linear=0
shrinkage=0.05


Tree=6
num_leaves=7
num_cat=0
split_feature=2 2 8 0 2 3
split_gain=5.45727e+07 3.7491e+07 1.40256e+07 6.08118e+06 5.38824e+06 4.98672e+06
threshold=257.51215714285769 -141.06784999999988 13.666666666666668 2814.9750000000008 421.05629285714309 55.872129166666817
decision_type=2 2 2 2 2 2
left_child=1 5 4 -3 -2 -1
right_child=2 3 -4 -5 -6 -7
leaf_value=-8.8873385607375255 4.2394804136384101 0.49551620065530388 24.665767096042636 -3.2973775553426239 13.246185697704915 -17.739095368056464
leaf_weight=362 335 5251 174 1322 331 289
leaf_count=362 335 5251 174 1322 331 289
internal_value=0.00102757 -1.40213 12.0555 -0.267718 8.72893 -12.8381
internal_weight=8064 7224 840 6573 666 651
internal_count=8064 7224 840 6573 666 651
is_linear=0
shrinkage=0.05


Tree=7
num_leaves=7
num_cat=0
split_feature=2 2 2 3 2 2
split_gain=4.95682e+07 3.58411e+07 8.6377e+06 8.42644e+06 3.48569e+06 1.69686e+06
threshold=321.69704285714266 -4.5918928571429181 -417.11844999999988 -115.88908020833331 166.72070000000011 499.12915714285651
decision_type=2 2 2 2 2 2
left_child=1 2 -1 -2 -3 -5
right_child=3 4 -4 5 -6 -7
leaf_value=-18.156915532892402 23.827898673852289 -0.045014195722651432 -7.1260607777388021 7.480636608622941 3.8732400943154675 13.513659775257111
leaf_weight=219 149 5649 936 266 630 215
leaf_count=219 149 5649 936 266 630 215
internal_value=0.00105508 -1.14081 -9.23152 13.4556 0.348676 10.1998
internal_weight=8064 7434 1155 630 6279 481
internal_count=8064 7434 1155 630 6279 481
is_linear=0
shrinkage=0.05


Tree=8
num_leaves=7
num_cat=0
split_feature=2 2 2 3 2 2
split_gain=4.47591e+07 3.23545e+07 7.80111e+06 7.61166e+06 3.14635e+06 1.57059e+06
threshold=321.69704285714266 -4.5918928571429181 -417.11844999999988 -115.88908020833331 166.72070000000011 547.09017857142828
decision_type=2 2 2 2 2 2
left_child=1 2 -1 -2 -3 -5
right_child=3 4 -4 5 -6 -7
leaf_value=-17.253196224516088 22.644446300218505 -0.042763909090343305 -6.7701381013290352 7.7074305430235288 3.6798849119059449 13.908915858019412
leaf_weight=219 149 5649 936 329 630 152
leaf_count=219 149 5649 936 329 630 152
internal_value=0.00114716 -1.08392 -8.77104 12.7863 0.331272 9.69194
internal_weight=8064 7434 1155 630 6279 481
internal_count=8064 7434 1155 630 6279 481
is_linear=0
shrinkage=0.05


Tree=9
num_leaves=7
num_cat=0
split_feature=2 2 8 0 2 3
split_gain=4.04686e+07 2.83047e+07 1.23538e+07 5.83822e+06 4.3451e+06 3.86689e+06
threshold=257.51215714285769 -169.78425714285683 13.666666666666668 2814.9750000000008 547.09017857142828 55.872129166666817
decision_type=2 2 2 2 2 2
left_child=1 5 4 -3 -2 -1
right_child=2 3 -4 -5 -6 -7
leaf_value=-7.9649424740423758 4.9078342642769215 0.47783253094822475 22.213895682232721 -3.1707496946770366 14.224674832253228 -16.204147228432412
leaf_weight=311 499 5261 174 1384 167 268
leaf_count=311 499 5261 174 1384 167 268
internal_value=0.00123782 -1.20707 10.3818 -0.282446 7.26186 -11.8
internal_weight=8064 7224 840 6645 666 579
internal_count=8064 7224 840 6645 666 579
is_linear=0
shrinkage=0.05


Tree=10
num_leaves=7
num_cat=0
split_feature=2 2 2 3 2 1
split_gain=3.70344e+07 2.71742e+07 6.56141e+06 5.01611e+06 3.33061e+06 923752
threshold=351.57024999999982 -4.5918928571429181 -239.4063714285721 -112.5352604166669 166.72070000000011 -355.0349999999998
decision_type=2 2 2 2 2 2
left_child=1 2 -1 -2 -3 -5
right_child=3 4 -4 5 -6 -7
leaf_value=-12.820464288415986 20.319755192020455 -0.044656158865190448 -5.0353669799549117 11.363370293837328 3.6093796346735179 6.3920154952618384
leaf_weight=435 147 5649 720 259 700 154
leaf_count=435 147 5649 720 259 700 154
internal_value=0.00126575 -0.925031 -7.97597 12.3932 0.358719 9.52956
internal_weight=8064 7504 1155 560 6349 413
internal_count=8064 7504 1155 560 6349 413
is_linear=0
shrinkage=0.05


Tree=11
num_leaves=7
num_cat=0
split_feature=2 2 2 2 2 4
split_gain=3.3442e+07 2.45297e+07 6.12313e+06 4.60992e+06 3.06301e+06 925866
threshold=351.57024999999982 -4.5918928571429181 -417.11844999999988 547.09017857142828 224.88619285714233 -0.065387565056497052
decision_type=2 2 2 2 2 2
left_child=1 2 -1 5 -3 -2
right_child=3 4 -4 -5 -6 -7
leaf_value=-15.092137604735115 5.2507851213603827 0.048180893580562753 -5.805585567902062 17.631560287232649 4.4618531982168879 10.49473719584069
leaf_weight=219 153 5929 936 210 420 197
leaf_count=219 153 5929 936 210 420 197
internal_value=0.00134991 -0.878874 -7.57794 11.7769 0.340811 8.22387
internal_weight=8064 7504 1155 560 6349 350
internal_count=8064 7504 1155 560 6349 350
is_linear=0
shrinkage=0.05


Tree=12
num_leaves=7
num_cat=0
split_feature=2 2 3 1 0 1
split_gain=3.01969e+07 2.2186e+07 4.4968e+06 4.29443e+06 3.88023e+06 781813
threshold=351.57024999999982 -141.06784999999988 -112.5352604166669 173.4026999999999 6110.9953000000014 -355.0349999999998
decision_type=2 2 2 2 2 2
left_child=1 4 -2 -3 -1 -4
right_child=2 3 5 -5 -6 -7
leaf_value=-4.3642165618692426 18.692954996389314 0.33362295642698014 10.167818195086261 -4.7405329187889276 -12.479903336487851 5.5998386586096984
leaf_weight=228 147 6408 259 445 423 154
leaf_count=228 147 6408 259 445 423 154
internal_value=0.00138776 -0.83504 11.191 0.00348874 -9.6486 8.48214
internal_weight=8064 7504 560 6853 651 413
internal_count=8064 7504 560 6853 651 413
is_linear=0
shrinkage=0.05


Tree=13
num_leaves=7
num_cat=0
split_feature=2 2 8 0 4 2
split_gain=2.78919e+07 1.87892e+07 1.12513e+07 5.73881e+06 3.57763e+06 3.40739e+06
threshold=224.88619285714233 -169.78425714285683 13.666666666666668 2361.7702000000004 -0.36235178784537908 499.12915714285651
decision_type=2 2 2 2 2 2
left_child=1 4 5 -3 -1 -2
right_child=2 3 -4 -5 -6 -7
leaf_value=-3.835703401242831 3.0421316084512275 0.44594884726988238 18.326058852439974 -3.1884442274095104 -12.352222000412644 10.3809962704375
leaf_weight=180 555 5128 204 1377 399 221
leaf_count=180 555 5128 204 1377 399 221
internal_value=0.00140022 -1.09267 7.90301 -0.323763 -9.71578 5.14287
internal_weight=8064 7084 980 6505 579 776
internal_count=8064 7084 980 6505 579 776
is_linear=0
shrinkage=0.05


Tree=14
num_leaves=7
num_cat=0
split_feature=2 2 8 0 3 2
split_gain=2.51828e+07 1.717e+07 1.01601e+07 6.19319e+06 3.29281e+06 3.12153e+06
threshold=224.88619285714233 -239.4063714285721 13.666666666666668 2361.7702000000004 55.872129166666817 421.05629285714309
decision_type=2 2 2 2 2 2
left_child=1 4 5 -3 -1 -2
right_child=2 3 -4 -5 -6 -7
leaf_value=-6.1650568099222456 2.1435982628119903 0.42234297021736222 17.414225746451354 -3.2122079213564927 -14.906826946660543 8.5567240773688962
leaf_weight=213 445 5131 204 1518 222 331
leaf_count=213 445 5131 204 1518 222 331
internal_value=0.0014097 -1.03817 7.50947 -0.407801 -10.6503 4.88659
internal_weight=8064 7084 980 6649 435 776
internal_count=8064 7084 980 6649 435 776
is_linear=0
shrinkage=0.05


Tree=15
num_leaves=7
num_cat=0
split_feature=2 2 3 3 2 3
split_gain=2.28524e+07 1.66641e+07 5.43172e+06 4.73592e+06 1.97529e+06 1.27006e+06
threshold=321.69704285714266 -4.5918928571429181 -115.88908020833331 55.872129166666817 166.72070000000011 7.2777118055554419
decision_type=2 2 2 2 2 2
left_child=1 3 -2 -1 -3 -4
right_child=2 4 5 -5 -6 -7
leaf_value=-3.7659749934056421 17.457051126261554 -0.054678654687198916 4.7576629058249074 -10.360731832642632 2.8949240575974038 10.305751642497148
leaf_weight=714 149 5649 329 441 630 152
leaf_count=714 149 5649 329 441 630 152
internal_value=0.00136559 -0.773955 9.13687 -6.29076 0.241682 6.52865
internal_weight=8064 7434 630 1155 6279 481
internal_count=8064 7434 630 1155 6279 481
is_linear=0
shrinkage=0.05


Tree=16
num_leaves=7
num_cat=0
split_feature=2 1 2 2 2 4
split_gain=2.07302e+07 1.55963e+07 6.8149e+06 3.78363e+06 3.08107e+06 815855
threshold=351.57024999999982 173.4026999999999 -417.11844999999988 547.09017857142828 166.72070000000011 -0.065387565056497052
decision_type=2 2 2 2 2 2
left_child=1 4 -3 5 -1 -2
right_child=3 2 -4 -5 -6 -7
leaf_value=-0.19336147483395388 3.2898012378773132 -15.433717342006055 -4.6387575185626462 14.571460524102523 3.4705374026040396 8.1855608040636252
leaf_weight=5952 153 182 736 210 634 197
leaf_count=5952 153 182 736 210 634 197
internal_value=0.00142894 -0.691595 -6.7934 9.27264 0.159816 6.06088
internal_weight=8064 7504 918 560 6586 350
internal_count=8064 7504 918 560 6586 350
is_linear=0
shrinkage=0.05


Tree=17
num_leaves=7
num_cat=0
split_feature=2 2 3 3 2 8
split_gain=1.87186e+07 1.41713e+07 4.00574e+06 3.48929e+06 1.91606e+06 688328
threshold=351.57024999999982 -4.5918928571429181 55.872129166666817 -112.5352604166669 166.72070000000011 13.166666666666668
decision_type=2 2 2 2 2 2
left_child=1 2 -1 -2 -3 -5
right_child=3 4 -4 5 -6 -7
leaf_value=-3.4270211999253797 15.414158864762332 -0.036023826386746581 -9.4919960272064383 8.8272023677825935 2.7354839829677524 4.6545734166602299
leaf_weight=714 147 5649 441 174 700 239
leaf_count=714 147 5649 441 174 700 239
internal_value=0.00141485 -0.657128 -5.74895 8.81133 0.269928 6.42961
internal_weight=8064 7504 1155 560 6349 413
internal_count=8064 7504 1155 560 6349 413
is_linear=0
shrinkage=0.05


Tree=18
num_leaves=6
num_cat=0
split_feature=2 1 2 2 2
split_gain=1.71314e+07 1.36062e+07 5.91402e+06 3.61715e+06 2.15635e+06
threshold=421.05629285714309 173.4026999999999 -417.11844999999988 224.88619285714233 547.09017857142828
decision_type=2 2 2 2 2
left_child=1 3 -3 -1 -2
right_child=4 2 -4 -5 -6
leaf_value=-0.087576710487419079 6.1916755376268906 -14.265496984791888 -4.2258900483993092 4.2811059048185109 13.403503007247551
leaf_weight=6202 210 182 748 512 210
leaf_count=6202 210 182 748 512 210
internal_value=0.0014599 -0.539282 -6.20384 0.246161 9.82086
internal_weight=8064 7644 930 6714 420
internal_count=8064 7644 930 6714 420
is_linear=0
shrinkage=0.05


Tree=19
num_leaves=6
num_cat=0
split_feature=2 1 2 2 1
split_gain=1.54687e+07 1.22837e+07 5.34145e+06 3.26514e+06 2.00783e+06
threshold=421.05629285714309 173.4026999999999 -417.11844999999988 224.88619285714233 -564.28284999999994
decision_type=2 2 2 2 2
left_child=1 3 -3 -1 -2
right_child=4 2 -4 -5 -6
leaf_value=-0.083198578935920725 12.888990610925163 -13.556119829383704 -4.0148776333346383 4.0674677970871826 5.9289872116310534
leaf_weight=6202 204 182 748 512 216
leaf_count=6202 204 182 748 512 216
internal_value=0.00141974 -0.512411 -5.89464 0.233884 9.33215
internal_weight=8064 7644 930 6714 420
internal_count=8064 7644 930 6714 420
is_linear=0
shrinkage=0.05


Tree=20
num_leaves=6
num_cat=0
split_feature=2 2 3 2 2
split_gain=1.39674e+07 1.13806e+07 3.17334e+06 2.03534e+06 1.88236e+06
threshold=421.05629285714309 -4.5918928571429181 55.872129166666817 166.72070000000011 547.09017857142828
decision_type=2 2 2 2 2
left_child=1 2 -1 -3 -2
right_child=4 3 -4 -5 -6
leaf_value=-2.9909862975072823 5.4796614036528988 -0.01433056281615807 -8.3889387183127351 2.622164839676246 12.213857784655422
leaf_weight=714 210 5649 441 840 210
leaf_count=714 210 5649 441 840 210
internal_value=0.0013812 -0.486879 -5.0575 0.327315 8.86777
internal_weight=8064 7644 1155 6489 420
internal_count=8064 7644 1155 6489 420
is_linear=0
shrinkage=0.05


Tree=21
num_leaves=6
num_cat=0
split_feature=2 2 4 1 4
split_gain=1.26117e+07 1.05378e+07 3.01081e+06 2.61851e+06 1.78417e+06
threshold=421.05629285714309 -239.4063714285721 -0.15208718494349127 290.79639999999978 -0.15208718494349127
decision_type=2 2 2 2 2
left_child=1 2 -1 -3 -2
right_child=4 3 -4 -5 -6
leaf_value=-2.8192476394218069 4.149297221868661 0.21614570516637019 -11.350343933420362 -4.0913733957275271 10.928720447432321
leaf_weight=171 156 6838 264 371 264
leaf_count=171 156 6838 264 371 264
internal_value=0.00136744 -0.462593 -8.0109 -0.00607079 8.42649
internal_weight=8064 7644 435 7209 420
internal_count=8064 7644 435 7209 420
is_linear=0
shrinkage=0.05


Tree=22
num_leaves=7
num_cat=0
split_feature=2 0 8 3 3 0
split_gain=1.16487e+07 9.80247e+06 8.9388e+06 5.9007e+06 3.38977e+06 582502
threshold=224.88619285714233 3407.9387500000007 13.666666666666668 -112.5352604166669 7.2777118055554419 96.053250000000006
decision_type=2 2 2 2 2 2
left_child=1 5 4 -3 -2 -1
right_child=2 3 -4 -5 -6 -7
leaf_value=0.58777984283016216 0.86206602902210427 5.488336928258807 14.395143605034527 -4.9356626561320915 8.7537533774971958 -0.74021734122108229
leaf_weight=4373 601 148 204 1546 175 1017
leaf_count=4373 601 148 204 1546 175 1017
internal_value=0.00128067 -0.705759 5.10767 -4.02225 2.65074 0.337119
internal_weight=8064 7084 980 1694 776 5390
internal_count=8064 7084 980 1694 776 5390
is_linear=0
shrinkage=0.05


Tree=23
num_leaves=7
num_cat=0
split_feature=1 2 8 2 0 3
split_gain=1.07673e+07 1.00885e+07 7.32966e+06 4.26947e+06 2.57473e+06 861058
threshold=173.4026999999999 224.88619285714233 13.666666666666668 -417.11844999999988 1772.4535000000003 21.257735416666495
decision_type=2 2 2 2 2 2
left_child=1 4 -3 -2 -1 -5
right_child=3 2 -4 5 -6 -7
leaf_value=0.44963571873460034 -11.887807049256205 3.1853474202967926 13.985077574359838 -5.2066857039427781 -2.0898116125987474 -1.8145473157254601
leaf_weight=4953 182 724 200 345 1249 411
leaf_count=4953 182 724 200 345 1249 411
internal_value=0.00136799 0.66446 5.53554 -5.0315 -0.0620295 -3.36738
internal_weight=8064 7126 924 938 6202 756
internal_count=8064 7126 924 938 6202 756
is_linear=0
shrinkage=0.05


Tree=24
num_leaves=6
num_cat=0
split_feature=2 2 4 3 2
split_gain=9.99002e+06 8.14303e+06 2.71112e+06 2.05847e+06 1.72425e+06
threshold=421.05629285714309 -239.4063714285721 -0.15208718494349127 -115.88908020833331 547.09017857142828
decision_type=2 2 2 2 2
left_child=1 2 -1 -3 -2
right_child=4 3 -4 -5 -6
leaf_value=-2.124764835955792 4.2651705587644715 2.2295366496942886 -10.215335902088093 -0.32895225127279681 10.698750850713649
leaf_weight=171 210 897 264 6312 210
leaf_count=171 210 897 264 6312 210
internal_value=0.00127864 -0.411651 -7.04707 -0.01034 7.49973
internal_weight=8064 7644 435 7209 420
internal_count=8064 7644 435 7209 420
is_linear=0
shrinkage=0.05


Tree=25
num_leaves=7
num_cat=0
split_feature=1 2 8 2 0 0
split_gain=9.19645e+06 8.49158e+06 6.6085e+06 3.59458e+06 2.26785e+06 827810
threshold=173.4026999999999 224.88619285714233 13.666666666666668 -417.11844999999988 1772.4535000000003 7721.0112500000005
decision_type=2 2 2 2 2 2
left_child=1 4 -3 -2 -1 -5
right_child=3 2 -4 5 -6 -7
leaf_value=0.42774777182616258 -10.941216095809729 2.8517350917612685 13.105864515648552 -2.1744607273267804 -1.9555597971735896 -6.0233468613236827
leaf_weight=4953 182 724 200 571 1249 185
leaf_count=4953 182 724 200 571 1249 185
internal_value=0.00124276 0.614059 5.08301 -4.65003 -0.0524564 -3.12303
internal_weight=8064 7126 924 938 6202 756
internal_count=8064 7126 924 938 6202 756
is_linear=0
shrinkage=0.05


Tree=26
num_leaves=5
num_cat=0
split_feature=2 1 2 2
split_gain=8.52859e+06 7.23847e+06 3.28154e+06 3.05355e+06
threshold=547.09017857142828 173.4026999999999 -417.11844999999988 166.72070000000011
decision_type=2 2 2 2
left_child=1 3 -3 -1
right_child=-2 2 -4 -5
leaf_value=-0.12959479494463086 9.9211432898425951 -10.397144979694502 -2.9264110405175461 2.9010839002611846
leaf_weight=5952 210 182 755 965
leaf_count=5952 210 182 755 965
internal_value=0.00115142 -0.265318 -4.38704 0.293578
internal_weight=8064 7854 937 6917
internal_count=8064 7854 937 6917
is_linear=0
shrinkage=0.05


Tree=27
num_leaves=5
num_cat=0
split_feature=2 2 3 2
split_gain=7.7009e+06 6.5549e+06 2.29638e+06 1.93742e+06
threshold=547.09017857142828 -4.5918928571429181 55.872129166666817 166.72070000000011
decision_type=2 2 2 2
left_child=1 2 -1 -3
right_child=-2 3 -4 -5
leaf_value=-1.9724072835240123 9.4274371341506455 -0.018903550429450994 -6.5624824049650812 2.319024363121498
leaf_weight=714 210 5649 441 1050
leaf_count=714 210 5649 441 1050
internal_value=0.00108994 -0.25212 -3.72914 0.347834
internal_weight=8064 7854 1155 6699
internal_count=8064 7854 1155 6699
is_linear=0
shrinkage=0.05


Tree=28
num_leaves=7
num_cat=0
split_feature=1 2 0 3 3 6
split_gain=6.99295e+06 6.47314e+06 3.04891e+06 2.79499e+06 1.41759e+06 793860
threshold=173.4026999999999 295.75378571428547 8023.0557000000008 -115.88908020833331 -115.88908020833331 -0.92300020391127913
decision_type=2 2 2 2 2 2
left_child=1 4 5 -3 -1 -2
right_child=2 3 -4 -5 -6 -7
leaf_value=1.995223032732319 -5.6892351875242024 10.822496785589323 -9.17719411079411 3.3444201094645361 -0.2320490705923991 -1.6040958412201474
leaf_weight=817 150 166 221 503 5640 567
leaf_count=817 150 166 221 503 5640 567
internal_value=0.00105521 0.535435 -4.05489 5.21335 0.0500315 -2.46546
internal_weight=8064 7126 938 669 6457 717
internal_count=8064 7126 938 669 6457 717
is_linear=0
shrinkage=0.05


Tree=29
num_leaves=4
num_cat=0
split_feature=2 0 2
split_gain=6.54512e+06 5.83351e+06 3.71717e+06
threshold=547.09017857142828 8380.7792500000014 -78.321378571429236
decision_type=2 2 2
left_child=1 2 -1
right_child=-2 -3 -4
leaf_value=-3.4071692625599797 8.6912321978835703 -8.6193508777435479 0.34639664536797604
leaf_weight=728 210 201 6925
leaf_count=728 210 201 6925
internal_value=0.000999118 -0.232437 -0.0110639
internal_weight=8064 7854 7653
internal_count=8064 7854 7653
is_linear=0
shrinkage=0.05


Tree=30
num_leaves=5
num_cat=0
split_feature=2 0 2 4
split_gain=5.96458e+06 5.17651e+06 3.17234e+06 1.69176e+06
threshold=421.05629285714309 8380.7792500000014 -78.321378571429236 -0.15208718494349127
decision_type=2 2 2 2
left_child=1 2 -1 -2
right_child=3 -3 -4 -5
leaf_value=-3.2370444240229936 1.6519701549202015 -8.2359459331972698 0.235681150221355 8.2275715521146662
leaf_weight=728 156 200 6716 264
leaf_count=728 156 200 6716 264
internal_value=0.000930632 -0.318137 -0.10433 5.79493
internal_weight=8064 7644 7444 420
internal_count=8064 7644 7444 420
is_linear=0
shrinkage=0.05


Tree=31
num_leaves=4
num_cat=0
split_feature=2 0 2
split_gain=5.50728e+06 4.75443e+06 3.02179e+06
threshold=547.09017857142828 8380.7792500000014 -78.321378571429236
decision_type=2 2 2
left_child=1 2 -1
right_child=-2 -3 -4
leaf_value=-3.0754142057707607 7.9723989478219739 -7.7848332875435906 0.30889394423920891
leaf_weight=728 210 201 6925
leaf_count=728 210 201 6925
internal_value=0.00087568 -0.213254 -0.0134018
internal_weight=8064 7854 7653
internal_count=8064 7854 7653
is_linear=0
shrinkage=0.05


Tree=32
num_leaves=7
num_cat=0
split_feature=2 8 5 3 3 0
split_gain=5.21852e+06 9.08624e+06 5.77381e+06 3.3618e+06 3.13413e+06 236128
threshold=166.72070000000011 13.666666666666668 -0.36235178784537897 -112.5352604166669 7.2777118055554419 96.053250000000006
decision_type=2 2 2 2 2 2
left_child=2 4 3 -1 -2 -4
right_child=1 -3 5 -5 -6 -7
leaf_value=4.2818652740816274 -0.82129603169008658 11.243088427208763 0.47613395934748931 -3.5249513742975043 5.6684615031186389 -0.62054350284984172
leaf_weight=149 753 261 4373 1730 246 552
leaf_count=149 753 261 4373 1730 246 552
internal_value=0.000815908 2.95523 -0.546651 -2.90394 0.780853 0.353116
internal_weight=8064 1260 6804 1879 999 4925
internal_count=8064 1260 6804 1879 999 4925
is_linear=0
shrinkage=0.05


Tree=33
num_leaves=6
num_cat=0
split_feature=3 3 0 6 2
split_gain=4.916e+06 2.1542e+07 4.84884e+06 2.89961e+06 2.58919e+06
threshold=-115.88908020833331 -124.78350590277749 8225.848350000002 -0.76604444311897735 -20.375885714285683
decision_type=2 2 2 2 2
left_child=1 3 4 -1 -2
right_child=2 -3 -4 -5 -6
leaf_value=5.5686612491032585 -2.7460757928533792 21.09900593099923 -7.4965595201600967 -1.3085362701591614 0.15435773799664529
leaf_weight=198 883 144 236 666 5937
leaf_count=198 883 144 236 666 5937
internal_value=0.000878661 3.26534 -0.465869 0.272104 -0.221515
internal_weight=8064 1008 7056 864 6820
internal_count=8064 1008 7056 864 6820
is_linear=0
shrinkage=0.05


Tree=34
num_leaves=4
num_cat=0
split_feature=2 0 2
split_gain=4.75044e+06 3.80631e+06 2.2601e+06
threshold=547.09017857142828 8380.7792500000014 -169.78425714285683
decision_type=2 2 2
left_child=1 2 -1
right_child=-2 -3 -4
leaf_value=-3.4690898997896671 7.4044712535012955 -6.9726288826748872 0.19482610395981093
leaf_weight=446 210 201 7207
leaf_count=446 210 201 7207
internal_value=0.00092942 -0.197944 -0.0191242
internal_weight=8064 7854 7653
internal_count=8064 7854 7653
is_linear=0
shrinkage=0.05


Tree=35
num_leaves=6
num_cat=0
split_feature=3 3 0 4 2
split_gain=4.37819e+06 1.94631e+07 4.04618e+06 2.70938e+06 2.45475e+06
threshold=-115.88908020833331 -124.78350590277749 8380.7792500000014 0.065387565056497135 -20.375885714285683
decision_type=2 2 2 2 2
left_child=1 3 4 -1 -2
right_child=2 -3 -4 -5 -6
leaf_value=-2.4465686941060945 -2.6517750842997376 20.032918003345358 -7.8610539682750602 3.1516910591326566 0.12443656827562335
leaf_weight=450 918 144 178 414 5960
leaf_count=450 918 144 178 414 5960
internal_value=0.000865324 3.08159 -0.439612 0.236473 -0.246433
internal_weight=8064 1008 7056 864 6878
internal_count=8064 1008 7056 864 6878
is_linear=0
shrinkage=0.05


Tree=36
num_leaves=7
num_cat=0
split_feature=2 3 0 3 3 2
split_gain=4.26915e+06 3.13425e+06 3.02612e+06 3.15864e+06 1.07124e+06 756941
threshold=321.69704285714266 -115.88908020833331 4928.6569000000009 -112.5352604166669 -62.769571527778218 154.38209285714245
decision_type=2 2 2 2 2 2
left_child=2 -2 5 -4 -3 -1
right_child=1 4 3 -5 -6 -7
leaf_value=0.039210813081331106 10.26129501803716 -1.6248710088894285 4.1890048206923254 -3.0957658869850153 3.5162852894448671 2.4399190795114185
leaf_weight=5547 149 144 166 1373 337 348
leaf_count=5547 149 144 166 1373 337 348
internal_value=0.000886201 3.94943 -0.334223 -2.3078 1.97697 0.181322
internal_weight=8064 630 7434 1539 481 5895
internal_count=8064 630 7434 1539 481 5895
is_linear=0
shrinkage=0.05


Tree=37
num_leaves=4
num_cat=0
split_feature=2 0 2
split_gain=3.97839e+06 3.00459e+06 1.8985e+06
threshold=547.09017857142828 8380.7792500000014 166.72070000000011
decision_type=2 2 2
left_child=1 2 -1
right_child=-2 -3 -4
leaf_value=-0.33248091452151207 6.7762054325845007 -6.2001326553892389 1.9759399822693178
leaf_weight=6625 210 201 1028
leaf_count=6625 210 201 1028
internal_value=0.000939399 -0.181057 -0.0221814
internal_weight=8064 7854 7653
internal_count=8064 7854 7653
is_linear=0
shrinkage=0.05


Tree=38
num_leaves=7
num_cat=0
split_feature=3 3 2 6 4 3
split_gain=3.59411e+06 1.75572e+07 3.32712e+06 2.53325e+06 2.42647e+06 1.62193e+06
threshold=-115.88908020833331 -124.78350590277749 -239.4063714285721 -0.25881904510252018 -0.1950438958025166 -100.42767083333341
decision_type=2 2 2 2 2 2
left_child=1 3 4 -1 -2 -4
right_child=2 -3 5 -5 -6 -7
leaf_value=3.2433165135273168 0.25035401592962442 18.892137050834197 -3.7844235259150141 -2.2291691586643996 -7.5233403582783316 0.045748074793830022
leaf_weight=366 159 144 288 498 271 6338
leaf_count=366 159 144 288 498 271 6338
internal_value=0.000906179 2.79217 -0.398185 0.0901061 -4.65497 -0.121277
internal_weight=8064 1008 7056 864 430 6626
internal_count=8064 1008 7056 864 430 6626
is_linear=0
shrinkage=0.05


Tree=39
num_leaves=5
num_cat=0
split_feature=2 1 2 2
split_gain=3.53817e+06 2.71512e+06 1.86491e+06 1.43923e+06
threshold=547.09017857142828 173.4026999999999 -417.11844999999988 166.72070000000011
decision_type=2 2 2 2
left_child=1 3 -3 -1
right_child=-2 2 -4 -5
leaf_value=-0.11893702522520957 6.3903419766098404 -7.2247100841803631 -1.5950422311428363 1.9617303088571547
leaf_weight=5952 210 182 755 965
leaf_count=5952 210 182 755 965
internal_value=0.000916014 -0.170716 -2.69507 0.171581
internal_weight=8064 7854 937 6917
internal_count=8064 7854 937 6917
is_linear=0
shrinkage=0.05


Tree=40
num_leaves=5
num_cat=0
split_feature=2 1 0 2
split_gain=3.19479e+06 2.45127e+06 1.75078e+06 1.30791e+06
threshold=547.09017857142828 173.4026999999999 7721.0112500000005 142.28847142857157
decision_type=2 2 2 2
left_child=1 3 -3 -1
right_child=-2 2 -4 -5
leaf_value=-0.13476651010878507 6.0723392875132411 -1.0921120483434035 -5.7425276166885286 1.7501293788065031
leaf_weight=5825 210 642 295 1092
leaf_count=5825 210 642 295 1092
internal_value=0.000866595 -0.162225 -2.56078 0.163016
internal_weight=8064 7854 937 6917
internal_count=8064 7854 937 6917
is_linear=0
shrinkage=0.05


Tree=41
num_leaves=6
num_cat=0
split_feature=3 3 0 10 0
split_gain=3.09314e+06 1.58652e+07 2.76221e+06 2.37519e+06 1.60169e+06
threshold=-115.88908020833331 -124.78350590277749 8225.848350000002 0.47466730800064139 96.053250000000006
decision_type=2 2 2 2 2
left_child=1 3 4 -1 -2
right_child=2 -3 -4 -5 -6
leaf_value=2.7389044615147498 0.49079539695847374 17.8948016574465 -5.6758982924217918 -2.5017689264298548 -1.053563504997435
leaf_weight=416 3836 144 236 448 2984
leaf_count=416 3836 144 236 448 2984
internal_value=0.000828535 2.59026 -0.369405 0.0217675 -0.184974
internal_weight=8064 1008 7056 864 6820
internal_count=8064 1008 7056 864 6820
is_linear=0
shrinkage=0.05


Tree=42
num_leaves=4
num_cat=0
split_feature=2 0 2
split_gain=2.87929e+06 2.06333e+06 1.41226e+06
threshold=547.09017857142828 8380.7792500000014 166.72070000000011
decision_type=2 2 2
left_child=1 2 -1
right_child=-2 -3 -4
leaf_value=-0.28993750808205609 5.7647435275723025 -5.1419124812772958 1.7010437571243147
leaf_weight=6625 210 201 1028
leaf_count=6625 210 201 1028
internal_value=0.000860838 -0.153968 -0.0223088
internal_weight=8064 7854 7653
internal_count=8064 7854 7653
is_linear=0
shrinkage=0.05


Tree=43
num_leaves=7
num_cat=0
split_feature=3 3 0 2 6 2
split_gain=2.75076e+06 1.43246e+07 2.57211e+06 2.47705e+06 2.29071e+06 282423
threshold=-115.88908020833331 -124.78350590277749 3407.9387500000007 113.63874999999963 -0.81915204428899124 179.54882142857204
decision_type=2 2 2 2 2 2
left_child=1 4 5 -4 -1 -2
right_child=2 -3 3 -5 -6 -7
leaf_value=5.1121086675098972 0.22789039183691268 16.985216842355399 -3.1635680954281051 0.21962473000849375 -1.2919538400107633 2.3390551630498435
leaf_weight=174 4668 144 1298 927 690 163
leaf_count=174 4668 144 1298 927 690 163
internal_value=0.000830432 2.44275 -0.348312 -1.75457 0.00217215 0.299591
internal_weight=8064 1008 7056 2225 864 4831
internal_count=8064 1008 7056 2225 864 4831
is_linear=0
shrinkage=0.05


Tree=44
num_leaves=5
num_cat=0
split_feature=2 1 2 2
split_gain=2.54957e+06 1.78821e+06 1.52695e+06 1.04715e+06
threshold=547.09017857142828 173.4026999999999 -417.11844999999988 194.49785
decision_type=2 2 2 2
left_child=1 3 -3 -1
right_child=-2 2 -4 -5
leaf_value=-0.095815044306292174 5.4247494999831325 -6.2917823754861715 -1.1984446194831027 1.7866180726534087
leaf_weight=6077 210 182 755 840
leaf_count=6077 210 182 755 840
internal_value=0.000915536 -0.144779 -2.19341 0.133013
internal_weight=8064 7854 937 6917
internal_count=8064 7854 937 6917
is_linear=0
shrinkage=0.05


Tree=45
num_leaves=7
num_cat=0
split_feature=3 3 0 4 10 0
split_gain=2.42543e+06 1.29439e+07 2.3156e+06 2.17728e+06 2.10747e+06 258994
threshold=-115.88908020833331 -124.78350590277749 3407.9387500000007 0.21643961393810304 0.47466730800064139 8.5236500000000017
decision_type=2 2 2 2 2 2
left_child=1 4 5 -4 -1 -2
right_child=2 -3 3 -5 -6 -7
leaf_value=2.533370142832077 0.48125843310406635 16.117739746323945 -0.32161656810782474 -3.4869534893790872 -2.4031171848288095 -0.40456213123733042
leaf_weight=416 3776 144 1284 941 448 1055
leaf_count=416 3776 144 1284 941 448 1055
internal_value=0.000867453 2.29384 -0.326979 -1.66127 -0.026109 0.287768
internal_weight=8064 1008 7056 2225 864 4831
internal_count=8064 1008 7056 2225 864 4831
is_linear=0
shrinkage=0.05


Tree=46
num_leaves=7
num_cat=0
split_feature=2 3 0 3 3 2
split_gain=2.3182e+06 2.25004e+06 1.65123e+06 2.18911e+06 1.02352e+06 429980
threshold=321.69704285714266 -115.88908020833331 4928.6569000000009 -112.5352604166669 -62.769571527778218 142.28847142857157
decision_type=2 2 2 2 2 2
left_child=2 -2 5 -4 -3 -1
right_child=1 4 3 -5 -6 -7
leaf_value=0.0214572901555629 8.2578860519329709 -2.2773375924702353 3.7041546952938607 -2.3599708976053253 2.7458478884187323 1.7435684262746081
leaf_weight=5508 149 144 166 1373 337 387
leaf_count=5508 149 144 166 1373 337 387
internal_value=0.000901689 2.91056 -0.246038 -1.7039 1.24042 0.134788
internal_weight=8064 630 7434 1539 481 5895
internal_count=8064 630 7434 1539 481 5895
is_linear=0
shrinkage=0.05


Tree=47
num_leaves=4
num_cat=0
split_feature=2 0 2
split_gain=2.1786e+06 1.60984e+06 1.03416e+06
threshold=547.09017857142828 8380.7792500000014 113.63874999999963
decision_type=2 2 2
left_child=1 2 -1
right_child=-2 -3 -4
leaf_value=-0.28902423164203822 5.0146701995795375 -4.5395864759046258 1.2261956481605161
leaf_weight=6282 210 201 1371
leaf_count=6282 210 201 1371
internal_value=0.00092996 -0.133749 -0.0174548
internal_weight=8064 7854 7653
internal_count=8064 7854 7653
is_linear=0
shrinkage=0.05


Tree=48
num_leaves=7
num_cat=0
split_feature=3 3 6 0 3 0
split_gain=1.97537e+06 1.16795e+07 2.05403e+06 2.02245e+06 2.89951e+06 199948
threshold=-115.88908020833331 -124.78350590277749 -0.08715574274765843 2814.9750000000008 -87.089065972222429 96.053250000000006
decision_type=2 2 2 2 2 2
left_child=1 2 -1 5 -5 -2
right_child=3 -3 -4 4 -6 -7
leaf_value=2.4768502445988561 0.46416389602601749 15.201567471274016 -2.4050625823100238 -8.2295011712000683 -1.0264614229343607 -0.39521690654112912
leaf_weight=402 3836 144 462 148 2251 821
leaf_count=402 3836 144 462 148 2251 821
internal_value=0.000892217 2.07022 -0.13338 -0.294978 -1.47408 0.312608
internal_weight=8064 1008 864 7056 2399 4657
internal_count=8064 1008 864 7056 2399 4657
is_linear=0
shrinkage=0.05


Tree=49
num_leaves=4
num_cat=0
split_feature=2 3 2
split_gain=1.98701e+06 1.42607e+06 2.66499e+06
threshold=547.09017857142828 328.78225173611105 -239.4063714285721
decision_type=2 2 2
left_child=1 2 -1
right_child=-2 -3 -4
leaf_value=-4.2748614921275676 4.7890885197650199 4.784883794209053 -0.0070074798621774185
leaf_weight=384 210 144 7326
leaf_count=384 210 144 7326
internal_value=0.00088535 -0.127735 -0.220097
internal_weight=8064 7854 7710
internal_count=8064 7854 7710
is_linear=0
shrinkage=0.05


Tree=50
num_leaves=6
num_cat=0
split_feature=2 3 3 3 2
split_gain=1.86225e+06 1.52137e+06 1.55255e+06 1.35223e+06 2.26772e+06
threshold=295.75378571428547 -115.88908020833331 -67.732559027778152 328.78225173611105 -278.22481428571399
decision_type=2 2 2 2 2
left_child=3 -2 -3 4 -1
right_child=1 2 -4 -5 -6
leaf_value=-4.4783054746379927 6.6131111728293561 -3.1848556260934613 2.8248974696805442 4.5472893954145501 -0.14022187396615099
leaf_weight=314 167 148 385 144 6906
leaf_count=314 167 148 385 144 6906
internal_value=0.000873883 2.46344 1.15331 -0.233513 -0.329481
internal_weight=8064 700 533 7364 7220
internal_count=8064 700 533 7364 7220
is_linear=0
shrinkage=0.05


Tree=51
num_leaves=4
num_cat=0
split_feature=2 0 2
split_gain=1.70403e+06 1.31516e+06 914027
threshold=547.09017857142828 8380.7792500000014 113.63874999999963
decision_type=2 2 2
left_child=1 2 -1
right_child=-2 -3 -4
leaf_value=-0.26843922168621803 4.4350300013877773 -4.1004651662146694 1.15605746180297
leaf_weight=6282 210 201 1371
leaf_count=6282 210 201 1371
internal_value=0.000868515 -0.118241 -0.0131294
internal_weight=8064 7854 7653
internal_count=8064 7854 7653
is_linear=0
shrinkage=0.05


Tree=52
num_leaves=7
num_cat=0
split_feature=3 3 0 0 3 2
split_gain=1.65082e+06 1.05683e+07 2.00288e+06 1.80612e+06 2.5665e+06 186209
threshold=-115.88908020833331 -124.78350590277749 6537.2885500000011 2361.7702000000004 -87.089065972222429 16.687499999999662
decision_type=2 2 2 2 2 2
left_child=1 2 -1 5 -5 -2
right_child=3 -3 -4 4 -6 -7
leaf_value=0.9061775070153365 0.46094314993868885 14.383638555921358 -5.4148498040280844 -7.5551956558647833 -0.93278448315203955 -0.43486141800763845
leaf_weight=713 3856 144 151 155 2363 682
leaf_count=713 3856 144 151 155 2363 682
internal_value=0.000832672 1.89255 -0.203522 -0.269642 -1.34328 0.32625
internal_weight=8064 1008 864 7056 2518 4538
internal_count=8064 1008 864 7056 2518 4538
is_linear=0
shrinkage=0.05


Tree=53
num_leaves=7
num_cat=0
split_feature=2 8 3 0 6 3
split_gain=1.62257e+06 5.88665e+06 3.06019e+06 1.79333e+06 1.74147e+06 245522
threshold=166.72070000000011 13.666666666666668 7.2777118055554419 1163.0744000000002 -0.42261826174069911 -115.88908020833331
decision_type=2 2 2 2 2 2
left_child=3 2 -2 5 -5 -1
right_child=1 -3 -4 4 -6 -7
leaf_value=-0.7308613645742621 -1.6834067973399671 8.3190114701977205 4.7290889500123772 -3.2005422323616801 -0.25619372019270281 0.36122026325477707
leaf_weight=586 753 261 246 892 1148 4178
leaf_count=586 753 261 246 892 1148 4178
internal_value=0.000799791 1.6482 -0.101204 -0.304471 -1.54456 0.226763
internal_weight=8064 1260 999 6804 2040 4764
internal_count=8064 1260 999 6804 2040 4764
is_linear=0
shrinkage=0.05


Tree=54
num_leaves=4
num_cat=0
split_feature=2 3 1
split_gain=1.55459e+06 1.19882e+06 2.11523e+06
threshold=547.09017857142828 328.78225173611105 290.79639999999978
decision_type=2 2 2
left_child=1 2 -1
right_child=-2 -3 -4
leaf_value=0.045496540121248812 4.2360709108165091 4.391260936023861 -3.0180793534793886
leaf_weight=7099 210 144 611
leaf_count=7099 210 144 611
internal_value=0.00080653 -0.112961 -0.197645
internal_weight=8064 7854 7710
internal_count=8064 7854 7710
is_linear=0
shrinkage=0.05


Tree=55
num_leaves=7
num_cat=0
split_feature=3 3 0 0 3 2
split_gain=1.47198e+06 9.38311e+06 1.86271e+06 1.51085e+06 2.38288e+06 164632
threshold=-115.88908020833331 -124.78350590277749 6537.2885500000011 2814.9750000000008 -87.089065972222429 1.6068428571428572
decision_type=2 2 2 2 2 2
left_child=1 2 -1 5 -5 -2
right_child=3 -3 -4 4 -6 -7
leaf_value=0.88221444033962837 0.40958773734867732 13.556963261571424 -5.2136091160146814 -7.3977513918940661 -0.86796348680283875 -0.36470208836356655
leaf_weight=713 3821 144 151 148 2251 836
leaf_count=713 3821 144 151 148 2251 836
internal_value=0.000801259 1.78711 -0.187939 -0.254603 -1.27372 0.270543
internal_weight=8064 1008 864 7056 2399 4657
internal_count=8064 1008 864 7056 2399 4657
is_linear=0
shrinkage=0.05


Tree=56
num_leaves=7
num_cat=0
split_feature=2 4 0 3 2 3
split_gain=1.51015e+06 1.33862e+06 1.21539e+06 1.13991e+06 1.74684e+06 933602
threshold=295.75378571428547 -0.10884096748385481 5958.0542000000014 328.78225173611105 -278.22481428571399 -73.682649999999953
decision_type=2 2 2 2 2 2
left_child=3 2 -2 4 -1 -3
right_child=1 5 -4 -5 -6 -7
leaf_value=-3.9397177013754843 2.8409716749513474 6.9168338691165463 -3.5778892413491294 4.1791591627022315 -0.13230573717087821 2.0483291340619325
leaf_weight=314 147 168 146 144 6906 239
leaf_count=314 147 168 146 144 6906 239
internal_value=0.000767425 2.21834 -0.358796 -0.210301 -0.298414 4.06996
internal_weight=8064 700 293 7364 7220 407
internal_count=8064 700 293 7364 7220 407
is_linear=0
shrinkage=0.05


Tree=57
num_leaves=7
num_cat=0
split_feature=2 8 3 0 3 3
split_gain=1.3795e+06 5.12338e+06 2.80002e+06 1.3675e+06 2.13302e+06 275382
threshold=166.72070000000011 13.666666666666668 7.2777118055554419 410.53895000000006 -115.88908020833331 -115.88908020833331
decision_type=2 2 2 2 2 2
left_child=3 2 -2 5 -5 -1
right_child=1 -3 -4 4 -6 -7
leaf_value=-0.81697406493355162 -1.6256863731762459 7.7431140561822716 4.5081729690555621 4.0998066518041822 -1.7056210717626148 0.37147168557992027
leaf_weight=555 753 261 246 170 2125 3954
leaf_count=555 753 261 246 170 2125 3954
internal_value=0.000780726 1.51978 -0.112249 -0.280698 -1.27399 0.225041
internal_weight=8064 1260 999 6804 2295 4509
internal_count=8064 1260 999 6804 2295 4509
is_linear=0
shrinkage=0.05


Tree=58
num_leaves=4
num_cat=0
split_feature=2 0 3
split_gain=1.33354e+06 1.00204e+06 870668
threshold=547.09017857142828 8380.7792500000014 -181.02418715277767
decision_type=2 2 2
left_child=1 2 -1
right_child=-2 -3 -4
leaf_value=2.7706624728947111 3.923434718440495 -3.5805540903960122 -0.11495284170155227
leaf_weight=270 210 201 7383
leaf_count=270 210 201 7383
internal_value=0.000819659 -0.104549 -0.0127988
internal_weight=8064 7854 7653
internal_count=8064 7854 7653
is_linear=0
shrinkage=0.05


Tree=59
num_leaves=7
num_cat=0
split_feature=2 8 3 3 0 3
split_gain=1.2205e+06 4.30401e+06 7.09149e+06 3.23143e+06 1.60327e+06 1.36649e+06
threshold=113.63874999999963 13.666666666666668 -51.81827569444453 -44.741743402777267 410.53895000000006 55.872129166666817
decision_type=2 2 2 2 2 2
left_child=4 3 -3 -2 -1 -6
right_child=1 2 -4 -5 5 -7
leaf_value=0.21230674159330967 -2.6995508892250681 12.880360563682473 -1.5769063517262665 2.3427428129137655 -0.55406541891843664 -3.3479966601365292
leaf_weight=4503 617 183 157 653 1289 662
leaf_count=4503 617 183 157 653 1289 662
internal_value=0.000797257 1.23195 6.21946 -0.107135 -0.306466 -1.50331
internal_weight=8064 1610 340 1270 6454 1951
internal_count=8064 1610 340 1270 6454 1951
is_linear=0
shrinkage=0.05


Tree=60
num_leaves=4
num_cat=0
split_feature=2 3 3
split_gain=1.17976e+06 1.04394e+06 2.0459e+06
threshold=547.09017857142828 328.78225173611105 151.79005486111103
decision_type=2 2 2
left_child=1 2 -1
right_child=-2 -3 -4
leaf_value=-0.064574421583981925 3.6903267364931334 4.1048967501623883 -6.0604349787687433
leaf_weight=7566 210 144 144
leaf_count=7566 210 144 144
internal_value=0.000802387 -0.0983052 -0.177331
internal_weight=8064 7854 7710
internal_count=8064 7854 7710
is_linear=0
shrinkage=0.05


Tree=61
num_leaves=7
num_cat=0
split_feature=2 4 0 3 2 3
split_gain=1.09371e+06 1.1974e+06 1.09183e+06 984815 1.38178e+06 833917
threshold=295.75378571428547 -0.10884096748385481 5958.0542000000014 328.78225173611105 -239.4063714285721 -73.682649999999953
decision_type=2 2 2 2 2 2
left_child=3 2 -2 4 -1 -3
right_child=1 5 -4 -5 -6 -7
leaf_value=-3.1752361616337454 2.4847668672483918 6.3293710105870602 -3.5992708616414855 3.901067467311333 -0.096596404585830825 1.7298148309439421
leaf_weight=384 147 168 146 144 6836 239
leaf_count=384 147 168 146 144 6836 239
internal_value=0.00077262 1.88798 -0.5488 -0.178851 -0.260753 3.63926
internal_weight=8064 700 293 7364 7220 407
internal_count=8064 700 293 7364 7220 407
is_linear=0
shrinkage=0.05


Tree=62
num_leaves=7
num_cat=0
split_feature=3 3 0 0 6 2
split_gain=1.02662e+06 8.17665e+06 1.89249e+06 1.20825e+06 1.92122e+06 170151
threshold=-115.88908020833331 -124.78350590277749 6537.2885500000011 3407.9387500000007 -0.46130913087034953 1.6068428571428572
decision_type=2 2 2 2 2 2
left_child=1 2 -1 5 -5 -2
right_child=3 -3 -4 4 -6 -7
leaf_value=0.72794173348522861 0.37911251563661547 12.479759387805544 -5.4164696684499321 -2.9710140225668371 0.025924866343254988 -0.36482150612905917
leaf_weight=713 3873 144 151 892 1333 958
leaf_count=713 3873 144 151 892 1333 958
internal_value=0.000780958 1.49258 -0.350928 -0.212514 -1.17634 0.231543
internal_weight=8064 1008 864 7056 2225 4831
internal_count=8064 1008 864 7056 2225 4831
is_linear=0
shrinkage=0.05


Tree=63
num_leaves=7
num_cat=0
split_feature=2 8 6 3 0 3
split_gain=1.05772e+06 3.76593e+06 6.8175e+06 3.00395e+06 1.28514e+06 1.28566e+06
threshold=113.63874999999963 13.666666666666668 -0.25881904510252163 -44.741743402777267 410.53895000000006 -83.891253472222147
decision_type=2 2 2 2 2 2
left_child=4 3 -3 -2 -1 -6
right_child=1 2 -4 -5 5 -7
leaf_value=0.17919599707651931 -2.6051966798151196 13.982699749628976 -0.3036049151907162 2.2563811440898007 1.8825649310282941 -1.8645624350374608
leaf_weight=4503 617 145 195 653 264 1687
leaf_count=4503 617 145 195 653 264 1687
internal_value=0.000772028 1.14688 5.81222 -0.105695 -0.285268 -1.35681
internal_weight=8064 1610 340 1270 6454 1951
internal_count=8064 1610 340 1270 6454 1951
is_linear=0
shrinkage=0.05


Tree=64
num_leaves=4
num_cat=0
split_feature=2 3 3
split_gain=1.015e+06 875215 1.8342e+06
threshold=547.09017857142828 328.78225173611105 151.79005486111103
decision_type=2 2 2
left_child=1 2 -1
right_child=-2 -3 -4
leaf_value=-0.056704866508563739 3.423017461350744 3.7574674455050765 -5.733877435922623
leaf_weight=7566 210 144 144
leaf_count=7566 210 144 144
internal_value=0.000817298 -0.0911095 -0.163468
internal_weight=8064 7854 7710
internal_count=8064 7854 7710
is_linear=0
shrinkage=0.05


Tree=65
num_leaves=7
num_cat=0
split_feature=2 4 0 3 2 3
split_gain=935778 1.07556e+06 970055 825894 1.16925e+06 760700
threshold=295.75378571428547 -0.10884096748385481 5958.0542000000014 328.78225173611105 -278.22481428571399 -73.682649999999953
decision_type=2 2 2 2 2 2
left_child=3 2 -2 4 -1 -3
right_child=1 5 -4 -5 -6 -7
leaf_value=-3.2194636397891574 2.2966681593273943 5.9753783834756478 -3.4381271805082054 3.5708897894004297 -0.10446794427800786 1.582926864027977
leaf_weight=314 147 168 146 144 6906 239
leaf_count=314 147 168 146 144 6906 239
internal_value=0.000785055 1.74642 -0.562918 -0.165365 -0.240367 3.40623
internal_weight=8064 700 293 7364 7220 407
internal_count=8064 700 293 7364 7220 407
is_linear=0
shrinkage=0.05


Tree=66
num_leaves=7
num_cat=0
split_feature=2 8 6 3 0 3
split_gain=868170 3.39713e+06 6.09414e+06 2.79838e+06 1.12978e+06 1.20108e+06
threshold=113.63874999999963 13.666666666666668 -0.25881904510252163 -44.741743402777267 410.53895000000006 55.872129166666817
decision_type=2 2 2 2 2 2
left_child=4 3 -3 -2 -1 -6
right_child=1 2 -4 -5 5 -7
leaf_value=0.17712399059762685 -2.5629164087492673 13.195022678375246 -0.31199601998134541 2.1293717583294653 -0.37323615902442803 -2.9924473432564147
leaf_weight=4503 617 145 195 653 1289 662
leaf_count=4503 617 145 195 653 1289 662
internal_value=0.000787117 1.03914 5.47015 -0.15049 -0.258358 -1.26305
internal_weight=8064 1610 340 1270 6454 1951
internal_count=8064 1610 340 1270 6454 1951
is_linear=0
shrinkage=0.05


Tree=67
num_leaves=4
num_cat=0
split_feature=2 0 3
split_gain=851367 762087 716689
threshold=547.09017857142828 8380.7792500000014 -181.02418715277767
decision_type=2 2 2
left_child=1 2 -1
right_child=-2 -3 -4
leaf_value=2.5219912647321219 3.1350366493395718 -3.1147588166269928 -0.096055977517500377
leaf_weight=270 210 201 7383
leaf_count=270 210 201 7383
internal_value=0.000805176 -0.0833862 -0.0033731
internal_weight=8064 7854 7653
internal_count=8064 7854 7653
is_linear=0
shrinkage=0.05


Tree=68
num_leaves=7
num_cat=0
split_feature=3 3 0 0 6 1
split_gain=781724 7.14224e+06 1.76878e+06 1.02246e+06 2.4429e+06 321564
threshold=-115.88908020833331 -124.78350590277749 6537.2885500000011 4928.6569000000009 -0.70710678118654746 254.38705000000019
decision_type=2 2 2 2 2 2
left_child=1 2 -1 5 -5 -2
right_child=3 -3 -4 4 -6 -7
leaf_value=0.62280397128512055 0.095168322242451572 11.571271638212533 -5.3174342397012211 -4.1255008760774601 -0.033462009600383778 2.4287062436293225
leaf_weight=713 5141 144 151 514 1250 151
leaf_count=713 5141 144 151 514 1250 151
internal_value=0.000780081 1.30254 -0.42031 -0.185344 -1.22748 0.162199
internal_weight=8064 1008 864 7056 1764 5292
internal_count=8064 1008 864 7056 1764 5292
is_linear=0
shrinkage=0.05


Tree=69
num_leaves=5
num_cat=0
split_feature=2 4 3 3
split_gain=797581 1.40864e+06 768603 1.61006e+06
threshold=421.05629285714309 -0.15208718494349127 328.78225173611105 151.79005486111103
decision_type=2 2 2 2
left_child=2 -2 3 -1
right_child=1 -3 -4 -5
leaf_value=-0.082727696424238994 -1.6409785408882578 4.3394173376740151 3.4897413151839687 -5.4031583135909047
leaf_weight=7356 156 264 144 144
leaf_count=7356 156 264 144 144
internal_value=0.000773569 2.11951 -0.115902 -0.185587
internal_weight=8064 420 7644 7500
internal_count=8064 420 7644 7500
is_linear=0
shrinkage=0.05


Tree=70
num_leaves=7
num_cat=0
split_feature=2 8 3 8 0 6
split_gain=750611 2.98517e+06 5.9209e+06 2.57872e+06 943222 1.09408e+06
threshold=113.63874999999963 13.666666666666668 -51.81827569444453 13.166666666666668 96.053250000000006 -0.42261826174069911
decision_type=2 2 2 2 2 2
left_child=4 3 -3 -2 -1 -6
right_child=1 2 -4 -5 5 -7
leaf_value=0.17678139184980182 1.8765721535106132 11.20667277177715 -2.0008892658767823 -2.6511754807667494 -2.553969154167087 -0.20229000308707334
leaf_weight=4373 702 183 157 568 808 1273
leaf_count=4373 702 183 157 568 808 1273
internal_value=0.000739239 0.966231 5.1199 -0.148929 -0.240223 -1.11618
internal_weight=8064 1610 340 1270 6454 2081
internal_count=8064 1610 340 1270 6454 2081
is_linear=0
shrinkage=0.05


Tree=71
num_leaves=4
num_cat=0
split_feature=2 3 3
split_gain=716604 688834 1.47631e+06
threshold=547.09017857142828 328.78225173611105 151.79005486111103
decision_type=2 2 2
left_child=1 2 -1
right_child=-2 -3 -4
leaf_value=-0.044914442707236296 2.8762317665097843 3.3377828612820859 -5.1382026732378989
leaf_weight=7566 210 144 144
leaf_count=7566 210 144 144
internal_value=0.000738554 -0.0765027 -0.140696
internal_weight=8064 7854 7710
internal_count=8064 7854 7710
is_linear=0
shrinkage=0.05


Tree=72
num_leaves=5
num_cat=0
split_feature=0 2 8 2
split_gain=715627 787470 2.36622e+06 847621
threshold=8380.7792500000014 103.94792857142865 13.666666666666668 1.6068428571428572
decision_type=2 2 2 2
left_child=1 3 -3 -1
right_child=-2 2 -4 -5
leaf_value=0.068777569607666275 -2.9378240974822849 0.06435424434393644 4.6964115313036103 -1.5434960810762439
leaf_weight=5251 201 1299 349 964
leaf_count=5251 201 1299 349 964
internal_value=0.000708018 0.076189 1.04755 -0.181508
internal_weight=8064 7863 1648 6215
internal_count=8064 7863 1648 6215
is_linear=0
shrinkage=0.05


Tree=73
num_leaves=5
num_cat=0
split_feature=0 2 8 1
split_gain=646191 728942 2.0156e+06 1.38435e+06
threshold=8380.7792500000014 257.51215714285769 13.666666666666668 -355.0349999999998
decision_type=2 2 2 2
left_child=1 3 -3 -1
right_child=-2 2 -4 -5
leaf_value=-4.3368834085802339 -2.7916600343319451 0.20980949235983215 6.2940079187931026 0.023427176956431942
leaf_weight=186 201 653 171 6853
leaf_count=186 201 653 171 6853
internal_value=0.000674782 0.0724005 1.47853 -0.0923902
internal_weight=8064 7863 824 7039
internal_count=8064 7863 824 7039
is_linear=0
shrinkage=0.05


Tree=74
num_leaves=4
num_cat=0
split_feature=3 3 2
split_gain=611277 1.3721e+06 819921
threshold=328.78225173611105 151.79005486111103 -239.4063714285721
decision_type=2 2 2
left_child=1 2 -1
right_child=-2 -3 -4
leaf_value=-2.2429560210249471 3.2177463476873678 -4.8773642438033535 0.14746371413676837
leaf_weight=376 144 144 7400
leaf_count=376 144 144 7400
internal_value=0.000637314 -0.0582544 0.031604
internal_weight=8064 7920 7776
internal_count=8064 7920 7776
is_linear=0
shrinkage=0.05


Tree=75
num_leaves=4
num_cat=0
split_feature=2 3 3
split_gain=586927 587918 2.46577e+06
threshold=547.09017857142828 -181.02418715277767 -135.92341701388861
decision_type=2 2 2
left_child=1 -1 -3
right_child=-2 2 -4
leaf_value=2.1723291623042829 2.6029261250913991 -3.9336468814580026 0.062482056649173334
leaf_weight=281 210 407 7166
leaf_count=281 210 407 7166
internal_value=0.000582171 -0.0693217 -0.152775
internal_weight=8064 7854 7573
internal_count=8064 7854 7573
is_linear=0
shrinkage=0.05


Tree=76
num_leaves=7
num_cat=0
split_feature=3 3 0 3 6 0
split_gain=615006 6.0955e+06 1.72706e+06 1.00555e+06 1.62038e+06 798184
threshold=-115.88908020833331 -124.78350590277749 6537.2885500000011 -100.42767083333341 1.0000000180025095e-35 8225.848350000002
decision_type=2 2 2 2 2 2
left_child=1 2 -1 4 -2 -5
right_child=3 -3 -4 5 -6 -7
leaf_value=0.5944051467403979 -6.784074675132489 10.641669326486259 -5.2753684332496249 0.060169519715919953 0.69946281531761434 -2.949324334615417
leaf_weight=713 144 144 151 6541 144 227
leaf_count=713 144 144 151 6541 144 227
internal_value=0.000558668 1.15519 -0.436359 -0.16453 -3.05283 -0.0411903
internal_weight=8064 1008 864 7056 288 6768
internal_count=8064 1008 864 7056 288 6768
is_linear=0
shrinkage=0.05


Tree=77
num_leaves=4
num_cat=0
split_feature=3 3 2
split_gain=558928 1.24228e+06 716710
threshold=328.78225173611105 151.79005486111103 -239.4063714285721
decision_type=2 2 2
left_child=1 2 -1
right_child=-2 -3 -4
leaf_value=-2.096886329001078 3.0767844286458246 -4.641268166180315 0.13802269873829803
leaf_weight=376 144 144 7400
leaf_count=376 144 144 7400
internal_value=0.000512053 -0.0558015 0.0297004
internal_weight=8064 7920 7776
internal_count=8064 7920 7776
is_linear=0
shrinkage=0.05


Tree=78
num_leaves=7
num_cat=0
split_feature=3 3 0 3 4 0
split_gain=549009 5.50845e+06 1.55973e+06 913284 1.61939e+06 703406
threshold=-115.88908020833331 -124.78350590277749 6537.2885500000011 -100.42767083333341 1.0000000180025095e-35 8225.848350000002
decision_type=2 2 2 2 2 2
left_child=1 2 -1 4 -2 -5
right_child=3 -3 -4 5 -6 -7
leaf_value=0.55799156004662109 0.8421391156624104 10.10948433779437 -5.0201910596929098 0.057181852556268647 -6.6383256208485584 -2.7679900250021827
leaf_weight=713 144 144 151 6541 144 227
leaf_count=713 144 144 151 6541 144 227
internal_value=0.000464609 1.09139 -0.421576 -0.155514 -2.90812 -0.0379699
internal_weight=8064 1008 864 7056 288 6768
internal_count=8064 1008 864 7056 288 6768
is_linear=0
shrinkage=0.05


Tree=79
num_leaves=7
num_cat=0
split_feature=2 8 6 3 2 6
split_gain=550388 2.15977e+06 5.36925e+06 2.49044e+06 714411 579189
threshold=113.63874999999963 13.666666666666668 -0.25881904510252163 -44.741743402777267 1.6068428571428572 0.73657561215276257
decision_type=2 2 2 2 2 2
left_child=4 3 -3 -2 -1 -6
right_child=1 2 -4 -5 5 -7
leaf_value=0.026057104886742954 -2.3972068264549988 11.611420335834975 -1.0633962155908954 2.0293777348114808 -0.86753205897870478 -3.998763178205222
leaf_weight=5404 617 145 195 653 873 177
leaf_count=5404 617 145 195 653 873 177
internal_value=0.000423648 0.827176 4.36024 -0.12137 -0.205912 -1.39867
internal_weight=8064 1610 340 1270 6454 1050
internal_count=8064 1610 340 1270 6454 1050
is_linear=0
shrinkage=0.05


Tree=80
num_leaves=7
num_cat=0
split_feature=3 3 0 3 5 3
split_gain=541511 2.44403e+06 4.49517e+06 2.00641e+06 7.41254e+06 1.56287e+06
threshold=55.872129166666817 61.785570138888723 2361.7702000000004 21.257735416666495 -0.80625269229011354 10.283499999999778
decision_type=2 2 2 2 2 2
left_child=3 2 -2 5 -5 -1
right_child=1 -3 -4 4 -6 -7
leaf_value=0.051797894630939562 -0.11167136683796181 0.33787608161075072 -9.2752242607528004 12.780683305328841 0.16470409293283916 -5.2132935896413084
leaf_weight=5040 366 1584 210 145 575 144
leaf_count=5040 366 1584 210 145 575 144
internal_value=0.000435563 -0.67678 -3.46283 0.24827 2.71962 -0.0954319
internal_weight=8064 2160 576 5904 720 5184
internal_count=8064 2160 576 5904 720 5184
is_linear=0
shrinkage=0.05


Tree=81
num_leaves=4
num_cat=0
split_feature=2 3 3
split_gain=522379 551177 2.17484e+06
threshold=547.09017857142828 -181.02418715277767 -135.92341701388861
decision_type=2 2 2
left_child=1 -1 -3
right_child=-2 2 -4
leaf_value=2.1049354807387854 2.4554862038219145 -3.6971739181874357 0.055814364044240297
leaf_weight=281 210 407 7166
leaf_count=281 210 407 7166
internal_value=0.00040595 -0.0655422 -0.146346
internal_weight=8064 7854 7573
internal_count=8064 7854 7573
is_linear=0
shrinkage=0.05


Tree=82
num_leaves=7
num_cat=0
split_feature=3 3 10 0 3 2
split_gain=529936 4.8106e+06 1.47903e+06 853712 1.89567e+06 80687.3
threshold=-115.88908020833331 -124.78350590277749 0.47466730800064139 2361.7702000000004 -87.089065972222429 16.687499999999662
decision_type=2 2 2 2 2 2
left_child=1 2 -1 5 -5 -2
right_child=3 -3 -4 4 -6 -7
leaf_value=1.8028302172748305 0.34548437561214912 9.4997054188826997 -2.3327140873351979 -6.2295050644721748 -0.53833292740981797 -0.2442225731414297
leaf_weight=416 3856 144 448 155 2363 682
leaf_count=416 3856 144 448 155 2363 682
internal_value=0.000391352 1.0722 -0.341744 -0.152854 -0.890997 0.256825
internal_weight=8064 1008 864 7056 2518 4538
internal_count=8064 1008 864 7056 2518 4538
is_linear=0
shrinkage=0.05


Tree=83
num_leaves=4
num_cat=0
split_feature=3 3 2
split_gain=506257 1.13362e+06 659644
threshold=328.78225173611105 151.79005486111103 113.63874999999963
decision_type=2 2 2
left_child=1 2 -1
right_child=-2 -3 -4
leaf_value=-0.20485008028150778 2.9281247472763066 -4.4335442517749195 0.93720361700245169
leaf_weight=6188 144 144 1588
leaf_count=6188 144 144 1588
internal_value=0.00038606 -0.0532085 0.0284685
internal_weight=8064 7920 7776
internal_count=8064 7920 7776
is_linear=0
shrinkage=0.05


Tree=84
num_leaves=7
num_cat=0
split_feature=3 3 0 3 5 3
split_gain=482535 2.21096e+06 4.03232e+06 1.80798e+06 6.70014e+06 1.4094e+06
threshold=55.872129166666817 61.785570138888723 2361.7702000000004 21.257735416666495 -0.80625269229011354 10.283499999999778
decision_type=2 2 2 2 2 2
left_child=3 2 -2 5 -5 -1
right_child=1 -3 -4 4 -6 -7
leaf_value=0.047862830538612303 -0.11482260364034197 0.32614873801460875 -8.7938260444532652 12.145657292130876 0.15124008975043479 -4.9520419469372987
leaf_weight=5040 366 1584 210 145 575 144
leaf_count=5040 366 1584 210 145 575 144
internal_value=0.000361967 -0.638913 -3.2888 0.234312 2.58028 -0.0919517
internal_weight=8064 2160 576 5904 720 5184
internal_count=8064 2160 576 5904 720 5184
is_linear=0
shrinkage=0.05


Tree=85
num_leaves=7
num_cat=0
split_feature=3 3 6 0 6 1
split_gain=468379 4.3433e+06 1.442e+06 811906 2.17476e+06 298909
threshold=-115.88908020833331 -124.78350590277749 -0.08715574274765843 4928.6569000000009 -0.70710678118654746 254.38705000000019
decision_type=2 2 2 2 2 2
left_child=1 2 -1 5 -5 -2
right_child=3 -3 -4 4 -6 -7
leaf_value=1.85180243465578 0.10133286493325783 9.0157063689725145 -2.2386805278243052 -3.8067395498104468 0.054123353586791989 2.3511711983304275
leaf_weight=402 5141 144 462 514 1250 151
leaf_count=402 5141 144 462 514 1250 151
internal_value=0.000336489 1.00797 -0.335529 -0.143734 -1.07239 0.165961
internal_weight=8064 1008 864 7056 1764 5292
internal_count=8064 1008 864 7056 1764 5292
is_linear=0
shrinkage=0.05


Tree=86
num_leaves=5
num_cat=0
split_feature=2 4 3 3
split_gain=456568 953679 555374 1.56665e+06
threshold=459.05860000000081 -0.065387565056497052 -181.02418715277767 -135.92341701388861
decision_type=2 2 2 2
left_child=2 -2 -1 -4
right_child=1 -3 3 -5
leaf_value=2.1267039786035364 -1.19395233926835 4.055716701393778 -3.2338041400788096 0.0099053318998765152
leaf_weight=274 153 197 392 7048
leaf_count=274 153 197 392 7048
internal_value=0.000365096 1.764 -0.0798728 -0.161411
internal_weight=8064 350 7714 7440
internal_count=8064 350 7714 7440
is_linear=0
shrinkage=0.05


Tree=87
num_leaves=4
num_cat=0
split_feature=3 3 2
split_gain=452383 1.02821e+06 567319
threshold=328.78225173611105 151.79005486111103 113.63874999999963
decision_type=2 2 2
left_child=1 2 -1
right_child=-2 -3 -4
leaf_value=-0.18889360712071598 2.7679353940589677 -4.2220233619624166 0.87022710378540258
leaf_weight=6188 144 144 1588
leaf_count=6188 144 144 1588
internal_value=0.00035779 -0.0503049 0.0274821
internal_weight=8064 7920 7776
internal_count=8064 7920 7776
is_linear=0
shrinkage=0.05


Tree=88
num_leaves=7
num_cat=0
split_feature=3 3 0 0 3 2
split_gain=435573 3.89352e+06 1.48181e+06 787178 1.73946e+06 80440.5
threshold=-115.88908020833331 -124.78350590277749 6537.2885500000011 2361.7702000000004 -87.089065972222429 16.687499999999662
decision_type=2 2 2 2 2 2
left_child=1 2 -1 5 -5 -2
right_child=3 -3 -4 4 -6 -7
leaf_value=0.65463409791557059 0.34331542932372161 8.553807027247446 -4.7823638946896327 -5.9612177291598458 -0.50957624246572164 -0.24548788515095482
leaf_weight=713 3856 144 151 155 2363 682
leaf_count=713 3856 144 151 155 2363 682
internal_value=0.000335107 0.972043 -0.300012 -0.138598 -0.847395 0.254792
internal_weight=8064 1008 864 7056 2518 4538
internal_count=8064 1008 864 7056 2518 4538
is_linear=0
shrinkage=0.05


Tree=89
num_leaves=5
num_cat=0
split_feature=2 4 3 3
split_gain=420258 870176 506111 1.416e+06
threshold=459.05860000000081 -0.065387565056497052 -181.02418715277767 -135.92341701388861
decision_type=2 2 2 2
left_child=2 -2 -1 -4
right_child=1 -3 3 -5
leaf_value=2.029764712528749 -1.1331681095160446 3.8814392050558872 -3.0754499050648767 0.0083585733049181214
leaf_weight=274 153 197 392 7048
leaf_count=274 153 197 392 7048
internal_value=0.000306279 1.69236 -0.0766749 -0.154513
internal_weight=8064 350 7714 7440
internal_count=8064 350 7714 7440
is_linear=0
shrinkage=0.05


Tree=90
num_leaves=7
num_cat=0
split_feature=3 3 0 3 5 3
split_gain=416156 1.99323e+06 3.60002e+06 1.63949e+06 6.08001e+06 1.26067e+06
threshold=55.872129166666817 61.785570138888723 1549.9975000000002 21.257735416666495 -0.80625269229011354 10.283499999999778
decision_type=2 2 2 2 2 2
left_child=3 2 -2 5 -5 -1
right_child=1 -3 -4 4 -6 -7
leaf_value=0.039109516530886124 0.094104402668155035 0.32292774749079528 -7.9780403212168345 11.563518231290661 0.13765892820212886 -4.6896263050210889
leaf_weight=5040 348 1584 228 145 575 144
leaf_count=5040 348 1584 228 145 575 144
internal_value=0.000301568 -0.593377 -3.10941 0.217565 2.45155 -0.0931234
internal_weight=8064 2160 576 5904 720 5184
internal_count=8064 2160 576 5904 720 5184
is_linear=0
shrinkage=0.05


Tree=91
num_leaves=7
num_cat=0
split_feature=3 0 4 3 0 4
split_gain=409617 3.80173e+06 7.50867e+06 1.38005e+06 736123 1.97603e+06
threshold=-115.88908020833331 3598.0930500000004 1.0000000180025095e-35 -135.92341701388861 4928.6569000000009 0.34202014332566882
decision_type=2 2 2 2 2 2
left_child=1 3 -3 -1 -2 -6
right_child=4 2 -4 -5 5 -7
leaf_value=0.30160516556689676 0.16044019710771557 -2.7987565783605186 12.715688487745467 -4.6091398859646784 0.12766733465595373 -3.4600334854413433
leaf_weight=496 5292 145 167 200 1201 563
leaf_count=496 5292 145 167 200 1201 563
internal_value=0.000283332 0.942595 5.51954 -1.11412 -0.134447 -1.0187
internal_weight=8064 1008 312 696 7056 1764
internal_count=8064 1008 312 696 7056 1764
is_linear=0
shrinkage=0.05


Tree=92
num_leaves=4
num_cat=0
split_feature=3 3 8
split_gain=407091 933250 524917
threshold=328.78225173611105 151.79005486111103 13.166666666666668
decision_type=2 2 2
left_child=1 2 -1
right_child=-2 -3 -4
leaf_value=0.48555263538330595 2.6256686707200676 -4.0221899030948505 -0.34107087099236266
leaf_weight=3456 144 144 4320
leaf_count=3456 144 144 4320
internal_value=0.000284271 -0.0477754 0.0263325
internal_weight=8064 7920 7776
internal_count=8064 7920 7776
is_linear=0
shrinkage=0.05


Tree=93
num_leaves=5
num_cat=0
split_feature=0 5 1 1
split_gain=389948 526750 1.72102e+06 486258
threshold=8380.7792500000014 -0.97111091670450067 -391.22269999999975 -459.07909999999941
decision_type=2 2 2 2
left_child=1 2 -1 -3
right_child=-2 3 -4 -5
leaf_value=-2.7406284789110993 -2.1688921638644572 1.8601268750801685 3.7834264871052334 -0.13249112225551704
leaf_weight=148 201 319 314 7082
leaf_count=148 201 319 314 7082
internal_value=0.000262302 0.0559806 1.69206 -0.046365
internal_weight=8064 7863 462 7401
internal_count=8064 7863 462 7401
is_linear=0
shrinkage=0.05


Tree=94
num_leaves=7
num_cat=0
split_feature=3 3 0 0 6 2
split_gain=374767 3.60402e+06 1.49576e+06 698106 1.56206e+06 231420
threshold=-115.88908020833331 -124.78350590277749 6537.2885500000011 3598.0930500000004 -0.46130913087034953 194.49785
decision_type=2 2 2 2 2 2
left_child=1 2 -1 5 -5 -2
right_child=3 -3 -4 4 -6 -7
leaf_value=0.63693071927677014 0.14107585112890428 8.196051260191819 -4.825618361524846 -2.5226587969340342 0.21793345131688505 2.1294896682761362
leaf_weight=713 4739 144 151 864 1303 150
leaf_count=713 4739 144 151 864 1303 150
internal_value=0.000252921 0.901588 -0.322226 -0.128619 -0.875422 0.202506
internal_weight=8064 1008 864 7056 2167 4889
internal_count=8064 1008 864 7056 2167 4889
is_linear=0
shrinkage=0.05


Tree=95
num_leaves=4
num_cat=0
split_feature=3 3 2
split_gain=377346 843971 492851
threshold=328.78225173611105 151.79005486111103 113.63874999999963
decision_type=2 2 2
left_child=1 2 -1
right_child=-2 -3 -4
leaf_value=-0.17720665779480305 2.5279150520522022 -3.8255373877697978 0.80995825079297257
leaf_weight=6188 144 144 1588
leaf_count=6188 144 144 1588
internal_value=0.0002649 -0.0460057 0.0244685
internal_weight=8064 7920 7776
internal_count=8064 7920 7776
is_linear=0
shrinkage=0.05


Tree=96
num_leaves=5
num_cat=0
split_feature=0 5 1 3
split_gain=347681 471119 1.53434e+06 479060
threshold=8380.7792500000014 -0.97111091670450067 -391.22269999999975 -181.02418715277767
decision_type=2 2 2 2
left_child=1 2 -1 -3
right_child=-2 3 -4 -5
leaf_value=-2.585253732566466 -2.0479777364004956 2.0395028369025066 3.5748159691833319 -0.12157546685901831
leaf_weight=148 201 265 314 7136
leaf_count=148 201 265 314 7136
internal_value=0.000247535 0.0528596 1.60014 -0.0439309
internal_weight=8064 7863 462 7401
internal_count=8064 7863 462 7401
is_linear=0
shrinkage=0.05


Tree=97
num_leaves=4
num_cat=0
split_feature=3 3 8
split_gain=346690 765464 478151
threshold=328.78225173611105 151.79005486111103 13.166666666666668
decision_type=2 2 2
left_child=1 2 -1
right_child=-2 -3 -4
leaf_value=0.46129216214963598 2.4230418474920867 -3.6435635736892964 -0.32764912071872532
leaf_weight=3456 144 144 4320
leaf_count=3456 144 144 4320
internal_value=0.000240484 -0.0441108 0.0230057
internal_weight=8064 7920 7776
internal_count=8064 7920 7776
is_linear=0
shrinkage=0.05


Tree=98
num_leaves=5
num_cat=0
split_feature=2 3 5 3
split_gain=341669 413632 2.43127e+06 1.58763e+06
threshold=547.09017857142828 -135.92341701388861 -0.72219205899833572 -115.88908020833331
decision_type=2 2 2 2
left_child=1 2 -1 -3
right_child=-2 3 -4 -5
leaf_value=-6.877622238661619 1.9857473942552699 3.8722280298349072 0.33632619301624972 -0.085848978394446912
leaf_weight=148 210 262 540 6904
leaf_count=148 210 262 540 6904
internal_value=0.000221728 -0.0531132 -1.22324 0.0593845
internal_weight=8064 7854 688 7166
internal_count=8064 7854 688 7166
is_linear=0
shrinkage=0.05


Tree=99
num_leaves=7
num_cat=0
split_feature=3 0 3 0 1 3
split_gain=332852 1.84004e+06 1.55666e+06 5.57358e+06 1.115e+06 1.08868e+06
threshold=55.872129166666817 7512.7708000000011 21.257735416666495 4753.218350000001 324.03724999999991 61.785570138888723
decision_type=2 2 2 2 2 2
left_child=2 5 4 -4 -1 -2
right_child=1 -3 3 -5 -6 -7
leaf_value=0.037097707480240709 -2.0122808640580141 -4.5737099772476295 -0.32354785508343153 9.5410756374071095 -3.807455857645492 0.7039270602701424
leaf_weight=4989 498 248 524 196 195 1414
leaf_count=4989 498 248 524 196 195 1414
internal_value=0.00020587 -0.530738 0.194511 2.37133 -0.108224 -0.00421922
internal_weight=8064 2160 5904 720 5184 1912
internal_count=8064 2160 5904 720 5184 1912
is_linear=0
shrinkage=0.05


end of trees

feature_importances:
Column_2=179
Column_3=153
Column_0=72
Column_1=23
Column_8=21
Column_4=19
Column_6=17
Column_5=7
Column_10=3

parameters:
[boosting: gbdt]
[objective: regression]
[metric: l2]
[tree_learner: serial]
[device_type: cpu]
[data_sample_strategy: bagging]
[data: ]
[valid: ]
[num_iterations: 100]
[learning_rate: 0.05]
[num_leaves: 7]
[num_threads: 1]
[seed: 20250911]
[deterministic: 1]
[force_col_wise: 1]
[force_row_wise: 0]
[histogram_pool_size: -1]
[max_depth: 3]
[min_data_in_leaf: 144]
[min_sum_hessian_in_leaf: 0.001]
[bagging_fraction: 1]
[pos_bagging_fraction: 1]
[neg_bagging_fraction: 1]
[bagging_freq: 0]
[bagging_seed: 20250911]
[bagging_by_query: 0]
[feature_fraction: 1]
[feature_fraction_bynode: 1]
[feature_fraction_seed: 20250911]
[extra_trees: 0]
[extra_seed: 26685]
[early_stopping_round: 0]
[early_stopping_min_delta: 0]
[first_metric_only: 0]
[max_delta_step: 0]
[lambda_l1: 0]
[lambda_l2: 1]
[linear_lambda: 0]
[min_gain_to_split: 0]
[drop_rate: 0.1]
[max_drop: 50]
[skip_drop: 0.5]
[xgboost_dart_mode: 0]
[uniform_drop: 0]
[drop_seed: 2504]
[top_rate: 0.2]
[other_rate: 0.1]
[min_data_per_group: 100]
[max_cat_threshold: 32]
[cat_l2: 10]
[cat_smooth: 10]
[max_cat_to_onehot: 4]
[top_k: 20]
[monotone_constraints: ]
[monotone_constraints_method: basic]
[monotone_penalty: 0]
[feature_contri: ]
[forcedsplits_filename: ]
[refit_decay_rate: 0.9]
[cegb_tradeoff: 1]
[cegb_penalty_split: 0]
[cegb_penalty_feature_lazy: ]
[cegb_penalty_feature_coupled: ]
[path_smooth: 0]
[interaction_constraints: ]
[verbosity: -1]
[saved_feature_importance_type: 0]
[use_quantized_grad: 0]
[num_grad_quant_bins: 4]
[quant_train_renew_leaf: 0]
[stochastic_rounding: 1]
[linear_tree: 0]
[max_bin: 63]
[max_bin_by_feature: ]
[min_data_in_bin: 3]
[bin_construct_sample_cnt: 200000]
[data_random_seed: 20250911]
[is_enable_sparse: 1]
[enable_bundle: 1]
[use_missing: 1]
[zero_as_missing: 0]
[feature_pre_filter: 0]
[pre_partition: 0]
[two_round: 0]
[header: 0]
[label_column: ]
[weight_column: ]
[group_column: ]
[ignore_column: ]
[categorical_feature: ]
[forcedbins_filename: ]
[precise_float_parser: 0]
[parser_config_file: ]
[objective_seed: 19683]
[num_class: 1]
[is_unbalance: 0]
[scale_pos_weight: 1]
[sigmoid: 1]
[boost_from_average: 1]
[reg_sqrt: 0]
[alpha: 0.9]
[fair_c: 1]
[poisson_max_delta_step: 0.7]
[tweedie_variance_power: 1.5]
[lambdarank_truncation_level: 30]
[lambdarank_norm: 1]
[label_gain: ]
[lambdarank_position_bias_regularization: 0]
[eval_at: ]
[multi_error_top_k: 1]
[auc_mu_weights: ]
[num_machines: 1]
[local_listen_port: 12400]
[time_out: 120]
[machine_list_filename: ]
[machines: ]
[gpu_platform_id: -1]
[gpu_device_id: -1]
[gpu_device_id_list: ]
[gpu_use_dp: 0]
[num_gpu: 1]

end of parameters

pandas_categorical:null
