tree
version=v4
num_class=1
num_tree_per_iteration=1
label_index=0
max_feature_idx=11
objective=regression
feature_names=Column_0 Column_1 Column_2 Column_3 Column_4 Column_5 Column_6 Column_7 Column_8 Column_9 Column_10 Column_11
feature_infos=[0:8501.7000000000007] [-2111.2906999999996:1494.8250000000007] [-1327.1946428571428:1530.8009571428584] [-187.22570902777761:214.93497222222231] [-1:1] [-1:1] [-1:1] [-1:1] [11.833333333333332:13.5] [11.666666666666666:11.916666666666666] [-0.5:1.5208333333333333] [1:1]
tree_sizes=746 675 674 759 676 676 757 760 756 760 761 756 759 761 677 754 760 682 765 765 679 767 754 673 684 755 759 676 672 765 675 765 674 765 671 676 764 757 758 764 764 759 756 755 765 763 755 756 684 766 751 762 766 759 770 673 754 753 588 673 760 508 667 757 508 754 670 768 508 757 667 769 506 751 765 507 753 683 757 508 766 672 755 508 763 668 498 751 764 759 587 761 745 759 673 498 587 747 671 760

Tree=0
num_leaves=7
num_cat=0
split_feature=2 2 2 2 3 3
split_gain=1.02597e+08 7.73866e+07 1.46963e+07 9.98384e+06 6.86883e+06 4.16473e+06
threshold=92.456464285714006 -431.34642857142848 -207.24109285714312 391.45900714285705 -81.988322569444207 102.19391527777795
decision_type=2 2 2 2 2 2
left_child=1 5 -3 4 -2 -1
right_child=3 2 -4 -5 -6 -7
leaf_value=-19.306161691503963 17.363302619919239 3.7049006879158171 11.753720748629981 38.956574067621858 29.313704521072729 -8.026186828807333
leaf_weight=153 173 622 6324 192 403 197
leaf_count=153 173 622 6324 192 403 197
internal_value=11.705 9.87433 11.0319 29.0756 25.7405 -13.0314
internal_weight=8064 7296 6946 768 576 350
internal_count=8064 7296 6946 768 576 350
is_linear=0
shrinkage=1


Tree=1
num_leaves=6
num_cat=0
split_feature=2 2 2 2 3
split_gain=9.2631e+07 7.07372e+07 2.06084e+07 9.0177e+06 6.1997e+06
threshold=92.456464285714006 -536.44017857142887 -230.43982142857109 391.45900714285705 -81.988322569444207
decision_type=2 2 2 2 2
left_child=1 -1 -3 4 -2
right_child=3 2 -4 -5 -6
leaf_value=-30.268207016036413 5.3770586691197311 -9.073260447657761 -0.0015090977389413212 25.896100144559242 16.730493612808758
leaf_weight=210 173 693 6393 192 403
leaf_count=210 173 693 6393 192 403
internal_value=-5.06691e-05 -1.73949 -0.889868 16.5054 13.3357
internal_weight=8064 7296 7086 768 576
internal_count=8064 7296 7086 768 576
is_linear=0
shrinkage=0.05


Tree=2
num_leaves=6
num_cat=0
split_feature=2 2 2 2 3
split_gain=8.3963e+07 6.31886e+07 1.80154e+07 1.01673e+07 9.1267e+06
threshold=54.566357142856766 -536.44017857142887 -207.24109285714312 391.45900714285705 -95.445787847222377
decision_type=2 2 2 2 2
left_child=1 -1 -3 4 -2
right_child=3 2 -4 -5 -6
leaf_value=-28.761969515497654 1.0539733152836561 -8.2373996469483934 -0.095007030567270945 24.608004763212847 14.670273310523584
leaf_weight=210 159 762 6195 192 546
leaf_count=210 159 762 6195 192 546
internal_value=5.59093e-06 -1.8056 -0.987899 14.4127 11.6052
internal_weight=8064 7167 6957 897 705
internal_count=8064 7167 6957 897 705
is_linear=0
shrinkage=0.05


Tree=3
num_leaves=7
num_cat=0
split_feature=2 2 2 2 3 3
split_gain=7.59555e+07 5.79443e+07 1.08427e+07 7.27939e+06 5.05827e+06 3.90686e+06
threshold=92.456464285714006 -431.34642857142848 -147.49555714285722 391.45900714285705 -81.988322569444207 102.19391527777795
decision_type=2 2 2 2 2 2
left_child=1 5 -3 4 -2 -1
right_child=3 2 -4 -5 -6 -7
leaf_value=-27.445818931406194 4.9086711389579989 -5.6969079796809119 0.18813240894538785 23.383978654189434 15.16434131518449 -16.582034633496797
leaf_weight=153 173 898 6048 192 403 197
leaf_count=153 173 898 6048 192 403 197
internal_value=2.53248e-05 -1.57509 -0.573414 14.9462 12.0979 -21.3957
internal_weight=8064 7296 6946 768 576 350
internal_count=8064 7296 6946 768 576 350
is_linear=0
shrinkage=0.05


Tree=4
num_leaves=6
num_cat=0
split_feature=2 2 2 2 3
split_gain=6.88938e+07 5.28321e+07 1.45721e+07 8.26684e+06 6.11739e+06
threshold=54.566357142856766 -536.44017857142887 -230.43982142857109 322.49809285714269 -53.609595138889055
decision_type=2 2 2 2 2
left_child=1 -1 -3 4 -2
right_child=3 2 -4 -5 -6
leaf_value=-26.284119326284959 3.4669739340399874 -7.7623068267742568 -0.12624165719911287 20.65017824729593 13.655354645594484
leaf_weight=210 231 693 6264 256 410
leaf_count=210 231 693 6264 256 410
internal_value=-1.35867e-05 -1.63559 -0.887891 13.0554 9.99484
internal_weight=8064 7167 6957 897 641
internal_count=8064 7167 6957 897 641
is_linear=0
shrinkage=0.05


Tree=5
num_leaves=6
num_cat=0
split_feature=2 2 2 2 3
split_gain=6.22307e+07 4.82038e+07 1.36466e+07 6.00761e+06 4.19664e+06
threshold=92.456464285714006 -536.44017857142887 -207.24109285714312 391.45900714285705 -81.988322569444207
decision_type=2 2 2 2 2
left_child=1 -1 -3 4 -2
right_child=3 2 -4 -5 -6
leaf_value=-24.976141838891813 4.3935418407122295 -7.0409561787567174 0.037756101996236642 21.193679278872793 13.734226522616821
leaf_weight=210 173 762 6324 192 403
leaf_count=210 173 762 6324 192 403
internal_value=9.39231e-06 -1.42571 -0.724346 13.5286 10.9413
internal_weight=8064 7296 7086 768 576
internal_count=8064 7296 7086 768 576
is_linear=0
shrinkage=0.05


Tree=6
num_leaves=7
num_cat=0
split_feature=2 2 2 2 3 3
split_gain=5.65423e+07 4.30564e+07 1.19165e+07 6.83122e+06 4.06135e+06 3.02594e+06
threshold=54.566357142856766 -536.44017857142887 -230.43982142857109 244.84704999999943 -53.609595138889055 -95.445787847222377
decision_type=2 2 2 2 2 2
left_child=1 -1 -3 4 -2 -5
right_child=3 2 -4 5 -6 -7
leaf_value=-23.73325350589662 1.9345716354250908 -7.0232102406986856 -0.11792000062597197 11.013777931805315 11.27616954248343 20.324874101733769
leaf_weight=210 179 693 6264 144 334 240
leaf_count=210 179 693 6264 144 334 240
internal_value=5.44264e-05 -1.48167 -0.80668 11.8274 8.02673 16.8709
internal_weight=8064 7167 6957 897 513 384
internal_count=8064 7167 6957 897 513 384
is_linear=0
shrinkage=0.05


Tree=7
num_leaves=7
num_cat=0
split_feature=2 2 2 3 2 3
split_gain=5.10512e+07 3.89627e+07 7.09509e+06 6.44635e+06 5.37366e+06 3.70109e+06
threshold=54.566357142856766 -431.34642857142848 -147.49555714285722 -127.27932847222233 276.35892857142886 102.19391527777795
decision_type=2 2 2 2 2 2
left_child=1 5 -3 -2 -5 -1
right_child=3 2 -4 4 -6 -7
leaf_value=-23.513667656345802 3.2023173782426095 -4.7099501527655248 0.057352392262467689 10.634944786604152 20.317800379090194 -13.006481650622204
leaf_weight=153 196 898 5919 497 204 197
leaf_count=153 196 898 5919 497 204 197
internal_value=0.000136503 -1.4078 -0.571241 11.2385 13.4777 -17.6535
internal_weight=8064 7167 6817 897 701 350
internal_count=8064 7167 6817 897 701 350
is_linear=0
shrinkage=0.05


Tree=8
num_leaves=7
num_cat=0
split_feature=2 2 2 1 2 3
split_gain=4.65127e+07 3.65723e+07 1.01318e+07 4.63375e+06 4.77825e+06 1.24085e+06
threshold=111.96884285714283 -536.44017857142887 -147.49555714285722 -299.27969999999999 391.45900714285705 -9.8714784722225186
decision_type=2 2 2 2 2 2
left_child=1 -1 -3 4 -2 -5
right_child=3 2 -4 5 -6 -7
leaf_value=-21.690845279784 11.563465173225703 -5.1341625595746763 0.20649867639547065 4.2319969899751042 22.983146082388387 10.661836627465261
leaf_weight=210 253 1038 6112 147 147 157
leaf_count=210 253 1038 6112 147 147 157
internal_value=8.61341e-05 -1.17495 -0.56944 12.2688 15.807 7.57674
internal_weight=8064 7360 7150 704 400 304
internal_count=8064 7360 7150 704 400 304
is_linear=0
shrinkage=0.05


Tree=9
num_leaves=7
num_cat=0
split_feature=2 2 2 2 3 1
split_gain=4.21579e+07 3.20188e+07 8.41094e+06 7.17177e+06 3.66892e+06 2.4629e+06
threshold=9.7688428571427739 -536.44017857142887 -230.43982142857109 244.84704999999943 30.043188541667067 -377.15894999999972
decision_type=2 2 2 2 2 2
left_child=1 -1 -3 4 -2 -5
right_child=3 2 -4 5 -6 -7
leaf_value=-20.611443054513629 3.6781895421322726 -6.0466574964416822 -0.23597338258343653 17.829494018076083 11.428395147947596 9.4948888351122545
leaf_weight=210 485 693 6069 235 223 149
leaf_count=210 485 693 6069 235 223 149
internal_value=0.000223351 -1.43091 -0.832284 9.13043 6.13196 14.6286
internal_weight=8064 6972 6762 1092 708 384
internal_count=8064 6972 6762 1092 708 384
is_linear=0
shrinkage=0.05


Tree=10
num_leaves=7
num_cat=0
split_feature=1 2 2 2 2 2
split_gain=3.86537e+07 3.04246e+07 9.34118e+06 6.11536e+06 4.70207e+06 1.38526e+06
threshold=-186.87584999999987 -369.67785000000043 391.45900714285705 -536.44017857142887 1.4724714285715848 157.74784999999977
decision_type=2 2 2 2 2 2
left_child=2 3 5 -2 -3 -1
right_child=1 4 -4 -5 -6 -7
leaf_value=5.7254676965236531 -19.854820751112243 -0.71622780166995614 20.889012270903439 -8.3901525735855103 4.3192480231949437 10.278738006677507
leaf_weight=445 207 6211 158 270 500 273
leaf_count=445 207 6211 158 270 500 273
internal_value=0.000308475 -1.20862 9.91025 -13.3965 -0.340474 7.46861
internal_weight=8064 7188 876 477 6711 718
internal_count=8064 7188 876 477 6711 718
is_linear=0
shrinkage=0.05


Tree=11
num_leaves=7
num_cat=0
split_feature=1 2 2 2 2 2
split_gain=3.49e+07 2.77665e+07 8.43765e+06 7.76115e+06 3.94548e+06 1.26976e+06
threshold=-186.87584999999987 -298.03707857142848 391.45900714285705 -536.44017857142887 9.7688428571427739 111.96884285714283
decision_type=2 2 2 2 2 2
left_child=2 3 5 -2 -3 -1
right_child=1 4 -4 -5 -6 -7
leaf_value=5.090191769021077 -18.866852226681434 -0.48659950555134168 19.851130667769311 -7.2085696108125408 4.3606740954346508 9.3300098966356568
leaf_weight=380 207 6068 158 463 450 338
leaf_count=380 207 6068 158 463 450 338
internal_value=0.000369033 -1.14836 9.41684 -10.8332 -0.151328 7.0963
internal_weight=8064 7188 876 670 6518 718
internal_count=8064 7188 876 670 6518 718
is_linear=0
shrinkage=0.05


Tree=12
num_leaves=7
num_cat=0
split_feature=1 2 2 2 2 2
split_gain=3.15105e+07 2.5069e+07 7.62158e+06 7.00921e+06 3.56772e+06 1.15584e+06
threshold=-186.87584999999987 -298.03707857142848 391.45900714285705 -536.44017857142887 1.4724714285715848 92.456464285714006
decision_type=2 2 2 2 2 2
left_child=2 3 5 -2 -3 -1
right_child=1 4 -4 -5 -6 -7
leaf_value=4.6281604303138844 -17.928045029665991 -0.48115179976341649 18.864816615266619 -6.8489180434623664 3.9103061215249362 8.6696804522275936
leaf_weight=344 207 6018 158 463 500 374
leaf_count=344 207 6018 158 463 500 374
internal_value=0.000425382 -1.0911 8.94795 -10.2935 -0.143732 6.74248
internal_weight=8064 7188 876 670 6518 718
internal_count=8064 7188 876 670 6518 718
is_linear=0
shrinkage=0.05


Tree=13
num_leaves=7
num_cat=0
split_feature=1 2 2 3 3 0
split_gain=2.86213e+07 2.234e+07 9.39154e+06 4.28885e+06 4.20059e+06 3.48485e+06
threshold=-101.12980000000003 -369.67785000000043 391.45900714285705 -127.27932847222233 102.19391527777795 6426.9699500000006
decision_type=2 2 2 2 2 2
left_child=2 4 3 -1 -2 -3
right_child=1 5 -4 -5 -6 -7
leaf_value=-2.4393875335349517 -17.139325754584338 -0.22707810807723061 18.327030879191785 6.8360335931860865 -7.5371956749847442 -6.6161210906991066
leaf_weight=146 204 6233 165 833 263 220
leaf_count=146 204 6233 165 833 263 220
internal_value=0.000471178 -1.21097 7.3231 5.4517 -11.7594 -0.445889
internal_weight=8064 6920 1144 979 467 6453
internal_count=8064 6920 1144 979 467 6453
is_linear=0
shrinkage=0.05


Tree=14
num_leaves=6
num_cat=0
split_feature=2 2 2 3 2
split_gain=2.6589e+07 2.05433e+07 6.52787e+06 5.49871e+06 1.9475e+06
threshold=111.96884285714283 -536.44017857142887 -147.49555714285722 -127.27932847222233 276.35892857142886
decision_type=2 2 2 2 2
left_child=1 -1 -3 -2 -5
right_child=3 2 -4 4 -6
leaf_value=-16.264231872445603 1.2798363334802261 -4.0982150050670745 0.18862128761297342 9.3198909773790675 15.590197909314458
leaf_weight=210 165 1038 6112 335 204
leaf_count=210 165 1038 6112 335 204
internal_value=0.000393104 -0.888026 -0.434205 9.27649 11.7175
internal_weight=8064 7360 7150 704 539
internal_count=8064 7360 7150 704 539
is_linear=0
shrinkage=0.05


Tree=15
num_leaves=7
num_cat=0
split_feature=1 2 2 2 3 3
split_gain=2.4438e+07 1.89424e+07 5.90197e+06 4.1451e+06 3.98578e+06 852361
threshold=-186.87584999999987 -431.34642857142848 391.45900714285705 -147.49555714285722 102.19391527777795 -95.445787847222377
decision_type=2 2 2 2 2 2
left_child=2 4 5 -3 -2 -1
right_child=1 3 -4 -5 -6 -7
leaf_value=3.064873106853911 -18.611054838348078 -3.7036720671813756 16.60682174838939 0.071562074884972834 -7.6812380827060256 6.9807084140800768
leaf_weight=192 147 826 158 6018 197 526
leaf_count=192 147 826 158 6018 197 526
internal_value=0.000410735 -0.960847 7.88009 -0.384544 -12.3922 5.9393
internal_weight=8064 7188 876 6844 344 718
internal_count=8064 7188 876 6844 344 718
is_linear=0
shrinkage=0.05


Tree=16
num_leaves=7
num_cat=0
split_feature=1 2 2 2 0 2
split_gain=2.24165e+07 1.67886e+07 8.3644e+06 4.76627e+06 2.18636e+06 1.8167e+06
threshold=-83.349900000000375 -298.03707857142848 322.49809285714269 -536.44017857142887 6426.9699500000006 -69.237392857142751
decision_type=2 2 2 2 2 2
left_child=2 3 5 -2 -3 -1
right_child=1 4 -4 -5 -6 -7
leaf_value=0.55365419492004364 -15.021366503201245 -0.15456763790080694 15.019920279947634 -5.808268639036779 -6.112662129160725 5.5193501853822866
leaf_weight=245 206 6046 222 444 157 744
leaf_count=245 206 6046 222 444 157 744
internal_value=0.000369933 -1.10805 6.26861 -8.7467 -0.30633 4.29103
internal_weight=8064 6853 1211 650 6203 989
internal_count=8064 6853 1211 650 6203 989
is_linear=0
shrinkage=0.05


Tree=17
num_leaves=6
num_cat=0
split_feature=2 2 3 2 2
split_gain=2.04429e+07 1.50228e+07 6.93288e+06 4.28758e+06 3.47306e+06
threshold=9.7688428571427739 -536.44017857142887 -127.27932847222233 -147.49555714285722 157.74784999999977
decision_type=2 2 2 2 2
left_child=1 -1 -2 -3 -4
right_child=2 3 4 -5 -6
leaf_value=-14.134411761659017 -1.7051002943238549 -3.5411584390451036 5.2239873450324108 -0.049840994866882093 11.532539209367366
leaf_weight=210 214 1038 448 5724 430
leaf_count=210 214 1038 448 5724 430
internal_value=0.000314192 -0.996266 6.35819 -0.58622 8.3232
internal_weight=8064 6972 1092 6762 878
internal_count=8064 6972 1092 6762 878
is_linear=0
shrinkage=0.05


Tree=18
num_leaves=7
num_cat=0
split_feature=1 2 2 2 0 2
split_gain=1.8994e+07 1.38842e+07 7.34071e+06 3.80125e+06 1.99975e+06 1.39969e+06
threshold=-83.349900000000375 -298.03707857142848 322.49809285714269 -536.44017857142887 6426.9699500000006 -69.237392857142751
decision_type=2 2 2 2 2 2
left_child=2 3 5 -2 -3 -1
right_child=1 4 -4 -5 -6 -7
leaf_value=0.63652471318477544 -13.570620025874337 -0.14579676370442082 13.968345862774036 -5.3418478730019565 -5.8439479476666154 4.9959260355626185
leaf_weight=245 206 6046 222 444 157 744
leaf_count=245 206 6046 222 444 157 744
internal_value=0.000281916 -1.02002 5.77021 -7.96658 -0.290938 3.91773
internal_weight=8064 6853 1211 650 6203 989
internal_count=8064 6853 1211 650 6203 989
is_linear=0
shrinkage=0.05


Tree=19
num_leaves=7
num_cat=0
split_feature=1 2 2 2 0 1
split_gain=1.71474e+07 1.25353e+07 6.62895e+06 3.43299e+06 1.80601e+06 1.31496e+06
threshold=-83.349900000000375 -298.03707857142848 322.49809285714269 -536.44017857142887 6426.9699500000006 -299.27969999999999
decision_type=2 2 2 2 2 2
left_child=2 3 5 -2 -3 -1
right_child=1 4 -4 -5 -6 -7
leaf_value=5.8420913683546978 -12.895367329823223 -0.13850813984343566 13.273060459112372 -5.0753556822792874 -5.5535999909231935 2.1497960202683486
leaf_weight=420 206 6046 222 444 157 569
leaf_count=420 206 6046 222 444 157 569
internal_value=0.000234947 -0.969201 5.48251 -7.5697 -0.276439 3.72213
internal_weight=8064 6853 1211 650 6203 989
internal_count=8064 6853 1211 650 6203 989
is_linear=0
shrinkage=0.05


Tree=20
num_leaves=6
num_cat=0
split_feature=2 2 3 2 2
split_gain=1.57054e+07 1.14115e+07 5.04744e+06 3.75711e+06 1.09388e+06
threshold=111.96884285714283 -536.44017857142887 -127.27932847222233 -147.49555714285722 276.35892857142886
decision_type=2 2 2 2 2
left_child=1 -1 -2 -3 -4
right_child=2 3 4 -5 -6
leaf_value=-12.142615119851596 -0.52114589630839336 -3.1240480648541933 7.6658514960535946 0.128160205592002 12.375603121431864
leaf_weight=210 165 1038 335 6112 204
leaf_count=210 165 1038 335 6112 204
internal_value=0.000208324 -0.682589 7.12938 -0.344349 9.46801
internal_weight=8064 7360 704 7150 539
internal_count=8064 7360 704 7150 539
is_linear=0
shrinkage=0.05


Tree=21
num_leaves=7
num_cat=0
split_feature=1 2 2 3 3 0
split_gain=1.4617e+07 1.03551e+07 5.83071e+06 3.23958e+06 3.21797e+06 1.64514e+06
threshold=-83.349900000000375 -298.03707857142848 391.45900714285705 -127.27932847222233 102.19391527777795 6426.9699500000006
decision_type=2 2 2 2 2 2
left_child=2 4 3 -1 -2 -3
right_child=1 5 -4 -5 -6 -7
leaf_value=-3.1391172208786013 -10.538539992162223 -0.13353965171722612 13.741072091478074 4.8061133042127402 -3.4877359196279176 -5.3018316195735453
leaf_weight=149 313 6046 166 896 337 157
leaf_count=149 313 6046 166 896 337 157
internal_value=0.000225062 -0.894829 5.06186 3.67133 -6.89394 -0.265184
internal_weight=8064 6853 1211 1045 650 6203
internal_count=8064 6853 1211 1045 650 6203
is_linear=0
shrinkage=0.05


Tree=22
num_leaves=7
num_cat=0
split_feature=1 2 3 2 2 8
split_gain=1.34003e+07 1.01514e+07 3.34127e+06 3.19743e+06 2.34024e+06 578164
threshold=-299.27969999999999 -431.34642857142848 102.19391527777795 1.4724714285715848 391.45900714285705 12.666666666666668
decision_type=2 2 2 2 2 2
left_child=4 2 -2 -3 5 -1
right_child=1 3 -4 -5 -6 -7
leaf_value=3.3017013965565711 -14.484392999347888 -0.51086242975942076 -4.5817202264612371 3.1580351641071274 12.615273697714549 6.9038105520203779
leaf_weight=199 151 6455 197 653 147 262
leaf_count=199 151 6455 197 653 147 262
internal_value=0.000188688 -0.582216 -8.90776 -0.17341 7.13153 5.3594
internal_weight=8064 7456 348 7108 608 461
internal_count=8064 7456 348 7108 608 461
is_linear=0
shrinkage=0.05


Tree=23
num_leaves=6
num_cat=0
split_feature=1 2 2 2 5
split_gain=1.21475e+07 9.06314e+06 3.10312e+06 3.01985e+06 651279
threshold=-186.87584999999987 -536.44017857142887 391.45900714285705 -207.24109285714312 -0.77969889170510653
decision_type=2 2 2 2 2
left_child=2 -2 4 -3 -1
right_child=1 3 -4 -5 -6
leaf_value=5.228642116872888 -10.962482842136749 -3.4447886674286927 11.882909348625809 -0.019220613408268944 2.0380588556309136
leaf_weight=474 207 716 158 6265 244
leaf_count=474 207 716 158 6265 244
internal_value=0.000218939 -0.6775 5.55566 -0.371004 4.14872
internal_weight=8064 7188 876 6981 718
internal_count=8064 7188 876 6981 718
is_linear=0
shrinkage=0.05


Tree=24
num_leaves=6
num_cat=0
split_feature=2 2 3 4 2
split_gain=1.12076e+07 7.91972e+06 6.64794e+06 2.51412e+06 2.39308e+06
threshold=9.7688428571427739 -536.44017857142887 -127.27932847222233 0.69134849440110402 -147.49555714285722
decision_type=2 2 2 2 2
left_child=1 -1 -2 -4 -3
right_child=2 4 3 -5 -6
leaf_value=-10.276900615172364 -3.182722376047872 -2.6475405311167126 7.9419786328552311 1.1640689361862273 -0.039213802181835004
leaf_weight=210 214 1038 708 170 5724
leaf_count=210 214 1038 708 170 5724
internal_value=0.000237281 -0.737662 4.70781 6.63244 -0.439937
internal_weight=8064 6972 1092 878 6762
internal_count=8064 6972 1092 878 6762
is_linear=0
shrinkage=0.05


Tree=25
num_leaves=7
num_cat=0
split_feature=1 2 3 2 2 8
split_gain=1.04953e+07 7.59154e+06 3.06658e+06 2.37955e+06 1.94609e+06 539898
threshold=-299.27969999999999 -431.34642857142848 102.19391527777795 1.4724714285715848 391.45900714285705 12.666666666666668
decision_type=2 2 2 2 2 2
left_child=4 2 -2 -3 5 -1
right_child=1 3 -4 -5 -6 -7
leaf_value=2.712105455115438 -13.055163902358004 -0.45282757772476662 -3.5764114882608862 2.7122347950297394 11.311115374033516 6.1869489844647658
leaf_weight=199 151 6455 197 653 147 262
leaf_count=199 151 6455 197 653 147 262
internal_value=0.000181782 -0.515243 -7.71494 -0.161718 6.31139 4.69608
internal_weight=8064 7456 348 7108 608 461
internal_count=8064 7456 348 7108 608 461
is_linear=0
shrinkage=0.05


Tree=26
num_leaves=7
num_cat=0
split_feature=1 0 3 2 2 3
split_gain=9.59018e+06 6.96538e+06 9.54042e+06 4.03092e+06 2.00228e+06 944378
threshold=-83.349900000000375 6527.4307500000004 71.982794444444281 322.49809285714269 -369.67785000000043 23.641321180555568
decision_type=2 2 2 2 2 2
left_child=3 4 -3 5 -2 -1
right_child=1 2 -4 -5 -6 -7
leaf_value=1.8846267234460983 -4.9062699629229751 -14.189856785073127 0.79616352483846142 10.174850986289872 -0.14533350973546441 5.5691167738057876
leaf_weight=764 228 218 206 222 6201 225
leaf_count=764 228 218 206 222 6201 225
internal_value=0.000208874 -0.724784 -6.92417 4.10013 -0.314914 2.72764
internal_weight=8064 6853 424 1211 6429 989
internal_count=8064 6853 424 1211 6429 989
is_linear=0
shrinkage=0.05


Tree=27
num_leaves=6
num_cat=0
split_feature=2 2 3 2 8
split_gain=8.73133e+06 6.58397e+06 3.97043e+06 2.23766e+06 836100
threshold=157.74784999999977 -536.44017857142887 -95.445787847222377 -147.49555714285722 12.666666666666668
decision_type=2 2 2 2 2
left_child=1 -1 -2 -3 -4
right_child=2 3 4 -5 -6
leaf_value=-9.1634054179581437 -0.20700589929308211 -2.3523794227183812 6.3905349824391315 0.15372604406801205 11.062559216276645
leaf_weight=210 181 1038 199 6240 196
leaf_count=210 181 1038 199 6240 196
internal_value=0.000193375 -0.456429 5.92679 -0.203973 8.73089
internal_weight=8064 7488 576 7278 395
internal_count=8064 7488 576 7278 395
is_linear=0
shrinkage=0.05


Tree=28
num_leaves=6
num_cat=0
split_feature=1 2 2 2 8
split_gain=8.29808e+06 6.00498e+06 2.29322e+06 1.51802e+06 504207
threshold=-299.27969999999999 -536.44017857142887 -134.32904285714309 391.45900714285705 12.666666666666668
decision_type=2 2 2 2 2
left_child=3 -2 -3 4 -1
right_child=1 2 -4 -5 -6
leaf_value=2.27103350096941 -8.7932419576247547 -2.3477475179045704 0.15459316874480775 10.027956228320663 5.6250288362285481
leaf_weight=199 209 1074 6173 147 262
leaf_count=199 209 1074 6173 147 262
internal_value=0.000220166 -0.458087 -0.216525 5.61203 4.18526
internal_weight=8064 7456 7247 608 461
internal_count=8064 7456 7247 608 461
is_linear=0
shrinkage=0.05


Tree=29
num_leaves=7
num_cat=0
split_feature=1 0 3 2 3 1
split_gain=7.68792e+06 5.31996e+06 7.90946e+06 3.98423e+06 4.08986e+06 953645
threshold=-9.5071500000001077 6616.475300000001 71.982794444444281 -147.49555714285722 -146.11563298611142 158.00624999999994
decision_type=2 2 2 2 2 2
left_child=3 5 -3 -1 -5 -2
right_child=1 2 -4 4 -6 -7
leaf_value=-3.5181150798919876 -0.17071062262641215 -14.361281085703414 0.52770219699756526 -2.9190186839613173 5.2008630050423932 -2.0393888092313985
leaf_weight=194 5381 172 184 178 1174 781
leaf_count=194 5381 172 184 178 1174 781
internal_value=0.000252189 -0.751717 -6.68593 3.16902 4.13046 -0.407848
internal_weight=8064 6518 356 1546 1352 6162
internal_count=8064 6518 356 1546 1352 6162
is_linear=0
shrinkage=0.05


Tree=30
num_leaves=6
num_cat=0
split_feature=1 2 2 2 3
split_gain=7.03413e+06 5.16827e+06 1.82541e+06 1.39962e+06 471403
threshold=-299.27969999999999 -536.44017857142887 -134.32904285714309 391.45900714285705 -77.158302777777848
decision_type=2 2 2 2 2
left_child=3 -2 -3 4 -1
right_child=1 2 -4 -5 -6
leaf_value=5.8113448686439897 -8.1545197794550948 -2.0991827490121819 0.13338071529605375 9.4060772231345791 2.5151972348316458
leaf_weight=178 209 1074 6173 147 283
leaf_count=178 209 1074 6173 147 283
internal_value=0.000132437 -0.421829 -0.197727 5.16691 3.79772
internal_weight=8064 7456 7247 608 461
internal_count=8064 7456 7247 608 461
is_linear=0
shrinkage=0.05


Tree=31
num_leaves=7
num_cat=0
split_feature=1 0 3 3 3 5
split_gain=6.54729e+06 4.77181e+06 8.1603e+06 3.15775e+06 4.71332e+06 1.65649e+06
threshold=-83.349900000000375 6527.4307500000004 71.982794444444281 -146.11563298611142 -77.158302777777848 -0.94670478576706751
decision_type=2 2 2 2 2 2
left_child=3 5 -3 -1 -5 -2
right_child=1 2 -4 4 -6 -7
leaf_value=-2.9821965503195926 4.8467055680674891 -12.449923157691956 1.4070679302952716 10.274933074380078 2.482309167627907 -0.38568470729853299
leaf_weight=167 154 218 206 257 787 6275
leaf_count=167 154 218 206 257 787 6275
internal_value=0.000173015 -0.59886 -5.73005 3.38778 4.40861 -0.259614
internal_weight=8064 6853 424 1211 1044 6429
internal_count=8064 6853 424 1211 1044 6429
is_linear=0
shrinkage=0.05


Tree=32
num_leaves=6
num_cat=0
split_feature=2 2 3 2 8
split_gain=6.09114e+06 4.46142e+06 3.70567e+06 1.36138e+06 777013
threshold=157.74784999999977 -536.44017857142887 -95.445787847222377 -147.49555714285722 12.666666666666668
decision_type=2 2 2 2 2
left_child=1 -1 -2 -3 -4
right_child=2 3 4 -5 -6
leaf_value=-7.548574812095878 -0.97149966598212067 -1.8491369725191558 5.4119352123104036 0.10561957534423799 9.902243500070524
leaf_weight=210 181 1038 199 6240 196
leaf_count=210 181 1038 199 6240 196
internal_value=0.000184159 -0.381203 4.95029 -0.173387 7.65942
internal_weight=8064 7488 576 7278 395
internal_count=8064 7488 576 7278 395
is_linear=0
shrinkage=0.05


Tree=33
num_leaves=7
num_cat=0
split_feature=1 0 3 2 3 5
split_gain=5.69717e+06 3.89172e+06 6.56793e+06 3.19029e+06 3.39309e+06 741628
threshold=-9.5071500000001077 6616.475300000001 71.982794444444281 -147.49555714285722 -146.11563298611142 -0.94670478576706751
decision_type=2 2 2 2 2 2
left_child=3 5 -3 -1 -5 -2
right_child=1 2 -4 4 -6 -7
leaf_value=-3.2555585513970793 2.9960633156462486 -12.716954649528327 0.84893468611949197 -2.8319699128246842 4.563416424637146 -0.44277529607675281
leaf_weight=194 160 172 184 178 1174 6002
leaf_count=194 160 172 184 178 1174 6002
internal_value=0.000206277 -0.647123 -5.72263 2.72803 3.58839 -0.353012
internal_weight=8064 6518 356 1546 1352 6162
internal_count=8064 6518 356 1546 1352 6162
is_linear=0
shrinkage=0.05


Tree=34
num_leaves=6
num_cat=0
split_feature=1 2 3 2 8
split_gain=5.25559e+06 3.93115e+06 1.66532e+06 1.27348e+06 486932
threshold=-299.27969999999999 -536.44017857142887 -113.13300381944462 391.45900714285705 12.666666666666668
decision_type=2 2 2 2 2
left_child=3 -2 -3 4 -1
right_child=1 2 -4 -5 -6
leaf_value=1.2879479516744614 -7.1086148167791823 -2.2925985913191522 0.10133331247795124 8.5078559744196962 4.5747541608465943
leaf_weight=199 209 818 6429 147 262
leaf_count=199 209 818 6429 147 262
internal_value=0.000128761 -0.364607 -0.169159 4.46619 3.1618
internal_weight=8064 7456 7247 608 461
internal_count=8064 7456 7247 608 461
is_linear=0
shrinkage=0.05


Tree=35
num_leaves=6
num_cat=0
split_feature=2 3 2 2 3
split_gain=4.85038e+06 3.85547e+06 3.44825e+06 1.07177e+06 935739
threshold=111.96884285714283 -127.27932847222233 -536.44017857142887 -147.49555714285722 23.641321180555568
decision_type=2 2 2 2 2
left_child=2 -2 -1 -4 -3
right_child=1 4 3 -5 -6
leaf_value=-6.6789086610502544 -2.7132010783057616 4.6075457061858884 -1.6780035519608523 0.059004354537503523 9.1587639115795962
leaf_weight=210 165 375 1038 6112 164
leaf_count=210 165 375 1038 6112 164
internal_value=0.000153757 3.96205 -0.379297 -0.193365 6.00673
internal_weight=8064 704 7360 7150 539
internal_count=8064 704 7360 7150 539
is_linear=0
shrinkage=0.05


Tree=36
num_leaves=7
num_cat=0
split_feature=1 0 3 2 3 5
split_gain=4.5915e+06 3.15503e+06 6.00522e+06 2.67215e+06 2.93292e+06 666285
threshold=-9.5071500000001077 6616.475300000001 71.982794444444281 -147.49555714285722 -146.11563298611142 -0.94670478576706751
decision_type=2 2 2 2 2 2
left_child=3 5 -3 -1 -5 -2
right_child=1 2 -4 4 -6 -7
leaf_value=-3.0270171811030462 2.8582360164904448 -11.839035918120016 1.1312407193957148 -2.7323572933340876 4.1429742711021547 -0.40123622553330274
leaf_weight=194 160 172 184 178 1174 6002
leaf_count=194 160 172 184 178 1174 6002
internal_value=0.000163139 -0.580966 -5.15091 2.44902 3.23644 -0.316152
internal_weight=8064 6518 356 1546 1352 6162
internal_count=8064 6518 356 1546 1352 6162
is_linear=0
shrinkage=0.05


Tree=37
num_leaves=7
num_cat=0
split_feature=1 1 3 2 2 3
split_gain=4.26375e+06 3.31891e+06 5.40237e+06 2.12737e+06 1.19926e+06 490033
threshold=-299.27969999999999 203.27280000000022 -6.6012541666665348 185.94560714285765 391.45900714285705 -77.158302777777848
decision_type=2 2 2 2 2 2
left_child=4 3 -3 -2 5 -1
right_child=1 2 -4 -5 -6 -7
leaf_value=4.8072608527524512 -0.059410329303952986 -10.226110410690309 -1.105110804209646 6.0656175333878091 7.9436559091246615 1.4566148906447729
leaf_weight=178 6352 206 754 144 147 283
leaf_count=178 6352 206 754 144 147 283
internal_value=9.38133e-05 -0.328427 -3.07093 0.0772789 4.02272 2.75796
internal_weight=8064 7456 960 6496 608 461
internal_count=8064 7456 960 6496 608 461
is_linear=0
shrinkage=0.05


Tree=38
num_leaves=7
num_cat=0
split_feature=1 0 3 5 2 8
split_gain=3.85027e+06 3.13313e+06 5.89292e+06 3.65668e+06 1.08322e+06 466633
threshold=-299.27969999999999 6426.9699500000006 71.982794444444281 -0.94670478576706751 391.45900714285705 12.666666666666668
decision_type=2 2 2 2 2 2
left_child=4 3 -3 -2 5 -1
right_child=1 2 -4 -5 -6 -7
leaf_value=0.78949684298038481 6.6734252097028675 -8.5117275588720744 1.9370691828926405 -0.22091551625578246 7.5491568477673319 4.0033582240456411
leaf_weight=199 197 308 239 6712 147 262
leaf_count=199 197 308 239 6712 147 262
internal_value=0.000144193 -0.312042 -3.95114 -0.0233962 3.82275 2.62074
internal_weight=8064 7456 547 6909 608 461
internal_count=8064 7456 547 6909 608 461
is_linear=0
shrinkage=0.05


Tree=39
num_leaves=7
num_cat=0
split_feature=1 3 2 2 3 0
split_gain=3.63052e+06 4.76136e+06 4.38618e+06 3.69554e+06 1.67957e+06 1.00346e+06
threshold=203.27280000000022 -6.6012541666665348 157.74784999999977 -536.44017857142887 -95.445787847222377 6839.7171000000008
decision_type=2 2 2 2 2 2
left_child=2 -2 5 -3 -4 -1
right_child=1 3 4 -5 -6 -7
leaf_value=-0.058445629501371311 -9.6014083239623318 -7.4791552691958678 0.6357166821816389 0.86004478950691343 6.6740870283654905 4.0387463504192871
leaf_weight=6421 206 171 169 583 362 152
leaf_count=6421 206 171 169 583 362 152
internal_value=0.000212736 -2.88412 0.390339 -1.03861 4.75708 0.0369015
internal_weight=8064 960 7104 754 531 6573
internal_count=8064 960 7104 754 531 6573
is_linear=0
shrinkage=0.05


Tree=40
num_leaves=7
num_cat=0
split_feature=1 0 3 2 3 3
split_gain=3.29646e+06 2.39087e+06 4.79075e+06 2.19989e+06 2.70038e+06 605377
threshold=-9.5071500000001077 6616.475300000001 71.982794444444281 -147.49555714285722 -146.11563298611142 -8.402497222221994
decision_type=2 2 2 2 2 2
left_child=3 5 -3 -1 -5 -2
right_child=1 2 -4 4 -6 -7
leaf_value=-2.8931239217901843 -0.8356872597421976 -10.444184392139402 1.1400006735002672 -2.9366196938400164 3.6596121268015596 0.16608889249648104
leaf_weight=194 2631 172 184 178 1174 3531
leaf_count=194 2631 172 184 178 1174 3531
internal_value=0.000171542 -0.49223 -4.47043 2.07513 2.78964 -0.261707
internal_weight=8064 6518 356 1546 1352 6162
internal_count=8064 6518 356 1546 1352 6162
is_linear=0
shrinkage=0.05


Tree=41
num_leaves=7
num_cat=0
split_feature=1 3 2 2 3 0
split_gain=3.13261e+06 4.13462e+06 3.75599e+06 3.3203e+06 1.43051e+06 957743
threshold=203.27280000000022 -6.6012541666665348 157.74784999999977 -536.44017857142887 -95.445787847222377 6839.7171000000008
decision_type=2 2 2 2 2 2
left_child=2 -2 5 -3 -4 -1
right_child=1 3 4 -5 -6 -7
leaf_value=-0.057736909141206008 -8.9387620132326511 -7.0642516935720696 0.59973199711126435 0.84022530293321784 6.1725371876572446 3.9450425001530869
leaf_weight=6421 206 171 169 583 362 152
leaf_count=6421 206 171 169 583 362 152
internal_value=8.76701e-05 -2.67917 0.362476 -0.959417 4.40336 0.035413
internal_weight=8064 960 7104 754 531 6573
internal_count=8064 960 7104 754 531 6573
is_linear=0
shrinkage=0.05


Tree=42
num_leaves=7
num_cat=0
split_feature=1 3 3 2 0 3
split_gain=2.82887e+06 3.96036e+06 6.19325e+06 3.39077e+06 2.73024e+06 1.29137e+06
threshold=203.27280000000022 71.982794444444281 156.17226250000024 157.74784999999977 6326.513750000001 -95.445787847222377
decision_type=2 2 2 2 2 2
left_child=3 4 -3 -1 -2 -5
right_child=1 2 -4 5 -6 -7
leaf_value=0.033671915191443171 -2.9831726432669239 5.4981768100492419 -6.0306915217116481 0.56992180417565741 -10.886278306941193 5.8647605249376014
leaf_weight=6573 316 278 199 169 167 362
leaf_count=6573 316 278 199 169 167 362
internal_value=5.53614e-05 -2.546 0.685885 0.344427 -5.73256 4.18382
internal_weight=8064 960 477 7104 483 531
internal_count=8064 960 477 7104 483 531
is_linear=0
shrinkage=0.05


Tree=43
num_leaves=7
num_cat=0
split_feature=1 0 3 5 3 0
split_gain=2.61297e+06 2.247e+06 4.66976e+06 3.1727e+06 1.06855e+06 694424
threshold=-299.27969999999999 6426.9699500000006 71.982794444444281 -0.94670478576706751 -77.158302777777848 5588.1000000000013
decision_type=2 2 2 2 2 2
left_child=4 3 -3 -2 -1 -6
right_child=1 2 -4 -5 5 -7
leaf_value=5.4578997557705105 6.2251892083296276 -7.3988832999201648 1.9020299636820952 -0.19671920720439207 3.282843564931424 -1.2916496155261994
leaf_weight=274 197 308 239 6712 185 149
leaf_count=274 197 308 239 6712 185 149
internal_value=3.41853e-06 -0.257175 -3.33899 -0.0127335 3.14907 1.24436
internal_weight=8064 7456 547 6909 608 334
internal_count=8064 7456 547 6909 608 334
is_linear=0
shrinkage=0.05


Tree=44
num_leaves=7
num_cat=0
split_feature=1 3 5 2 0 2
split_gain=2.50003e+06 3.44294e+06 3.03212e+06 2.97746e+06 2.34285e+06 629296
threshold=203.27280000000022 -6.6012541666665348 -0.77969889170510653 -536.44017857142887 6240.0255000000006 -175.79761428571439
decision_type=2 2 2 2 2 2
left_child=2 -2 4 -3 -1 -4
right_child=1 3 5 -5 -6 -7
leaf_value=4.4632627556409608 -8.105480870129405 -6.6053187457844622 -3.1330109075044419 0.87987053171820839 -0.38567710851507331 -0.029210614044530389
leaf_weight=704 206 171 167 583 385 5848
leaf_count=704 206 171 167 583 385 5848
internal_value=5.27205e-05 -2.39345 0.32379 -0.824199 2.75021 -0.115891
internal_weight=8064 960 7104 754 1089 6015
internal_count=8064 960 7104 754 1089 6015
is_linear=0
shrinkage=0.05


Tree=45
num_leaves=7
num_cat=0
split_feature=1 3 3 5 0 0
split_gain=2.25755e+06 3.28407e+06 5.54776e+06 2.75473e+06 2.32574e+06 2.19632e+06
threshold=203.27280000000022 71.982794444444281 156.17226250000024 -0.80625269229011354 6240.0255000000006 6326.513750000001
decision_type=2 2 2 2 2 2
left_child=3 5 -3 4 -1 -2
right_child=1 2 -4 -5 -6 -7
leaf_value=4.5786367209601746 -2.7101680969026187 5.2230297909415322 -5.6885176419019707 -0.094539685668928439 -0.35672121561753256 -9.7987483018920543
leaf_weight=632 316 278 199 6089 383 167
leaf_count=632 316 278 199 6089 383 167
internal_value=-2.99822e-05 -2.2745 0.668456 0.307607 2.71781 -5.17627
internal_weight=8064 960 477 7104 1015 483
internal_count=8064 960 477 7104 1015 483
is_linear=0
shrinkage=0.05


Tree=46
num_leaves=7
num_cat=0
split_feature=1 3 3 2 0 3
split_gain=2.03861e+06 2.9652e+06 5.00913e+06 2.50253e+06 1.98365e+06 1.22059e+06
threshold=203.27280000000022 71.982794444444281 156.17226250000024 157.74784999999977 6326.513750000001 -41.962268055555676
decision_type=2 2 2 2 2 2
left_child=3 4 -3 -1 -2 -5
right_child=1 2 -4 5 -6 -7
leaf_value=0.025288870805097563 -2.5750871555662309 4.9628142491036424 -5.4055137573182588 1.1269482815974894 -9.311727282262984 5.923892725480127
leaf_weight=6573 316 278 199 259 167 272
leaf_count=6573 316 278 199 259 167 272
internal_value=-8.33334e-05 -2.16145 0.634984 0.292256 -4.91875 3.59066
internal_weight=8064 960 477 7104 483 531
internal_count=8064 960 477 7104 483 531
is_linear=0
shrinkage=0.05


Tree=47
num_leaves=7
num_cat=0
split_feature=1 2 8 3 3 0
split_gain=1.89173e+06 1.69638e+06 3.19474e+06 1.47004e+06 994788 602023
threshold=-299.27969999999999 -298.03707857142848 12.666666666666668 -127.27932847222233 -77.158302777777848 5588.1000000000013
decision_type=2 2 2 2 2 2
left_child=4 2 -2 -3 -1 -6
right_child=1 3 -4 -5 5 -7
leaf_value=4.9067155333432284 -7.538025204500193 -2.1629489987550272 -0.23067495487630368 0.26912467812691526 2.7414394352384797 -1.5169574574232101
leaf_weight=274 220 691 463 6082 185 149
leaf_count=274 220 691 463 6082 185 149
internal_value=-0.000111736 -0.218937 -2.59201 0.0207152 2.67933 0.842878
internal_weight=8064 7456 683 6773 608 334
internal_count=8064 7456 683 6773 608 334
is_linear=0
shrinkage=0.05


Tree=48
num_leaves=6
num_cat=0
split_feature=1 3 3 2 3
split_gain=1.77113e+06 1.85726e+06 3.85797e+06 1.34153e+06 805091
threshold=-9.5071500000001077 -146.11563298611142 -77.158302777777848 -536.44017857142887 -8.402497222221994
decision_type=2 2 2 2 2
left_child=1 -1 -3 -2 -5
right_child=3 2 -4 4 -6
leaf_value=-3.0567112578251927 -4.3218377715435583 7.2879635101042952 0.78139586979024855 -0.8868509313740236 0.25503284471101545
leaf_weight=193 206 289 1064 2687 3625
leaf_count=193 206 289 1064 2687 3625
internal_value=-0.000128034 1.52081 2.17555 -0.361056 -0.231127
internal_weight=8064 1546 1353 6518 6312
internal_count=8064 1546 1353 6518 6312
is_linear=0
shrinkage=0.05


Tree=49
num_leaves=7
num_cat=0
split_feature=1 3 2 5 0 2
split_gain=1.63234e+06 2.79775e+06 2.42385e+06 2.19781e+06 1.98469e+06 581780
threshold=203.27280000000022 -6.6012541666665348 -536.44017857142887 -0.80625269229011354 6240.0255000000006 -175.79761428571439
decision_type=2 2 2 2 2 2
left_child=3 -2 -3 4 -1 -5
right_child=1 2 -4 5 -6 -7
leaf_value=4.1332958775109025 -7.0831504249342405 -5.7361267586087079 1.0172784713747567 -2.8434504802851754 -0.4256440881523304 -0.010746359066036971
leaf_weight=632 206 171 583 186 383 5903
leaf_count=632 206 171 583 186 383 5903
internal_value=-0.000121277 -1.93417 -0.519898 0.261472 2.4143 -0.0977294
internal_weight=8064 960 754 7104 1015 6089
internal_count=8064 960 754 7104 1015 6089
is_linear=0
shrinkage=0.05


Tree=50
num_leaves=7
num_cat=0
split_feature=1 3 3 2 3 8
split_gain=1.47951e+06 2.4863e+06 3.88466e+06 1.97262e+06 1.87938e+06 880646
threshold=283.07880000000029 71.982794444444281 156.17226250000024 111.96884285714283 23.641321180555568 12.666666666666668
decision_type=2 2 2 2 2 2
left_child=3 5 -3 -1 -5 -2
right_child=1 2 -4 4 -6 -7
leaf_value=-0.039371412698561613 -2.1524332773603807 4.784160695583263 -4.9467059575921892 1.363777385663157 7.7063439528997009 -7.2438995408669618
leaf_weight=6638 145 234 181 507 151 208
leaf_count=6638 145 234 181 507 151 208
internal_value=-0.000183087 -2.08615 0.538407 0.219649 2.82878 -5.16449
internal_weight=8064 768 415 7296 658 353
internal_count=8064 768 415 7296 658 353
is_linear=0
shrinkage=0.05


Tree=51
num_leaves=7
num_cat=0
split_feature=1 0 3 5 8 3
split_gain=1.37131e+06 1.35616e+06 3.60921e+06 2.58051e+06 921832 1.71907e+06
threshold=-299.27969999999999 6426.9699500000006 71.982794444444281 -0.94670478576706751 12.666666666666668 -69.211812152778165
decision_type=2 2 2 2 2 2
left_child=4 3 -3 -2 -1 -6
right_child=1 2 -4 -5 5 -7
leaf_value=-0.17224362017744679 5.6291304844121139 -6.1501659379422087 2.0257690861324469 -0.16251802696588832 7.4576269438961296 0.65783880748114187
leaf_weight=235 197 308 239 6712 173 200
leaf_count=235 197 308 239 6712 173 200
internal_value=-0.000177208 -0.186487 -2.58069 0.00341307 2.28112 3.82314
internal_weight=8064 7456 547 6909 608 373
internal_count=8064 7456 547 6909 608 373
is_linear=0
shrinkage=0.05


Tree=52
num_leaves=7
num_cat=0
split_feature=1 3 2 5 0 2
split_gain=1.3241e+06 2.33491e+06 2.17436e+06 1.83121e+06 1.67564e+06 521922
threshold=203.27280000000022 -6.6012541666665348 -536.44017857142887 -0.80625269229011354 6240.0255000000006 -175.79761428571439
decision_type=2 2 2 2 2 2
left_child=3 -2 -3 4 -1 -5
right_child=1 2 -4 5 -6 -7
leaf_value=3.7800861596307862 -6.4458333596803143 -5.3905590132918473 1.0058213136465073 -2.6930215530097485 -0.40884884161253771 -0.0099984830495006057
leaf_weight=632 206 171 583 186 383 5903
leaf_count=632 206 171 583 186 383 5903
internal_value=-0.000110787 -1.742 -0.450035 0.235492 2.20059 -0.0923852
internal_weight=8064 960 754 7104 1015 6089
internal_count=8064 960 754 7104 1015 6089
is_linear=0
shrinkage=0.05


Tree=53
num_leaves=7
num_cat=0
split_feature=1 3 3 2 3 0
split_gain=1.2039e+06 2.16947e+06 3.97353e+06 1.50043e+06 3.38458e+06 2.27003e+06
threshold=317.54180000000048 102.19391527777795 156.17226250000024 1.4724714285715848 30.043188541667067 6839.7171000000008
decision_type=2 2 2 2 2 2
left_child=3 -2 -3 5 -5 -1
right_child=1 2 -4 4 -6 -7
leaf_value=-0.26609480076437542 -4.7048883140628233 6.1586772726093022 -4.5120126427247609 0.24463653750489095 6.5598083353831802 5.7127803578698568
leaf_weight=6098 357 174 173 814 286 162
leaf_count=6098 357 174 173 814 286 162
internal_value=-0.000168247 -1.974 0.84103 0.188876 1.89105 -0.110482
internal_weight=8064 704 347 7360 1100 6260
internal_count=8064 704 347 7360 1100 6260
is_linear=0
shrinkage=0.05


Tree=54
num_leaves=7
num_cat=0
split_feature=2 8 3 3 5 5
split_gain=1.12231e+06 3.06018e+06 2.01118e+06 1.42922e+06 3.38421e+06 3.1692e+06
threshold=-298.03707857142848 12.666666666666668 117.95255000000022 -146.11563298611142 -0.80625269229011354 -0.65918890865109969
decision_type=2 2 2 2 2 2
left_child=1 -1 -3 5 -5 -2
right_child=3 2 -4 4 -6 -7
leaf_value=-6.7800810512913845 -8.5494960288612205 2.7919446507174719 -3.9487253855357225 3.00877349975665 -0.091295936725765733 -0.016742275520283286
leaf_weight=220 146 303 173 1038 5765 419
leaf_count=220 146 303 173 1038 5765 419
internal_value=-0.000102831 -1.91783 0.338937 0.181286 0.382085 -2.23288
internal_weight=8064 696 476 7368 6803 565
internal_count=8064 696 476 7368 6803 565
is_linear=0
shrinkage=0.05


Tree=55
num_leaves=6
num_cat=0
split_feature=2 3 2 8 3
split_gain=1.06463e+06 1.5505e+06 879604 2.76297e+06 1.11657e+06
threshold=244.84704999999943 -41.962268055555676 -298.03707857142848 12.666666666666668 -146.11563298611142
decision_type=2 2 2 2 2
left_child=2 -2 3 -1 -4
right_child=1 -3 4 -5 -6
leaf_value=-6.4426108109195859 -0.43676422313038332 5.9167883565792678 -2.2588089980967458 0.32186891256716393 0.21403201688737755
leaf_weight=220 203 181 490 476 6494
leaf_count=220 203 181 490 476 6494
internal_value=-0.000181923 2.5656 -0.128788 -1.8225 0.040238
internal_weight=8064 384 7680 696 6984
internal_count=8064 384 7680 696 6984
is_linear=0
shrinkage=0.05


Tree=56
num_leaves=7
num_cat=0
split_feature=1 0 3 5 3 0
split_gain=1.01001e+06 1.16502e+06 3.35207e+06 2.15084e+06 909575 550954
threshold=-299.27969999999999 6426.9699500000006 71.982794444444281 -0.94670478576706751 -77.158302777777848 5588.1000000000013
decision_type=2 2 2 2 2 2
left_child=4 3 -3 -2 -1 -6
right_child=1 2 -4 -5 5 -7
leaf_value=4.0872174555009062 5.1519693645563995 -5.8192175235177324 2.0598375305533412 -0.1355652243402338 2.0212975709448737 -2.0515848178863525
leaf_weight=274 197 308 239 6712 185 149
leaf_count=274 197 308 239 6712 185 149
internal_value=-0.000189485 -0.160083 -2.37916 0.0159248 1.95765 0.203653
internal_weight=8064 7456 547 6909 608 334
internal_count=8064 7456 547 6909 608 334
is_linear=0
shrinkage=0.05


Tree=57
num_leaves=7
num_cat=0
split_feature=1 3 8 0 5 0
split_gain=982048 2.12522e+06 3.49286e+06 1.39629e+06 1.37145e+06 1.47223e+06
threshold=203.27280000000022 71.982794444444281 12.666666666666668 6326.513750000001 -0.83127174505093859 6240.0255000000006
decision_type=2 2 2 2 2 2
left_child=4 3 -3 -2 5 -1
right_child=1 2 -4 -5 -6 -7
leaf_value=3.6154296714206078 -1.8696321188275371 -4.8397153994371731 4.0607688966440803 -7.51972296291164 -0.068487047141646246 -0.41402685130453859
leaf_weight=558 316 171 306 167 6165 381
leaf_count=558 316 171 306 167 6165 381
internal_value=-0.00014706 -1.50027 0.86658 -3.83468 0.202755 1.98177
internal_weight=8064 960 477 483 7104 939
internal_count=8064 960 477 483 7104 939
is_linear=0
shrinkage=0.05


Tree=58
num_leaves=5
num_cat=0
split_feature=2 3 5 2
split_gain=903983 900708 3.22259e+06 1.32266e+06
threshold=391.45900714285705 -146.11563298611142 -0.48087430661751701 1.4724714285715848
decision_type=2 2 2 2
left_child=1 2 -1 -3
right_child=-2 3 -4 -5
leaf_value=-8.3956980325919517 3.3805617471278637 -0.18690178562726997 0.34317557185966513 1.8822387669503078
leaf_weight=145 192 6471 380 876
leaf_count=145 192 6471 380 876
internal_value=-0.000183331 -0.0830594 -2.08179 0.0600293
internal_weight=8064 7872 525 7347
internal_count=8064 7872 525 7347
is_linear=0
shrinkage=0.05


Tree=59
num_leaves=6
num_cat=0
split_feature=1 3 2 2 0
split_gain=878040 1.94749e+06 1.80609e+06 1.20976e+06 609429
threshold=203.27280000000022 -6.6012541666665348 -536.44017857142887 391.45900714285705 76.708250000000007
decision_type=2 2 2 2 2
left_child=3 -2 -3 4 -1
right_child=1 2 -4 -5 -6
leaf_value=-0.25990000412933301 -5.7145099824177477 -4.7418820146415763 1.0876333441585302 4.2853704431517556 0.72013160872456539
leaf_weight=4472 206 171 583 175 2457
leaf_count=4472 206 171 583 175 2457
internal_value=-0.000192613 -1.41866 -0.238975 0.191664 0.0876697
internal_weight=8064 960 754 7104 6929
internal_count=8064 960 754 7104 6929
is_linear=0
shrinkage=0.05


Tree=60
num_leaves=7
num_cat=0
split_feature=3 2 1 8 3 2
split_gain=813536 3.41225e+06 2.57639e+06 7.36914e+06 1.14918e+06 857674
threshold=71.982794444444281 1.4724714285715848 158.00624999999994 13.166666666666668 156.17226250000024 391.45900714285705
decision_type=2 2 2 2 2 2
left_child=2 4 5 -4 -2 -1
right_child=1 -3 3 -5 -6 -7
leaf_value=-0.067768601001305259 1.2604483944725409 8.2587809387568765 0.09055688523067304 -12.550589313344187 -1.2940823271470159 3.6142811166545368
leaf_weight=5320 1166 144 406 160 706 162
leaf_count=5320 1166 144 406 160 706 162
internal_value=-0.000211633 0.869385 -0.290173 -3.49874 0.296864 0.0416799
internal_weight=8064 2016 6048 566 1872 5482
internal_count=8064 2016 6048 566 1872 5482
is_linear=0
shrinkage=0.05


Tree=61
num_leaves=4
num_cat=0
split_feature=3 3 3
split_gain=773065 1.56318e+06 2.09384e+06
threshold=-186.49761562499972 -174.34243958333317 -146.11563298611142
decision_type=2 2 2
left_child=-1 -2 -3
right_child=1 2 -4
leaf_value=-3.6180908019172735 5.2097661748425717 -4.2059888726287236 0.13127011410624298
leaf_weight=144 144 288 7488
leaf_count=144 144 288 7488
internal_value=-0.000205328 0.0660229 -0.0298893
internal_weight=8064 7920 7776
internal_count=8064 7920 7776
is_linear=0
shrinkage=0.05


Tree=62
num_leaves=6
num_cat=0
split_feature=0 5 3 3 2
split_gain=751538 3.0671e+06 1.88817e+06 3.4692e+06 749933
threshold=6426.9699500000006 -0.97111091670450067 71.982794444444281 -8.402497222221994 -175.79761428571439
decision_type=2 2 2 2 2
left_child=1 -1 3 -2 -3
right_child=2 4 -4 -5 -6
leaf_value=5.8392487938552442 0.29997015225476237 -1.629042097672798 1.8311135268792875 -9.0318059937953947 0.12528392975830688
leaf_weight=228 231 671 245 174 6515
leaf_count=228 231 671 245 174 6515
internal_value=-0.00021045 0.142795 -1.62906 -3.72161 -0.0387319
internal_weight=8064 7414 650 405 7186
internal_count=8064 7414 650 405 7186
is_linear=0
shrinkage=0.05


Tree=63
num_leaves=7
num_cat=0
split_feature=8 2 8 3 2 7
split_gain=763236 1.60591e+06 912611 2.35538e+06 1.76415e+06 89492.3
threshold=12.250000000000002 -45.535414285714516 13.166666666666668 102.19391527777795 1.4724714285715848 1.0000000180025095e-35
decision_type=2 2 2 2 2 2
left_child=1 -1 4 -4 -2 -3
right_child=2 5 3 -5 -6 -7
leaf_value=-5.9712440126761797 0.12707976769932908 -0.85686280116295588 -1.7718172330569573 2.4338314425897103 2.7736188026622308 0.41162204525147783
leaf_weight=159 4747 311 1440 432 725 250
leaf_count=159 4747 311 1440 432 725 250
internal_value=-0.000215838 -1.5526 0.152169 -0.800502 0.47817 -0.291858
internal_weight=8064 720 7344 1872 5472 561
internal_count=8064 720 7344 1872 5472 561
is_linear=0
shrinkage=0.05


Tree=64
num_leaves=4
num_cat=0
split_feature=3 3 3
split_gain=723298 1.45421e+06 1.86671e+06
threshold=-186.49761562499972 -174.34243958333317 -146.11563298611142
decision_type=2 2 2
left_child=-1 -2 -3
right_child=1 2 -4
leaf_value=-3.4997194382240036 5.0250424574161405 -3.9717596016540662 0.12349717082831442
leaf_weight=144 144 288 7488
leaf_count=144 144 288 7488
internal_value=-0.000222737 0.0638383 -0.0286702
internal_weight=8064 7920 7776
internal_count=8064 7920 7776
is_linear=0
shrinkage=0.05


Tree=65
num_leaves=7
num_cat=0
split_feature=8 2 1 3 0 7
split_gain=694991 1.45029e+06 844410 1.47708e+06 745993 80795.4
threshold=12.250000000000002 -45.535414285714516 -9.5071500000001077 -146.11563298611142 6616.475300000001 1.0000000180025095e-35
decision_type=2 2 2 2 2 2
left_child=1 -1 3 -2 -4 -3
right_child=2 5 4 -5 -6 -7
leaf_value=-5.6806841095536953 -2.7948575348122837 -0.82031204151944859 0.027398147307064205 1.909010531209745 -2.3299678148842662 0.38497267437883587
leaf_weight=159 193 311 5598 1197 356 250
leaf_count=159 193 311 5598 1197 356 250
internal_value=-0.000226001 -1.48158 0.145187 1.25434 -0.11392 -0.283468
internal_weight=8064 720 7344 1390 5954 561
internal_count=8064 720 7344 1390 5954 561
is_linear=0
shrinkage=0.05


Tree=66
num_leaves=6
num_cat=0
split_feature=0 5 3 3 2
split_gain=649550 2.74481e+06 1.70072e+06 3.13131e+06 646481
threshold=6426.9699500000006 -0.97111091670450067 71.982794444444281 -8.402497222221994 -175.79761428571439
decision_type=2 2 2 2 2
left_child=1 -1 3 -2 -3
right_child=2 4 -4 -5 -6
leaf_value=5.5215299054524785 0.32001338292812481 -1.5155990125519263 1.7692683282361283 -8.5455462213584354 0.11323554958529146
leaf_weight=228 231 671 245 174 6515
leaf_count=228 231 671 245 174 6515
internal_value=-0.00027239 0.132676 -1.51457 -3.50056 -0.0390482
internal_weight=8064 7414 650 405 7186
internal_count=8064 7414 650 405 7186
is_linear=0
shrinkage=0.05


Tree=67
num_leaves=7
num_cat=0
split_feature=8 2 8 0 3 3
split_gain=667596 3.20805e+06 1.77401e+06 3.23147e+06 2.22751e+06 1.70772e+06
threshold=12.666666666666668 -134.32904285714309 13.166666666666668 1702.9312500000003 -40.962231944444845 58.743395833333814
decision_type=2 2 2 2 2 2
left_child=1 5 3 -2 -4 -1
right_child=2 -3 4 -5 -6 -7
leaf_value=-1.276380366225869 -0.10603075228762007 0.077039604737538445 -2.9440362811295238 3.5439478656389749 0.59924103320484978 -7.2609467535475147
leaf_weight=235 1626 3123 720 966 1152 242
leaf_count=235 1626 3123 720 966 1152 242
internal_value=-0.000273255 -0.506794 0.408233 1.2551 -0.764402 -4.32141
internal_weight=8064 3600 4464 2592 1872 477
internal_count=8064 3600 4464 2592 1872 477
is_linear=0
shrinkage=0.05


Tree=68
num_leaves=4
num_cat=0
split_feature=3 3 3
split_gain=647931 1.41917e+06 1.60389e+06
threshold=-186.49761562499972 -174.34243958333317 -146.11563298611142
decision_type=2 2 2
left_child=-1 -2 -3
right_child=1 2 -4
leaf_value=-3.3124655565311167 4.9614079060225649 -3.6860462300350516 0.10998915348765748
leaf_weight=144 144 288 7488
leaf_count=144 144 288 7488
internal_value=-0.000305263 0.0603264 -0.0310606
internal_weight=8064 7920 7776
internal_count=8064 7920 7776
is_linear=0
shrinkage=0.05


Tree=69
num_leaves=7
num_cat=0
split_feature=8 2 8 3 0 7
split_gain=646799 1.30266e+06 771235 2.02637e+06 1.45626e+06 88282.8
threshold=12.250000000000002 -27.886607142857255 13.166666666666668 102.19391527777795 1702.9312500000003 0.13040196020729408
decision_type=2 2 2 2 2 2
left_child=1 -1 4 -4 -2 -3
right_child=2 5 3 -5 -6 -7
leaf_value=-5.0601394139149267 -0.17022222810907903 -0.73465168634369493 -1.6367269980830401 2.26414238409963 1.5302818697505742 0.55995359037836046
leaf_weight=183 3510 309 1440 432 1962 228
leaf_count=183 3510 309 1440 432 1962 228
internal_value=-0.000301945 -1.42937 0.139979 -0.735798 0.439666 -0.184968
internal_weight=8064 720 7344 1872 5472 537
internal_count=8064 720 7344 1872 5472 537
is_linear=0
shrinkage=0.05


Tree=70
num_leaves=6
num_cat=0
split_feature=0 5 3 3 2
split_gain=644460 2.46056e+06 1.49276e+06 2.86987e+06 596013
threshold=6426.9699500000006 -0.97111091670450067 71.982794444444281 -8.402497222221994 -175.79761428571439
decision_type=2 2 2 2 2
left_child=1 -1 3 -2 -3
right_child=2 4 -4 -5 -6
leaf_value=5.234319315414762 0.28847800942844359 -1.4482178050492491 1.5681098191839893 -8.1989817316191544 0.11574696973098048
leaf_weight=228 231 671 245 174 6515
leaf_count=228 231 671 245 174 6515
internal_value=-0.00030699 0.132119 -1.50866 -3.3692 -0.030471
internal_weight=8064 7414 650 405 7186
internal_count=8064 7414 650 405 7186
is_linear=0
shrinkage=0.05


Tree=71
num_leaves=7
num_cat=0
split_feature=8 2 3 8 2 3
split_gain=632323 2.84692e+06 1.58965e+06 1.52964e+06 2.85432e+06 1.96776e+06
threshold=12.666666666666668 -134.32904285714309 58.743395833333814 13.166666666666668 35.898192857142938 -40.962231944444845
decision_type=2 2 2 2 2 2
left_child=1 2 -1 4 -2 -5
right_child=3 -3 -4 5 -6 -7
leaf_value=-1.1493089214219887 0.67698173612619927 0.056732485526200818 -6.9227987665698372 -2.7402459840048703 6.6185866163057447 0.59002834298718221
leaf_weight=235 2372 3123 242 720 220 1152
leaf_count=235 2372 3123 242 720 220 1152
internal_value=-0.000306769 -0.493264 -4.08677 0.397261 1.18364 -0.691626
internal_weight=8064 3600 477 4464 2592 1872
internal_count=8064 3600 477 4464 2592 1872
is_linear=0
shrinkage=0.05


Tree=72
num_leaves=4
num_cat=0
split_feature=3 3 3
split_gain=601908 1.3963e+06 1.3992e+06
threshold=-186.49761562499972 -174.34243958333317 -146.11563298611142
decision_type=2 2 2
left_child=-1 -2 -3
right_child=1 2 -4
leaf_value=-3.1926706577991619 4.9195586275232257 -3.4463257471067275 0.099224932827299203
leaf_weight=144 144 288 7488
leaf_count=144 144 288 7488
internal_value=-0.000309221 0.0581295 -0.032518
internal_weight=8064 7920 7776
internal_count=8064 7920 7776
is_linear=0
shrinkage=0.05


Tree=73
num_leaves=7
num_cat=0
split_feature=8 0 0 5 3 3
split_gain=601399 1.18145e+06 692314 5.03305e+06 1.36809e+06 97400.6
threshold=12.250000000000002 4256.5125000000007 6426.9699500000006 -0.94670478576706751 71.982794444444281 18.600811458333627
decision_type=2 2 2 2 2 2
left_child=1 5 3 -2 -4 -1
right_child=2 -3 4 -5 -6 -7
leaf_value=-0.8880928419627292 7.0793800636557229 -5.3950838518877555 -3.2028415404663884 0.0096399592641563878 1.5237489408262574 0.43810602075287275
leaf_weight=345 261 145 405 6433 245 230
leaf_count=345 261 145 405 6433 245 230
internal_value=-0.00030381 -1.37831 0.134964 0.286306 -1.42168 -0.357774
internal_weight=8064 720 7344 6694 650 575
internal_count=8064 720 7344 6694 650 575
is_linear=0
shrinkage=0.05


Tree=74
num_leaves=7
num_cat=0
split_feature=8 2 1 8 3 5
split_gain=579823 2.55329e+06 1.4749e+06 1.62633e+06 1.47378e+06 679908
threshold=12.666666666666668 -134.32904285714309 -475.63974999999931 13.166666666666668 58.743395833333814 -0.77969889170510653
decision_type=2 2 2 2 2 2
left_child=1 4 -2 -4 -1 -3
right_child=2 5 3 -5 -6 -7
leaf_value=-1.0474079163397774 4.4306601866017852 1.8513398216039474 0.99518301805198195 -0.99119728809967433 -6.6061510016827434 -0.25320010213811073
leaf_weight=235 213 447 2499 1752 242 2676
leaf_count=235 213 447 2499 1752 242 2676
internal_value=-0.00029131 -0.472341 0.380414 0.176479 -3.87549 0.0485223
internal_weight=8064 3600 4464 4251 477 3123
internal_count=8064 3600 4464 4251 477 3123
is_linear=0
shrinkage=0.05


Tree=75
num_leaves=4
num_cat=0
split_feature=3 3 3
split_gain=559984 1.27159e+06 1.28119e+06
threshold=-186.49761562499972 -174.34243958333317 -146.11563298611142
decision_type=2 2 2
left_child=-1 -2 -3
right_child=1 2 -4
leaf_value=-3.0794652238385432 4.6953301854380243 -3.2970922535266021 0.095639772992419464
leaf_weight=144 144 288 7488
leaf_count=144 144 288 7488
internal_value=-0.000286793 0.05608 -0.0304248
internal_weight=8064 7920 7776
internal_count=8064 7920 7776
is_linear=0
shrinkage=0.05


Tree=76
num_leaves=7
num_cat=0
split_feature=8 2 0 5 3 7
split_gain=543787 1.11303e+06 618886 4.45268e+06 1.27379e+06 80714.7
threshold=12.250000000000002 -27.886607142857255 6426.9699500000006 -0.94670478576706751 71.982794444444281 0.13040196020729408
decision_type=2 2 2 2 2 2
left_child=1 -1 3 -2 -4 -3
right_child=2 5 4 -5 -6 -7
leaf_value=-4.6667309484080128 6.6608582769186446 -0.68598895860835918 -3.0621435240498318 0.011207887444041269 1.4985974184381285 0.55186602145303287
leaf_weight=183 261 309 405 6433 245 228
leaf_count=183 261 309 405 6433 245 228
internal_value=-0.000282287 -1.31062 0.128343 0.271435 -1.34343 -0.16037
internal_weight=8064 720 7344 6694 650 537
internal_count=8064 720 7344 6694 650 537
is_linear=0
shrinkage=0.05


Tree=77
num_leaves=6
num_cat=0
split_feature=8 2 1 8 3
split_gain=531281 2.30702e+06 1.31861e+06 1.48118e+06 799252
threshold=12.666666666666668 -369.67785000000043 -475.63974999999931 13.166666666666668 23.641321180555568
decision_type=2 2 2 2 2
left_child=1 -1 -2 -4 -3
right_child=2 4 3 -5 -6
leaf_value=-6.5014437163902432 4.1938014694602694 -0.89276621518797128 0.95264153108261529 -0.94302585672691286 0.63320280889295422
leaf_weight=150 213 1855 2499 1752 1595
leaf_count=150 213 1855 2499 1752 1595
internal_value=-0.000266261 -0.452125 0.364155 0.171326 -0.187303
internal_weight=8064 3600 4464 4251 3450
internal_count=8064 3600 4464 4251 3450
is_linear=0
shrinkage=0.05


Tree=78
num_leaves=7
num_cat=0
split_feature=3 2 0 2 5 3
split_gain=512990 2.60809e+06 1.8293e+06 2.75245e+06 1.69838e+06 945310
threshold=71.982794444444281 1.4724714285715848 6240.0255000000006 22.095535714285692 -0.97111091670450067 156.17226250000024
decision_type=2 2 2 2 2 2
left_child=2 5 4 -4 -1 -2
right_child=1 -3 3 -5 -6 -7
leaf_value=4.878726209776743 1.0637466446010535 7.15050037067512 -0.76159562593050989 -8.9296642506944721 -0.12655749203439756 -1.2531150295793001
leaf_weight=174 1166 144 358 144 5372 706
leaf_count=174 1166 144 358 144 5372 706
internal_value=-0.000268804 0.690264 -0.230522 -3.11772 0.0313293 0.18977
internal_weight=8064 2016 6048 502 5546 1872
internal_count=8064 2016 6048 502 5546 1872
is_linear=0
shrinkage=0.05


Tree=79
num_leaves=4
num_cat=0
split_feature=3 3 3
split_gain=506912 1.18499e+06 1.14647e+06
threshold=-186.49761562499972 -174.34243958333317 -146.11563298611142
decision_type=2 2 2
left_child=-1 -2 -3
right_child=1 2 -4
leaf_value=-2.9298759919816053 4.5318705784452371 -3.1202747158731974 0.089132304872469606
leaf_weight=144 144 288 7488
leaf_count=144 144 288 7488
internal_value=-0.00024282 0.0533864 -0.0301206
internal_weight=8064 7920 7776
internal_count=8064 7920 7776
is_linear=0
shrinkage=0.05


Tree=80
num_leaves=7
num_cat=0
split_feature=8 2 3 1 8 1
split_gain=494212 2.16193e+06 1.31624e+06 1.24131e+06 1.36645e+06 587428
threshold=12.666666666666668 -134.32904285714309 58.743395833333814 -475.63974999999931 13.166666666666668 82.510400000000018
decision_type=2 2 2 2 2 2
left_child=1 2 -1 -2 -5 -3
right_child=3 5 -4 4 -6 -7
leaf_value=-0.89536201266919146 4.0669262498129752 -0.12069006848118441 -6.1480639656139502 0.91459369316793981 -0.90617552223167486 2.9102488651078131
leaf_weight=235 213 2955 242 2499 1752 168
leaf_count=235 213 2955 242 2499 1752 168
internal_value=-0.000239554 -0.436049 -3.56754 0.351239 0.164148 0.0432369
internal_weight=8064 3600 477 4464 4251 3123
internal_count=8064 3600 477 4464 4251 3123
is_linear=0
shrinkage=0.05


Tree=81
num_leaves=6
num_cat=0
split_feature=3 2 1 3 0
split_gain=477626 2.32788e+06 1.77864e+06 885092 737149
threshold=71.982794444444281 1.4724714285715848 427.25570000000022 117.95255000000022 6240.0255000000006
decision_type=2 2 2 2 2
left_child=2 3 4 -2 -1
right_child=1 -3 -4 -5 -6
leaf_value=0.092999093788395701 1.6877777483274035 6.7694146635100765 -4.8001359159190482 -0.59687391807534851 -2.0982037872003878
leaf_weight=5432 647 144 204 1225 412
leaf_count=5432 647 144 204 1225 412
internal_value=-0.000228675 0.666077 -0.222404 0.193226 -0.0618125
internal_weight=8064 2016 6048 1872 5844
internal_count=8064 2016 6048 1872 5844
is_linear=0
shrinkage=0.05


Tree=82
num_leaves=7
num_cat=0
split_feature=8 0 5 0 0 3
split_gain=472014 1.06569e+06 628317 3.89753e+06 1.05385e+06 81356.6
threshold=12.250000000000002 4256.5125000000007 -0.91509365977396839 6240.0255000000006 5478.6000000000013 18.600811458333627
decision_type=2 2 2 2 2 2
left_child=1 5 3 -2 -4 -1
right_child=2 -3 4 -5 -6 -7
leaf_value=-0.73668682896114912 6.1705475171737918 -5.0358966578767728 0.092976017214051535 -0.75846291151214551 -2.7483884862065318 0.47524416422818128
leaf_weight=345 288 145 6031 681 344 230
leaf_count=345 288 145 6031 681 344 230
internal_value=-0.000210703 -1.22102 0.119626 1.30517 -0.0607532 -0.251931
internal_weight=8064 720 7344 969 6375 575
internal_count=8064 720 7344 969 6375 575
is_linear=0
shrinkage=0.05


Tree=83
num_leaves=4
num_cat=0
split_feature=3 3 3
split_gain=472608 1.08453e+06 1.04788e+06
threshold=-186.49761562499972 -174.34243958333317 -146.11563298611142
decision_type=2 2 2
left_child=-1 -2 -3
right_child=1 2 -4
leaf_value=-2.8289854887436179 4.3360132197264969 -2.9826180800537752 0.085687843579464407
leaf_weight=144 144 288 7488
leaf_count=144 144 288 7488
internal_value=-0.000215914 0.0515669 -0.028322
internal_weight=8064 7920 7776
internal_count=8064 7920 7776
is_linear=0
shrinkage=0.05


Tree=84
num_leaves=7
num_cat=0
split_feature=8 2 3 1 8 1
split_gain=462195 1.86377e+06 1.22381e+06 1.11054e+06 1.2465e+06 518113
threshold=12.666666666666668 -134.32904285714309 58.743395833333814 -475.63974999999931 13.166666666666668 82.510400000000018
decision_type=2 2 2 2 2 2
left_child=1 2 -1 -2 -5 -3
right_child=3 5 -4 4 -6 -7
leaf_value=-0.75311191751290174 3.854219793308979 -0.13060046575789583 -5.8174182483014256 0.87947442117393015 -0.85954279661639732 2.7159030741488444
leaf_weight=235 213 2955 242 2499 1752 168
leaf_count=235 213 2955 242 2499 1752 168
internal_value=-0.000213743 -0.42167 -3.32922 0.339689 0.162725 0.0233459
internal_weight=8064 3600 477 4464 4251 3123
internal_count=8064 3600 477 4464 4251 3123
is_linear=0
shrinkage=0.05


Tree=85
num_leaves=6
num_cat=0
split_feature=3 2 1 3 0
split_gain=449034 2.0664e+06 1.56327e+06 809536 647384
threshold=71.982794444444281 1.4724714285715848 427.25570000000022 156.17226250000024 6240.0255000000006
decision_type=2 2 2 2 2
left_child=2 3 4 -2 -1
right_child=1 -3 -4 -5 -6
leaf_value=0.080011174791216028 1.009105322880937 6.3962136533291174 -4.5072725756575425 -1.134930196399188 -1.9734485781871092
leaf_weight=5432 1166 144 204 706 412
leaf_count=5432 1166 144 204 706 412
internal_value=-0.000203743 0.645851 -0.215626 0.200336 -0.0650699
internal_weight=8064 2016 6048 1872 5844
internal_count=8064 2016 6048 1872 5844
is_linear=0
shrinkage=0.05


Tree=86
num_leaves=4
num_cat=0
split_feature=3 3 3
split_gain=426571 991337 956657
threshold=-186.49761562499972 -174.34243958333317 -146.11563298611142
decision_type=2 2 2
left_child=-1 -2 -3
right_child=1 2 -4
leaf_value=-2.6876564410637167 4.1452367581684015 -2.8501558241134699 0.08155674051927668
leaf_weight=144 144 288 7488
leaf_count=144 144 288 7488
internal_value=-0.000194353 0.0490017 -0.0273777
internal_weight=8064 7920 7776
internal_count=8064 7920 7776
is_linear=0
shrinkage=0.05


Tree=87
num_leaves=7
num_cat=0
split_feature=8 0 5 0 0 3
split_gain=427562 948812 630075 3.09199e+06 1.0019e+06 72304.9
threshold=12.250000000000002 4256.5125000000007 -0.87651811848132988 6240.0255000000006 5478.6000000000013 18.600811458333627
decision_type=2 2 2 2 2 2
left_child=1 5 3 -2 -4 -1
right_child=2 -3 4 -5 -6 -7
leaf_value=-0.70465689239043727 4.5386345195825459 -4.7617039507382541 0.024177343441359793 -0.78134982165790257 -3.7020566653820781 0.43788283674360873
leaf_weight=345 431 145 5986 742 185 230
leaf_count=345 431 145 5986 742 185 230
internal_value=-0.000192773 -1.16209 0.113862 1.17559 -0.0881129 -0.247674
internal_weight=8064 720 7344 1173 6171 575
internal_count=8064 720 7344 1173 6171 575
is_linear=0
shrinkage=0.05


Tree=88
num_leaves=7
num_cat=0
split_feature=8 2 8 0 3 3
split_gain=427736 1.64872e+06 997914 2.79243e+06 1.8556e+06 669657
threshold=12.666666666666668 -369.67785000000043 13.166666666666668 1702.9312500000003 -40.962231944444845 23.641321180555568
decision_type=2 2 2 2 2 2
left_child=1 -1 3 -2 -4 -3
right_child=2 5 4 -5 -6 -7
leaf_value=-5.519589260398158 -0.30324334036879419 -0.82751442711511314 -2.5421366258194973 3.0896292599104922 0.69178264490429697 0.56927371942753291
leaf_weight=150 1626 1855 720 966 1152 1595
leaf_count=150 1626 1855 720 966 1152 1595
internal_value=-0.000213817 -0.405655 0.326773 0.961934 -0.552726 -0.181775
internal_weight=8064 3600 4464 2592 1872 3450
internal_count=8064 3600 4464 2592 1872 3450
is_linear=0
shrinkage=0.05


Tree=89
num_leaves=7
num_cat=0
split_feature=8 2 3 1 3 1
split_gain=386132 1.53297e+06 1.10692e+06 992340 1.07177e+06 445327
threshold=12.666666666666668 -134.32904285714309 58.743395833333814 -475.63974999999931 -40.962231944444845 82.510400000000018
decision_type=2 2 2 2 2 2
left_child=1 2 -1 -2 -5 -3
right_child=3 5 -4 4 -6 -7
leaf_value=-0.57306769711233796 3.6326767979833847 -0.12457971951882676 -5.3886807491995183 -1.2718085639546526 0.58839029731266368 2.5144168294304929
leaf_weight=235 213 2955 242 1017 3234 168
leaf_count=235 213 2955 242 1017 3234 168
internal_value=-0.00023314 -0.385453 -3.02237 0.310444 0.143166 0.018143
internal_weight=8064 3600 477 4464 4251 3123
internal_count=8064 3600 477 4464 4251 3123
is_linear=0
shrinkage=0.05


Tree=90
num_leaves=5
num_cat=0
split_feature=3 3 3 5
split_gain=382696 998031 2.84271e+06 873860
threshold=-186.49761562499972 -154.52268229166688 -146.11563298611142 1.0000000180025095e-35
decision_type=2 2 2 2
left_child=-1 3 -3 -2
right_child=1 2 -4 -5
leaf_value=-2.5457309275660025 5.6705000530851306 -6.9969014654488406 0.071429333394074465 0.17039607771511736
leaf_weight=144 144 144 7488 144
leaf_count=144 144 144 7488 144
internal_value=-0.000225354 0.0463721 -0.0628346 2.93055
internal_weight=8064 7920 7632 288
internal_count=8064 7920 7632 288
is_linear=0
shrinkage=0.05


Tree=91
num_leaves=7
num_cat=0
split_feature=3 2 0 2 5 3
split_gain=374088 1.80041e+06 1.40191e+06 2.6283e+06 1.37039e+06 758167
threshold=71.982794444444281 1.4724714285715848 6240.0255000000006 22.095535714285692 -0.97111091670450067 117.95255000000022
decision_type=2 2 2 2 2 2
left_child=2 5 4 -4 -1 -2
right_child=1 -3 3 -5 -6 -7
leaf_value=4.3866170621599476 1.5568457833238316 5.9569570332971118 -0.42296101188178181 -8.4035756948076443 -0.10945712965062049 -0.5576560027787969
leaf_weight=174 647 144 358 144 5372 1225
leaf_count=174 647 144 358 144 5372 1225
internal_value=-0.000236587 0.589444 -0.196862 -2.72438 0.0323679 0.173598
internal_weight=8064 2016 6048 502 5546 1872
internal_count=8064 2016 6048 502 5546 1872
is_linear=0
shrinkage=0.05


Tree=92
num_leaves=7
num_cat=0
split_feature=8 2 5 0 0 7
split_gain=371122 913333 571281 3.00362e+06 942016 86327.6
threshold=12.250000000000002 -13.327928571428229 -0.91509365977396839 6240.0255000000006 5478.6000000000013 0.13040196020729408
decision_type=2 2 2 2 2 2
left_child=1 -1 3 -2 -4 -3
right_child=2 5 4 -5 -6 -7
leaf_value=-3.9649195406754418 5.5076191214261305 -0.54506341483857901 0.079399570147692167 -0.57520596131988289 -2.6069811877003617 0.7500850458502244
leaf_weight=198 288 296 6031 681 344 226
leaf_count=198 288 296 6031 681 344 226
internal_value=-0.00020984 -1.08271 0.106051 1.23651 -0.0659458 0.0160334
internal_weight=8064 720 7344 969 6375 522
internal_count=8064 720 7344 969 6375 522
is_linear=0
shrinkage=0.05


Tree=93
num_leaves=7
num_cat=0
split_feature=8 2 3 1 8 1
split_gain=373675 1.35572e+06 1.01155e+06 898318 998081 472571
threshold=12.666666666666668 -134.32904285714309 58.743395833333814 -475.63974999999931 13.166666666666668 -425.04324999999966
decision_type=2 2 2 2 2 2
left_child=1 2 -1 -2 -5 -3
right_child=3 5 -4 4 -6 -7
leaf_value=-0.51768479877609319 3.4663495819145278 -2.6464705058932303 -5.1210182620909972 0.78762253388967363 -0.76849204148173855 0.14322167065289834
leaf_weight=235 213 159 242 2499 1752 2964
leaf_count=235 213 159 242 2499 1752 2964
internal_value=-0.000207747 -0.379162 -2.85896 0.305417 0.146258 0.000389556
internal_weight=8064 3600 477 4464 4251 3123
internal_count=8064 3600 477 4464 4251 3123
is_linear=0
shrinkage=0.05


Tree=94
num_leaves=6
num_cat=0
split_feature=3 2 1 1 3
split_gain=355672 1.60547e+06 1.34184e+06 735996 538250
threshold=71.982794444444281 1.4724714285715848 427.25570000000022 622.10549999999978 -77.158302777777848
decision_type=2 2 2 2 2
left_child=2 3 4 -2 -1
right_child=1 -3 -4 -5 -6
leaf_value=0.7382863156596946 -0.13404666768175619 5.6433667423396274 -4.1680497179089526 3.2890658155342063 -0.34354829280363675
leaf_weight=1572 1700 144 204 172 4272
leaf_count=1572 1700 144 204 172 4272
internal_value=-0.000226223 0.574756 -0.19195 0.182058 -0.0524649
internal_weight=8064 2016 6048 1872 5844
internal_count=8064 2016 6048 1872 5844
is_linear=0
shrinkage=0.05


Tree=95
num_leaves=4
num_cat=0
split_feature=3 3 3
split_gain=364370 918162 772000
threshold=-186.49761562499972 -174.34243958333317 -146.11563298611142
decision_type=2 2 2
left_child=-1 -2 -3
right_child=1 2 -4
leaf_value=-2.4839930893634929 3.9874412806280732 -2.5639765336851763 0.069636427480610538
leaf_weight=144 144 288 7488
leaf_count=144 144 288 7488
internal_value=-0.00018376 0.0452843 -0.0282219
internal_weight=8064 7920 7776
internal_count=8064 7920 7776
is_linear=0
shrinkage=0.05


Tree=96
num_leaves=5
num_cat=0
split_feature=3 3 3 5
split_gain=329081 861485 2.44771e+06 794724
threshold=-186.49761562499972 -154.52268229166688 -146.11563298611142 1.0000000180025095e-35
decision_type=2 2 2 2
left_child=-1 3 -3 -2
right_child=1 2 -4 -5
leaf_value=-2.360650039582417 5.3355853795337271 -6.4927340269910871 0.066155077684270244 0.090951664036717908
leaf_weight=144 144 144 7488 144
leaf_count=144 144 144 7488 144
internal_value=-0.000180712 0.0430295 -0.0584319 2.72266
internal_weight=8064 7920 7632 288
internal_count=8064 7920 7632 288
is_linear=0
shrinkage=0.05


Tree=97
num_leaves=7
num_cat=0
split_feature=8 0 5 3 3 3
split_gain=325233 833294 546455 2.00035e+06 334706 59799
threshold=12.250000000000002 4256.5125000000007 -0.80625269229011354 156.17226250000024 -137.28571666666662 18.600811458333627
decision_type=2 2 2 2 2 2
left_child=1 5 3 -2 -4 -1
right_child=2 -3 4 -5 -6 -7
leaf_value=-0.57241760392840202 1.5649111906966466 -4.3869102981809069 1.0272795587946246 -4.5999461363439691 -0.24193056111729702 0.46653685949065471
leaf_weight=345 1334 145 575 145 5290 230
leaf_count=345 1334 145 575 145 5290 230
internal_value=-0.000192517 -1.01356 0.0992815 0.957814 -0.117344 -0.156747
internal_weight=8064 720 7344 1479 5865 575
internal_count=8064 720 7344 1479 5865 575
is_linear=0
shrinkage=0.05


Tree=98
num_leaves=6
num_cat=0
split_feature=3 3 0 3 10
split_gain=341165 1.22224e+06 2.41247e+06 1.04296e+06 765359
threshold=175.16083750000021 156.17226250000024 2254.9080000000004 116.20088576388891 0.50347222222222232
decision_type=2 2 2 2 2
left_child=1 3 -3 -1 -2
right_child=4 2 -4 -5 -6
leaf_value=-0.10727331996371021 -0.88971910581506541 0.017478356841537687 -7.8770144389916767 1.8952075405046345 4.2513695098356958
leaf_weight=6624 144 287 145 720 144
leaf_count=6624 144 287 145 720 144
internal_value=-0.000224692 -0.06291 -2.64437 0.0892796 1.68664
internal_weight=8064 7776 432 7344 288
internal_count=8064 7776 432 7344 288
is_linear=0
shrinkage=0.05


Tree=99
num_leaves=7
num_cat=0
split_feature=3 0 3 0 3 5
split_gain=313292 1.492e+06 2.64091e+06 1.29049e+06 2.47887e+06 1.16187e+06
threshold=71.982794444444281 823.4580000000002 156.17226250000024 6240.0255000000006 -53.609595138889055 -0.97111091670450067
decision_type=2 2 2 2 2 2
left_child=3 -2 -3 5 -5 -1
right_child=1 2 -4 4 -6 -7
leaf_value=4.0490667486190794 -0.592637940723724 4.2413922792473695 -1.6866950741856259 -7.9140652697070752 -0.2836130143379384 -0.090830686247522607
leaf_weight=174 1191 537 288 152 350 5372
leaf_count=174 1191 537 288 152 350 5372
internal_value=-0.000230255 0.53941 2.17241 -0.18017 -2.60517 0.0397608
internal_weight=8064 2016 825 6048 502 5546
internal_count=8064 2016 825 6048 502 5546
is_linear=0
shrinkage=0.05


end of trees

feature_importances:
Column_2=174
Column_3=169
Column_1=61
Column_0=57
Column_8=42
Column_5=31
Column_7=5
Column_4=1
Column_10=1

parameters:
[boosting: gbdt]
[objective: regression]
[metric: l2]
[tree_learner: serial]
[device_type: cpu]
[data_sample_strategy: bagging]
[data: ]
[valid: ]
[num_iterations: 100]
[learning_rate: 0.05]
[num_leaves: 7]
[num_threads: 1]
[seed: 20250911]
[deterministic: 1]
[force_col_wise: 1]
[force_row_wise: 0]
[histogram_pool_size: -1]
[max_depth: 3]
[min_data_in_leaf: 144]
[min_sum_hessian_in_leaf: 0.001]
[bagging_fraction: 1]
[pos_bagging_fraction: 1]
[neg_bagging_fraction: 1]
[bagging_freq: 0]
[bagging_seed: 20250911]
[bagging_by_query: 0]
[feature_fraction: 1]
[feature_fraction_bynode: 1]
[feature_fraction_seed: 20250911]
[extra_trees: 0]
[extra_seed: 26685]
[early_stopping_round: 0]
[early_stopping_min_delta: 0]
[first_metric_only: 0]
[max_delta_step: 0]
[lambda_l1: 0]
[lambda_l2: 1]
[linear_lambda: 0]
[min_gain_to_split: 0]
[drop_rate: 0.1]
[max_drop: 50]
[skip_drop: 0.5]
[xgboost_dart_mode: 0]
[uniform_drop: 0]
[drop_seed: 2504]
[top_rate: 0.2]
[other_rate: 0.1]
[min_data_per_group: 100]
[max_cat_threshold: 32]
[cat_l2: 10]
[cat_smooth: 10]
[max_cat_to_onehot: 4]
[top_k: 20]
[monotone_constraints: ]
[monotone_constraints_method: basic]
[monotone_penalty: 0]
[feature_contri: ]
[forcedsplits_filename: ]
[refit_decay_rate: 0.9]
[cegb_tradeoff: 1]
[cegb_penalty_split: 0]
[cegb_penalty_feature_lazy: ]
[cegb_penalty_feature_coupled: ]
[path_smooth: 0]
[interaction_constraints: ]
[verbosity: -1]
[saved_feature_importance_type: 0]
[use_quantized_grad: 0]
[num_grad_quant_bins: 4]
[quant_train_renew_leaf: 0]
[stochastic_rounding: 1]
[linear_tree: 0]
[max_bin: 63]
[max_bin_by_feature: ]
[min_data_in_bin: 3]
[bin_construct_sample_cnt: 200000]
[data_random_seed: 20250911]
[is_enable_sparse: 1]
[enable_bundle: 1]
[use_missing: 1]
[zero_as_missing: 0]
[feature_pre_filter: 0]
[pre_partition: 0]
[two_round: 0]
[header: 0]
[label_column: ]
[weight_column: ]
[group_column: ]
[ignore_column: ]
[categorical_feature: ]
[forcedbins_filename: ]
[precise_float_parser: 0]
[parser_config_file: ]
[objective_seed: 19683]
[num_class: 1]
[is_unbalance: 0]
[scale_pos_weight: 1]
[sigmoid: 1]
[boost_from_average: 1]
[reg_sqrt: 0]
[alpha: 0.9]
[fair_c: 1]
[poisson_max_delta_step: 0.7]
[tweedie_variance_power: 1.5]
[lambdarank_truncation_level: 30]
[lambdarank_norm: 1]
[label_gain: ]
[lambdarank_position_bias_regularization: 0]
[eval_at: ]
[multi_error_top_k: 1]
[auc_mu_weights: ]
[num_machines: 1]
[local_listen_port: 12400]
[time_out: 120]
[machine_list_filename: ]
[machines: ]
[gpu_platform_id: -1]
[gpu_device_id: -1]
[gpu_device_id_list: ]
[gpu_use_dp: 0]
[num_gpu: 1]

end of parameters

pandas_categorical:null
