tree
version=v4
num_class=1
num_tree_per_iteration=1
label_index=0
max_feature_idx=11
objective=regression
feature_names=Column_0 Column_1 Column_2 Column_3 Column_4 Column_5 Column_6 Column_7 Column_8 Column_9 Column_10 Column_11
feature_infos=[0:8906.5125000000007] [-2425.1002999999992:2106.8508000000002] [-1327.1946428571428:1530.8009571428584] [-207.71012986111145:224.49099722222263] [-1:1] [-1:1] [-1:1] [-1:1] [12.5:13.833333333333332] [11.916666666666666:11.916666666666666] [-0.44666666666666666:1.46] [1:1]
tree_sizes=745 755 760 754 760 758 760 757 756 757 758 761 759 760 755 674 763 678 757 766 678 677 675 766 597 678 681 593 678 681 686 593 759 764 764 677 678 683 678 679 758 765 678 759 757 593 754 757 597 768 761 590 592 591 599 763 773 592 592 591 761 596 757 596 757 595 761 509 763 758 595 597 758 600 594 594 755 755 680 664 584 749 753 588 589 672 589 760 585 589 754 752 586 588 587 590 584 666 761 761

Tree=0
num_leaves=7
num_cat=0
split_feature=2 2 2 2 2 3
split_gain=1.63014e+08 1.09939e+08 2.285e+07 2.03917e+07 1.10088e+07 5.67726e+06
threshold=86.148542857142971 -357.35770714285758 -580.39390714285662 457.44310000000002 -208.73804285714274 30.043188541667067
decision_type=2 2 2 2 2 2
left_child=1 2 -1 5 -3 -2
right_child=3 4 -4 -5 -6 -7
leaf_value=-22.495859512700598 26.336673080871861 5.3938663708042656 -2.3677410934349101 47.783636750418019 13.175622698025411 36.802335865363226
leaf_weight=213 432 490 423 205 6112 189
leaf_count=213 432 490 423 205 6112 189
internal_value=13.0854 10.6829 -9.15404 34.1155 12.597 29.5549
internal_weight=8064 7238 636 826 6602 621
internal_count=8064 7238 636 826 6602 621
is_linear=0
shrinkage=1


Tree=1
num_leaves=7
num_cat=0
split_feature=2 2 0 1 2 3
split_gain=1.47183e+08 9.9258e+07 2.06724e+07 1.88207e+07 9.93756e+06 9.83617e+06
threshold=86.148542857142971 -357.35770714285758 7568.0692000000008 -724.15809999999999 -208.73804285714274 -99.6026718749997
decision_type=2 2 2 2 2 2
left_child=1 2 -1 -2 -3 -5
right_child=3 4 -4 5 -6 -7
leaf_value=-16.065183687699651 33.55238158848821 -7.307777988420546 -37.331302722874071 4.9026000339280138 0.085674245712881625 19.346065155124364
leaf_weight=486 195 490 150 158 6112 473
leaf_count=486 195 490 150 158 6112 473
internal_value=8.07917e-05 -2.2828 -21.1315 19.9828 -0.464091 15.743
internal_weight=8064 7238 636 826 6602 631
internal_count=8064 7238 636 826 6602 631
is_linear=0
shrinkage=0.05


Tree=2
num_leaves=7
num_cat=0
split_feature=2 2 2 2 2 3
split_gain=1.32881e+08 8.98541e+07 1.76258e+07 1.75516e+07 1.11683e+07 5.00262e+06
threshold=86.148542857142971 -436.63660714285646 -232.01217142857158 457.44310000000002 -580.39390714285662 30.043188541667067
decision_type=2 2 2 2 2 2
left_child=1 4 -3 5 -1 -2
right_child=3 2 -4 -5 -6 -7
leaf_value=-32.52410794373985 11.740380131978085 -8.7345013408813923 0.038223880358706407 31.665611496017977 -16.199275276482663 21.556388179566223
leaf_weight=213 432 630 6182 205 213 189
leaf_count=213 432 630 6182 205 213 189
internal_value=5.92953e-05 -2.16908 -0.774274 18.9872 -24.4187 14.7577
internal_weight=8064 7238 6812 826 426 621
internal_count=8064 7238 6812 826 426 621
is_linear=0
shrinkage=0.05


Tree=3
num_leaves=7
num_cat=0
split_feature=2 2 0 1 1 2
split_gain=1.20012e+08 8.216e+07 1.78998e+07 1.52325e+07 8.58138e+06 7.70807e+06
threshold=108.74355714285709 -357.35770714285758 7568.0692000000008 -468.91395000000028 -156.34425000000007 457.44310000000002
decision_type=2 2 2 2 2 2
left_child=1 2 -1 5 -3 -2
right_child=3 4 -4 -5 -6 -7
leaf_value=-14.4081429073698 19.684266349673273 6.2715499176179144 -34.192188350145784 12.687579068610836 -0.81309738949745758 35.2887894772864
leaf_weight=486 175 458 150 429 6213 153
leaf_count=486 175 458 150 429 6213 153
internal_value=0.000103119 -1.96411 -19.1205 18.9374 -0.325831 27.0483
internal_weight=8064 7307 636 757 6671 328
internal_count=8064 7307 636 757 6671 328
is_linear=0
shrinkage=0.05


Tree=4
num_leaves=7
num_cat=0
split_feature=2 2 8 2 2 1
split_gain=1.08588e+08 7.42306e+07 1.51765e+07 1.49358e+07 9.70166e+06 5.27398e+06
threshold=86.148542857142971 -436.63660714285646 13.666666666666668 -232.01217142857158 -580.39390714285662 -329.66199999999998
decision_type=2 2 2 2 2 2
left_child=1 4 5 -3 -1 -2
right_child=2 3 -4 -5 -6 -7
leaf_value=-29.735461454023824 17.894641400583136 -8.0205093895671116 29.305388458186599 0.055075988460744275 -14.528137963857048 8.6980094836206199
leaf_weight=213 317 630 196 6182 213 313
leaf_count=213 317 630 196 6182 213 313
internal_value=0.00024992 -1.9606 17.1642 -0.692853 -22.1836 13.3465
internal_weight=8064 7238 826 6812 426 630
internal_count=8064 7238 826 6812 426 630
is_linear=0
shrinkage=0.05


Tree=5
num_leaves=7
num_cat=0
split_feature=2 2 2 2 2 3
split_gain=9.82051e+07 6.5922e+07 1.67803e+07 1.29093e+07 8.76005e+06 4.92887e+06
threshold=41.7861857142857 -436.63660714285646 457.44310000000002 -232.01217142857158 -580.39390714285662 30.043188541667067
decision_type=2 2 2 2 2 2
left_child=1 4 5 -3 -1 -2
right_child=2 3 -4 -5 -6 -7
leaf_value=-28.255635543181519 8.7414503443011871 -7.6201194785995829 27.642120088188392 -0.10438127522816693 -13.805125230940703 17.437968140222225
leaf_weight=213 519 630 205 6044 213 240
leaf_count=213 519 630 205 6044 213 240
internal_value=0.000260165 -2.03356 14.9662 -0.814873 -21.0796 11.5107
internal_weight=8064 7100 964 6674 426 759
internal_count=8064 7100 964 6674 426 759
is_linear=0
shrinkage=0.05


Tree=6
num_leaves=7
num_cat=0
split_feature=2 2 8 2 2 3
split_gain=8.93755e+07 6.09864e+07 1.29727e+07 1.25152e+07 7.90984e+06 4.74427e+06
threshold=108.74355714285709 -436.63660714285646 13.666666666666668 -208.73804285714274 -580.39390714285662 -94.870934027777807
decision_type=2 2 2 2 2 2
left_child=1 4 5 -3 -1 -2
right_child=2 3 -4 -5 -6 -7
leaf_value=-26.849455943313718 5.6429436935775588 -6.8883152401311252 27.924015813806786 0.1611525816879277 -13.118094381105122 15.591600887981517
leaf_weight=213 173 700 183 6181 213 401
leaf_count=213 173 700 183 6181 213 401
internal_value=0.000272186 -1.69479 16.3426 -0.556882 -20.0306 12.6082
internal_weight=8064 7307 757 6881 426 574
internal_count=8064 7307 757 6881 426 574
is_linear=0
shrinkage=0.05


Tree=7
num_leaves=7
num_cat=0
split_feature=2 2 1 2 3 2
split_gain=8.0851e+07 5.36909e+07 1.50111e+07 1.0545e+07 1.05284e+07 7.14214e+06
threshold=41.7861857142857 -436.63660714285646 -532.40130000000033 -232.01217142857158 -99.6026718749997 -580.39390714285662
decision_type=2 2 2 2 2 2
left_child=1 5 -2 -3 -4 -1
right_child=2 3 4 -5 -6 -7
leaf_value=-25.513255940433421 22.698050536273364 -6.8958473701106771 -2.334091150208025 -0.10313776496030556 12.727963992753835 -12.465254735417457
leaf_weight=213 307 630 150 6044 507 213
leaf_count=213 307 630 150 6044 507 213
internal_value=0.000273868 -1.84511 13.5796 -0.745281 9.29082 -19.0337
internal_weight=8064 7100 964 6674 657 426
internal_count=8064 7100 964 6674 657 426
is_linear=0
shrinkage=0.05


Tree=8
num_leaves=7
num_cat=0
split_feature=2 2 0 8 1 3
split_gain=7.33865e+07 5.01287e+07 1.37677e+07 1.1371e+07 7.10008e+06 4.01342e+06
threshold=108.74355714285709 -357.35770714285758 7568.0692000000008 13.666666666666668 -156.34425000000007 -94.870934027777807
decision_type=2 2 2 2 2 2
left_child=1 2 -1 5 -3 -2
right_child=3 4 -4 -5 -6 -7
leaf_value=-10.81033361494786 4.9101936777432762 5.744896401948659 -28.146715606916821 25.649525053345641 -0.69933476763174041 14.057618972950094
leaf_weight=486 173 458 150 183 6213 401
leaf_count=486 173 458 150 183 6213 401
internal_value=0.000186462 -1.53579 -14.9369 14.8088 -0.256109 11.314
internal_weight=8064 7307 636 757 6671 574
internal_count=8064 7307 636 757 6671 574
is_linear=0
shrinkage=0.05


Tree=9
num_leaves=7
num_cat=0
split_feature=2 2 2 2 2 3
split_gain=6.62651e+07 4.42984e+07 1.39292e+07 9.0374e+06 6.17962e+06 4.19754e+06
threshold=41.7861857142857 -436.63660714285646 457.44310000000002 -208.73804285714274 -580.39390714285662 30.043188541667067
decision_type=2 2 2 2 2 2
left_child=1 4 5 -3 -1 -2
right_child=2 3 -4 -5 -6 -7
leaf_value=-23.308609138819104 6.5983804309310834 -6.0422140009460783 23.83846719869711 -0.04117622242225763 -11.177295769319358 14.612802888823991
leaf_weight=213 519 700 205 5974 213 240
leaf_count=213 519 700 205 5974 213 240
internal_value=0.000243518 -1.67041 12.2939 -0.671404 -17.2833 9.14848
internal_weight=8064 7100 964 6674 426 759
internal_count=8064 7100 964 6674 426 759
is_linear=0
shrinkage=0.05


Tree=10
num_leaves=7
num_cat=0
split_feature=1 2 2 0 2 3
split_gain=6.1174e+07 4.37863e+07 1.4045e+07 1.32176e+07 7.39254e+06 2.27972e+06
threshold=-293.39109999999999 -294.20625000000024 457.44310000000002 7568.0692000000008 9.5383928571432097 -77.158302777777848
decision_type=2 2 2 2 2 2
left_child=2 3 5 -2 -3 -1
right_child=1 4 -4 -5 -6 -7
leaf_value=13.654326873380811 -9.1136382668592315 -0.47383409456715697 26.821537396169845 -25.340558001725906 5.548211665589303 6.9952243240731722
leaf_weight=247 674 5990 167 154 556 276
leaf_count=247 674 5990 167 154 556 276
internal_value=0.000259145 -1.33259 14.2257 -12.1586 0.0384319 10.1602
internal_weight=8064 7374 690 828 6546 523
internal_count=8064 7374 690 828 6546 523
is_linear=0
shrinkage=0.05


Tree=11
num_leaves=7
num_cat=0
split_feature=1 2 2 0 2 3
split_gain=5.52366e+07 3.95316e+07 1.26853e+07 1.19405e+07 6.67294e+06 2.05842e+06
threshold=-293.39109999999999 -294.20625000000024 457.44310000000002 7568.0692000000008 9.5383928571432097 -77.158302777777848
decision_type=2 2 2 2 2 2
left_child=2 3 5 -2 -3 -1
right_child=1 4 -4 -5 -6 -7
leaf_value=12.974363476086049 -8.6586312653885944 -0.45014634280587729 25.488442933701336 -24.081704554673166 5.2712990071122912 6.6467257951140839
leaf_weight=247 674 5990 167 154 556 276
leaf_count=247 674 5990 167 154 556 276
internal_value=0.000358351 -1.26616 13.5179 -11.5528 0.0365491 9.65417
internal_weight=8064 7374 690 828 6546 523
internal_count=8064 7374 690 828 6546 523
is_linear=0
shrinkage=0.05


Tree=12
num_leaves=7
num_cat=0
split_feature=2 2 8 2 2 3
split_gain=5.04129e+07 3.5119e+07 9.26016e+06 8.02227e+06 5.11168e+06 4.00063e+06
threshold=158.27541428571411 -436.63660714285646 13.666666666666668 -152.26604999999986 -580.39390714285662 -94.870934027777807
decision_type=2 2 2 2 2 2
left_child=1 4 5 -3 -1 -2
right_child=2 3 -4 -5 -6 -7
leaf_value=-20.53946721030173 3.2226226277547343 -4.4869220842963333 24.306481396613584 0.38798323357416109 -9.514625479573402 13.256776745631317
leaf_weight=213 145 980 154 6039 213 320
leaf_count=213 145 980 154 6039 213 320
internal_value=0.000447016 -1.14019 13.6991 -0.293198 -15.0622 10.1415
internal_weight=8064 7445 619 7019 426 465
internal_count=8064 7445 619 7019 426 465
is_linear=0
shrinkage=0.05


Tree=13
num_leaves=7
num_cat=0
split_feature=1 2 2 0 2 2
split_gain=4.72739e+07 3.17534e+07 1.43128e+07 9.01639e+06 4.38204e+06 1.52112e+06
threshold=-178.92810000000006 -357.35770714285758 358.91250000000019 7568.0692000000008 -152.26604999999986 129.9523428571429
decision_type=2 2 2 2 2 2
left_child=2 3 5 -2 -3 -1
right_child=1 4 -4 -5 -6 -7
leaf_value=5.1797682464415589 -8.7882653741260714 -4.1402624543858684 21.330822164996675 -22.906968079467617 0.072412431116012699 9.8721808999671552
leaf_weight=457 471 690 227 149 5788 282
leaf_count=457 471 690 227 149 5788 282
internal_value=0.000465746 -1.41229 10.3719 -12.2127 -0.376868 6.9813
internal_weight=8064 7098 966 620 6478 739
internal_count=8064 7098 966 620 6478 739
is_linear=0
shrinkage=0.05


Tree=14
num_leaves=7
num_cat=0
split_feature=1 2 2 0 2 2
split_gain=4.2681e+07 2.87924e+07 1.29242e+07 9.74358e+06 3.29042e+06 1.37354e+06
threshold=-178.92810000000006 -275.69999999999999 358.91250000000019 7568.0692000000008 9.5383928571432097 129.9523428571429
decision_type=2 2 2 2 2 2
left_child=2 3 5 -2 -3 -1
right_child=1 4 -4 -5 -6 -7
leaf_value=4.9213453523203627 -7.3352505726951307 -0.45301226834969521 20.268958926651823 -21.070267117777959 4.1452292855552058 9.380316208266116
leaf_weight=457 721 5804 227 157 416 282
leaf_count=457 721 5804 227 157 416 282
internal_value=0.00044632 -1.34193 9.85515 -9.81246 -0.14486 6.63325
internal_weight=8064 7098 966 878 6220 739
internal_count=8064 7098 966 878 6220 739
is_linear=0
shrinkage=0.05


Tree=15
num_leaves=6
num_cat=0
split_feature=1 2 2 2 3
split_gain=3.8613e+07 2.6888e+07 9.17216e+06 8.79123e+06 1.81004e+06
threshold=-293.39109999999999 -523.03158571428537 457.44310000000002 -152.26604999999986 -77.158302777777848
decision_type=2 2 2 2 2
left_child=2 -2 4 -3 -1
right_child=1 3 -4 -5 -6
leaf_value=11.126928372440801 -16.14407362969671 -4.6167325060413011 21.48056160218659 0.29026426396823185 5.204695728507283
leaf_weight=247 283 1075 167 6016 276
leaf_count=247 283 1075 167 6016 276
internal_value=0.000485095 -1.05844 11.3023 -0.454186 8.01752
internal_weight=8064 7374 690 7091 523
internal_count=8064 7374 690 7091 523
is_linear=0
shrinkage=0.05


Tree=16
num_leaves=7
num_cat=0
split_feature=1 2 2 0 2 3
split_gain=3.54403e+07 2.36772e+07 1.1608e+07 7.06173e+06 3.26651e+06 2.01623e+06
threshold=-156.34425000000007 -357.35770714285758 457.44310000000002 7568.0692000000008 -152.26604999999986 -127.27932847222233
decision_type=2 2 2 2 2 2
left_child=2 3 5 -2 -3 -1
right_child=1 4 -4 -5 -6 -7
leaf_value=1.3081423130261123 -7.5715014447440216 -3.6313126308728778 20.34127464998852 -20.074641066869102 0.019725609131574607 7.4224616218503421
leaf_weight=168 468 685 175 149 5727 692
leaf_count=168 468 685 175 149 5727 692
internal_value=0.000568355 -1.27174 8.63408 -10.6185 -0.370824 6.23094
internal_weight=8064 7029 1035 617 6412 860
internal_count=8064 7029 1035 617 6412 860
is_linear=0
shrinkage=0.05


Tree=17
num_leaves=6
num_cat=0
split_feature=2 2 8 1 3
split_gain=3.22894e+07 2.21218e+07 8.16779e+06 6.51293e+06 4.68254e+06
threshold=108.74355714285709 -523.03158571428537 13.666666666666668 160.66875000000007 -94.870934027777807
decision_type=2 2 2 2 2
left_child=1 -1 4 -3 -2
right_child=2 3 -4 -5 -6
leaf_value=-14.674227986335755 -0.008669872188020027 0.10648866820820402 19.001089324381041 -4.5267632500284671 9.8293243441174738
leaf_weight=284 173 6159 183 864 401
leaf_count=284 173 6159 183 864 401
internal_value=0.000526382 -1.01831 9.82332 -0.464077 6.86936
internal_weight=8064 7307 757 7023 574
internal_count=8064 7307 757 7023 574
is_linear=0
shrinkage=0.05


Tree=18
num_leaves=7
num_cat=0
split_feature=1 2 2 3 1 3
split_gain=3.00071e+07 1.97454e+07 9.23305e+06 4.7515e+06 4.38302e+06 1.20297e+06
threshold=-178.92810000000006 -436.63660714285646 358.91250000000019 102.19391527777795 160.66875000000007 -77.158302777777848
decision_type=2 2 2 2 2 2
left_child=2 3 5 -2 -3 -1
right_child=1 4 -4 -5 -6 -7
leaf_value=7.8747712046001999 -18.325501402499487 0.014346173496207523 17.065398499578759 -7.3670378274399368 -3.900960383035188 3.782199816300341
leaf_weight=316 162 5865 227 258 813 423
leaf_count=316 162 5865 227 258 813 423
internal_value=0.000560375 -1.125 8.26356 -11.6274 -0.462828 5.54048
internal_weight=8064 7098 966 420 6678 739
internal_count=8064 7098 966 420 6678 739
is_linear=0
shrinkage=0.05


Tree=19
num_leaves=7
num_cat=0
split_feature=1 2 2 0 2 3
split_gain=2.73704e+07 1.71467e+07 1.19848e+07 7.20961e+06 3.21078e+06 1.52703e+06
threshold=-7.5986500000000765 -275.69999999999999 457.44310000000002 7568.0692000000008 -33.017692857143167 72.113129166666354
decision_type=2 2 2 2 2 2
left_child=2 3 4 -2 -1 -3
right_child=1 5 -4 -5 -6 -7
leaf_value=1.2558480355721802 -5.9003740884883982 -1.0282674694353504 17.819692977059191 -17.852162120854242 6.1875808583227574 0.72246320068546566
leaf_weight=535 672 3803 185 155 863 1851
leaf_count=535 672 3803 185 155 863 1851
internal_value=0.000527048 -1.43928 5.89247 -8.15929 4.3025 -0.455089
internal_weight=8064 6481 1583 827 1398 5654
internal_count=8064 6481 1583 827 1398 5654
is_linear=0
shrinkage=0.05


Tree=20
num_leaves=6
num_cat=0
split_feature=1 2 2 2 3
split_gain=2.48348e+07 1.7367e+07 5.68413e+06 5.21269e+06 1.95016e+06
threshold=-329.66199999999998 -523.03158571428537 -152.26604999999986 358.91250000000019 -77.158302777777848
decision_type=2 2 2 2 2
left_child=3 -2 -3 4 -1
right_child=1 2 -4 -5 -6
leaf_value=9.9642816949136481 -12.927743323504087 -3.6594580655246149 0.27382527036883403 16.01956968824069 3.0594239329208026
leaf_weight=193 283 1081 6079 209 219
leaf_count=193 283 1081 6079 209 219
internal_value=0.000508179 -0.801472 -0.320441 9.59848 6.31028
internal_weight=8064 7443 7160 621 412
internal_count=8064 7443 7160 621 412
is_linear=0
shrinkage=0.05


Tree=21
num_leaves=6
num_cat=0
split_feature=1 2 2 2 2
split_gain=2.32027e+07 1.43884e+07 9.83452e+06 4.88152e+06 2.67476e+06
threshold=-7.5986500000000765 -580.39390714285662 457.44310000000002 -255.1134499999998 -33.017692857143167
decision_type=2 2 2 2 2
left_child=2 -2 4 -3 -1
right_child=1 3 -4 -5 -6
leaf_value=1.2041564598644792 -14.136368109145256 -4.9084848482647434 16.229946168520119 -0.40721250589932317 5.705599311363228
leaf_weight=535 211 674 185 5596 863
leaf_count=535 211 674 185 5596 863
internal_value=0.00056168 -1.3251 5.4254 -0.891787 3.98504
internal_weight=8064 6481 1583 6270 1398
internal_count=8064 6481 1583 6270 1398
is_linear=0
shrinkage=0.05


Tree=22
num_leaves=6
num_cat=0
split_feature=2 2 3 3 1
split_gain=2.09665e+07 1.37763e+07 7.75088e+06 1.40187e+07 4.36249e+06
threshold=41.7861857142857 -580.39390714285662 -158.70820243055559 -99.6026718749997 160.66875000000007
decision_type=2 2 2 2 2
left_child=1 -1 -2 -4 -3
right_child=2 4 3 -5 -6
leaf_value=-13.432768590205184 17.409018321965366 -0.060245926490841574 -7.9894945723464694 8.2913319569823845 -3.7780694814355855
leaf_weight=213 148 5979 165 651 908
leaf_count=213 148 5979 165 651 908
internal_value=0.000556453 -0.939184 6.91569 4.9935 -0.550891
internal_weight=8064 7100 964 816 6887
internal_count=8064 7100 964 816 6887
is_linear=0
shrinkage=0.05


Tree=23
num_leaves=7
num_cat=0
split_feature=1 0 3 2 2 1
split_gain=1.95298e+07 1.25005e+07 1.5012e+07 8.56632e+06 2.24149e+06 1.8665e+06
threshold=-7.5986500000000765 6613.594000000001 102.19391527777795 457.44310000000002 -139.51379285714287 315.13880000000023
decision_type=2 2 2 2 2 2
left_child=3 5 -3 4 -1 -2
right_child=1 2 -4 -5 -6 -7
leaf_value=-0.92253377563627803 -0.29435685907818904 -16.540283733904364 -0.077702383431521332 15.061235024531683 4.51186146860893 -3.6932534377646009
leaf_weight=226 5493 279 274 185 1172 435
leaf_count=226 5493 279 274 185 1172 435
internal_value=0.000531354 -1.21569 -8.39828 4.97752 3.63331 -0.544351
internal_weight=8064 6481 553 1583 1398 5928
internal_count=8064 6481 553 1583 1398 5928
is_linear=0
shrinkage=0.05


Tree=24
num_leaves=5
num_cat=0
split_feature=1 2 3 2
split_gain=1.79495e+07 1.24189e+07 5.40483e+06 4.62327e+06
threshold=-415.47019999999969 -580.39390714285662 -77.158302777777848 -152.26604999999986
decision_type=2 2 2 2
left_child=2 -2 -1 -3
right_child=1 3 -4 -5
leaf_value=13.790400922651216 -12.469201058873507 -3.1421261714752191 3.0491140640608156 0.29184865292808199
leaf_weight=282 213 1163 201 6205
leaf_count=282 213 1163 201 6205
internal_value=0.000492666 -0.595441 9.33596 -0.250539
internal_weight=8064 7581 483 7368
internal_count=8064 7581 483 7368
is_linear=0
shrinkage=0.05


Tree=25
num_leaves=6
num_cat=0
split_feature=2 2 8 3 1
split_gain=1.66739e+07 1.10498e+07 5.8815e+06 4.66468e+06 3.55328e+06
threshold=158.27541428571411 -523.03158571428537 13.666666666666668 -94.870934027777807 -7.5986500000000765
decision_type=2 2 2 2 2
left_child=1 -1 3 -2 -3
right_child=2 4 -4 -5 -6
leaf_value=-10.310456834968768 -2.3748729704177545 2.4309420469178495 16.320862632951428 8.4166899355029763 -0.73013368193955286
leaf_weight=284 145 1039 154 320 6122
leaf_count=284 145 1039 154 320 6122
internal_value=0.000477461 -0.655508 7.87864 5.0537 -0.271213
internal_weight=8064 7445 619 465 7161
internal_count=8064 7445 619 465 7161
is_linear=0
shrinkage=0.05


Tree=26
num_leaves=6
num_cat=0
split_feature=1 0 2 2 3
split_gain=1.5199e+07 1.03048e+07 6.31315e+06 4.35597e+06 2.2647e+06
threshold=-84.671950000000024 7568.0692000000008 457.44310000000002 -232.01217142857158 -127.27932847222233
decision_type=2 2 2 2 2
left_child=2 3 4 -2 -1
right_child=1 -3 -4 -5 -6
leaf_value=-1.1823536062121984 -4.0407988168537186 -13.045303505972811 13.692790612283645 -0.13650117350302077 4.7181381157286069
leaf_weight=200 813 170 181 5839 861
leaf_count=200 813 170 181 5839 861
internal_value=0.000538857 -0.925857 5.08566 -0.614216 3.60582
internal_weight=8064 6822 1242 6652 1061
internal_count=8064 6822 1242 6652 1061
is_linear=0
shrinkage=0.05


Tree=27
num_leaves=5
num_cat=0
split_feature=1 2 3 1
split_gain=1.39295e+07 9.5381e+06 4.87493e+06 3.82025e+06
threshold=-415.47019999999969 -580.39390714285662 -77.158302777777848 160.66875000000007
decision_type=2 2 2 2
left_child=2 -2 -1 -3
right_child=1 3 -4 -5
leaf_value=12.454295081447796 -10.930313239504244 0.22834489937184457 2.2576882678683443 -3.0986135355161437
leaf_weight=282 213 6371 201 997
leaf_count=282 213 6371 201 997
internal_value=0.000511952 -0.524464 8.22442 -0.222201
internal_weight=8064 7581 483 7368
internal_count=8064 7581 483 7368
is_linear=0
shrinkage=0.05


Tree=28
num_leaves=6
num_cat=0
split_feature=2 2 8 3 2
split_gain=1.30295e+07 8.47629e+06 5.0864e+06 4.52099e+06 3.05639e+06
threshold=158.27541428571411 -580.39390714285662 13.666666666666668 -94.870934027777807 -152.26604999999986
decision_type=2 2 2 2 2
left_child=1 -1 3 -2 -3
right_child=2 4 -4 -5 -6
leaf_value=-10.386351385629066 -2.9712621913380821 -2.6006693371033403 14.814546904621587 7.6500174725352794 0.16783779393628684
leaf_weight=213 145 1193 154 320 6039
leaf_count=213 145 1193 154 320 6039
internal_value=0.000492001 -0.57939 6.96469 4.33874 -0.289155
internal_weight=8064 7445 619 465 7232
internal_count=8064 7445 619 465 7232
is_linear=0
shrinkage=0.05


Tree=29
num_leaves=6
num_cat=0
split_feature=1 0 2 2 3
split_gain=1.23431e+07 8.60836e+06 5.51255e+06 2.4436e+06 1.90242e+06
threshold=-7.5986500000000765 7568.0692000000008 457.44310000000002 -275.69999999999999 -127.27932847222233
decision_type=2 2 2 2 2
left_child=2 3 4 -2 -1
right_child=1 -3 -4 -5 -6
leaf_value=-1.0510445880677861 -3.5159259855924354 -12.103034088597497 12.046205348609597 -0.32832970528703914 3.74323497947627
leaf_weight=252 672 168 185 5641 1146
leaf_count=252 672 168 185 5641 1146
internal_value=0.000508777 -0.966379 3.95718 -0.668143 2.8789
internal_weight=8064 6481 1583 6313 1398
internal_count=8064 6481 1583 6313 1398
is_linear=0
shrinkage=0.05


Tree=30
num_leaves=6
num_cat=0
split_feature=1 0 2 2 3
split_gain=1.11424e+07 7.77412e+06 4.97867e+06 2.20572e+06 1.71722e+06
threshold=-7.5986500000000765 7568.0692000000008 457.44310000000002 -275.69999999999999 -127.27932847222233
decision_type=2 2 2 2 2
left_child=2 3 4 -2 -1
right_child=1 -3 -4 -5 -6
leaf_value=-0.99870008671648902 -3.3403909643301066 -11.501463113875079 11.447133468972741 -0.31191612389282009 3.5562364036270924
leaf_weight=252 672 168 185 5641 1146
leaf_count=252 672 168 185 5641 1146
internal_value=0.000475846 -0.918183 3.75978 -0.634766 2.73505
internal_weight=8064 6481 1583 6313 1398
internal_count=8064 6481 1583 6313 1398
is_linear=0
shrinkage=0.05


Tree=31
num_leaves=5
num_cat=0
split_feature=1 2 3 2
split_gain=1.01816e+07 6.67182e+06 4.34325e+06 2.76992e+06
threshold=-415.47019999999969 -580.39390714285662 -77.158302777777848 1.3477428571428574
decision_type=2 2 2 2
left_child=2 -2 -1 -3
right_child=1 3 -4 -5
leaf_value=11.023529942465334 -9.151374891295891 -0.52375551492958372 1.4037802235619858 2.6673240327799697
leaf_weight=282 213 6611 201 757
leaf_count=282 213 6611 201 757
internal_value=0.000444948 -0.448382 7.03145 -0.195581
internal_weight=8064 7581 483 7368
internal_count=8064 7581 483 7368
is_linear=0
shrinkage=0.05


Tree=32
num_leaves=7
num_cat=0
split_feature=1 0 5 8 0 2
split_gain=9.28723e+06 6.69204e+06 4.4574e+06 6.72723e+06 2.0126e+06 1.33906e+06
threshold=-7.5986500000000765 7568.0692000000008 -0.83127174505093859 13.666666666666668 6613.594000000001 -33.017692857143167
decision_type=2 2 2 2 2 2
left_child=2 4 3 -1 -2 -4
right_child=1 -3 5 -5 -6 -7
leaf_value=3.8229606576332014 -0.34744160671825708 -10.657386450795734 -1.467775497198196 15.72831470338922 -4.0736312695967101 2.558432203579077
leaf_weight=546 5928 168 326 151 385 560
leaf_count=546 5928 168 326 151 385 560
internal_value=0.000456284 -0.838245 3.43256 6.42101 -0.575293 1.07702
internal_weight=8064 6481 1583 697 6313 886
internal_count=8064 6481 1583 697 6313 886
is_linear=0
shrinkage=0.05


Tree=33
num_leaves=7
num_cat=0
split_feature=2 2 8 3 3 2
split_gain=8.53346e+06 5.54184e+06 4.1408e+06 4.38088e+06 3.15584e+06 1.67002e+06
threshold=158.27541428571411 -479.79072857142813 13.666666666666668 -94.870934027777807 120.01212638888911 -152.26604999999986
decision_type=2 2 2 2 2 2
left_child=1 4 3 -2 -1 -3
right_child=2 5 -4 -5 -6 -7
leaf_value=-2.3376607832597127 -3.9221750747667601 -2.0015924205004945 12.717557006036081 6.5296314699813216 -11.828033550376002 0.15709894625692081
leaf_weight=198 145 1051 154 320 157 6039
leaf_count=198 145 1051 154 320 157 6039
internal_value=0.000467959 -0.468818 5.63644 3.26904 -6.55625 -0.163136
internal_weight=8064 7445 619 465 355 7090
internal_count=8064 7445 619 465 355 7090
is_linear=0
shrinkage=0.05


Tree=34
num_leaves=7
num_cat=0
split_feature=1 0 5 8 3 3
split_gain=7.95327e+06 5.77726e+06 3.9491e+06 5.78373e+06 1.71491e+06 1.29217e+06
threshold=-7.5986500000000765 7568.0692000000008 -0.83127174505093859 13.666666666666668 102.19391527777795 -113.13300381944462
decision_type=2 2 2 2 2 2
left_child=2 4 3 -1 -2 -4
right_child=1 -3 5 -5 -6 -7
leaf_value=3.5803293689949203 -1.0675641683849857 -9.8990661128032844 -2.4063439252544887 14.619450928035537 0.7347575363007679 2.0398394230864056
leaf_weight=546 4435 168 215 151 1878 671
leaf_count=546 4435 168 215 151 1878 671
internal_value=0.00044031 -0.775694 3.17651 5.98939 -0.531376 0.959416
internal_weight=8064 6481 1583 697 6313 886
internal_count=8064 6481 1583 697 6313 886
is_linear=0
shrinkage=0.05


Tree=35
num_leaves=6
num_cat=0
split_feature=1 1 3 3 2
split_gain=7.314e+06 5.30042e+06 9.56608e+06 3.74897e+06 2.47523e+06
threshold=-415.47019999999969 228.45934999999989 102.19391527777795 -77.158302777777848 1.3477428571428574
decision_type=2 2 2 2 2
left_child=3 4 -3 -1 -2
right_child=1 2 -4 -5 -6
leaf_value=9.6683514039002549 -0.19062010277980568 -8.7435675184598303 1.0084352796756237 0.73431910483332563 3.0077000905812143
leaf_weight=282 5903 491 514 201 673
leaf_count=282 5903 491 514 201 673
internal_value=0.000465422 -0.379942 -3.75993 5.95966 0.137109
internal_weight=8064 7581 1005 483 6576
internal_count=8064 7581 1005 483 6576
is_linear=0
shrinkage=0.05


Tree=36
num_leaves=6
num_cat=0
split_feature=2 2 8 3 2
split_gain=6.62799e+06 4.70958e+06 3.38541e+06 4.08924e+06 1.85169e+06
threshold=158.27541428571411 -580.39390714285662 13.666666666666668 -94.870934027777807 -152.26604999999986
decision_type=2 2 2 2 2
left_child=1 -1 3 -2 -3
right_child=2 4 -4 -5 -6
leaf_value=-7.7231977944062145 -4.1190719761260572 -1.995961605420236 11.369957258778236 5.9778796529101434 0.15892788495023469
leaf_weight=213 145 1193 154 320 6039
leaf_count=213 145 1193 154 320 6039
internal_value=0.000476153 -0.41311 4.96751 2.82729 -0.196772
internal_weight=8064 7445 619 465 7232
internal_count=8064 7445 619 465 7232
is_linear=0
shrinkage=0.05


Tree=37
num_leaves=6
num_cat=0
split_feature=1 0 3 3 3
split_gain=6.22674e+06 4.43801e+06 3.49425e+06 3.25813e+06 1.76992e+06
threshold=-156.34425000000007 7568.0692000000008 -170.59489375000007 -113.13300381944462 102.19391527777795
decision_type=2 2 2 2 2
left_child=2 4 -1 -4 -2
right_child=1 -3 3 -5 -6
leaf_value=10.791210226816673 -0.84217259783692977 -8.4186965514873631 -3.5748894486824678 3.9572636014624929 0.93358769700635313
leaf_weight=145 4889 173 179 711 1967
leaf_count=145 4889 173 179 711 1967
internal_value=0.000475097 -0.532827 3.61931 2.44006 -0.332642
internal_weight=8064 7029 1035 890 6856
internal_count=8064 7029 1035 890 6856
is_linear=0
shrinkage=0.05


Tree=38
num_leaves=6
num_cat=0
split_feature=1 1 3 3 2
split_gain=5.80949e+06 4.36328e+06 8.61886e+06 3.54884e+06 2.28186e+06
threshold=-468.91395000000028 228.45934999999989 102.19391527777795 -77.158302777777848 1.3477428571428574
decision_type=2 2 2 2 2
left_child=3 4 -3 -1 -2
right_child=1 2 -4 -5 -6
leaf_value=9.4060088341124359 -0.17139828293414472 -8.1113430762920924 1.1449776643207208 -0.10417930707335472 2.802240502064564
leaf_weight=255 5922 491 514 159 723
leaf_count=255 5922 491 514 159 723
internal_value=0.000468986 -0.312049 -3.38083 5.7621 0.152517
internal_weight=8064 7650 1005 414 6645
internal_count=8064 7650 1005 414 6645
is_linear=0
shrinkage=0.05


Tree=39
num_leaves=6
num_cat=0
split_feature=1 2 3 3 3
split_gain=5.26426e+06 4.10673e+06 4.60294e+06 2.86639e+06 1.39469e+06
threshold=-532.40130000000033 -232.01217142857158 102.19391527777795 -127.27932847222233 -94.870934027777807
decision_type=2 2 2 2 2
left_child=4 2 -2 -3 -1
right_child=1 3 -4 -5 -6
leaf_value=8.7808397904188951 -6.3208572550420321 -2.3878709112468264 0.31181577379145775 0.60431529046105226 2.3436339028729689
leaf_weight=197 551 929 497 5742 148
leaf_count=197 551 929 497 5742 148
internal_value=0.000476323 -0.269944 -3.1781 0.18733 6.03413
internal_weight=8064 7719 1048 6671 345
internal_count=8064 7719 1048 6671 345
is_linear=0
shrinkage=0.05


Tree=40
num_leaves=7
num_cat=0
split_feature=1 0 3 5 8 3
split_gain=5.0442e+06 4.29916e+06 1.30528e+07 3.06776e+06 4.43152e+06 1.22534e+06
threshold=-7.5986500000000765 6613.594000000001 93.705828819444392 -0.83127174505093859 13.666666666666668 -113.13300381944462
decision_type=2 2 2 2 2 2
left_child=3 -2 -3 4 -1 -5
right_child=1 2 -4 5 -6 -7
leaf_value=2.9008284401196232 -0.22394222974228073 -12.816490053211837 2.5379592091566963 -2.7007679661115009 12.562667187420946 1.6285313112928721
leaf_weight=546 5928 265 288 215 151 671
leaf_count=546 5928 265 288 215 151 671
internal_value=0.000473169 -0.617629 -4.82981 2.52985 5.009 0.576107
internal_weight=8064 6481 553 1583 697 886
internal_count=8064 6481 553 1583 697 886
is_linear=0
shrinkage=0.05


Tree=41
num_leaves=7
num_cat=0
split_feature=1 0 5 2 5 3
split_gain=4.55402e+06 3.94046e+06 2.77019e+06 4.26189e+06 1.95845e+06 1.10628e+06
threshold=-7.5986500000000765 7415.6062500000007 -0.83127174505093859 457.44310000000002 -0.97111091670450067 -113.13300381944462
decision_type=2 2 2 2 2 2
left_child=2 4 3 -1 -2 -4
right_child=1 -3 5 -5 -6 -7
leaf_value=2.7533396316954484 4.7552136778667728 -7.1639625681801284 -2.5663548704512693 12.392328453680566 -0.50858244344231329 1.5472259501394419
leaf_weight=553 181 219 215 144 6081 671
leaf_count=553 181 219 215 144 6081 671
internal_value=0.000473611 -0.586828 2.40381 4.75965 -0.3557 0.547241
internal_weight=8064 6481 1583 697 6262 886
internal_count=8064 6481 1583 697 6262 886
is_linear=0
shrinkage=0.05


Tree=42
num_leaves=6
num_cat=0
split_feature=2 3 3 2 2
split_gain=4.12413e+06 5.0608e+06 5.5774e+06 3.47692e+06 1.11536e+06
threshold=41.7861857142857 72.113129166666354 -158.70820243055559 -580.39390714285662 -152.26604999999986
decision_type=2 2 2 2 2
left_child=3 2 -2 -1 -5
right_child=1 -3 -4 4 -6
leaf_value=-6.6927566940121572 10.098284271999495 10.842810010279768 -0.63393926116704202 -1.6106381960306786 0.070141914295943505
leaf_weight=213 148 171 645 1193 5694
leaf_count=213 148 171 645 1193 5694
internal_value=0.000519427 3.06744 1.37924 -0.416264 -0.221203
internal_weight=8064 964 793 7100 6887
internal_count=8064 964 793 7100 6887
is_linear=0
shrinkage=0.05


Tree=43
num_leaves=7
num_cat=0
split_feature=1 0 3 5 8 3
split_gain=3.88568e+06 3.55231e+06 1.18381e+07 2.46309e+06 3.75772e+06 1.02947e+06
threshold=-7.5986500000000765 6613.594000000001 93.705828819444392 -0.83127174505093859 13.666666666666668 -113.13300381944462
decision_type=2 2 2 2 2 2
left_child=3 -2 -3 4 -1 -5
right_child=1 2 -4 5 -6 -7
leaf_value=2.5010868318120134 -0.18407131367526242 -11.976915869228822 2.6451018002206479 -2.5334880277238514 11.397401332384662 1.4346746310680396
leaf_weight=546 5928 265 288 215 151 671
leaf_count=546 5928 265 288 215 151 671
internal_value=0.00056831 -0.541929 -4.3708 2.22056 4.44198 0.469975
internal_weight=8064 6481 553 1583 697 886
internal_count=8064 6481 553 1583 697 886
is_linear=0
shrinkage=0.05


Tree=44
num_leaves=7
num_cat=0
split_feature=1 3 3 8 2 3
split_gain=3.59482e+06 6.55322e+06 1.80444e+07 8.09257e+06 3.94204e+06 1.88139e+06
threshold=228.45934999999989 102.19391527777795 157.01151458333348 13.166666666666668 158.27541428571411 23.70520416666648
decision_type=2 2 2 2 2 2
left_child=4 3 -3 -2 -1 -6
right_child=1 2 -4 -5 5 -7
leaf_value=0.046530032820194127 -0.98180252367392529 11.332799956177253 -7.436031458824873 -13.849335735589925 2.6976824796020846 9.2912270476900307
leaf_weight=6483 265 235 279 226 432 144
leaf_count=6483 265 235 279 226 432 144
internal_value=0.000560256 -2.79573 1.15039 -6.92065 0.399012 4.35931
internal_weight=8064 1005 514 491 7059 576
internal_count=8064 1005 514 491 7059 576
is_linear=0
shrinkage=0.05


Tree=45
num_leaves=5
num_cat=0
split_feature=2 1 3 3
split_gain=3.29874e+06 3.06147e+06 1.6513e+06 1.0855e+06
threshold=-580.39390714285662 -532.40130000000033 -113.13300381944462 -94.870934027777807
decision_type=2 2 2 2
left_child=-1 3 -3 -2
right_child=1 2 -4 -5
leaf_value=-6.124347125787601 7.1882210411206646 -1.8144662894753876 0.26616073823304293 1.5150208720424834
leaf_weight=213 197 1120 6386 148
leaf_count=213 197 1120 6386 148
internal_value=0.00053906 0.167468 -0.0444982 4.76591
internal_weight=8064 7851 7506 345
internal_count=8064 7851 7506 345
is_linear=0
shrinkage=0.05


Tree=46
num_leaves=7
num_cat=0
split_feature=1 0 3 5 2 3
split_gain=3.12916e+06 2.93387e+06 1.01888e+07 2.09267e+06 3.42827e+06 910849
threshold=-7.5986500000000765 6613.594000000001 93.705828819444392 -0.83127174505093859 457.44310000000002 -113.13300381944462
decision_type=2 2 2 2 2 2
left_child=3 -2 -3 4 -1 -5
right_child=1 2 -4 5 -6 -7
leaf_value=2.241375699510213 -0.16109497419890373 -11.022424287993211 2.5426308334389365 -2.4458442004190553 10.88547350834156 1.2866739536724277
leaf_weight=553 5928 265 288 215 144 671
leaf_count=553 5928 265 288 215 144 671
internal_value=0.000518499 -0.486312 -3.96596 1.99271 4.04028 0.379191
internal_weight=8064 6481 553 1583 697 886
internal_count=8064 6481 553 1583 697 886
is_linear=0
shrinkage=0.05


Tree=47
num_leaves=7
num_cat=0
split_feature=1 3 3 8 2 3
split_gain=2.93943e+06 5.56235e+06 1.62244e+07 7.11015e+06 3.06935e+06 1.81629e+06
threshold=228.45934999999989 102.19391527777795 157.01151458333348 13.166666666666668 158.27541428571411 23.70520416666648
decision_type=2 2 2 2 2 2
left_child=4 3 -3 -2 -1 -6
right_child=1 2 -4 -5 5 -7
leaf_value=0.049787349740926919 -0.76229949211491688 10.762651761002459 -7.0344956075559768 -12.822836756509307 2.2240914733800823 8.700101399832759
leaf_weight=6483 265 235 279 226 432 144
leaf_count=6483 265 235 279 226 432 144
internal_value=0.000513196 -2.52806 1.10743 -6.32837 0.360817 3.85537
internal_weight=8064 1005 514 491 7059 576
internal_count=8064 1005 514 491 7059 576
is_linear=0
shrinkage=0.05


Tree=48
num_leaves=5
num_cat=0
split_feature=2 1 3 3
split_gain=2.76428e+06 2.37719e+06 2.59261e+06 1.5341e+06
threshold=-580.39390714285662 -415.47019999999969 -77.158302777777848 93.705828819444392
decision_type=2 2 2 2
left_child=-1 2 -2 -3
right_child=1 3 -4 -5
leaf_value=-5.6063074197724605 6.6319078319064309 -0.52851788472351025 -0.79077216941531348 1.0644262969634244
leaf_weight=213 282 5246 201 2122
leaf_count=213 282 5246 201 2122
internal_value=0.000494462 0.153303 3.54771 -0.0696643
internal_weight=8064 7851 483 7368
internal_count=8064 7851 483 7368
is_linear=0
shrinkage=0.05


Tree=49
num_leaves=7
num_cat=0
split_feature=2 3 3 5 3 0
split_gain=2.5569e+06 3.65255e+06 1.38418e+07 2.91797e+06 6.11491e+06 299014
threshold=-152.26604999999986 161.67915451388913 102.19391527777795 -0.44218343748786698 -127.27932847222233 20.245000000000005
decision_type=2 2 2 2 2 2
left_child=1 2 -1 4 -2 -5
right_child=3 -3 -4 5 -6 -7
leaf_value=-4.0683891907572312 -3.9699187846229478 -6.9799143667196066 8.3614927423424703 -0.33750188012459947 3.8375372476498542 0.72095971779962653
leaf_weight=813 312 285 308 4294 1263 789
leaf_count=813 312 285 308 4294 1263 789
internal_value=0.000474526 -1.93619 -0.648812 0.409679 2.28938 -0.173094
internal_weight=8064 1406 1121 6658 1575 5083
internal_count=8064 1406 1121 6658 1575 5083
is_linear=0
shrinkage=0.05


Tree=50
num_leaves=7
num_cat=0
split_feature=1 3 3 8 5 8
split_gain=2.47506e+06 4.7584e+06 1.35426e+07 6.39627e+06 2.70945e+06 4.15601e+06
threshold=228.45934999999989 102.19391527777795 157.01151458333348 13.166666666666668 -0.83127174505093859 13.666666666666668
decision_type=2 2 2 2 2 2
left_child=4 3 -3 -2 5 -1
right_child=1 2 -4 -5 -6 -7
leaf_value=1.1616872315505622 -0.55619851848236601 9.8638337067628328 -6.3960567591445789 -11.994568338504447 -0.050456622977443494 9.4865789921676864
leaf_weight=742 265 235 279 226 6130 187
leaf_count=742 265 235 279 226 6130 187
internal_value=0.000435704 -2.31983 1.04266 -5.83479 0.331057 2.84582
internal_weight=8064 1005 514 491 7059 929
internal_count=8064 1005 514 491 7059 929
is_linear=0
shrinkage=0.05


Tree=51
num_leaves=5
num_cat=0
split_feature=3 5 3 0
split_gain=2.39892e+06 2.095e+06 5.15679e+06 3.22625e+06
threshold=220.64802604166678 -0.97111091670450067 102.19391527777795 6896.634500000001
decision_type=2 2 2 2
left_child=1 2 -1 -3
right_child=-2 3 -4 -5
leaf_value=0.23775364446692762 -6.3727369289254323 0.069223004128159835 10.80993680480988 -6.0386190403737299
leaf_weight=451 144 7093 154 222
leaf_count=451 144 7093 154 222
internal_value=0.000423303 0.117089 2.94225 -0.116942
internal_weight=8064 7920 605 7315
internal_count=8064 7920 605 7315
is_linear=0
shrinkage=0.05


Tree=52
num_leaves=5
num_cat=0
split_feature=2 1 3 3
split_gain=2.32272e+06 1.98996e+06 1.27534e+06 933312
threshold=-580.39390714285662 -532.40130000000033 -113.13300381944462 -94.870934027777807
decision_type=2 2 2 2
left_child=-1 3 -3 -2
right_child=1 2 -4 -5
leaf_value=-5.1391296332127583 6.0933380621852296 -1.5859124161812739 0.24258678699519148 0.83810279305349278
leaf_weight=213 197 1120 6386 148
leaf_count=213 197 1120 6386 148
internal_value=0.00039411 0.140468 -0.0304257 3.84786
internal_weight=8064 7851 7506 345
internal_count=8064 7851 7506 345
is_linear=0
shrinkage=0.05


Tree=53
num_leaves=5
num_cat=0
split_feature=0 5 0 3
split_gain=2.18533e+06 3.38601e+06 3.53686e+06 1.99262e+06
threshold=7568.0692000000008 -0.97111091670450067 6997.4958500000002 30.043188541667067
decision_type=2 2 2 2
left_child=1 3 -3 -1
right_child=-2 2 -4 -5
leaf_value=1.7981185937249984 -5.1346768151784303 0.031577369319416328 -7.6503150344674111 8.628368627315476
leaf_weight=295 201 7249 152 167
leaf_count=295 201 7249 152 167
internal_value=0.000377191 0.13228 -0.127204 4.28037
internal_weight=8064 7863 7401 462
internal_count=8064 7863 7401 462
is_linear=0
shrinkage=0.05


Tree=54
num_leaves=5
num_cat=0
split_feature=3 1 8 3
split_gain=2.12722e+06 1.86736e+06 1.81398e+06 1.61595e+06
threshold=220.64802604166678 -7.5986500000000765 13.666666666666668 102.19391527777795
decision_type=2 2 2 2
left_child=1 2 -1 -3
right_child=-2 3 -4 -5
leaf_value=0.75633312269312436 -6.0010637494202328 -0.77992057013921656 4.8779306132716744 0.97538447982563081
leaf_weight=1219 144 4513 341 1847
leaf_count=1219 144 4513 341 1847
internal_value=0.000343893 0.110204 1.65982 -0.270091
internal_weight=8064 7920 1560 6360
internal_count=8064 7920 1560 6360
is_linear=0
shrinkage=0.05


Tree=55
num_leaves=7
num_cat=0
split_feature=1 3 3 8 5 0
split_gain=2.10574e+06 4.13402e+06 1.20441e+07 5.56263e+06 2.21054e+06 4.09546e+06
threshold=228.45934999999989 102.19391527777795 157.01151458333348 13.166666666666668 -0.83127174505093859 6273.220150000001
decision_type=2 2 2 2 2 2
left_child=4 3 -3 -2 5 -1
right_child=1 2 -4 -5 -6 -7
leaf_value=6.4724596698265859 -0.4935884647911653 9.3130689540151828 -6.0208792362425347 -11.160445953386997 -0.039319850736841633 -0.24881060159592719
leaf_weight=390 265 235 279 226 6130 539
leaf_count=390 265 235 279 226 6130 539
internal_value=0.000325645 -2.13984 0.994249 -5.41609 0.305284 2.57675
internal_weight=8064 1005 514 491 7059 929
internal_count=8064 1005 514 491 7059 929
is_linear=0
shrinkage=0.05


Tree=56
num_leaves=7
num_cat=0
split_feature=2 3 3 3 5 3
split_gain=1.94764e+06 2.77791e+06 1.55368e+07 4.67411e+06 2.12232e+06 5.74948e+06
threshold=-152.26604999999986 102.19391527777795 120.01212638888911 1.0000000180025095e-35 -0.44218343748786698 -127.27932847222233
decision_type=2 2 2 2 2 2
left_child=1 3 -3 -1 5 -2
right_child=4 2 -4 -5 -6 -7
leaf_value=-0.10158691098018049 -4.1084835100716672 13.898937022793724 -4.1159110012171158 -7.7060946399560724 -0.13957523659111992 3.4618029171247273
leaf_weight=441 312 165 428 372 5083 1263
leaf_count=441 312 165 428 372 5083 1263
internal_value=0.000295853 -1.68996 0.911612 -3.58633 0.357436 1.96051
internal_weight=8064 1406 593 813 6658 1575
internal_count=8064 1406 593 813 6658 1575
is_linear=0
shrinkage=0.05


Tree=57
num_leaves=5
num_cat=0
split_feature=3 5 3 0
split_gain=1.86049e+06 1.72029e+06 4.37711e+06 2.51235e+06
threshold=220.64802604166678 -0.97111091670450067 102.19391527777795 7082.3279000000011
decision_type=2 2 2 2
left_child=1 2 -1 -3
right_child=-2 3 -4 -5
leaf_value=0.17154091889351872 -5.6122733329904495 0.028169983815407973 9.9116378614979421 -6.3658057325964528
leaf_weight=451 144 7159 154 156
leaf_count=451 144 7159 154 156
internal_value=0.000288446 0.103031 2.6631 -0.10904
internal_weight=8064 7920 605 7315
internal_count=8064 7920 605 7315
is_linear=0
shrinkage=0.05


Tree=58
num_leaves=5
num_cat=0
split_feature=2 1 8 3
split_gain=1.88035e+06 1.57782e+06 1.07755e+06 942813
threshold=-580.39390714285662 -532.40130000000033 13.166666666666668 -94.870934027777807
decision_type=2 2 2 2
left_child=-1 3 -3 -2
right_child=1 2 -4 -5
leaf_value=-4.6240085404958124 5.6841369286932135 0.53989771170069412 -0.66005106456143692 0.40578484663727299
leaf_weight=213 197 3967 3539 148
leaf_count=213 197 3967 3539 148
internal_value=0.00026244 0.126293 -0.0258781 3.42752
internal_weight=8064 7851 7506 345
internal_count=8064 7851 7506 345
is_linear=0
shrinkage=0.05


Tree=59
num_leaves=5
num_cat=0
split_feature=0 5 0 3
split_gain=1.7519e+06 2.72061e+06 2.92375e+06 1.66524e+06
threshold=7568.0692000000008 -0.97111091670450067 6896.634500000001 30.043188541667067
decision_type=2 2 2 2
left_child=1 3 -3 -1
right_child=-2 2 -4 -5
leaf_value=1.5677213643148944 -4.5974588865100747 0.045299049532229366 -6.3037577144721508 7.8112792766519963
leaf_weight=295 201 7216 185 167
leaf_count=295 201 7216 185 167
internal_value=0.000257663 0.118358 -0.114236 3.83659
internal_weight=8064 7863 7401 462
internal_count=8064 7863 7401 462
is_linear=0
shrinkage=0.05


Tree=60
num_leaves=7
num_cat=0
split_feature=1 3 3 8 5 8
split_gain=1.69255e+06 3.49461e+06 1.02329e+07 4.79144e+06 1.82691e+06 4.01924e+06
threshold=228.45934999999989 102.19391527777795 161.67915451388913 13.166666666666668 -0.83127174505093859 13.666666666666668
decision_type=2 2 2 2 2 2
left_child=4 3 -3 -2 5 -1
right_child=1 2 -4 -5 -6 -7
leaf_value=0.68311488019505551 -0.36257806519480579 7.682142282304941 -6.4156720122913029 -10.26205475608683 -0.039635155084290011 8.8689268236167411
leaf_weight=742 265 269 245 226 6130 187
leaf_count=742 265 269 245 226 6130 187
internal_value=0.000235632 -1.9185 0.962957 -4.93076 0.273642 2.33862
internal_weight=8064 1005 514 491 7059 929
internal_count=8064 1005 514 491 7059 929
is_linear=0
shrinkage=0.05


Tree=61
num_leaves=5
num_cat=0
split_feature=3 5 3 2
split_gain=1.58559e+06 1.47507e+06 5.39618e+06 2.37262e+06
threshold=220.64802604166678 -0.94670478576706751 93.705828819444392 -294.20625000000024
decision_type=2 2 2 2
left_child=1 2 -1 -3
right_child=-2 3 -4 -5
leaf_value=-0.38484471280642241 -5.1811164003533534 -3.3656360917924371 8.6796782739592331 0.12122519273905293
leaf_weight=600 144 526 225 6569
leaf_count=600 144 526 225 6569
internal_value=0.000224803 0.0950732 2.09481 -0.137717
internal_weight=8064 7920 825 7095
internal_count=8064 7920 825 7095
is_linear=0
shrinkage=0.05


Tree=62
num_leaves=7
num_cat=0
split_feature=0 5 3 3 3 0
split_gain=1.66068e+06 4.24559e+06 3.85964e+06 9.39454e+06 4.54734e+06 3.00404e+06
threshold=6613.594000000001 -0.91509365977396839 102.19391527777795 138.81345833333356 -8.402497222221994 6273.220150000001
decision_type=2 2 2 2 2 2
left_child=1 5 4 -4 -2 -1
right_child=2 -3 3 -5 -6 -7
leaf_value=9.8298329476306314 -0.42870064559287596 -0.045022005977207055 11.167126108952706 -6.1960338513303252 -10.039089685419333 0.93319051615230697
leaf_weight=189 265 6881 150 160 229 190
leaf_count=189 265 6881 150 160 229 190
internal_value=0.000212746 0.239095 -2.15447 2.21439 -4.895 5.38397
internal_weight=8064 7260 804 310 494 379
internal_count=8064 7260 804 310 494 379
is_linear=0
shrinkage=0.05


Tree=63
num_leaves=5
num_cat=0
split_feature=0 5 0 3
split_gain=1.51572e+06 2.24233e+06 2.60737e+06 1.57837e+06
threshold=7568.0692000000008 -0.97111091670450067 6997.4958500000002 -53.609595138889055
decision_type=2 2 2 2
left_child=1 3 -3 -1
right_child=-2 2 -4 -5
leaf_value=-0.74752784178654352 -4.2763456276368981 0.035252256463856664 -6.5604420288131129 5.4968499849936006
leaf_weight=149 201 7249 152 313
leaf_count=149 201 7249 152 313
internal_value=0.000234486 0.110086 -0.101077 3.48571
internal_weight=8064 7863 7401 462
internal_count=8064 7863 7401 462
is_linear=0
shrinkage=0.05


Tree=64
num_leaves=7
num_cat=0
split_feature=0 5 3 3 3 3
split_gain=1.43634e+06 3.75849e+06 3.51483e+06 8.46664e+06 4.12729e+06 857643
threshold=6613.594000000001 -0.94670478576706751 102.19391527777795 138.81345833333356 -8.402497222221994 -182.02197638888876
decision_type=2 2 2 2 2 2
left_child=1 -1 4 -4 -2 -3
right_child=2 5 3 -5 -6 -7
leaf_value=6.1253378627850461 -0.3641216344011009 2.3163688716402469 10.664310446480252 -5.8191911433424268 -9.5197120923710923 -0.12923139161045061
leaf_weight=259 265 378 150 160 229 6623
leaf_count=259 265 378 150 160 229 6623
internal_value=0.00018523 0.222347 -2.00369 2.16534 -4.61897 0.00312412
internal_weight=8064 7260 804 310 494 7001
internal_count=8064 7260 804 310 494 7001
is_linear=0
shrinkage=0.05


Tree=65
num_leaves=5
num_cat=0
split_feature=3 5 3 2
split_gain=1.35083e+06 1.26871e+06 4.55267e+06 2.04674e+06
threshold=220.64802604166678 -0.94670478576706751 93.705828819444392 -294.20625000000024
decision_type=2 2 2 2
left_child=1 2 -1 -3
right_child=-2 3 -4 -5
leaf_value=-0.33531753584097906 -4.7822155776517148 -3.1262041461422503 7.9906764450985781 0.11235110984718261
leaf_weight=600 144 526 225 6569
leaf_count=600 144 526 225 6569
internal_value=0.000196278 0.087742 1.94233 -0.128151
internal_weight=8064 7920 825 7095
internal_count=8064 7920 825 7095
is_linear=0
shrinkage=0.05


Tree=66
num_leaves=7
num_cat=0
split_feature=0 5 3 3 3 0
split_gain=1.37358e+06 3.41875e+06 2.97547e+06 7.58722e+06 3.75757e+06 2.7864e+06
threshold=6613.594000000001 -0.91509365977396839 102.19391527777795 138.81345833333356 1.0000000180025095e-35 6273.220150000001
decision_type=2 2 2 2 2 2
left_child=1 5 4 -4 -2 -1
right_child=2 -3 3 -5 -6 -7
leaf_value=9.1158540691758851 -0.66994115985594815 -0.037514587227686531 9.9225760326480241 -5.6811227098199897 -9.5041912261414634 0.54969790967971244
leaf_weight=189 288 6881 150 160 206 190
leaf_count=189 288 6881 150 160 206 190
internal_value=0.000185596 0.21744 -1.95942 1.87668 -4.36562 4.83422
internal_weight=8064 7260 804 310 494 379
internal_count=8064 7260 804 310 494 379
is_linear=0
shrinkage=0.05


Tree=67
num_leaves=4
num_cat=0
split_feature=2 3 3
split_gain=1.27813e+06 1.1123e+06 1.34305e+06
threshold=-580.39390714285662 -197.69543784722256 -127.27932847222233
decision_type=2 2 2
left_child=-1 -2 -3
right_child=1 2 -4
leaf_value=-3.8123136738193368 4.4426964451680924 -1.6800932872407843 0.2782907774931076
leaf_weight=213 144 1006 6701
leaf_count=213 144 1006 6701
internal_value=0.00019922 0.104106 0.0224768
internal_weight=8064 7851 7707
internal_count=8064 7851 7707
is_linear=0
shrinkage=0.05


Tree=68
num_leaves=7
num_cat=0
split_feature=1 3 3 8 5 8
split_gain=1.20947e+06 2.90766e+06 6.10523e+06 2.87888e+06 1.35248e+06 3.85227e+06
threshold=228.45934999999989 45.886373958333259 118.27848194444483 13.166666666666668 -0.83127174505093859 13.666666666666668
decision_type=2 2 2 2 2 2
left_child=4 3 -3 -2 5 -1
right_child=1 2 -4 -5 -6 -7
leaf_value=0.38769178351796013 -0.9553609582385576 6.5866473525518279 -3.3070465943603602 -10.279595427736641 -0.038243393222110983 8.4011591712211047
leaf_weight=742 172 243 431 159 6130 187
leaf_count=742 172 243 431 159 6130 187
internal_value=0.000184474 -1.62178 0.264441 -5.45185 0.231303 2.00804
internal_weight=8064 1005 674 331 7059 929
internal_count=8064 1005 674 331 7059 929
is_linear=0
shrinkage=0.05


Tree=69
num_leaves=7
num_cat=0
split_feature=0 5 3 3 3 3
split_gain=1.2277e+06 3.07165e+06 2.78609e+06 6.62342e+06 3.38975e+06 749372
threshold=6613.594000000001 -0.94670478576706751 102.19391527777795 138.81345833333356 -8.402497222221994 -182.02197638888876
decision_type=2 2 2 2 2 2
left_child=1 -1 4 -4 -2 -3
right_child=2 5 3 -5 -6 -7
leaf_value=5.5420076993795542 -0.32486818081006075 2.1696961458526691 9.3767345547676086 -5.2024218237918358 -8.6221586925050495 -0.11632989499932223
leaf_weight=259 265 378 150 160 229 6623
leaf_count=259 265 378 150 160 229 6623
internal_value=0.000180184 0.205573 -1.85244 1.85948 -4.18083 0.00739012
internal_weight=8064 7260 804 310 494 7001
internal_count=8064 7260 804 310 494 7001
is_linear=0
shrinkage=0.05


Tree=70
num_leaves=5
num_cat=0
split_feature=3 5 3 0
split_gain=1.14886e+06 1.11451e+06 3.92544e+06 1.7459e+06
threshold=220.64802604166678 -0.94670478576706751 93.705828819444392 6708.1683500000008
decision_type=2 2 2 2
left_child=1 2 -1 -3
right_child=-2 3 -4 -5
leaf_value=-0.29580329535358557 -4.4102397162338782 0.007249149754706777 7.4354278330254351 -4.9017278899508785
leaf_weight=600 144 6910 225 185
leaf_count=600 144 6910 225 185
internal_value=0.000188672 0.0809249 1.81916 -0.121424
internal_weight=8064 7920 825 7095
internal_count=8064 7920 825 7095
is_linear=0
shrinkage=0.05


Tree=71
num_leaves=5
num_cat=0
split_feature=0 5 0 3
split_gain=1.19283e+06 1.67782e+06 2.13432e+06 1.52093e+06
threshold=7568.0692000000008 -0.97111091670450067 6997.4958500000002 -53.609595138889055
decision_type=2 2 2 2
left_child=1 3 -3 -1
right_child=-2 2 -4 -5
leaf_value=-1.1356391671498618 -3.7936457311162854 0.038300621993325908 -5.9291615897874825 4.9919803935097189
leaf_weight=149 201 7249 152 313
leaf_count=149 201 7249 152 313
internal_value=0.000165817 0.0976162 -0.0850422 3.01757
internal_weight=8064 7863 7401 462
internal_count=8064 7863 7401 462
is_linear=0
shrinkage=0.05


Tree=72
num_leaves=7
num_cat=0
split_feature=0 5 0 3 3 3
split_gain=1.08535e+06 2.71139e+06 2.57491e+06 2.36966e+06 5.91937e+06 3.09271e+06
threshold=6613.594000000001 -0.91509365977396839 6273.220150000001 102.19391527777795 138.81345833333356 -8.402497222221994
decision_type=2 2 2 2 2 2
left_child=1 2 -1 5 -5 -2
right_child=3 -3 -4 4 -6 -7
leaf_value=8.4206108824830306 -0.20637473758674207 -0.033810720542327775 0.18791259393017956 8.788252770505995 -4.9941508327396766 -8.1313702342302907
leaf_weight=189 265 6881 190 150 160 229
leaf_count=189 265 6881 190 150 160 229
internal_value=0.000121394 0.193241 4.30476 -1.74179 1.68157 -3.88911
internal_weight=8064 7260 379 804 310 494
internal_count=8064 7260 379 804 310 494
is_linear=0
shrinkage=0.05


Tree=73
num_leaves=5
num_cat=0
split_feature=0 3 3 1
split_gain=1.01048e+06 1.53758e+06 2.75639e+06 2.44811e+06
threshold=7568.0692000000008 -182.02197638888876 -127.27932847222233 -1.0000000180025095e-35
decision_type=2 2 2 2
left_child=1 3 -3 -1
right_child=-2 2 -4 -5
leaf_value=8.2346460351169259 -3.4916776002043548 -3.0443462176090583 0.23529478062640805 0.24061231250871323
leaf_weight=146 201 707 6735 275
leaf_count=146 201 707 6735 275
internal_value=0.000140311 0.0898335 -0.0766427 3.02583
internal_weight=8064 7863 7442 421
internal_count=8064 7863 7442 421
is_linear=0
shrinkage=0.05


Tree=74
num_leaves=5
num_cat=0
split_feature=3 5 8 2
split_gain=998335 1.01117e+06 3.92613e+06 2.1267e+06
threshold=220.64802604166678 -0.91509365977396839 13.666666666666668 -294.20625000000024
decision_type=2 2 2 2
left_child=1 2 -1 -3
right_child=-2 3 -4 -5
leaf_value=-0.011561115194677311 -4.1112084030282912 -3.4678414424372215 7.6356790751928374 0.087758151708979076
leaf_weight=836 144 449 209 6426
leaf_count=836 144 449 209 6426
internal_value=0.000146773 0.0754083 1.52372 -0.144925
internal_weight=8064 7920 1045 6875
internal_count=8064 7920 1045 6875
is_linear=0
shrinkage=0.05


Tree=75
num_leaves=5
num_cat=0
split_feature=0 5 0 3
split_gain=1.01554e+06 1.44038e+06 1.92151e+06 1.4835e+06
threshold=7568.0692000000008 -0.97111091670450067 6997.4958500000002 -53.609595138889055
decision_type=2 2 2 2
left_child=1 3 -3 -1
right_child=-2 2 -4 -5
leaf_value=-1.3052756358285746 -3.5003995100755505 0.037848860167840434 -5.624294262968637 4.7455925732044282
leaf_weight=149 201 7249 152 313
leaf_count=149 201 7249 152 313
internal_value=0.000140265 0.0900575 -0.079183 2.79552
internal_weight=8064 7863 7401 462
internal_count=8064 7863 7401 462
is_linear=0
shrinkage=0.05


Tree=76
num_leaves=7
num_cat=0
split_feature=0 5 3 3 3 3
split_gain=965075 2.35074e+06 2.18923e+06 5.30991e+06 2.7694e+06 589566
threshold=6613.594000000001 -0.94670478576706751 102.19391527777795 138.81345833333356 1.0000000180025095e-35 -182.02197638888876
decision_type=2 2 2 2 2 2
left_child=1 -1 4 -4 -2 -3
right_child=2 5 3 -5 -6 -7
leaf_value=4.8505928426063978 -0.53386132836754352 1.9267666971365036 8.378682404006554 -4.6750196000618969 -8.117874674457644 -0.10090931262022361
leaf_weight=259 288 378 150 160 206 6623
leaf_count=259 288 378 150 160 206 6623
internal_value=9.82438e-05 0.182203 -1.64246 1.64792 -3.70644 0.00882909
internal_weight=8064 7260 804 310 494 7001
internal_count=8064 7260 804 310 494 7001
is_linear=0
shrinkage=0.05


Tree=77
num_leaves=7
num_cat=0
split_feature=3 2 3 0 0 6
split_gain=871627 2.7693e+06 2.16749e+06 5.84009e+06 3.3408e+06 839654
threshold=161.67915451388913 -436.63660714285646 93.705828819444392 5312.7323000000006 6273.220150000001 -0.76604444311897735
decision_type=2 2 2 2 2 2
left_child=2 -2 4 -4 -1 -3
right_child=1 5 3 -5 -6 -7
leaf_value=0.18794980689114557 -7.6025514146617432 -3.4572825510780536 0.18303686235976965 7.7665685234642332 -3.536687732076663 0.71159035465014842
leaf_weight=5078 152 153 1112 328 682 559
leaf_count=5078 152 153 1112 328 682 559
internal_value=0.000104047 -1.49956 0.180247 1.91459 -0.253595 -0.187841
internal_weight=8064 864 7200 1440 5760 712
internal_count=8064 864 7200 1440 5760 712
is_linear=0
shrinkage=0.05


Tree=78
num_leaves=6
num_cat=0
split_feature=1 3 3 0 5
split_gain=891873 1.438e+06 4.64706e+06 1.08205e+06 1.09777e+06
threshold=-7.5986500000000765 -170.59489375000007 -127.27932847222233 7415.6062500000007 -0.97111091670450067
decision_type=2 2 2 2 2
left_child=1 -1 -3 4 -2
right_child=3 2 -4 -5 -6
leaf_value=5.1689957426424993 3.6876746075493951 -7.0128710410281929 1.6147171829748439 -3.7064073443412782 -0.25321355335779161
leaf_weight=187 181 178 1218 219 6081
leaf_count=187 181 178 1218 219 6081
internal_value=6.32189e-05 1.06364 0.510405 -0.259842 -0.138734
internal_weight=8064 1583 1396 6481 6262
internal_count=8064 1583 1396 6481 6262
is_linear=0
shrinkage=0.05


Tree=79
num_leaves=6
num_cat=0
split_feature=1 3 0 3 5
split_gain=859398 921367 872619 4.27088e+06 1.58411e+06
threshold=-532.40130000000033 -94.870934027777807 6273.220150000001 102.19391527777795 -0.87651811848132988
decision_type=2 2 2 2 2
left_child=1 -1 4 -4 -2
right_child=2 -3 3 -5 -6
leaf_value=4.6687881495163905 4.3641257392792481 -0.542958782043233 -4.1940511134169389 2.7081509646977464 -0.047397250346250169
leaf_weight=197 209 148 580 364 6566
leaf_count=197 209 148 580 364 6566
internal_value=5.69451e-05 2.43792 -0.109205 -1.53256 0.0893165
internal_weight=8064 345 7719 944 6775
internal_count=8064 345 7719 944 6775
is_linear=0
shrinkage=0.05


Tree=80
num_leaves=5
num_cat=0
split_feature=3 5 8 2
split_gain=846827 958083 3.77687e+06 1.84932e+06
threshold=220.64802604166678 -0.91509365977396839 13.666666666666668 -294.20625000000024
decision_type=2 2 2 2
left_child=1 2 -1 -3
right_child=-2 3 -4 -5
leaf_value=-0.026599557357734532 -3.7864571979128083 -3.243712266388453 7.4738495856239684 0.07192256250048483
leaf_weight=836 144 449 209 6426
leaf_count=836 144 449 209 6426
internal_value=9.722e-05 0.069413 1.4792 -0.145059
internal_weight=8064 7920 1045 6875
internal_count=8064 7920 1045 6875
is_linear=0
shrinkage=0.05


Tree=81
num_leaves=7
num_cat=0
split_feature=0 5 3 3 8 3
split_gain=834863 2.05951e+06 1.60408e+06 4.4138e+06 2.62024e+06 488212
threshold=6613.594000000001 -0.94670478576706751 102.19391527777795 138.81345833333356 13.166666666666668 -182.02197638888876
decision_type=2 2 2 2 2 2
left_child=1 -1 4 -4 -2 -3
right_child=2 5 3 -5 -6 -7
leaf_value=4.5391245471514194 1.3280931728999867 1.7524994264491944 7.426262797740911 -4.4747711860059951 -6.1536514650372904 -0.092670322219494755
leaf_weight=259 189 378 150 160 305 6623
leaf_count=259 189 378 150 160 305 6623
internal_value=9.53908e-05 0.16947 -1.52764 1.28916 -3.2943 0.00719067
internal_weight=8064 7260 804 310 494 7001
internal_count=8064 7260 804 310 494 7001
is_linear=0
shrinkage=0.05


Tree=82
num_leaves=7
num_cat=0
split_feature=0 5 0 3 3 0
split_gain=753613 1.88677e+06 2.21455e+06 1.4709e+06 2.44481e+06 513644
threshold=6613.594000000001 -0.91509365977396839 6273.220150000001 -41.619556944444632 118.27848194444483 5574.422700000001
decision_type=2 2 2 2 2 2
left_child=1 2 -1 -2 -5 -3
right_child=3 5 -4 4 -6 -7
leaf_value=7.4078202526192918 -5.5066552554539276 0.074294600775858491 -0.22501260190421998 2.1504939299606227 -4.2323865724096494 -1.8457400876056889
leaf_weight=189 174 6514 190 386 244 367
leaf_count=189 174 6514 190 386 244 367
internal_value=0.000117444 0.161039 3.59081 -1.45138 -0.324395 -0.0283643
internal_weight=8064 7260 379 804 630 6881
internal_count=8064 7260 379 804 630 6881
is_linear=0
shrinkage=0.05


Tree=83
num_leaves=5
num_cat=0
split_feature=3 3 3 3
split_gain=746426 958777 4.9224e+06 2.68628e+06
threshold=-197.69543784722256 -127.27932847222233 -150.31552777777799 -87.099058333333446
decision_type=2 2 2 2
left_child=-1 2 -2 -3
right_child=1 3 -4 -5
leaf_value=3.5551045390860789 0.70686493766869996 3.4113044408572102 -7.0171430659954117 -0.15223562985097827
leaf_weight=144 720 576 288 6336
leaf_count=144 720 576 288 6336
internal_value=9.80667e-05 -0.0649791 -1.50476 0.145177
internal_weight=8064 7920 1008 6912
internal_count=8064 7920 1008 6912
is_linear=0
shrinkage=0.05


Tree=84
num_leaves=5
num_cat=0
split_feature=3 3 3 1
split_gain=728833 828594 3.95952e+06 2.71211e+06
threshold=220.64802604166678 93.705828819444392 118.27848194444483 475.11414999999994
decision_type=2 2 2 2
left_child=1 3 -3 -1
right_child=-2 2 -4 -5
leaf_value=-0.055635116416927602 -3.5127644639179625 4.4454651196944033 -0.3921850378157965 -6.3422062553086533
leaf_weight=5584 144 576 1584 176
leaf_count=5584 144 576 1584 176
internal_value=9.62938e-05 0.0644019 0.899315 -0.248792
internal_weight=8064 7920 2160 5760
internal_count=8064 7920 2160 5760
is_linear=0
shrinkage=0.05


Tree=85
num_leaves=6
num_cat=0
split_feature=1 3 8 0 2
split_gain=706577 845979 749491 2.40709e+06 1.24709e+06
threshold=-532.40130000000033 -94.870934027777807 13.166666666666668 5443.1290500000005 1.3477428571428574
decision_type=2 2 2 2 2
left_child=1 -1 4 -4 -2
right_child=2 -3 3 -5 -6
leaf_value=4.3482890192306405 0.06111228783473216 -0.64501975070710149 -0.0040767837288249445 -3.2975704380231869 2.8660122548093958
leaf_weight=197 3620 148 2974 681 444
leaf_count=197 3620 148 2974 681 444
internal_value=5.51594e-05 2.21056 -0.0990166 -0.618455 0.368183
internal_weight=8064 345 7719 3655 4064
internal_count=8064 345 7719 3655 4064
is_linear=0
shrinkage=0.05


Tree=86
num_leaves=5
num_cat=0
split_feature=3 3 3 3
split_gain=663426 875944 4.43344e+06 2.40613e+06
threshold=-197.69543784722256 -127.27932847222233 -150.31552777777799 -87.099058333333446
decision_type=2 2 2 2
left_child=-1 2 -2 -3
right_child=1 3 -4 -5
leaf_value=3.3516044767149569 0.66145765056185191 3.2307163330773139 -6.6688969270580785 -0.14188364207719908
leaf_weight=144 720 576 288 6336
leaf_count=144 720 576 288 6336
internal_value=7.30425e-05 -0.0612793 -1.43746 0.139593
internal_weight=8064 7920 1008 6912
internal_count=8064 7920 1008 6912
is_linear=0
shrinkage=0.05


Tree=87
num_leaves=7
num_cat=0
split_feature=1 8 5 3 0 5
split_gain=649926 1.29504e+06 2.13471e+06 1.51867e+06 845582 593349
threshold=-7.5986500000000765 13.666666666666668 -0.80625269229011354 -127.27932847222233 7287.7480500000011 -0.97111091670450067
decision_type=2 2 2 2 2 2
left_child=1 3 -3 -1 5 -2
right_child=4 2 -4 -5 -6 -7
leaf_value=-4.0341836068899406 2.9217082894678357 7.7774273944047341 0.085406046217591902 0.87301129041374603 -2.9716692187892857 -0.18205808977459331
leaf_weight=185 157 162 202 1034 267 6057
leaf_count=185 157 162 202 1034 267 6057
internal_value=7.20742e-05 0.907997 3.52071 0.125581 -0.221797 -0.103182
internal_weight=8064 1583 364 1219 6481 6214
internal_count=8064 1583 364 1219 6481 6214
is_linear=0
shrinkage=0.05


Tree=88
num_leaves=5
num_cat=0
split_feature=3 5 8 2
split_gain=633504 830039 3.11191e+06 1.0746e+06
threshold=220.64802604166678 -0.94670478576706751 13.666666666666668 -294.20625000000024
decision_type=2 2 2 2
left_child=1 2 -1 -3
right_child=-2 3 -4 -5
leaf_value=0.020974318332598177 -3.2749822265526349 -2.2869334921099429 7.6795724296785268 0.059693905669016424
leaf_weight=660 144 526 165 6569
leaf_count=660 144 526 165 6569
internal_value=9.61729e-05 0.060049 1.56014 -0.114575
internal_weight=8064 7920 825 7095
internal_count=8064 7920 825 7095
is_linear=0
shrinkage=0.05


Tree=89
num_leaves=5
num_cat=0
split_feature=0 5 0 3
split_gain=663406 1.02987e+06 1.48563e+06 1.41883e+06
threshold=7568.0692000000008 -0.97111091670450067 6997.4958500000002 -53.609595138889055
decision_type=2 2 2 2
left_child=1 3 -3 -1
right_child=-2 2 -4 -5
leaf_value=-1.6480930231586102 -2.8291806002654654 0.03257993371893074 -4.946103465479184 4.267848787186252
leaf_weight=149 201 7249 152 313
leaf_count=149 201 7249 152 313
internal_value=0.000104994 0.0727799 -0.0703255 2.36045
internal_weight=8064 7863 7401 462
internal_count=8064 7863 7401 462
is_linear=0
shrinkage=0.05


Tree=90
num_leaves=7
num_cat=0
split_feature=0 3 3 3 5 5
split_gain=627156 1.62162e+06 3.76045e+06 2.40681e+06 1.58461e+06 449862
threshold=6613.594000000001 102.19391527777795 138.81345833333356 -8.402497222221994 -0.94670478576706751 -0.80625269229011354
decision_type=2 2 2 2 2 2
left_child=4 3 -3 -2 -1 -6
right_child=1 2 -4 -5 5 -7
leaf_value=3.9797551686030168 0.14706767629411885 7.1715815694126865 -3.8138801287420052 -6.8428678790382724 1.3520956285337153 -0.11465106341304049
leaf_weight=259 265 150 160 229 568 6433
leaf_count=259 265 150 160 229 568 6433
internal_value=6.79877e-05 -1.32406 1.50763 -3.10048 0.146869 0.00452406
internal_weight=8064 804 310 494 7260 7001
internal_count=8064 804 310 494 7260 7001
is_linear=0
shrinkage=0.05


Tree=91
num_leaves=7
num_cat=0
split_feature=0 5 3 3 8 0
split_gain=593247 3.40601e+06 3.27146e+06 7.81161e+06 3.33924e+06 478656
threshold=6273.220150000001 -0.91509365977396839 102.19391527777795 157.01151458333348 13.666666666666668 5574.422700000001
decision_type=2 2 2 2 2 2
left_child=1 -1 4 -4 -2 -3
right_child=2 5 3 -5 -6 -7
leaf_value=6.7709400769283903 -4.9993871035403359 0.072110595240251249 9.3186969736379943 -5.166468310841295 3.1918969424418462 -2.0039477884152843
leaf_weight=189 538 6514 202 171 161 289
leaf_count=189 538 6514 202 171 161 289
internal_value=7.62401e-05 0.168044 -1.09461 2.68199 -3.11083 -0.0163645
internal_weight=8064 6992 1072 373 699 6803
internal_count=8064 6992 1072 373 699 6803
is_linear=0
shrinkage=0.05


Tree=92
num_leaves=5
num_cat=0
split_feature=0 5 3 0
split_gain=575738 943214 1.35756e+06 1.32387e+06
threshold=7568.0692000000008 -0.97111091670450067 -53.609595138889055 6997.4958500000002
decision_type=2 2 2 2
left_child=1 2 -1 -3
right_child=-2 3 -4 -5
leaf_value=-1.6636614030202228 -2.6356026867533675 0.028009412154266292 4.122940645096409 -4.6718123961118314
leaf_weight=149 201 7249 313 152
leaf_count=149 201 7249 313 152
internal_value=0.000116968 0.0678198 2.25714 -0.0691325
internal_weight=8064 7863 462 7401
internal_count=8064 7863 462 7401
is_linear=0
shrinkage=0.05


Tree=93
num_leaves=5
num_cat=0
split_feature=3 3 3 3
split_gain=549191 787845 3.90962e+06 2.14719e+06
threshold=-197.69543784722256 -127.27932847222233 -150.31552777777799 -87.099058333333446
decision_type=2 2 2 2
left_child=-1 2 -2 -3
right_child=1 3 -4 -5
leaf_value=3.0494414298287755 0.6101582249298424 3.0548299966163714 -6.2735529016458456 -0.13113745489926809
leaf_weight=144 720 576 288 6336
leaf_count=144 720 576 288 6336
internal_value=8.12344e-05 -0.0557397 -1.36088 0.134763
internal_weight=8064 7920 1008 6912
internal_count=8064 7920 1008 6912
is_linear=0
shrinkage=0.05


Tree=94
num_leaves=5
num_cat=0
split_feature=2 3 3 0
split_gain=527720 551191 3.89633e+06 2.42247e+06
threshold=457.44310000000002 93.705828819444392 118.27848194444483 6273.220150000001
decision_type=2 2 2 2
left_child=1 3 -3 -1
right_child=-2 2 -4 -5
leaf_value=0.034045294681172476 2.4982395560996049 4.145865460438654 -0.60478143114315375 -3.2885582798738726
leaf_weight=4947 205 575 1721 616
leaf_count=4947 205 575 1721 616
internal_value=7.90935e-05 -0.0653943 0.586236 -0.334397
internal_weight=8064 7859 2296 5563
internal_count=8064 7859 2296 5563
is_linear=0
shrinkage=0.05


Tree=95
num_leaves=5
num_cat=0
split_feature=3 5 8 2
split_gain=513088 812179 3.32283e+06 1.37591e+06
threshold=220.64802604166678 -0.91509365977396839 13.666666666666668 -294.20625000000024
decision_type=2 2 2 2
left_child=1 2 -1 -3
right_child=-2 3 -4 -5
leaf_value=-0.060292004784090691 -2.9473329965821629 -2.8161856841246289 6.9748463774295075 0.043743391949638874
leaf_weight=836 144 449 209 6426
leaf_count=836 144 449 209 6426
internal_value=9.24078e-05 0.0540473 1.35206 -0.143418
internal_weight=8064 7920 1045 6875
internal_count=8064 7920 1045 6875
is_linear=0
shrinkage=0.05


Tree=96
num_leaves=5
num_cat=0
split_feature=0 5 0 2
split_gain=556789 913153 2.21111e+06 1.53619e+06
threshold=7568.0692000000008 -0.91509365977396839 6273.220150000001 -294.20625000000024
decision_type=2 2 2 2
left_child=1 2 -1 -3
right_child=-2 3 -4 -5
leaf_value=6.3634258777844286 -2.5918891272332409 -2.9389416405598059 0.26000305751286484 0.071822289441142315
leaf_weight=189 201 452 678 6544
leaf_count=189 201 452 678 6544
internal_value=9.51904e-05 0.0666746 1.59631 -0.12309
internal_weight=8064 7863 867 6996
internal_count=8064 7863 867 6996
is_linear=0
shrinkage=0.05


Tree=97
num_leaves=6
num_cat=0
split_feature=0 3 3 0 3
split_gain=507232 1.05985e+06 969922 2.13698e+06 1.2671e+06
threshold=7287.7480500000011 102.19391527777795 -182.02197638888876 1661.9308000000003 -127.27932847222233
decision_type=2 2 2 2 2
left_child=2 -2 3 -1 -4
right_child=1 -3 4 -5 -6
leaf_value=-0.42537340366422899 -4.5009806821359453 1.1263208257082182 -2.0774211266064713 6.8973358754000049 0.16248740931856709
leaf_weight=256 180 155 697 162 6614
leaf_count=256 180 155 697 162 6614
internal_value=9.76559e-05 -1.9017 0.0827631 2.4223 -0.051311
internal_weight=8064 335 7729 418 7311
internal_count=8064 335 7729 418 7311
is_linear=0
shrinkage=0.05


Tree=98
num_leaves=7
num_cat=0
split_feature=8 8 5 1 3 0
split_gain=472755 1.06516e+06 2.64452e+06 1.63544e+06 727386 2.08049e+06
threshold=12.666666666666668 13.166666666666668 -0.4026508470528945 228.45934999999989 23.70520416666648 3893.8964000000005
decision_type=2 2 2 2 2 2
left_child=4 2 -2 -3 5 -1
right_child=1 3 -4 -5 -6 -7
leaf_value=-0.43084374963149541 3.0655395903356415 0.073270513872737961 -0.24476578572254726 -2.9152831465905571 0.20430373144459862 -6.7087417527861977
leaf_weight=547 954 3359 1638 529 864 173
leaf_count=547 954 3359 1638 529 864 173
internal_value=0.000100103 0.189401 0.974323 -0.333996 -0.773944 -1.9465
internal_weight=8064 6480 2592 3888 1584 720
internal_count=8064 6480 2592 3888 1584 720
is_linear=0
shrinkage=0.05


Tree=99
num_leaves=7
num_cat=0
split_feature=3 3 5 2 0 8
split_gain=469517 3.43571e+06 8.6283e+06 2.29553e+06 2.11577e+06 3.03763e+06
threshold=93.705828819444392 118.27848194444483 -0.59116893267988335 -334.32589285714329 6273.220150000001 13.666666666666668
decision_type=2 2 2 2 2 2
left_child=4 2 -2 -3 -1 -6
right_child=1 3 -4 -5 5 -7
leaf_value=0.11014760860345002 13.287363932725322 -4.3350124635547402 -0.05712973443446337 0.35593085002761787 -4.7070134049516987 3.134601350993286
leaf_weight=5078 172 319 404 1409 521 161
leaf_count=5078 172 319 404 1409 521 161
internal_value=5.19595e-05 0.603139 3.94381 -0.512054 -0.241246 -2.85396
internal_weight=8064 2304 576 1728 5760 682
internal_count=8064 2304 576 1728 5760 682
is_linear=0
shrinkage=0.05


end of trees

feature_importances:
Column_3=170
Column_2=133
Column_0=70
Column_1=59
Column_5=47
Column_8=35
Column_6=1

parameters:
[boosting: gbdt]
[objective: regression]
[metric: l2]
[tree_learner: serial]
[device_type: cpu]
[data_sample_strategy: bagging]
[data: ]
[valid: ]
[num_iterations: 100]
[learning_rate: 0.05]
[num_leaves: 7]
[num_threads: 1]
[seed: 20250911]
[deterministic: 1]
[force_col_wise: 1]
[force_row_wise: 0]
[histogram_pool_size: -1]
[max_depth: 3]
[min_data_in_leaf: 144]
[min_sum_hessian_in_leaf: 0.001]
[bagging_fraction: 1]
[pos_bagging_fraction: 1]
[neg_bagging_fraction: 1]
[bagging_freq: 0]
[bagging_seed: 20250911]
[bagging_by_query: 0]
[feature_fraction: 1]
[feature_fraction_bynode: 1]
[feature_fraction_seed: 20250911]
[extra_trees: 0]
[extra_seed: 26685]
[early_stopping_round: 0]
[early_stopping_min_delta: 0]
[first_metric_only: 0]
[max_delta_step: 0]
[lambda_l1: 0]
[lambda_l2: 1]
[linear_lambda: 0]
[min_gain_to_split: 0]
[drop_rate: 0.1]
[max_drop: 50]
[skip_drop: 0.5]
[xgboost_dart_mode: 0]
[uniform_drop: 0]
[drop_seed: 2504]
[top_rate: 0.2]
[other_rate: 0.1]
[min_data_per_group: 100]
[max_cat_threshold: 32]
[cat_l2: 10]
[cat_smooth: 10]
[max_cat_to_onehot: 4]
[top_k: 20]
[monotone_constraints: ]
[monotone_constraints_method: basic]
[monotone_penalty: 0]
[feature_contri: ]
[forcedsplits_filename: ]
[refit_decay_rate: 0.9]
[cegb_tradeoff: 1]
[cegb_penalty_split: 0]
[cegb_penalty_feature_lazy: ]
[cegb_penalty_feature_coupled: ]
[path_smooth: 0]
[interaction_constraints: ]
[verbosity: -1]
[saved_feature_importance_type: 0]
[use_quantized_grad: 0]
[num_grad_quant_bins: 4]
[quant_train_renew_leaf: 0]
[stochastic_rounding: 1]
[linear_tree: 0]
[max_bin: 63]
[max_bin_by_feature: ]
[min_data_in_bin: 3]
[bin_construct_sample_cnt: 200000]
[data_random_seed: 20250911]
[is_enable_sparse: 1]
[enable_bundle: 1]
[use_missing: 1]
[zero_as_missing: 0]
[feature_pre_filter: 0]
[pre_partition: 0]
[two_round: 0]
[header: 0]
[label_column: ]
[weight_column: ]
[group_column: ]
[ignore_column: ]
[categorical_feature: ]
[forcedbins_filename: ]
[precise_float_parser: 0]
[parser_config_file: ]
[objective_seed: 19683]
[num_class: 1]
[is_unbalance: 0]
[scale_pos_weight: 1]
[sigmoid: 1]
[boost_from_average: 1]
[reg_sqrt: 0]
[alpha: 0.9]
[fair_c: 1]
[poisson_max_delta_step: 0.7]
[tweedie_variance_power: 1.5]
[lambdarank_truncation_level: 30]
[lambdarank_norm: 1]
[label_gain: ]
[lambdarank_position_bias_regularization: 0]
[eval_at: ]
[multi_error_top_k: 1]
[auc_mu_weights: ]
[num_machines: 1]
[local_listen_port: 12400]
[time_out: 120]
[machine_list_filename: ]
[machines: ]
[gpu_platform_id: -1]
[gpu_device_id: -1]
[gpu_device_id_list: ]
[gpu_use_dp: 0]
[num_gpu: 1]

end of parameters

pandas_categorical:null
