tree
version=v4
num_class=1
num_tree_per_iteration=1
label_index=0
max_feature_idx=11
objective=regression
feature_names=Column_0 Column_1 Column_2 Column_3 Column_4 Column_5 Column_6 Column_7 Column_8 Column_9 Column_10 Column_11
feature_infos=[0:8212.6875] [-1573.5043999999998:1539.3220000000001] [-837.11785714285634:1224.9882000000007] [-170.45970624999995:106.26697083333374] [-1:1] [-1:1] [-1:1] [-1:1] [11.666666666666666:12.833333333333332] [11.916666666666666:12] [-0.52142857142857146:1.5214285714285714] [1:1]
tree_sizes=749 756 759 757 758 756 759 760 754 762 757 759 760 755 759 762 764 757 763 762 760 761 768 765 678 761 770 750 769 589 767 670 760 677 750 594 749 754 675 667 584 763 749 590 590 585 763 675 664 593 744 587 575 748 664 581 665 579 755 749 754 745 661 581 745 576 499 743 583 495 667 742 749 747 748 496 742 660 752 496 742 754 578 751 743 660 580 751 745 751 580 750 741 753 496 743 754 758 578 658

Tree=0
num_leaves=7
num_cat=0
split_feature=2 2 2 2 2 0
split_gain=7.358e+07 5.20889e+07 1.00463e+07 9.04539e+06 4.3483e+06 2.20078e+06
threshold=-71.309235714285805 226.43087857142817 -275.83035000000012 414.41895714285744 -5.3018642857142018 5903.0599000000011
decision_type=2 2 2 2 2 2
left_child=2 4 -1 -3 -2 -4
right_child=1 3 5 -5 -6 -7
leaf_value=-33.728911440269876 -13.968910510667314 1.1740195126576456 -18.448639192209285 13.114607702655496 -8.572467258023325 -25.65763573691099
leaf_weight=200 396 441 377 250 6249 151
leaf_count=200 396 441 377 250 6249 151
internal_value=-9.04051 -7.5352 -24.1906 5.51983 -8.89475 -20.5378
internal_weight=8064 7336 728 691 6645 528
internal_count=8064 7336 728 691 6645 528
is_linear=0
shrinkage=1


Tree=1
num_leaves=7
num_cat=0
split_feature=2 2 2 2 2 0
split_gain=6.64368e+07 4.70266e+07 9.0721e+06 8.16817e+06 3.96328e+06 1.9887e+06
threshold=-71.309235714285805 226.43087857142817 -275.83035000000012 414.41895714285744 144.85982142857122 5903.0599000000011
decision_type=2 2 2 2 2 2
left_child=2 4 -1 -3 -2 -4
right_child=1 3 5 -5 -6 -7
leaf_value=-23.460124046885554 -0.1618071025538026 9.7049582222468178 -8.938967501033078 21.051774436449151 5.1035310470177189 -15.791736272761696
leaf_weight=200 6267 441 377 250 378 151
leaf_count=200 6267 441 377 250 378 151
internal_value=-0.000141388 1.43023 -14.3961 13.8347 0.138434 -10.9249
internal_weight=8064 7336 728 691 6645 528
internal_count=8064 7336 728 691 6645 528
is_linear=0
shrinkage=0.05


Tree=2
num_leaves=7
num_cat=0
split_feature=2 2 2 2 0 0
split_gain=5.99875e+07 4.24557e+07 8.19239e+06 7.39021e+06 3.91874e+06 1.79704e+06
threshold=-71.309235714285805 226.43087857142817 -275.83035000000012 461.10903571428577 5749.1857500000015 5903.0599000000011
decision_type=2 2 2 2 2 2
left_child=2 4 -1 -3 -2 -4
right_child=1 3 5 -5 -6 -7
leaf_value=-22.292953271044428 0.38659433597289766 9.9611118787586097 -8.4932016335940244 21.628106251882116 -5.6469138488226518 -15.007343788935167
leaf_weight=200 6365 504 377 187 280 151
leaf_count=200 6365 504 377 187 280 151
internal_value=-0.000211761 1.35896 -13.6796 13.1452 0.131549 -10.381
internal_weight=8064 7336 728 691 6645 528
internal_count=8064 7336 728 691 6645 528
is_linear=0
shrinkage=0.05


Tree=3
num_leaves=7
num_cat=0
split_feature=2 2 2 2 2 0
split_gain=5.41639e+07 3.83307e+07 7.39798e+06 6.7958e+06 3.83547e+06 1.62386e+06
threshold=-71.309235714285805 226.43087857142817 -275.83035000000012 414.41895714285744 -5.3018642857142018 5903.0599000000011
decision_type=2 2 2 2 2 2
left_child=2 4 -1 -3 -2 -4
right_child=1 3 5 -5 -6 -7
leaf_value=-21.183850884852717 -4.6406206277145134 8.7238793512005621 -8.06966517766711 19.072700861155749 0.42762023257619142 -14.261913384575593
leaf_weight=200 396 441 377 250 6249 151
leaf_count=200 396 441 377 250 6249 151
internal_value=-0.000321841 1.2912 -12.9988 12.4902 0.124932 -9.86417
internal_weight=8064 7336 728 691 6645 528
internal_count=8064 7336 728 691 6645 528
is_linear=0
shrinkage=0.05


Tree=4
num_leaves=7
num_cat=0
split_feature=2 2 2 2 2 0
split_gain=4.89056e+07 3.46055e+07 6.68061e+06 6.14725e+06 3.63293e+06 1.46737e+06
threshold=-71.309235714285805 226.43087857142817 -275.83035000000012 461.10903571428577 132.60887857142879 5903.0599000000011
decision_type=2 2 2 2 2 2
left_child=2 4 -1 -3 -2 -4
right_child=1 3 5 -5 -6 -7
leaf_value=-20.129928197552317 -0.19334336422456205 8.9641601851494013 -7.667249185016388 19.603890636816942 4.4983486212212673 -13.553509253498754
leaf_weight=200 6204 504 377 187 441 151
leaf_count=200 6204 504 377 187 441 151
internal_value=-0.000429302 1.2268 -12.3518 11.8677 0.118654 -9.37307
internal_weight=8064 7336 728 691 6645 528
internal_count=8064 7336 728 691 6645 528
is_linear=0
shrinkage=0.05


Tree=5
num_leaves=7
num_cat=0
split_feature=2 2 2 2 2 0
split_gain=4.41582e+07 3.14651e+07 6.84595e+06 6.0328e+06 2.61206e+06 1.32596e+06
threshold=-71.309235714285805 313.56428571428529 144.85982142857122 -275.83035000000012 461.10903571428577 5903.0599000000011
decision_type=2 2 2 2 2 2
left_child=3 2 -2 -1 -3 -5
right_child=1 4 -4 5 -6 -7
leaf_value=-19.128438852082436 -0.16118970302580818 10.730019942656337 5.302705142237305 -7.284900726827364 18.628910116946443 -12.88029224445161
leaf_weight=200 6267 252 630 377 187 151
leaf_count=200 6267 252 630 377 187 151
internal_value=-0.000460393 1.16568 0.338601 -11.7371 14.1294 -8.90642
internal_weight=8064 7336 6897 728 439 528
internal_count=8064 7336 6897 728 439 528
is_linear=0
shrinkage=0.05


Tree=6
num_leaves=7
num_cat=0
split_feature=2 2 2 2 0 5
split_gain=4.02785e+07 2.71303e+07 8.6314e+06 6.46044e+06 2.57334e+06 2.17642e+06
threshold=-5.3018642857142018 342.97646428571471 -275.83035000000012 144.85982142857122 6136.9529500000008 -0.91509365977396839
decision_type=2 2 2 2 2 2
left_child=2 3 -1 -2 -4 -3
right_child=1 5 4 -5 -6 -7
leaf_value=-18.176775791870423 0.13344583520143957 17.703777332739399 -5.4631596007421317 5.2347904736096629 -12.295317811334835 9.8654919548125211
leaf_weight=200 5871 219 755 693 169 157
leaf_count=200 5871 219 755 693 169 157
internal_value=-0.000467123 1.422 -8.77679 0.67274 -6.72471 14.4657
internal_weight=8064 6940 1124 6564 924 376
internal_count=8064 6940 1124 6564 924 376
is_linear=0
shrinkage=0.05


Tree=7
num_leaves=7
num_cat=0
split_feature=2 2 2 2 8 2
split_gain=3.63651e+07 2.45112e+07 7.79495e+06 4.9276e+06 2.44316e+06 2.24673e+06
threshold=-5.3018642857142018 313.56428571428529 -275.83035000000012 144.85982142857122 12.166666666666668 461.10903571428577
decision_type=2 2 2 2 2 2
left_child=2 3 -1 -2 -4 -3
right_child=1 5 4 -5 -6 -7
leaf_value=-17.272458705617421 0.12677466761763653 9.6225537504603267 -4.2280161573963424 4.7766654236754329 -9.4644465959212916 16.942848161631758
leaf_weight=200 5871 252 544 630 380 187
leaf_count=200 5871 252 544 630 380 187
internal_value=-0.000462353 1.35114 -8.33954 0.578052 -6.38943 12.7722
internal_weight=8064 6940 1124 6501 924 439
internal_count=8064 6940 1124 6501 924 439
is_linear=0
shrinkage=0.05


Tree=8
num_leaves=7
num_cat=0
split_feature=2 2 0 2 0 3
split_gain=3.31767e+07 2.32396e+07 4.98449e+06 4.31412e+06 3.51235e+06 799470
threshold=-71.309235714285805 226.43087857142817 6136.9529500000008 375.30039999999991 5749.1857500000015 -6.5565197916665729
decision_type=2 2 2 2 2 2
left_child=2 4 5 -3 -2 -1
right_child=1 3 -4 -5 -6 -7
leaf_value=-4.8062144943646032 0.34370806066894588 6.1098494425612584 -16.276518838535186 14.069488279360115 -5.3683895387683478 -8.9537046995319312
leaf_weight=195 6365 378 229 313 280 304
leaf_count=195 6365 378 229 313 280 304
internal_value=-0.000436081 1.01036 -10.1735 9.73042 0.102246 -7.3458
internal_weight=8064 7336 728 691 6645 499
internal_count=8064 7336 728 691 6645 499
is_linear=0
shrinkage=0.05


Tree=9
num_leaves=7
num_cat=0
split_feature=2 2 2 2 8 5
split_gain=3.00732e+07 2.00776e+07 6.63966e+06 4.99478e+06 1.89899e+06 1.89678e+06
threshold=-5.3018642857142018 342.97646428571471 -235.10227142857181 144.85982142857122 12.166666666666668 -0.91509365977396839
decision_type=2 2 2 2 2 2
left_child=2 3 -1 -2 -4 -3
right_child=1 5 4 -5 -6 -7
leaf_value=-14.475865338268353 0.10986937279495784 15.46676567814567 -3.4458120672165053 4.5953770298607415 -8.2308445742960732 8.1696675666525405
leaf_weight=266 5871 219 503 693 355 157
leaf_count=266 5871 219 503 693 355 157
internal_value=-0.000506566 1.22862 -7.58393 0.584059 -5.43291 12.4496
internal_weight=8064 6940 1124 6564 858 376
internal_count=8064 6940 1124 6564 858 376
is_linear=0
shrinkage=0.05


Tree=10
num_leaves=7
num_cat=0
split_feature=2 2 2 0 2 5
split_gain=2.74156e+07 1.97923e+07 5.0526e+06 3.8632e+06 3.44362e+06 364039
threshold=-128.10267857142841 168.64403571428559 375.30039999999991 6136.9529500000008 -5.3018642857142018 -0.80625269229011354
decision_type=2 2 2 2 2 2
left_child=3 4 -3 5 -2 -1
right_child=1 2 -4 -5 -6 -7
leaf_value=-9.2465611229453781 -3.8245091788533361 4.9517278230225115 12.73100396013184 -16.506539039875396 0.16351952955515564 -5.8371375411561459
leaf_weight=174 594 630 313 198 5997 158
leaf_count=174 594 630 313 198 5997 158
internal_value=-0.000467658 0.773362 7.54457 -10.9813 -0.196419 -7.64641
internal_weight=8064 7534 943 530 6591 332
internal_count=8064 7534 943 530 6591 332
is_linear=0
shrinkage=0.05


Tree=11
num_leaves=7
num_cat=0
split_feature=2 2 2 0 0 5
split_gain=2.47562e+07 1.78672e+07 4.61124e+06 3.48809e+06 3.23485e+06 328706
threshold=-128.10267857142841 168.64403571428559 414.41895714285744 6136.9529500000008 5749.1857500000015 -0.80625269229011354
decision_type=2 2 2 2 2 2
left_child=3 4 -3 5 -2 -1
right_child=1 2 -4 -5 -6 -7
leaf_value=-8.7868750606945589 0.045779130247477609 5.0555363222720473 12.981329344658263 -15.685359540776393 -5.4652205084832453 -5.5471162989079588
leaf_weight=174 6314 693 250 198 277 158
leaf_count=174 6314 693 250 198 277 158
internal_value=-0.00055318 0.734787 7.16828 -10.4352 -0.186626 -7.26635
internal_weight=8064 7534 943 530 6591 332
internal_count=8064 7534 943 530 6591 332
is_linear=0
shrinkage=0.05


Tree=12
num_leaves=7
num_cat=0
split_feature=2 2 2 2 8 2
split_gain=2.25994e+07 1.49486e+07 5.18859e+06 3.17905e+06 1.79232e+06 1.56929e+06
threshold=-5.3018642857142018 313.56428571428529 -275.83035000000012 132.60887857142879 12.166666666666668 461.10903571428577
decision_type=2 2 2 2 2 2
left_child=2 3 -1 -2 -4 -3
right_child=1 5 4 -5 -6 -7
leaf_value=-13.86194538539322 0.078944010453480748 7.35790148557646 -3.1342107707535458 3.6595064281593332 -7.6167243652299952 13.465037904584662
leaf_weight=200 5808 252 544 693 380 187
leaf_count=200 5808 252 544 693 380 187
internal_value=-0.000633411 1.06487 -6.57455 0.461132 -4.98391 9.98404
internal_weight=8064 6940 1124 6501 924 439
internal_count=8064 6940 1124 6501 924 439
is_linear=0
shrinkage=0.05


Tree=13
num_leaves=7
num_cat=0
split_feature=2 2 0 0 2 3
split_gain=2.05352e+07 1.4163e+07 3.28483e+06 2.92892e+06 2.7719e+06 675944
threshold=-71.309235714285805 226.43087857142817 6136.9529500000008 5671.6313000000009 461.10903571428577 -6.5565197916665729
decision_type=2 2 2 2 2 2
left_child=2 3 5 -2 -3 -1
right_child=1 4 -4 -5 -6 -7
leaf_value=-3.3852403494472405 0.31625532081611829 5.6536689397294335 -12.957704103822294 -4.6921220278769153 12.795366982338912 -7.1845709290074531
leaf_weight=195 6340 504 229 305 187 304
leaf_count=195 6340 504 229 305 187 304
internal_value=-0.000602074 0.794632 -8.00422 0.0857035 7.60207 -5.7096
internal_weight=8064 7336 728 6645 691 499
internal_count=8064 7336 728 6645 691 499
is_linear=0
shrinkage=0.05


Tree=14
num_leaves=7
num_cat=0
split_feature=2 2 2 0 1 5
split_gain=1.87168e+07 1.34194e+07 3.42752e+06 2.76365e+06 2.72078e+06 286136
threshold=-128.10267857142841 168.64403571428559 375.30039999999991 6136.9529500000008 280.89374999999978 -0.80625269229011354
decision_type=2 2 2 2 2 2
left_child=3 4 -3 5 -2 -1
right_child=1 2 -4 -5 -6 -7
leaf_value=-7.6679556939261309 0.015689657826613204 4.0787178630531775 10.485973830900754 -13.746002610020302 -6.0402876337161242 -4.6588417550724639
leaf_weight=174 6401 630 313 198 190 158
leaf_count=174 6401 630 313 198 190 158
internal_value=-0.000630576 0.638755 6.21427 -9.07364 -0.159777 -6.2542
internal_weight=8064 7534 943 530 6591 332
internal_count=8064 7534 943 530 6591 332
is_linear=0
shrinkage=0.05


Tree=15
num_leaves=7
num_cat=0
split_feature=2 2 2 2 5 8
split_gain=1.71853e+07 1.11719e+07 4.04586e+06 2.90832e+06 1.56613e+06 1.4822e+06
threshold=-5.3018642857142018 342.97646428571471 -275.83035000000012 132.60887857142879 -0.91509365977396839 12.166666666666668
decision_type=2 2 2 2 2 2
left_child=2 3 -1 -2 -3 -4
right_child=1 4 5 -5 -6 -7
leaf_value=-12.168209394768104 0.067686183222970819 12.03138594686985 -2.647417306161802 3.3626391191306171 5.4347837091812607 -6.7227377054415989
leaf_weight=200 5808 219 544 756 157 380
leaf_count=200 5808 219 544 756 157 380
internal_value=-0.00070775 0.928441 -5.73335 0.447632 9.29868 -4.32887
internal_weight=8064 6940 1124 6564 376 924
internal_count=8064 6940 1124 6564 376 924
is_linear=0
shrinkage=0.05


Tree=16
num_leaves=7
num_cat=0
split_feature=2 2 2 2 5 8
split_gain=1.55152e+07 1.00881e+07 3.65386e+06 2.62513e+06 1.41388e+06 1.33812e+06
threshold=-5.3018642857142018 342.97646428571471 -275.83035000000012 132.60887857142879 -0.91509365977396839 12.166666666666668
decision_type=2 2 2 2 2 2
left_child=2 3 -1 -2 -3 -4
right_child=1 4 5 -5 -6 -7
leaf_value=-11.562825842987543 0.064302460232486328 11.432551002285699 -2.5152893440664634 3.194729261777439 5.1647644551494452 -6.387483031105182
leaf_weight=200 5808 219 544 756 157 380
leaf_count=200 5808 219 544 756 157 380
internal_value=-0.000676339 0.882169 -5.44764 0.425277 8.83606 -4.11293
internal_weight=8064 6940 1124 6564 376 924
internal_count=8064 6940 1124 6564 376 924
is_linear=0
shrinkage=0.05


Tree=17
num_leaves=7
num_cat=0
split_feature=2 2 2 0 0 5
split_gain=1.42086e+07 9.9072e+06 2.65304e+06 2.31624e+06 2.25912e+06 247191
threshold=-128.10267857142841 168.64403571428559 461.10903571428577 6136.9529500000008 5749.1857500000015 -0.80625269229011354
decision_type=2 2 2 2 2 2
left_child=3 4 -3 5 -2 -1
right_child=1 2 -4 -5 -6 -7
leaf_value=-6.6367989842551101 0.064530718142250795 4.018330783037718 10.668975635285074 -12.181660123087056 -4.5409291488339578 -3.8515658726482274
leaf_weight=174 6314 756 187 198 277 158
leaf_count=174 6314 756 187 198 277 158
internal_value=-0.000646269 0.55644 5.34708 -7.90582 -0.129682 -5.32684
internal_weight=8064 7534 943 530 6591 332
internal_count=8064 7534 943 530 6591 332
is_linear=0
shrinkage=0.05


Tree=18
num_leaves=7
num_cat=0
split_feature=2 2 2 2 5 8
split_gain=1.29038e+07 8.32781e+06 3.02537e+06 2.14501e+06 1.24692e+06 1.1584e+06
threshold=-5.3018642857142018 342.97646428571471 -275.83035000000012 132.60887857142879 -0.91509365977396839 12.166666666666668
decision_type=2 2 2 2 2 2
left_child=2 3 -1 -2 -3 -4
right_child=1 4 5 -5 -6 -7
leaf_value=-10.53263562710131 0.063015184070509198 10.468533660173417 -2.267357133829266 2.8927315530247864 4.5864468007822978 -5.8698014958871632
leaf_weight=200 5808 219 544 756 157 380
leaf_count=200 5808 219 544 756 157 380
internal_value=-0.000691231 0.804436 -4.96815 0.389315 8.03113 -3.75363
internal_weight=8064 6940 1124 6564 376 924
internal_count=8064 6940 1124 6564 376 924
is_linear=0
shrinkage=0.05


Tree=19
num_leaves=7
num_cat=0
split_feature=2 2 2 0 0 5
split_gain=1.1766e+07 8.14511e+06 2.44226e+06 2.32494e+06 2.01743e+06 218645
threshold=-128.10267857142841 144.85982142857122 414.41895714285744 1735.7414000000001 6136.9529500000008 -0.80625269229011354
decision_type=2 2 2 2 2 2
left_child=4 3 -3 -2 5 -1
right_child=1 2 -4 -5 -6 -7
leaf_value=-6.0187196178436286 0.28357515593019789 3.2196319562051361 8.8657546879642037 -2.1775377624169145 -11.184141688295945 -3.4041980425516765
leaf_weight=174 5294 819 250 1171 198 158
leaf_count=174 5294 819 250 1171 198 158
internal_value=-0.000660731 0.506285 4.54711 -0.162472 -7.19433 -4.78842
internal_weight=8064 7534 1069 6465 530 332
internal_count=8064 7534 1069 6465 530 332
is_linear=0
shrinkage=0.05


Tree=20
num_leaves=7
num_cat=0
split_feature=2 2 1 0 3 5
split_gain=1.06247e+07 7.40722e+06 2.15075e+06 1.82157e+06 1.03766e+06 197430
threshold=-128.10267857142841 313.56428571428529 250.79835000000028 6136.9529500000008 -32.241250347222369 -0.80625269229011354
decision_type=2 2 2 2 2 2
left_child=3 2 -2 5 -3 -1
right_child=1 4 -4 -5 -6 -7
leaf_value=-5.7195034061159404 0.25415903506021376 4.2409042598488176 -4.5419720286464953 -10.627744775158753 9.1364271780336477 -3.2350586384347402
leaf_weight=174 6854 213 241 198 226 158
leaf_count=174 6854 213 241 198 226 158
internal_value=-0.000692275 0.481039 0.0906289 -6.83655 6.77619 -4.55041
internal_weight=8064 7534 7095 530 439 332
internal_count=8064 7534 7095 530 439 332
is_linear=0
shrinkage=0.05


Tree=21
num_leaves=7
num_cat=0
split_feature=2 2 0 2 5 0
split_gain=9.76894e+06 6.23369e+06 2.3387e+06 1.8036e+06 1.11174e+06 650197
threshold=-5.3018642857142018 342.97646428571471 6136.9529500000008 77.418428571428663 -0.91509365977396839 3065.2820000000006
decision_type=2 2 2 2 2 2
left_child=2 3 5 -2 -3 -1
right_child=1 4 -4 -5 -6 -7
leaf_value=-0.97337362870796407 -0.038232172201530773 9.2516205191612251 -8.3339641711549319 2.153350471043221 3.7065014240107956 -3.9563733245073887
leaf_weight=267 5430 219 274 1134 157 583
leaf_count=267 5430 219 274 1134 157 583
internal_value=-0.000722716 0.699812 -4.32287 0.340657 6.95221 -3.02161
internal_weight=8064 6940 1124 6564 376 850
internal_count=8064 6940 1124 6564 376 850
is_linear=0
shrinkage=0.05


Tree=22
num_leaves=7
num_cat=0
split_feature=2 2 2 2 3 3
split_gain=8.81905e+06 5.62895e+06 2.23338e+06 1.62789e+06 1.12488e+06 1.03459e+06
threshold=-5.3018642857142018 342.97646428571471 -275.83035000000012 77.418428571428663 34.596235416666794 -32.241250347222369
decision_type=2 2 2 2 2 2
left_child=2 3 -1 -2 -4 -3
right_child=1 5 4 -5 -6 -7
leaf_value=-8.8878658473195138 -0.036320939909751153 3.9926405906948883 -4.0555167155332326 2.0457778278767802 0.0023745679415532669 9.2687930548062898
leaf_weight=200 5430 191 698 1134 226 185
leaf_count=200 5430 191 698 1134 226 185
internal_value=-0.000675373 0.66493 -4.10731 0.32364 -3.06407 6.60632
internal_weight=8064 6940 1124 6564 924 376
internal_count=8064 6940 1124 6564 924 376
is_linear=0
shrinkage=0.05


Tree=23
num_leaves=7
num_cat=0
split_feature=2 2 3 0 0 3
split_gain=8.09791e+06 5.71827e+06 2.36312e+06 1.87297e+06 1.47967e+06 187888
threshold=-128.10267857142841 144.85982142857122 -70.700591319444342 1735.7414000000001 6136.9529500000008 19.392639583333224
decision_type=2 2 2 2 2 2
left_child=4 3 -3 -2 5 -1
right_child=1 2 -4 -5 -6 -7
leaf_value=-2.8159797861286116 0.25994737545355479 -0.084451126304653054 5.2248843911807157 -1.9490292442002599 -9.3847477522327676 -5.2400521282381662
leaf_weight=184 5294 286 783 1171 198 148
leaf_count=184 5294 286 783 1171 198 148
internal_value=-0.000627137 0.419938 3.80567 -0.140402 -5.96853 -3.90908
internal_weight=8064 7534 1069 6465 530 332
internal_count=8064 7534 1069 6465 530 332
is_linear=0
shrinkage=0.05


Tree=24
num_leaves=6
num_cat=0
split_feature=2 2 0 3 0
split_gain=7.31237e+06 5.21514e+06 1.85181e+06 1.36056e+06 1.34634e+06
threshold=-128.10267857142841 226.43087857142817 5749.1857500000015 -70.700591319444342 5814.3264500000014
decision_type=2 2 2 2 2
left_child=4 2 -2 -3 -1
right_child=1 3 -4 -5 -6
leaf_value=-3.2725193802094972 0.16546056985379437 1.1473273811157811 -3.6792723853446798 5.989132227077465 -8.3351333406816916
leaf_weight=280 6515 208 328 483 250
leaf_count=280 6515 208 328 483 250
internal_value=-0.000682521 0.398964 -0.0193366 4.53545 -5.67174
internal_weight=8064 7534 6843 691 530
internal_count=8064 7534 6843 691 530
is_linear=0
shrinkage=0.05


Tree=25
num_leaves=7
num_cat=0
split_feature=2 2 2 0 3 5
split_gain=6.67428e+06 4.53415e+06 1.72132e+06 1.54071e+06 1.05001e+06 830172
threshold=-5.3018642857142018 375.30039999999991 -275.83035000000012 5671.6313000000009 34.596235416666794 -0.94670478576706751
decision_type=2 2 2 2 2 2
left_child=2 3 -1 -2 -4 -3
right_child=1 5 4 -5 -6 -7
leaf_value=-7.7700450250758468 0.47895979661008009 8.9162217610583792 -3.6153216533480115 -2.9482287320270704 0.30392390027445321 3.7270987585877742
leaf_weight=200 6282 163 698 345 226 150
leaf_count=200 6282 163 698 345 226 150
internal_value=-0.000697907 0.578342 -3.57324 0.300123 -2.65743 6.44921
internal_weight=8064 6940 1124 6627 924 313
internal_count=8064 6940 1124 6627 924 313
is_linear=0
shrinkage=0.05


Tree=26
num_leaves=7
num_cat=0
split_feature=1 2 3 3 0 4
split_gain=6.09114e+06 4.99558e+06 2.10012e+06 1.63691e+06 1.46251e+06 1.15914e+06
threshold=250.79835000000028 144.85982142857122 -70.700591319444342 -6.5565197916665729 3238.5674000000004 -0.15208718494349127
decision_type=2 2 2 2 2 2
left_child=1 4 -3 -2 -1 -5
right_child=3 2 -4 5 -6 -7
leaf_value=0.15224530924374396 -0.62796616951406703 -0.080251439243343714 4.9810917109310076 -9.6541752140662265 -2.1615575433813006 -4.354021801909103
leaf_weight=5641 170 281 756 169 776 271
leaf_count=5641 170 281 756 169 776 271
internal_value=-0.000668641 0.392689 3.61084 -4.80014 -0.127853 -6.40704
internal_weight=8064 7454 1037 610 6417 440
internal_count=8064 7454 1037 610 6417 440
is_linear=0
shrinkage=0.05


Tree=27
num_leaves=7
num_cat=0
split_feature=2 2 2 0 5 3
split_gain=5.61541e+06 4.15255e+06 1.627e+06 1.18827e+06 749574 151638
threshold=-128.10267857142841 375.30039999999991 77.418428571428663 6136.9529500000008 -0.94670478576706751 19.392639583333224
decision_type=2 2 2 2 2 2
left_child=3 2 -2 5 -3 -1
right_child=1 4 -4 -5 -6 -7
leaf_value=-2.1490324628514212 -0.2299094287886041 8.3219198728116552 1.7876041700761887 -8.030477778096893 3.3934532497102854 -4.3196362573828475
leaf_weight=184 6024 163 1197 198 150 148
leaf_count=184 6024 163 1197 198 150 148
internal_value=-0.00070801 0.349509 0.104728 -4.97036 5.97836 -3.12672
internal_weight=8064 7534 7221 530 313 332
internal_count=8064 7534 7221 530 313 332
is_linear=0
shrinkage=0.05


Tree=28
num_leaves=7
num_cat=0
split_feature=1 2 3 0 3 4
split_gain=5.14971e+06 4.11859e+06 2.43975e+06 2.16728e+06 1.44862e+06 1.05631e+06
threshold=250.79835000000028 94.369835714285514 -70.700591319444342 1395.4541000000002 -6.5565197916665729 -0.15208718494349127
decision_type=2 2 2 2 2 2
left_child=1 3 -3 -1 -2 -6
right_child=4 2 -4 -5 5 -7
leaf_value=0.22330485990438331 -0.48946357458307033 -0.71892902826340632 4.1487988042397692 -2.3412432901675184 -9.0241795746017903 -3.9667657832450729
leaf_weight=5141 170 348 985 980 169 271
leaf_count=5141 170 348 985 980 169 271
internal_value=-0.000680196 0.361004 2.87842 -0.187606 -4.4137 -5.92533
internal_weight=8064 7454 1333 6121 610 440
internal_count=8064 7454 1333 6121 610 440
is_linear=0
shrinkage=0.05


Tree=29
num_leaves=5
num_cat=0
split_feature=2 2 2 0
split_gain=4.6749e+06 3.6111e+06 1.44767e+06 1.06705e+06
threshold=-128.10267857142841 414.41895714285744 77.418428571428663 5814.3264500000014
decision_type=2 2 2 2
left_child=3 2 -2 -1
right_child=1 -3 -4 -5
leaf_value=-2.4021168925584 -0.20683070243669374 6.215355306270113 1.6561759369605882 -6.9050287629028722
leaf_weight=280 6024 250 1260 250
leaf_count=280 6024 250 1260 250
internal_value=-0.000721638 0.318824 0.115619 -4.53514
internal_weight=8064 7534 7284 530
internal_count=8064 7534 7284 530
is_linear=0
shrinkage=0.05


Tree=30
num_leaves=7
num_cat=0
split_feature=1 2 3 3 0 4
split_gain=4.35761e+06 3.43954e+06 1.74821e+06 1.2944e+06 1.21299e+06 967034
threshold=250.79835000000028 144.85982142857122 -70.700591319444342 -6.5565197916665729 1735.7414000000001 -0.15208718494349127
decision_type=2 2 2 2 2 2
left_child=1 4 -3 -2 -1 -5
right_child=3 2 -4 5 -6 -7
leaf_value=0.21745524348742504 -0.35139371329232266 -0.36434268744807718 4.2525370932396998 -8.4532424274963489 -1.5885081211014169 -3.6162359484854871
leaf_weight=5290 170 281 756 169 1127 271
leaf_count=5290 170 281 756 169 1127 271
internal_value=-0.000695752 0.332011 3.00234 -4.06016 -0.0999192 -5.48904
internal_weight=8064 7454 1037 610 6417 440
internal_count=8064 7454 1037 610 6417 440
is_linear=0
shrinkage=0.05


Tree=31
num_leaves=6
num_cat=0
split_feature=2 2 0 0 3
split_gain=3.93825e+06 3.11459e+06 1.49768e+06 843029 402852
threshold=-71.309235714285805 461.10903571428577 5671.6313000000009 6136.9529500000008 -6.5565197916665729
decision_type=2 2 2 2 2
left_child=3 2 -2 4 -1
right_child=1 -3 -4 -5 -6
leaf_value=-0.56699580282581097 0.37300103751423164 6.7001919921883886 -2.5384570057371962 -6.0134541706546498 -3.4801543270759896
leaf_weight=195 6677 187 472 229 304
leaf_count=195 6677 187 472 229 304
internal_value=-0.000722362 0.347533 0.180449 -3.50572 -2.34516
internal_weight=8064 7336 7149 728 499
internal_count=8064 7336 7149 728 499
is_linear=0
shrinkage=0.05


Tree=32
num_leaves=7
num_cat=0
split_feature=1 2 3 0 3 4
split_gain=3.64916e+06 3.06578e+06 2.20984e+06 1.97495e+06 1.12564e+06 889707
threshold=250.79835000000028 77.418428571428663 -32.241250347222369 1043.6737500000002 -6.5565197916665729 -0.15208718494349127
decision_type=2 2 2 2 2 2
left_child=1 3 -3 -1 -2 -6
right_child=4 2 -4 -5 5 -7
leaf_value=0.20277715319482659 -0.25745427573633473 0.10954325687646867 4.04390147626534 -2.2592993603766334 -7.890334887153962 -3.253048924619661
leaf_weight=5026 170 624 833 971 169 271
leaf_count=5026 170 624 833 971 169 271
internal_value=-0.000720494 0.303742 2.36014 -0.196178 -3.71557 -5.04804
internal_weight=8064 7454 1457 5997 610 440
internal_count=8064 7454 1457 5997 610 440
is_linear=0
shrinkage=0.05


Tree=33
num_leaves=6
num_cat=0
split_feature=1 0 8 2 2
split_gain=3.35844e+06 3.10545e+06 1.6504e+06 1.23924e+06 1.18361e+06
threshold=-407.30350000000038 5903.0599000000011 12.166666666666668 144.85982142857122 61.667335714285862
decision_type=2 2 2 2 2
left_child=2 3 -1 -2 -3
right_child=1 4 -4 -5 -6
leaf_value=8.0804048376709385 -0.14132119109373392 -5.4090131087035971 1.4700267550378745 2.2533461118872786 -0.59103193913308005
leaf_weight=178 6528 376 201 588 193
leaf_count=178 6528 376 201 588 193
internal_value=-0.000742153 -0.227599 4.58773 0.0568406 -3.7787
internal_weight=8064 7685 379 7116 569
internal_count=8064 7685 379 7116 569
is_linear=0
shrinkage=0.05


Tree=34
num_leaves=7
num_cat=0
split_feature=1 1 8 3 2 4
split_gain=3.10421e+06 2.66545e+06 1.49038e+06 997784 905484 829320
threshold=250.79835000000028 -407.30350000000038 12.166666666666668 -6.5565197916665729 -71.309235714285805 -0.15208718494349127
decision_type=2 2 2 2 2 2
left_child=1 2 -1 -2 -3 -5
right_child=3 4 -4 5 -6 -7
leaf_value=7.6786416634386558 -0.17155846308546457 -2.6412177046140037 1.3968892791483662 -7.4248103461546053 0.1793865453796997 -2.9496193715754679
leaf_weight=178 170 296 201 169 6779 271
leaf_count=178 170 296 201 169 6779 271
internal_value=-0.000669946 0.280141 4.3596 -3.42692 0.0610231 -4.68144
internal_weight=8064 7454 379 610 7075 440
internal_count=8064 7454 379 610 7075 440
is_linear=0
shrinkage=0.05


Tree=35
num_leaves=5
num_cat=0
split_feature=2 2 2 7
split_gain=2.82567e+06 2.5203e+06 1.08271e+06 1.07918e+06
threshold=-170.8754785714286 461.10903571428577 77.418428571428663 0.73657561215276279
decision_type=2 2 2 2
left_child=3 2 -2 -1
right_child=1 -3 -4 -5
leaf_value=-1.6639489136009573 -0.20985507607570142 5.9305960953116736 1.3662222743366375 -6.8870815119435704
leaf_weight=213 6156 187 1323 185
leaf_count=213 6156 187 1323 185
internal_value=-0.000660828 0.212828 0.069091 -4.10296
internal_weight=8064 7666 7479 398
internal_count=8064 7666 7479 398
is_linear=0
shrinkage=0.05


Tree=36
num_leaves=7
num_cat=0
split_feature=1 1 8 0 2 4
split_gain=2.63689e+06 2.23264e+06 1.34309e+06 923933 771179 238548
threshold=250.79835000000028 -407.30350000000038 12.166666666666668 6004.683500000001 -71.309235714285805 0.48087430661751701
decision_type=2 2 2 2 2 2
left_child=1 2 -1 5 -3 -2
right_child=3 4 -4 -5 -6 -7
leaf_value=7.1423647387733666 -0.62758801314565871 -2.4361644481920237 1.1801446210334798 -5.6278118212253618 0.16686740392541574 -3.2142435046311086
leaf_weight=178 233 296 201 233 6779 144
leaf_count=178 233 296 201 233 6779 144
internal_value=-0.000636852 0.258175 3.99177 -3.15848 0.0576343 -1.62148
internal_weight=8064 7454 379 610 7075 377
internal_count=8064 7454 379 610 7075 377
is_linear=0
shrinkage=0.05


Tree=37
num_leaves=7
num_cat=0
split_feature=2 0 3 3 0 1
split_gain=2.38295e+06 3.17069e+06 2.07517e+06 1.75155e+06 862182 691388
threshold=77.418428571428663 1395.4541000000002 -70.700591319444342 48.61077534722245 6584.5832000000009 -247.09829999999985
decision_type=2 2 2 2 2 2
left_child=1 -1 5 -4 -3 -2
right_child=2 4 3 -5 -6 -7
leaf_value=0.1746090155727007 0.61283289698921906 -2.002929165935929 3.6355360985128828 -2.0422959315154374 -5.6526665472215223 -3.6880062492489203
leaf_weight=5098 195 1271 980 157 185 178
leaf_count=5098 195 1271 980 157 185 178
internal_value=-0.00062619 -0.41324 1.78937 2.85042 -2.47023 -1.44395
internal_weight=8064 6554 1510 1137 1456 373
internal_count=8064 6554 1510 1137 1456 373
is_linear=0
shrinkage=0.05


Tree=38
num_leaves=6
num_cat=0
split_feature=2 0 1 8 5
split_gain=2.23569e+06 2.73486e+06 2.08474e+06 1.02923e+06 643649
threshold=375.30039999999991 5814.3264500000014 -328.78199999999987 12.166666666666668 -0.94670478576706751
decision_type=2 2 2 2 2
left_child=1 2 -1 -3 -2
right_child=4 3 -4 -5 -6
leaf_value=5.1467650370001792 6.3024912842526675 -6.6304859631903028 -0.031411805705095525 -2.0861910184601693 1.7544152195830613
leaf_weight=199 163 169 6910 473 150
leaf_count=199 163 169 6910 473 150
internal_value=-0.000650449 -0.168185 0.114243 -3.29088 4.13543
internal_weight=8064 7751 7109 642 313
internal_count=8064 7751 7109 642 313
is_linear=0
shrinkage=0.05


Tree=39
num_leaves=6
num_cat=0
split_feature=1 2 2 3 4
split_gain=2.07442e+06 1.85543e+06 878034 860394 824598
threshold=250.79835000000028 461.10903571428577 77.418428571428663 -6.5565197916665729 -0.15208718494349127
decision_type=2 2 2 2 2
left_child=1 2 -1 -2 -5
right_child=3 -3 -4 4 -6
leaf_value=-0.14983798711591023 0.21927611747598658 5.1875425903369559 1.2950197320749948 -6.6995599749509029 -2.2436090329552401
leaf_weight=5997 170 183 1274 169 271
leaf_count=5997 170 183 1274 169 271
internal_value=-0.000590315 0.228964 0.103468 -2.80146 -3.96641
internal_weight=8064 7454 7271 610 440
internal_count=8064 7454 7271 610 440
is_linear=0
shrinkage=0.05


Tree=40
num_leaves=5
num_cat=0
split_feature=2 2 7 0
split_gain=1.91551e+06 1.73176e+06 838077 822073
threshold=-170.8754785714286 461.10903571428577 0.73657561215276279 5671.6313000000009
decision_type=2 2 2 2
left_child=2 3 -1 -2
right_child=1 -3 -4 -5
leaf_value=-1.2302619753875466 0.20642759963910204 4.9148277736090602 -5.8312926376699119 -1.7707576239150944
leaf_weight=213 6911 187 185 568
leaf_count=213 6911 187 185 568
internal_value=-0.000575622 0.175199 -3.37819 0.0560517
internal_weight=8064 7666 398 7479
internal_count=8064 7666 398 7479
is_linear=0
shrinkage=0.05


Tree=41
num_leaves=7
num_cat=0
split_feature=2 0 3 3 4 8
split_gain=1.77564e+06 2.51026e+06 1.99225e+06 1.99751e+06 1.61527e+06 1.22662e+06
threshold=77.418428571428663 1043.6737500000002 -32.241250347222369 48.61077534722245 0.34202014332566882 12.666666666666668
decision_type=2 2 2 2 2 2
left_child=1 -1 4 -4 -2 -3
right_child=2 5 3 -5 -6 -7
leaf_value=0.18289902712078962 1.22591301406459 -2.5895053647765405 4.1960515099590507 -2.0165151530240157 -4.0934414049447403 2.2327224477002883
leaf_weight=5026 416 1383 721 157 216 145
leaf_count=5026 416 1383 721 157 216 145
internal_value=-0.000569845 -0.356745 1.54459 3.08412 -0.595689 -2.13074
internal_weight=8064 6554 1510 878 632 1528
internal_count=8064 6554 1510 878 632 1528
is_linear=0
shrinkage=0.05


Tree=42
num_leaves=7
num_cat=0
split_feature=0 1 3 2 3 2
split_gain=1.69739e+06 2.70436e+06 1.22009e+06 998456 964807 667259
threshold=5671.6313000000009 -328.78199999999987 -32.241250347222369 -235.10227142857181 2.9852111111111985 226.43087857142817
decision_type=2 2 2 2 2 2
left_child=1 2 -1 -2 -5 -3
right_child=3 5 -4 4 -6 -7
leaf_value=1.8491499981786337 -5.4198493616541015 -0.051099417119949586 7.9358820293561312 -2.7827075248134552 1.0255938352633875 2.7790059639686766
leaf_weight=180 178 6654 152 405 281 214
leaf_count=180 178 6654 152 405 281 214
internal_value=-0.000546692 0.250841 4.65131 -2.09331 -1.22353 0.0374756
internal_weight=8064 7200 332 864 686 6868
internal_count=8064 7200 332 864 686 6868
is_linear=0
shrinkage=0.05


Tree=43
num_leaves=5
num_cat=0
split_feature=2 0 1 2
split_gain=1.59697e+06 1.77565e+06 1.57141e+06 724917
threshold=461.10903571428577 5671.6313000000009 -328.78199999999987 -235.10227142857181
decision_type=2 2 2 2
left_child=1 2 -1 -3
right_child=-2 3 -4 -5
leaf_value=4.1807096996020858 4.5537852978452724 -5.1503708573027041 0.0052764803561361606 -1.5320942130005997
leaf_weight=232 187 178 6849 618
leaf_count=232 187 178 6849 618
internal_value=-0.000486276 -0.109169 0.14265 -2.34665
internal_weight=8064 7877 7081 796
internal_count=8064 7877 7081 796
is_linear=0
shrinkage=0.05


Tree=44
num_leaves=5
num_cat=0
split_feature=2 0 1 8
split_gain=1.44872e+06 1.78407e+06 1.59737e+06 704545
threshold=414.41895714285744 5814.3264500000014 -328.78199999999987 12.166666666666668
decision_type=2 2 2 2
left_child=1 2 -1 -3
right_child=-2 3 -4 -5
leaf_value=4.2468138208958957 3.7386019005124789 -5.3417136996639947 -0.024817576869576526 -1.6279565686980886
leaf_weight=225 250 172 6923 494
leaf_count=225 250 172 6923 494
internal_value=-0.000449209 -0.120539 0.110217 -2.59364
internal_weight=8064 7814 7148 666
internal_count=8064 7814 7148 666
is_linear=0
shrinkage=0.05


Tree=45
num_leaves=5
num_cat=0
split_feature=1 2 0 4
split_gain=1.36814e+06 1.28501e+06 593885 340874
threshold=386.23845000000011 461.10903571428577 4993.3383500000009 1.0000000180025095e-35
decision_type=2 2 2 2
left_child=1 2 -1 -2
right_child=3 -3 -4 -5
leaf_value=0.20995093876786411 -4.6903242117056818 4.2359002948444795 -1.1216316647858668 -1.610901397306745
leaf_weight=6553 162 186 959 204
leaf_count=6553 162 186 959 204
internal_value=-0.00042061 0.141754 0.0398312 -2.98299
internal_weight=8064 7698 7512 366
internal_count=8064 7698 7512 366
is_linear=0
shrinkage=0.05


Tree=46
num_leaves=7
num_cat=0
split_feature=2 0 3 3 4 8
split_gain=1.29773e+06 1.91799e+06 1.79467e+06 1.76766e+06 1.49884e+06 1.14332e+06
threshold=77.418428571428663 1043.6737500000002 -32.241250347222369 48.61077534722245 0.34202014332566882 12.666666666666668
decision_type=2 2 2 2 2 2
left_child=1 -1 4 -4 -2 -3
right_child=2 5 3 -5 -6 -7
leaf_value=0.16679176402296586 1.0443250204411914 -2.2985548830758029 3.827829533753468 -2.015944889402371 -4.0798431895570273 2.3564052623428711
leaf_weight=5026 416 1383 721 157 216 145
leaf_count=5026 416 1383 721 157 216 145
internal_value=-0.000418029 -0.304913 1.32054 2.78177 -0.710652 -1.85557
internal_weight=8064 6554 1510 878 632 1528
internal_count=8064 6554 1510 878 632 1528
is_linear=0
shrinkage=0.05


Tree=47
num_leaves=6
num_cat=0
split_feature=1 0 2 8 3
split_gain=1.19358e+06 1.27172e+06 1.07813e+06 1.01943e+06 976829
threshold=-407.30350000000038 4993.3383500000009 132.60887857142879 12.166666666666668 48.61077534722245
decision_type=2 2 2 2 2
left_child=3 2 -2 -1 -3
right_child=1 4 -4 -5 -6
leaf_value=5.4793568146961364 -0.045760638572492088 -0.9907639210911251 2.4668701614299895 0.28963150753833283 -4.8043736778127339
leaf_weight=178 6109 913 458 201 205
leaf_count=178 6109 913 458 201 205
internal_value=-0.000403331 -0.135644 0.129826 2.73503 -1.69371
internal_weight=8064 7685 6567 379 1118
internal_count=8064 7685 6567 379 1118
is_linear=0
shrinkage=0.05


Tree=48
num_leaves=6
num_cat=0
split_feature=0 1 2 3 2
split_gain=1.10548e+06 1.80734e+06 689706 983134 643550
threshold=5671.6313000000009 -510.70590000000033 -235.10227142857181 2.9852111111111985 77.418428571428663
decision_type=2 2 2 2 2
left_child=1 -1 -2 -4 -3
right_child=2 4 3 -5 -6
leaf_value=5.5968222928674605 -4.4539675532106582 -0.10655249621440217 -2.5405856895329331 1.3032553490158831 1.2701792317370884
leaf_weight=151 178 6063 405 281 986
leaf_count=151 178 6063 405 281 986
internal_value=-0.00036831 0.202507 -1.68927 -0.966463 0.0861748
internal_weight=8064 7200 864 686 7049
internal_count=8064 7200 864 686 7049
is_linear=0
shrinkage=0.05


Tree=49
num_leaves=5
num_cat=0
split_feature=2 0 1 2
split_gain=1.04667e+06 1.13356e+06 1.07999e+06 512172
threshold=461.10903571428577 5671.6313000000009 -328.78199999999987 -235.10227142857181
decision_type=2 2 2 2
left_child=1 2 -1 -3
right_child=-2 3 -4 -5
leaf_value=3.4604955055171334 3.6866727481497095 -4.2325132897113296 -0.0010121184446624596 -1.1916081862683636
leaf_weight=232 187 178 6849 618
leaf_count=232 187 178 6849 618
internal_value=-0.000343264 -0.0883299 0.112872 -1.87607
internal_weight=8064 7877 7081 796
internal_count=8064 7877 7081 796
is_linear=0
shrinkage=0.05


Tree=50
num_leaves=7
num_cat=0
split_feature=1 2 3 0 3 4
split_gain=979495 857601 1.69959e+06 794765 693039 800261
threshold=250.79835000000028 94.369835714285514 -32.241250347222369 1395.4541000000002 -6.5565197916665729 -0.15208718494349127
decision_type=2 2 2 2 2 2
left_child=1 3 -3 -1 -2 -6
right_child=4 2 -4 -5 5 -7
leaf_value=0.15591384189305535 0.78314787382967987 -0.73689149085006911 2.864398911283653 -1.3970878643575189 -5.6609694887851099 -1.2782714055960671
leaf_weight=5141 170 577 756 980 169 271
leaf_count=5141 170 577 756 980 169 271
internal_value=-0.000315422 0.157424 1.30617 -0.0929164 -1.92494 -2.97065
internal_weight=8064 7454 1333 6121 610 440
internal_count=8064 7454 1333 6121 610 440
is_linear=0
shrinkage=0.05


Tree=51
num_leaves=5
num_cat=0
split_feature=2 0 2 3
split_gain=933972 1.0125e+06 1.17394e+06 685412
threshold=461.10903571428577 4993.3383500000009 132.60887857142879 48.61077534722245
decision_type=2 2 2 2
left_child=1 2 -1 -3
right_child=-2 3 -4 -5
leaf_value=-0.035636022830778401 3.482534543630925 -0.86520277109099575 2.4151705538036685 -4.0043433682123819
leaf_weight=6121 187 1017 530 209
leaf_count=6121 187 1017 530 209
internal_value=-0.000332325 -0.0834472 0.159996 -1.40317
internal_weight=8064 7877 6651 1226
internal_count=8064 7877 6651 1226
is_linear=0
shrinkage=0.05


Tree=52
num_leaves=5
num_cat=0
split_feature=1 2 3 4
split_gain=848337 828801 566710 283127
threshold=386.23845000000011 461.10903571428577 -87.47590763888887 1.0000000180025095e-35
decision_type=2 2 2 2
left_child=1 2 -1 -2
right_child=3 -3 -4 -5
leaf_value=-1.5401142836956496 -3.9038799790516956 3.3996696303872507 0.1498905718068787 -1.101060991781514
leaf_weight=533 162 186 6979 204
leaf_count=533 162 186 6979 204
internal_value=-0.000309554 0.111645 0.0297904 -2.34891
internal_weight=8064 7698 7512 366
internal_count=8064 7698 7512 366
is_linear=0
shrinkage=0.05


Tree=53
num_leaves=7
num_cat=0
split_feature=0 5 0 4 4 3
split_gain=802845 1.65051e+06 921441 866403 662437 2.07969e+06
threshold=5671.6313000000009 -0.91509365977396839 4993.3383500000009 -0.15208718494349127 0.15208718494349097 -4.6222663194444058
decision_type=2 2 2 2 2 2
left_child=1 3 -3 -1 5 -2
right_child=4 2 -4 -5 -6 -7
leaf_value=0.97237544471445758 2.933264526560551 0.11320879319046487 -3.1975858597711486 6.1705841340704595 -3.2726057678650897 -3.2197254765193204
leaf_weight=155 253 6663 216 166 313 298
leaf_count=155 253 6663 216 166 313 298
internal_value=-0.000312654 0.172577 0.00880047 3.67136 -1.43959 -0.394291
internal_weight=8064 7200 6879 321 864 551
internal_count=8064 7200 6879 321 864 551
is_linear=0
shrinkage=0.05


Tree=54
num_leaves=6
num_cat=0
split_feature=2 0 1 3 8
split_gain=757507 949959 1.14095e+06 794024 782102
threshold=342.97646428571471 5814.3264500000014 -328.78199999999987 -32.241250347222369 12.166666666666668
decision_type=2 2 2 2 2
left_child=1 2 -1 -2 -3
right_child=3 4 -4 -5 -6
leaf_value=4.0447715161437436 -0.076054999853173891 -4.9049576563035657 -0.043412037122795621 4.5132529092091387 -0.90615451023468507
leaf_weight=174 191 166 6889 185 459
leaf_count=174 191 166 6889 185 459
internal_value=-0.000293917 -0.107587 0.0578604 2.18796 -1.97438
internal_weight=8064 7688 7063 376 625
internal_count=8064 7688 7063 376 625
is_linear=0
shrinkage=0.05


Tree=55
num_leaves=5
num_cat=0
split_feature=2 0 2 3
split_gain=695196 794955 1.01227e+06 661546
threshold=461.10903571428577 4993.3383500000009 132.60887857142879 7.2447708333334058
decision_type=2 2 2 2
left_child=1 2 -1 -3
right_child=-2 3 -4 -5
leaf_value=-0.037921953972167043 3.0045932084956068 -2.2205181610571789 2.2378813097663857 0.13497204887890302
leaf_weight=6121 187 716 530 510
leaf_count=6121 187 716 530 510
internal_value=-0.000262927 -0.0719706 0.14374 -1.24135
internal_weight=8064 7877 6651 1226
internal_count=8064 7877 6651 1226
is_linear=0
shrinkage=0.05


Tree=56
num_leaves=6
num_cat=0
split_feature=1 3 0 3 2
split_gain=656969 874125 692094 1.00048e+06 712438
threshold=-407.30350000000038 -32.241250347222369 4993.3383500000009 -36.66323715277769 208.53978571428539
decision_type=2 2 2 2 2
left_child=1 -1 4 -4 -2
right_child=2 -3 3 -5 -6
leaf_value=0.038620232744554506 -0.0021238326022704605 4.9184752646569283 -3.9881464879800377 -0.43309420534730098 2.879474986861418
leaf_weight=225 6346 154 256 862 221
leaf_count=225 6346 154 256 862 221
internal_value=-0.000230456 2.02919 -0.100566 -1.24997 0.0952746
internal_weight=8064 379 7685 1118 6567
internal_count=8064 379 7685 1118 6567
is_linear=0
shrinkage=0.05


Tree=57
num_leaves=5
num_cat=0
split_feature=1 2 3 4
split_gain=640356 600501 513169 257553
threshold=386.23845000000011 461.10903571428577 -87.47590763888887 1.0000000180025095e-35
decision_type=2 2 2 2
left_child=1 2 -1 -2
right_child=3 -3 -4 -5
leaf_value=-1.4665103573840435 -3.5233388306904425 2.8958369290764958 0.14168117277911282 -0.85185503498810089
leaf_weight=533 162 186 6979 204
leaf_count=533 162 186 6979 204
internal_value=-0.000197762 0.0970697 0.0273949 -2.04069
internal_weight=8064 7698 7512 366
internal_count=8064 7698 7512 366
is_linear=0
shrinkage=0.05


Tree=58
num_leaves=7
num_cat=0
split_feature=2 3 0 3 3 2
split_gain=600304 1.72577e+06 1.25896e+06 1.25214e+06 496000 253752
threshold=61.667335714285862 -70.700591319444342 722.90625000000011 48.61077534722245 -6.5565197916665729 245.97277857142834
decision_type=2 2 2 2 2 2
left_child=2 5 -1 -3 -4 -2
right_child=1 3 4 -5 -6 -7
leaf_value=0.17177648139209212 -3.2180153367657698 2.4267500114120706 -0.33755581213855895 -2.0643857180540048 -2.1914026990922175 -0.67817086142269867
leaf_weight=4907 208 1060 589 181 932 187
leaf_count=4907 208 1060 589 181 932 187
internal_value=-0.000205263 0.854613 -0.217866 1.77058 -1.4742 -2.02036
internal_weight=8064 1636 6428 1241 1521 395
internal_count=8064 1636 6428 1241 1521 395
is_linear=0
shrinkage=0.05


Tree=59
num_leaves=7
num_cat=0
split_feature=0 5 0 4 4 3
split_gain=558815 1.42243e+06 776582 765817 611274 1.87851e+06
threshold=5671.6313000000009 -0.91509365977396839 4993.3383500000009 -0.15208718494349127 0.15208718494349097 -4.6222663194444058
decision_type=2 2 2 2 2 2
left_child=1 3 -3 -1 5 -2
right_child=4 2 -4 -5 -6 -7
leaf_value=0.85503323261554431 2.964908693719098 0.087824260796270953 -2.951606152862448 5.7416736834866562 -2.9617557473623073 -2.8828418477123798
leaf_weight=155 253 6663 216 166 313 298
leaf_count=155 253 6663 216 166 313 298
internal_value=-0.000231517 0.144009 -0.00802873 3.39206 -1.20101 -0.197252
internal_weight=8064 7200 6879 321 864 551
internal_count=8064 7200 6879 321 864 551
is_linear=0
shrinkage=0.05


Tree=60
num_leaves=7
num_cat=0
split_feature=2 3 3 0 2 2
split_gain=528649 1.58358e+06 1.10943e+06 1.09431e+06 452974 223912
threshold=61.667335714285862 -70.700591319444342 48.61077534722245 722.90625000000011 -13.328850000000186 245.97277857142834
decision_type=2 2 2 2 2 2
left_child=3 5 -3 -1 -5 -2
right_child=1 2 -4 4 -6 -7
leaf_value=0.15879908322698488 -3.0771136333640112 2.2970332274274878 -1.9304488179447887 -0.79475150939478434 -2.6587343774500152 -0.6908327483908927
leaf_weight=4907 208 1060 181 1048 473 187
leaf_count=4907 208 1060 181 1048 473 187
internal_value=-0.000214664 0.801965 1.6794 -0.204472 -1.37578 -1.952
internal_weight=8064 1636 1241 6428 1521 395
internal_count=8064 1636 1241 6428 1521 395
is_linear=0
shrinkage=0.05


Tree=61
num_leaves=7
num_cat=0
split_feature=0 5 0 4 4 3
split_gain=492019 1.26514e+06 696810 688677 552540 1.695e+06
threshold=5671.6313000000009 -0.91509365977396839 4993.3383500000009 -0.15208718494349127 0.15208718494349097 -4.6222663194444058
decision_type=2 2 2 2 2 2
left_child=1 3 -3 -1 5 -2
right_child=4 2 -4 -5 -6 -7
leaf_value=0.79259518354366998 2.8310190355214551 0.082511044051395463 -2.7965807767293076 5.42643456930172 -2.8009915200768005 -2.7237522397950347
leaf_weight=155 253 6663 216 166 313 298
leaf_count=155 253 6663 216 166 313 298
internal_value=-0.000245435 0.1351 -0.00828553 3.19832 -1.12698 -0.172687
internal_weight=8064 7200 6879 321 864 551
internal_count=8064 7200 6879 321 864 551
is_linear=0
shrinkage=0.05


Tree=62
num_leaves=6
num_cat=0
split_feature=2 0 1 5 4
split_gain=471372 570157 781168 528866 456477
threshold=375.30039999999991 5903.0599000000011 -328.78199999999987 -0.94670478576706751 -0.15208718494349127
decision_type=2 2 2 2 2
left_child=1 2 -1 -2 -3
right_child=3 4 -4 -5 -6
leaf_value=3.0802031409971922 3.8614537948515357 0.76252573620888497 -0.044030657432355624 -0.24509570219658861 -2.4009492654224922
leaf_weight=205 163 154 6958 150 434
leaf_count=205 163 154 6958 150 434
internal_value=-0.000228142 -0.0771554 0.0458002 1.89895 -1.57253
internal_weight=8064 7751 7163 313 588
internal_count=8064 7751 7163 313 588
is_linear=0
shrinkage=0.05


Tree=63
num_leaves=5
num_cat=0
split_feature=2 8 1 3
split_gain=435503 504991 958029 702621
threshold=-275.83035000000012 12.166666666666668 -328.78199999999987 -3.775231249999933
decision_type=2 2 2 2
left_child=-1 2 -2 -3
right_child=1 3 -4 -5
leaf_value=-2.2983845098101678 3.5126294335146913 -1.003212133996864 0.24677807216379766 0.39071631858229061
leaf_weight=200 237 1996 3980 1651
leaf_count=200 237 1996 3980 1651
internal_value=-0.000185648 0.0585477 0.431112 -0.372245
internal_weight=8064 7864 4217 3647
internal_count=8064 7864 4217 3647
is_linear=0
shrinkage=0.05


Tree=64
num_leaves=7
num_cat=0
split_feature=2 3 3 0 2 3
split_gain=415250 1.44573e+06 976030 911067 436340 217914
threshold=61.667335714285862 -70.700591319444342 48.61077534722245 722.90625000000011 -13.328850000000186 -87.47590763888887
decision_type=2 2 2 2 2 2
left_child=3 5 -3 -1 -5 -2
right_child=1 2 -4 4 -6 -7
leaf_value=0.15026268713134883 -3.2062259561320148 2.1285070949622926 -1.836620643767682 -0.67982546992536053 -2.5090456184204122 -0.84518466885738119
leaf_weight=4907 179 1060 181 1048 473 216
leaf_count=4907 179 1060 181 1048 473 216
internal_value=-0.000171103 0.710785 1.54918 -0.1812 -1.24995 -1.92052
internal_weight=8064 1636 1241 6428 1521 395
internal_count=8064 1636 1241 6428 1521 395
is_linear=0
shrinkage=0.05


Tree=65
num_leaves=5
num_cat=0
split_feature=2 0 3 2
split_gain=410443 490755 735822 707837
threshold=461.10903571428577 4993.3383500000009 7.2447708333334058 94.369835714285514
decision_type=2 2 2 2
left_child=1 3 -3 -1
right_child=-2 2 -4 -5
leaf_value=-0.064797752160728292 2.3086495938136227 -2.006825677366769 0.47686492415790227 1.6004309795911498
leaf_weight=5937 187 716 510 714
leaf_count=5937 187 716 510 714
internal_value=-0.000204688 -0.055303 -0.974096 0.114182
internal_weight=8064 7877 1226 6651
internal_count=8064 7877 1226 6651
is_linear=0
shrinkage=0.05


Tree=66
num_leaves=4
num_cat=0
split_feature=3 2 0
split_gain=387456 810163 440724
threshold=-145.21431284722209 461.10903571428577 4993.3383500000009
decision_type=2 2 2
left_child=-1 2 -2
right_child=1 -3 -4
leaf_value=-2.5614646024539556 0.13578414554831142 3.5029410925660147 -0.89839903202611515
leaf_weight=144 6533 165 1222
leaf_count=144 6533 165 1222
internal_value=-0.000180106 0.0467062 -0.0272729
internal_weight=8064 7920 7755
internal_count=8064 7920 7755
is_linear=0
shrinkage=0.05


Tree=67
num_leaves=7
num_cat=0
split_feature=3 0 1 5 3 5
split_gain=363541 1.17338e+06 918745 465934 414925 525.183
threshold=-94.367971180555614 1735.7414000000001 -407.30350000000038 -0.94670478576706751 -72.35477326388876 0.49999999999999978
decision_type=2 2 2 2 2 2
left_child=1 5 3 -2 -4 -1
right_child=2 -3 4 -5 -6 -7
leaf_value=0.50635101976065799 4.6548499487913579 -5.0778931253942954 1.3285440907249062 0.84833062628195399 -0.13952129779716371 0.36240205962082439
leaf_weight=144 155 144 517 167 6793 144
leaf_count=144 155 144 517 167 6793 144
internal_value=-0.000169997 -1.40953 0.0797792 2.6894 -0.0355248 0.43588
internal_weight=8064 432 7632 322 7310 288
internal_count=8064 432 7632 322 7310 288
is_linear=0
shrinkage=0.05


Tree=68
num_leaves=5
num_cat=0
split_feature=2 8 1 3
split_gain=361355 459483 812221 635824
threshold=-275.83035000000012 12.166666666666668 -328.78199999999987 -3.775231249999933
decision_type=2 2 2 2
left_child=-1 2 -2 -3
right_child=1 3 -4 -5
leaf_value=-2.0935796667094255 3.2460859013705696 -0.95779424442232974 0.23900422662743612 0.36822156237289494
leaf_weight=200 237 1996 3980 1651
leaf_count=200 237 1996 3980 1651
internal_value=-0.000146104 0.0533543 0.408735 -0.357569
internal_weight=8064 7864 4217 3647
internal_count=8064 7864 4217 3647
is_linear=0
shrinkage=0.05


Tree=69
num_leaves=4
num_cat=0
split_feature=3 2 0
split_gain=341426 688148 411004
threshold=-145.21431284722209 375.30039999999991 5814.3264500000014
decision_type=2 2 2
left_child=-1 2 -2
right_child=1 -3 -4
leaf_value=-2.4044708895066691 0.064614715226568614 2.4431135634219068 -1.25635122214654
leaf_weight=144 6991 287 642
leaf_count=144 6991 287 642
internal_value=-0.000133828 0.0438794 -0.0466397
internal_weight=8064 7920 7633
internal_count=8064 7920 7633
is_linear=0
shrinkage=0.05


Tree=70
num_leaves=6
num_cat=0
split_feature=1 3 5 1 4
split_gain=323072 352070 1.06809e+06 709966 240933
threshold=386.23845000000011 -94.367971180555614 -0.48087430661751701 -407.30350000000038 1.0000000180025095e-35
decision_type=2 2 2 2 2
left_child=1 2 -1 -3 -2
right_child=4 3 -4 -5 -6
leaf_value=-4.7972768224265483 -2.8827985664086841 2.4427612088792947 0.46043269356282857 0.044707996541280548 -0.3027633857363608
leaf_weight=145 162 322 285 6946 204
leaf_count=145 162 322 285 6946 204
internal_value=-0.000134284 0.0689544 -1.31953 0.151272 -1.44949
internal_weight=8064 7698 430 7268 366
internal_count=8064 7698 430 7268 366
is_linear=0
shrinkage=0.05


Tree=71
num_leaves=7
num_cat=0
split_feature=0 5 1 1 10 0
split_gain=313445 980411 656108 1.0988e+06 769659 610956
threshold=5671.6313000000009 -0.91509365977396839 102.29670000000011 386.23845000000011 0.51370892018779346 4659.6255500000016
decision_type=2 2 2 2 2 2
left_child=1 -1 4 -4 -2 -3
right_child=2 5 3 -5 -6 -7
leaf_value=2.8044434518640085 -4.0004175268402395 0.093318510934544685 3.2884816396328591 -1.9251436193972404 0.10880892468661796 -2.0061193963543316
leaf_weight=321 257 6514 193 210 204 365
leaf_count=321 257 6514 193 210 204 365
internal_value=-0.000158781 0.107869 -0.89947 0.573664 -2.18572 -0.0183531
internal_weight=8064 7200 864 403 461 6879
internal_count=8064 7200 864 403 461 6879
is_linear=0
shrinkage=0.05


Tree=72
num_leaves=7
num_cat=0
split_feature=2 3 3 4 0 2
split_gain=307489 1.27891e+06 1.1463e+06 1.1402e+06 697743 427550
threshold=61.667335714285862 -32.241250347222369 48.61077534722245 0.34202014332566882 722.90625000000011 -13.328850000000186
decision_type=2 2 2 2 2 2
left_child=4 3 -3 -2 -1 -6
right_child=1 2 -4 -5 5 -7
leaf_value=0.13413279461461866 0.46000098265534223 2.5896413070697211 -1.8137614286207893 -3.8601850523224357 -0.52706718496601856 -2.3374829482805879
leaf_weight=4907 429 790 181 236 1048 473
leaf_count=4907 429 790 181 236 1048 473
internal_value=-0.000160989 0.61163 1.7678 -1.07667 -0.15594 -1.09124
internal_weight=8064 1636 971 665 6428 1521
internal_count=8064 1636 971 665 6428 1521
is_linear=0
shrinkage=0.05


Tree=73
num_leaves=7
num_cat=0
split_feature=8 0 1 3 3 0
split_gain=292509 857473 815186 782299 1.13028e+06 667518
threshold=12.166666666666668 5814.3264500000014 -77.851650000000276 -72.35477326388876 -34.507317361111284 2080.7524500000004
decision_type=2 2 2 2 2 2
left_child=1 2 -1 5 -5 -2
right_child=3 -3 -4 4 -6 -7
leaf_value=2.0884759888732431 0.27399289588857861 -3.1586075607730058 0.12903841165276023 -2.3358232062583824 -0.097632222111896122 4.4277163866448079
leaf_weight=624 287 173 3523 720 2592 145
leaf_count=624 287 173 3523 720 2592 145
internal_value=-0.000186137 0.280128 0.424308 -0.323613 -0.584754 1.67519
internal_weight=8064 4320 4147 3744 3312 432
internal_count=8064 4320 4147 3744 3312 432
is_linear=0
shrinkage=0.05


Tree=74
num_leaves=7
num_cat=0
split_feature=3 0 3 0 3 5
split_gain=296996 996564 689795 1.51853e+06 1.25891e+06 634.476
threshold=-94.367971180555614 1735.7414000000001 -72.35477326388876 3394.4501500000001 -70.700591319444342 0.49999999999999978
decision_type=2 2 2 2 2 2
left_child=1 5 3 -2 -4 -1
right_child=2 -3 4 -5 -6 -7
leaf_value=0.5031840669081129 0.19979662732898909 -4.6547250021737199 -3.2955788335173191 6.0233854113440763 0.074168510924821671 0.34704370169804016
leaf_weight=144 425 144 288 151 6768 144
leaf_count=144 425 144 288 151 6768 144
internal_value=-0.000168603 -1.27402 0.0720938 1.73426 -0.0638197 0.426585
internal_weight=8064 432 7632 576 7056 288
internal_count=8064 432 7632 576 7056 288
is_linear=0
shrinkage=0.05


Tree=75
num_leaves=4
num_cat=0
split_feature=3 2 8
split_gain=279411 553318 400582
threshold=-145.21431284722209 461.10903571428577 12.666666666666668
decision_type=2 2 2
left_child=-1 2 -2
right_child=1 -3 -4
leaf_value=-2.1752105493381104 -0.13348945406588295 2.8959542648619916 1.1311727104065981
leaf_weight=144 7069 165 686
leaf_count=144 7069 165 686
internal_value=-0.000165147 0.0396508 -0.0214872
internal_weight=8064 7920 7755
internal_count=8064 7920 7755
is_linear=0
shrinkage=0.05


Tree=76
num_leaves=7
num_cat=0
split_feature=0 5 1 1 10 1
split_gain=276014 817184 646591 1.06136e+06 734106 420916
threshold=5671.6313000000009 -0.94670478576706751 84.520600000000073 315.30554999999964 0.51370892018779346 102.29670000000011
decision_type=2 2 2 2 2 2
left_child=1 -1 4 -4 -2 -3
right_child=2 5 3 -5 -6 -7
leaf_value=3.1447166788800853 -3.9566835347874711 0.12517404129817375 3.803897025049487 -1.3849807646438368 0.12624334336499574 -1.2770233782595151
leaf_weight=213 250 6404 157 261 196 583
leaf_count=213 250 6404 157 261 196 583
internal_value=-0.000146238 0.101226 -0.844054 0.568379 -2.16612 0.00800774
internal_weight=8064 7200 864 418 446 6987
internal_count=8064 7200 864 418 446 6987
is_linear=0
shrinkage=0.05


Tree=77
num_leaves=6
num_cat=0
split_feature=3 1 0 8 5
split_gain=263926 594990 415887 306514 229784
threshold=76.512215277777628 386.23845000000011 6004.683500000001 12.166666666666668 1.0000000180025095e-35
decision_type=2 2 2 2 2
left_child=1 3 -3 -1 -2
right_child=4 2 -4 -5 -6
leaf_value=0.32535274658547469 2.8885542156161934 -0.57434060644609319 -4.1185940010906901 -0.32036656508119798 0.068298632934175693
leaf_weight=4128 144 192 145 3311 144
leaf_count=4128 144 192 145 3311 144
internal_value=-0.000135322 -0.05527 -2.10699 0.0379472 1.48354
internal_weight=8064 7776 337 7439 288
internal_count=8064 7776 337 7439 288
is_linear=0
shrinkage=0.05


Tree=78
num_leaves=7
num_cat=0
split_feature=3 5 3 0 3 5
split_gain=260951 1.60729e+06 953032 1.73706e+06 1.14465e+06 15063.8
threshold=-87.47590763888887 -0.6913484944011038 -72.35477326388876 1897.6257500000004 -70.700591319444342 0.065387565056496968
decision_type=2 2 2 2 2 2
left_child=1 -1 3 -2 -4 -3
right_child=2 5 4 -5 -6 -7
leaf_value=-5.4974507778082922 0.10824798915058272 0.92958513651213615 -3.142530041247297 6.81891475576779 0.070660783788393688 0.30914191911366873
leaf_weight=148 288 152 288 144 6768 276
leaf_count=148 288 152 288 144 6768 276
internal_value=-0.000139288 -1.02472 0.0788006 2.35572 -0.0609166 0.531139
internal_weight=8064 576 7488 432 7056 428
internal_count=8064 576 7488 432 7056 428
is_linear=0
shrinkage=0.05


Tree=79
num_leaves=4
num_cat=0
split_feature=3 2 8
split_gain=246324 482586 375967
threshold=-145.21431284722209 461.10903571428577 12.666666666666668
decision_type=2 2 2
left_child=-1 2 -2
right_child=1 -3 -4
leaf_value=-2.0423422923170285 -0.12835404582819251 2.7047475299562316 1.0968373736809245
leaf_weight=144 7069 165 686
leaf_count=144 7069 165 686
internal_value=-0.000134826 0.0372494 -0.0198473
internal_weight=8064 7920 7755
internal_count=8064 7920 7755
is_linear=0
shrinkage=0.05


Tree=80
num_leaves=7
num_cat=0
split_feature=8 0 1 3 0 10
split_gain=247946 723145 741439 616886 968884 615605
threshold=12.166666666666668 5814.3264500000014 -359.1613499999998 -72.35477326388876 158.82460000000003 0.40690476190476194
decision_type=2 2 2 2 2 2
left_child=1 2 -1 5 -5 -2
right_child=3 -3 -4 4 -6 -7
leaf_value=3.400192847037927 -0.61258160124986605 -2.8999589615854724 0.24183239861413625 0.19978974325759863 -1.5317814303980006 3.1758244363209194
leaf_weight=194 194 173 3953 1917 1395 238
leaf_count=194 194 173 3953 1917 1395 238
internal_value=-0.000117975 0.257961 0.390367 -0.297891 -0.529783 1.47706
internal_weight=8064 4320 4147 3744 3312 432
internal_count=8064 4320 4147 3744 3312 432
is_linear=0
shrinkage=0.05


Tree=81
num_leaves=7
num_cat=0
split_feature=3 5 3 0 3 5
split_gain=242043 1.48808e+06 797469 1.53978e+06 1.03812e+06 13587.7
threshold=-87.47590763888887 -0.6913484944011038 -72.35477326388876 1897.6257500000004 -70.700591319444342 0.065387565056496968
decision_type=2 2 2 2 2 2
left_child=1 -1 3 -2 -4 -3
right_child=2 5 4 -5 -6 -7
leaf_value=-5.2905249976471769 0.042947037226381907 0.88862889627226049 -2.98659186816958 6.3608485507965087 0.073423286865610227 0.29931714573491786
leaf_weight=148 288 152 288 144 6768 276
leaf_count=148 288 152 288 144 6768 276
internal_value=-9.9844e-05 -0.986858 0.0759263 2.15874 -0.0518808 0.510189
internal_weight=8064 576 7488 432 7056 428
internal_count=8064 576 7488 432 7056 428
is_linear=0
shrinkage=0.05


Tree=82
num_leaves=5
num_cat=0
split_feature=3 0 3 5
split_gain=236297 537884 387813 218573
threshold=76.512215277777628 6584.5832000000009 48.61077534722245 1.0000000180025095e-35
decision_type=2 2 2 2
left_child=1 2 -1 -2
right_child=3 -3 -4 -5
leaf_value=0.15367232469956754 2.7740754432102732 -2.2282257718979008 -0.9941663137108917 0.023787034852751372
leaf_weight=6677 144 273 826 144
leaf_count=6677 144 273 826 144
internal_value=-9.86434e-05 -0.0522677 0.0271919 1.40377
internal_weight=8064 7776 7503 288
internal_count=8064 7776 7503 288
is_linear=0
shrinkage=0.05


Tree=83
num_leaves=7
num_cat=0
split_feature=2 3 6 3 0 8
split_gain=234140 1.1525e+06 1.06347e+06 1.05346e+06 539266 995296
threshold=61.667335714285862 -32.241250347222369 -0.64278760968653958 48.61077534722245 430.04115000000007 12.666666666666668
decision_type=2 2 2 2 2 2
left_child=4 2 -2 -3 -1 -6
right_child=1 3 -4 -5 5 -7
leaf_value=0.12852293814064383 -3.9827021386894126 2.4192182333256897 0.30051758450164673 -1.8019287781728495 -1.3236510516772437 2.9799285208554687
leaf_weight=4820 212 790 453 181 1461 147
leaf_count=4820 212 790 453 181 1461 147
internal_value=-9.53898e-05 0.533763 -1.06889 1.63133 -0.13603 -0.928619
internal_weight=8064 1636 665 971 6428 1608
internal_count=8064 1636 665 971 6428 1608
is_linear=0
shrinkage=0.05


Tree=84
num_leaves=7
num_cat=0
split_feature=8 0 1 3 0 10
split_gain=229304 626808 685015 531789 868690 536039
threshold=12.166666666666668 5814.3264500000014 -77.851650000000276 -72.35477326388876 158.82460000000003 0.40690476190476194
decision_type=2 2 2 2 2 2
left_child=1 2 -1 5 -5 -2
right_child=3 -3 -4 4 -6 -7
leaf_value=1.8968809314489368 -0.58832410899492416 -2.6919744011999551 0.1006944909102995 0.18905878287970213 -1.4505369440724483 2.9467311476252069
leaf_weight=624 194 173 3523 1917 1395 238
leaf_count=624 194 173 3523 1917 1395 238
internal_value=-9.85571e-05 0.248089 0.371359 -0.286459 -0.501761 1.36154
internal_weight=8064 4320 4147 3744 3312 432
internal_count=8064 4320 4147 3744 3312 432
is_linear=0
shrinkage=0.05


Tree=85
num_leaves=6
num_cat=0
split_feature=3 0 1 3 5
split_gain=230012 761438 536837 236181 382.882
threshold=-94.367971180555614 1735.7414000000001 -510.70590000000033 -72.35477326388876 0.49999999999999978
decision_type=2 2 2 2 2
left_child=1 4 -2 -4 -1
right_child=2 -3 3 -5 -6
leaf_value=0.42546388477857777 2.5565114143916539 -4.076220656993061 1.0019231539344255 -0.085841179489424435 0.30283368310537834
leaf_weight=144 209 144 537 6886 144
leaf_count=144 209 144 537 6886 144
internal_value=-9.11342e-05 -1.12113 0.0635024 -0.00702499 0.365409
internal_weight=8064 432 7632 7423 288
internal_count=8064 432 7632 7423 288
is_linear=0
shrinkage=0.05


Tree=86
num_leaves=5
num_cat=0
split_feature=3 0 3 5
split_gain=223891 471485 357865 210862
threshold=76.512215277777628 6711.1840000000002 72.229965624999878 1.0000000180025095e-35
decision_type=2 2 2 2
left_child=1 2 -1 -2
right_child=3 -3 -4 -5
leaf_value=0.063017050391346835 2.7123495870212029 -2.3542205599378105 -2.4451095489386856 0.011098768567216808
leaf_weight=7417 144 215 144 144
leaf_count=7417 144 215 144 144
internal_value=-8.58071e-05 -0.0508669 0.0149325 1.36644
internal_weight=8064 7776 7561 288
internal_count=8064 7776 7561 288
is_linear=0
shrinkage=0.05


Tree=87
num_leaves=7
num_cat=0
split_feature=3 6 0 2 10 8
split_gain=217624 794389 1.42632e+06 771672 993632 728510
threshold=-36.66323715277769 -0.86602540378443793 3238.5674000000004 61.667335714285862 0.58225352112676065 12.666666666666668
decision_type=2 2 2 2 2 2
left_child=1 2 -1 -2 -5 -3
right_child=3 5 -4 4 -6 -7
leaf_value=-0.17620786111801864 -0.10516512385617496 -0.35485184075680676 -6.3742593806900389 2.6258854094283577 -0.57834657218302499 2.5969181576907387
leaf_weight=255 4735 1666 145 635 390 238
leaf_count=255 4735 1666 145 635 390 238
internal_value=-9.39959e-05 -0.410684 -2.43329 0.164185 1.40734 0.0152889
internal_weight=8064 2304 400 5760 1025 1904
internal_count=8064 2304 400 5760 1025 1904
is_linear=0
shrinkage=0.05


Tree=88
num_leaves=7
num_cat=0
split_feature=8 3 5 5 3 0
split_gain=219174 587314 1.75868e+06 909328 473217 804696
threshold=12.166666666666668 48.61077534722245 -0.6913484944011038 -0.94670478576706751 -72.35477326388876 158.82460000000003
decision_type=2 2 2 2 2 2
left_child=1 3 -3 -1 -2 -6
right_child=4 2 -4 -5 5 -7
leaf_value=2.7531984055419563 1.2745310392308182 -5.9210169638438321 0.3853919146083174 0.2051903527063261 0.18172282426296593 -1.3963256347775035
leaf_weight=390 432 148 428 3354 1917 1395
leaf_count=390 432 148 428 3354 1917 1395
internal_value=-0.000103962 0.24254 -1.24246 0.471272 -0.280068 -0.483165
internal_weight=8064 4320 576 3744 3744 3312
internal_count=8064 4320 576 3744 3744 3312
is_linear=0
shrinkage=0.05


Tree=89
num_leaves=7
num_cat=0
split_feature=3 5 3 0 3 10
split_gain=214281 1.26248e+06 615718 1.43026e+06 910066 17528.1
threshold=-87.47590763888887 -0.6913484944011038 -72.35477326388876 1897.6257500000004 -70.700591319444342 0.85605633802816905
decision_type=2 2 2 2 2 2
left_child=1 -1 3 -2 -4 -3
right_child=2 5 4 -5 -6 -7
leaf_value=-4.8925869704092912 -0.13698653996403243 0.73135596048240825 -2.7886403779309106 5.9514790873691954 0.076436543182635985 0.086317729042407046
leaf_weight=148 288 241 288 144 6768 187
leaf_count=148 288 241 288 144 6768 187
internal_value=-0.000114363 -0.928561 0.071419 1.90156 -0.040884 0.450387
internal_weight=8064 576 7488 432 7056 428
internal_count=8064 576 7488 432 7056 428
is_linear=0
shrinkage=0.05


Tree=90
num_leaves=5
num_cat=0
split_feature=3 0 3 5
split_gain=204773 419930 310917 195150
threshold=76.512215277777628 6584.5832000000009 72.229965624999878 1.0000000180025095e-35
decision_type=2 2 2 2
left_child=1 2 -1 -2
right_child=3 -3 -4 -5
leaf_value=0.066698020143161091 2.601561451698172 -1.9713039831958548 -2.2713054003386666 0.0029507014669221026
leaf_weight=7359 144 273 144 144
leaf_count=7359 144 273 144 144
internal_value=-0.000114679 -0.0486793 0.0215296 1.30676
internal_weight=8064 7776 7503 288
internal_count=8064 7776 7503 288
is_linear=0
shrinkage=0.05


Tree=91
num_leaves=7
num_cat=0
split_feature=3 2 10 6 3 8
split_gain=202395 721000 896774 718999 1.3808e+06 669882
threshold=-36.66323715277769 61.667335714285862 0.58225352112676065 -0.86602540378443793 -72.773563194444577 12.666666666666668
decision_type=2 2 2 2 2 2
left_child=3 -2 -3 4 -1 -5
right_child=1 2 -4 5 -6 -7
leaf_value=1.4664633703547598 -0.10204843735764618 2.5175792174636382 -0.52651958920614195 -0.34575405493138406 -4.5891883239803084 2.4847499525197883
leaf_weight=150 4735 635 390 1666 250 238
leaf_count=150 4735 635 390 1666 250 238
internal_value=-0.000118692 0.158308 1.35995 -0.396081 -2.32032 0.00917755
internal_weight=8064 5760 1025 2304 400 1904
internal_count=8064 5760 1025 2304 400 1904
is_linear=0
shrinkage=0.05


Tree=92
num_leaves=7
num_cat=0
split_feature=8 0 1 3 0 0
split_gain=201236 579295 615379 391438 742841 517518
threshold=12.166666666666668 5814.3264500000014 -359.1613499999998 -72.35477326388876 158.82460000000003 2080.7524500000004
decision_type=2 2 2 2 2 2
left_child=1 2 -1 5 -5 -2
right_child=3 -3 -4 4 -6 -7
leaf_value=3.0929466214546792 -0.087048457707795845 -2.5940368963384084 0.21558345073667301 0.18573525594537679 -1.3304462934473269 3.569106226587949
leaf_weight=194 287 173 3953 1917 1395 145
leaf_count=194 287 173 3953 1917 1395 145
internal_value=-0.000107144 0.232395 0.350902 -0.268369 -0.453083 1.14554
internal_weight=8064 4320 4147 3744 3312 432
internal_count=8064 4320 4147 3744 3312 432
is_linear=0
shrinkage=0.05


Tree=93
num_leaves=7
num_cat=0
split_feature=3 5 3 0 3 10
split_gain=208388 1.17633e+06 514716 1.24266e+06 807387 16179.9
threshold=-87.47590763888887 -0.6913484944011038 -72.35477326388876 1897.6257500000004 -70.700591319444342 0.85605633802816905
decision_type=2 2 2 2 2 2
left_child=1 -1 3 -2 -4 -3
right_child=2 5 4 -5 -6 -7
leaf_value=-4.7420487367066766 -0.15628686239975134 0.68537371256812063 -2.6203297961645062 5.5187664500598252 0.078282867774304321 0.065749269042243361
leaf_weight=148 288 241 288 144 6768 187
leaf_count=148 288 241 288 144 6768 187
internal_value=-8.28652e-05 -0.915674 0.0704601 1.74377 -0.0322203 0.415434
internal_weight=8064 576 7488 432 7056 428
internal_count=8064 576 7488 432 7056 428
is_linear=0
shrinkage=0.05


Tree=94
num_leaves=4
num_cat=0
split_feature=3 2 8
split_gain=198213 349958 302501
threshold=-145.21431284722209 461.10903571428577 12.666666666666668
decision_type=2 2 2
left_child=-1 2 -2
right_child=1 -3 -4
leaf_value=-1.8320342904945901 -0.11250274162220504 2.3050118741321279 0.98648327814585901
leaf_weight=144 7069 165 686
leaf_count=144 7069 165 686
internal_value=-8.5973e-05 0.0334493 -0.0151728
internal_weight=8064 7920 7755
internal_count=8064 7920 7755
is_linear=0
shrinkage=0.05


Tree=95
num_leaves=7
num_cat=0
split_feature=8 0 1 0 3 3
split_gain=189992 521655 564529 334153 957928 10010.4
threshold=12.166666666666668 5814.3264500000014 -359.1613499999998 26.793750000000006 -72.35477326388876 -72.35477326388876
decision_type=2 2 2 2 2 2
left_child=1 2 -1 5 -5 -2
right_child=3 -3 -4 4 -6 -7
leaf_value=2.9646104982571728 -0.14717405518380608 -2.4562977581702432 0.20868807427387745 2.557591445413121 -1.2379953162426867 0.19221632141580186
leaf_weight=194 245 173 3953 187 1438 1874
leaf_count=194 245 173 3953 187 1438 1874
internal_value=-7.33292e-05 0.22584 0.338296 -0.260734 -0.799907 0.152925
internal_weight=8064 4320 4147 3744 1625 2119
internal_count=8064 4320 4147 3744 1625 2119
is_linear=0
shrinkage=0.05


Tree=96
num_leaves=7
num_cat=0
split_feature=3 2 10 6 0 3
split_gain=199552 670157 814906 656385 1.26989e+06 614676
threshold=-36.66323715277769 61.667335714285862 0.58225352112676065 -0.86602540378443793 3238.5674000000004 -30.366495486111145
decision_type=2 2 2 2 2 2
left_child=3 5 -3 4 -1 -2
right_child=1 2 -4 -5 -6 -7
leaf_value=-0.10231149073224516 1.9352826541537322 2.4192707552237778 -0.48258832577625504 -0.0060098120760083383 -5.950347025998652 -0.25361844852661741
leaf_weight=255 345 635 390 1904 145 4390
leaf_count=255 345 635 390 1904 145 4390
internal_value=-5.67568e-05 0.157253 1.31575 -0.393228 -2.23178 -0.0937565
internal_weight=8064 5760 1025 2304 400 4735
internal_count=8064 5760 1025 2304 400 4735
is_linear=0
shrinkage=0.05


Tree=97
num_leaves=7
num_cat=0
split_feature=3 1 3 3 0 6
split_gain=194285 1.40709e+06 682618 550808 2.63659e+06 666008
threshold=5.0601215277778246 -203.6622999999997 19.392639583333224 -4.6222663194444058 4993.3383500000009 -0.25881904510252018
decision_type=2 2 2 2 2 2
left_child=3 -2 -3 5 -5 -1
right_child=1 2 -4 4 -6 -7
leaf_value=-0.71417433858358303 4.5677713000512385 1.4644876106255416 -0.33844610335696595 -0.04105837499712315 -7.1854391926074328 0.60982675815414877
leaf_weight=1647 181 666 2465 707 157 2241
leaf_count=1647 181 666 2465 707 157 2241
internal_value=-6.90537e-05 0.293854 0.0454039 -0.204943 -1.34609 0.0489258
internal_weight=8064 3312 3131 4752 864 3888
internal_count=8064 3312 3131 4752 864 3888
is_linear=0
shrinkage=0.05


Tree=98
num_leaves=5
num_cat=0
split_feature=3 0 3 5
split_gain=189386 352942 278504 183383
threshold=76.512215277777628 6711.1840000000002 72.229965624999878 1.0000000180025095e-35
decision_type=2 2 2 2
left_child=1 2 -1 -2
right_child=3 -3 -4 -5
leaf_value=0.052569515850374816 2.511899488239453 -2.039646085706988 -2.1600444421274907 -0.0070827432336478396
leaf_weight=7417 144 215 144 144
leaf_count=7417 144 215 144 144
internal_value=-7.57473e-05 -0.0467802 0.01015 1.25674
internal_weight=8064 7776 7561 288
internal_count=8064 7776 7561 288
is_linear=0
shrinkage=0.05


Tree=99
num_leaves=6
num_cat=0
split_feature=3 0 1 3 5
split_gain=186362 597984 390588 172438 417.542
threshold=-94.367971180555614 1735.7414000000001 -510.70590000000033 76.512215277777628 0.49999999999999978
decision_type=2 2 2 2 2
left_child=1 4 -2 -4 -1
right_child=2 -3 3 -5 -6
leaf_value=0.36984467549827593 2.1836436108180455 -3.6279235611290765 -0.051489151847376707 1.1943382445709927 0.24452882479490903
leaf_weight=144 209 144 7135 288 144
leaf_count=144 209 144 7135 288 144
internal_value=-8.21371e-05 -1.00916 0.05716 -0.00299877 0.30825
internal_weight=8064 432 7632 7423 288
internal_count=8064 432 7632 7423 288
is_linear=0
shrinkage=0.05


end of trees

feature_importances:
Column_2=167
Column_3=111
Column_0=103
Column_1=46
Column_5=40
Column_8=30
Column_4=22
Column_10=9
Column_6=5
Column_7=2

parameters:
[boosting: gbdt]
[objective: regression]
[metric: l2]
[tree_learner: serial]
[device_type: cpu]
[data_sample_strategy: bagging]
[data: ]
[valid: ]
[num_iterations: 100]
[learning_rate: 0.05]
[num_leaves: 7]
[num_threads: 1]
[seed: 20250911]
[deterministic: 1]
[force_col_wise: 1]
[force_row_wise: 0]
[histogram_pool_size: -1]
[max_depth: 3]
[min_data_in_leaf: 144]
[min_sum_hessian_in_leaf: 0.001]
[bagging_fraction: 1]
[pos_bagging_fraction: 1]
[neg_bagging_fraction: 1]
[bagging_freq: 0]
[bagging_seed: 20250911]
[bagging_by_query: 0]
[feature_fraction: 1]
[feature_fraction_bynode: 1]
[feature_fraction_seed: 20250911]
[extra_trees: 0]
[extra_seed: 26685]
[early_stopping_round: 0]
[early_stopping_min_delta: 0]
[first_metric_only: 0]
[max_delta_step: 0]
[lambda_l1: 0]
[lambda_l2: 1]
[linear_lambda: 0]
[min_gain_to_split: 0]
[drop_rate: 0.1]
[max_drop: 50]
[skip_drop: 0.5]
[xgboost_dart_mode: 0]
[uniform_drop: 0]
[drop_seed: 2504]
[top_rate: 0.2]
[other_rate: 0.1]
[min_data_per_group: 100]
[max_cat_threshold: 32]
[cat_l2: 10]
[cat_smooth: 10]
[max_cat_to_onehot: 4]
[top_k: 20]
[monotone_constraints: ]
[monotone_constraints_method: basic]
[monotone_penalty: 0]
[feature_contri: ]
[forcedsplits_filename: ]
[refit_decay_rate: 0.9]
[cegb_tradeoff: 1]
[cegb_penalty_split: 0]
[cegb_penalty_feature_lazy: ]
[cegb_penalty_feature_coupled: ]
[path_smooth: 0]
[interaction_constraints: ]
[verbosity: -1]
[saved_feature_importance_type: 0]
[use_quantized_grad: 0]
[num_grad_quant_bins: 4]
[quant_train_renew_leaf: 0]
[stochastic_rounding: 1]
[linear_tree: 0]
[max_bin: 63]
[max_bin_by_feature: ]
[min_data_in_bin: 3]
[bin_construct_sample_cnt: 200000]
[data_random_seed: 20250911]
[is_enable_sparse: 1]
[enable_bundle: 1]
[use_missing: 1]
[zero_as_missing: 0]
[feature_pre_filter: 0]
[pre_partition: 0]
[two_round: 0]
[header: 0]
[label_column: ]
[weight_column: ]
[group_column: ]
[ignore_column: ]
[categorical_feature: ]
[forcedbins_filename: ]
[precise_float_parser: 0]
[parser_config_file: ]
[objective_seed: 19683]
[num_class: 1]
[is_unbalance: 0]
[scale_pos_weight: 1]
[sigmoid: 1]
[boost_from_average: 1]
[reg_sqrt: 0]
[alpha: 0.9]
[fair_c: 1]
[poisson_max_delta_step: 0.7]
[tweedie_variance_power: 1.5]
[lambdarank_truncation_level: 30]
[lambdarank_norm: 1]
[label_gain: ]
[lambdarank_position_bias_regularization: 0]
[eval_at: ]
[multi_error_top_k: 1]
[auc_mu_weights: ]
[num_machines: 1]
[local_listen_port: 12400]
[time_out: 120]
[machine_list_filename: ]
[machines: ]
[gpu_platform_id: -1]
[gpu_device_id: -1]
[gpu_device_id_list: ]
[gpu_use_dp: 0]
[num_gpu: 1]

end of parameters

pandas_categorical:null
