tree
version=v4
num_class=1
num_tree_per_iteration=1
label_index=0
max_feature_idx=14
objective=regression
feature_names=Column_0 Column_1 Column_2 Column_3 Column_4 Column_5 Column_6 Column_7 Column_8 Column_9 Column_10 Column_11 Column_12 Column_13 Column_14
feature_infos=[2154.9400000000001:7546.7527] [-3998.1497000000004:3851.9499999999998] [-745.96199999999953:553.97000000000025] [-273.31110000000081:511.03750000000036] [-204.93800347222259:31.102710416666923] [0:1] [0:1] [0:1] [0:1] [0:1] [0:1] [-1:1] [-1:1] [-1:1] [-1:1]
tree_sizes=764 768 764 771 768 773 766 769 763 771 762 768 760 770 755 760 758 757 757 759 760 757 749 754 751 747 763 748 758 763 668 756 758 757 750 759 757 663 756 743 654 749 755 744 659 761 748 739 661 747 754 745 496 751 746 747 580 577 581 742 742 579 580 748 581 581 744 583 581 749 583 742 750 579 584 747 748 753 750 582 746 740 667 752 749 754 752 661 584 749 747 749 756 746 755 588 662 746 747 749

Tree=0
num_leaves=7
num_cat=0
split_feature=3 1 4 3 3 3
split_gain=2.54853e+07 7.65863e+06 5.42693e+06 2.58439e+06 2.57102e+06 1.99963e+06
threshold=-9.9507625000001081 20.884349999999817 -91.635957638889053 107.45586666666669 138.26160000000007 -79.71728749999987
decision_type=2 2 2 2 2 2
left_child=2 4 -1 -3 -2 -4
right_child=1 3 5 -5 -6 -7
leaf_value=-59.908474262935243 -49.623083422246125 -45.437562091855753 -55.391026855614143 -41.077287563200343 -44.265421731491472 -51.001316694904972
leaf_weight=355 1506 1046 436 505 262 642
leaf_count=355 1506 1046 436 505 262 642
internal_value=-48.9828 -46.5768 -54.5531 -44.0137 -48.8269 -52.781
internal_weight=4752 3319 1433 1551 1768 1078
internal_count=4752 3319 1433 1551 1768 1078
is_linear=0
shrinkage=1


Tree=1
num_leaves=7
num_cat=0
split_feature=3 1 4 4 3 3
split_gain=2.30114e+07 7.0724e+06 4.63823e+06 2.50303e+06 2.41918e+06 1.61044e+06
threshold=-14.368587500000329 20.884349999999817 -91.635957638889053 -91.635957638889053 107.45586666666669 -79.71728749999987
decision_type=2 2 2 2 2 2
left_child=2 3 -1 -2 -3 -4
right_child=1 4 5 -5 -6 -7
leaf_value=-10.516509880169094 -3.2331129212464607 3.3089613623319387 -6.0885439311066811 1.1218887844932439 7.5110229646161262 -2.0797017404935452
leaf_weight=341 433 1071 436 1375 505 591
leaf_count=341 433 1071 436 1375 505 591
internal_value=-4.02582e-05 2.21221 -5.47007 0.0776937 4.65934 -3.78587
internal_weight=4752 3384 1368 1808 1576 1027
internal_count=4752 3384 1368 1808 1576 1027
is_linear=0
shrinkage=0.05


Tree=2
num_leaves=7
num_cat=0
split_feature=3 1 4 3 3 3
split_gain=2.0817e+07 6.23667e+06 4.42778e+06 2.34231e+06 2.10538e+06 1.62244e+06
threshold=-9.9507625000001081 20.884349999999817 -91.635957638889053 138.26160000000007 76.456924999999742 -79.71728749999987
decision_type=2 2 2 2 2 2
left_child=2 3 -1 -2 -3 -4
right_child=1 4 5 -5 -6 -7
leaf_value=-9.8718117619330972 -0.61608230331992975 2.8308314246098476 -5.7848132016491016 4.4977334106780109 6.5418684027324607 -1.8306978823423017
leaf_weight=355 1506 860 436 262 691 642
leaf_count=355 1506 860 436 262 691 642
internal_value=-0.000143162 2.17433 -5.0345 0.143848 4.48732 -3.43383
internal_weight=4752 3319 1433 1768 1551 1078
internal_count=4752 3319 1433 1768 1551 1078
is_linear=0
shrinkage=0.05


Tree=3
num_leaves=7
num_cat=0
split_feature=3 1 4 4 3 3
split_gain=1.87918e+07 5.70201e+06 3.99743e+06 2.33464e+06 1.99837e+06 1.48879e+06
threshold=-9.9507625000001081 -22.578549999999719 -91.635957638889053 -91.635957638889053 125.37916666666707 -113.66836250000004
decision_type=2 2 2 2 2 2
left_child=2 3 -1 -2 -3 -4
right_child=1 4 5 -5 -6 -7
leaf_value=-9.3796079027769945 -3.6018412308478585 2.9840779213825379 -6.6915326987693504 0.93815944830073905 6.7868251433544602 -2.2524579642077316
leaf_weight=355 373 1311 244 1165 470 834
leaf_count=355 373 1311 244 1165 470 834
internal_value=-0.00018055 2.06582 -4.78338 -0.164519 3.99086 -3.26249
internal_weight=4752 3319 1433 1538 1781 1078
internal_count=4752 3319 1433 1538 1781 1078
is_linear=0
shrinkage=0.05


Tree=4
num_leaves=7
num_cat=0
split_feature=3 1 4 4 3 3
split_gain=1.69996e+07 5.2848e+06 3.41577e+06 2.21001e+06 1.86027e+06 1.23584e+06
threshold=-14.368587500000329 -22.578549999999719 -91.635957638889053 -91.635957638889053 125.37916666666707 -113.66836250000004
decision_type=2 2 2 2 2 2
left_child=2 3 -1 -2 -3 -4
right_child=1 4 5 -5 -6 -7
leaf_value=-9.0324656457231765 -3.5052673248163972 2.79002869239127 -6.3583217768766449 0.84864944575651868 6.4482043982248145 -2.2830054876964767
leaf_weight=341 385 1340 244 1189 470 783
leaf_count=341 385 1340 244 1189 470 783
internal_value=-0.000289499 1.90115 -4.7018 -0.217867 3.74298 -3.25648
internal_weight=4752 3384 1368 1574 1810 1027
internal_count=4752 3384 1368 1574 1810 1027
is_linear=0
shrinkage=0.05


Tree=5
num_leaves=7
num_cat=0
split_feature=3 1 4 8 4 3
split_gain=1.54033e+07 4.75846e+06 3.68636e+06 2.06759e+06 1.92772e+06 1.51857e+06
threshold=-1.0000000180025095e-35 67.10995000000004 -91.635957638889053 1.0000000180025095e-35 -91.635957638889053 -79.71728749999987
decision_type=2 2 2 2 2 2
left_child=2 4 -1 -3 -2 -4
right_child=1 3 5 -5 -6 -7
leaf_value=-8.3590329732087323 -2.4673067358042626 5.9006736993232973 -5.0322786937384638 1.7396679825862582 1.2868265611692593 -1.3207383633346608
leaf_weight=378 445 802 436 477 1465 749
leaf_count=378 445 802 436 477 1465 749
internal_value=-0.000391721 1.99244 -4.06505 4.35141 0.411339 -2.68943
internal_weight=4752 3189 1563 1279 1910 1185
internal_count=4752 3189 1563 1279 1910 1185
is_linear=0
shrinkage=0.05


Tree=6
num_leaves=7
num_cat=0
split_feature=3 3 4 4 4 3
split_gain=1.39184e+07 4.61969e+06 3.75178e+06 2.78556e+06 1.92396e+06 1.07176e+06
threshold=-14.368587500000329 96.277424999999781 -91.635957638889053 -91.635957638889053 -91.635957638889053 -135.84717499999985
decision_type=2 2 2 2 2 2
left_child=3 2 -2 -1 -3 -5
right_child=1 4 -4 5 -6 -7
leaf_value=-8.165433251495033 -4.2525332186497371 1.2244898707904515 1.3329726137121893 -6.8899393137846445 5.9154438622733219 -2.2840765789590955
leaf_weight=341 353 314 1994 147 723 880
leaf_count=341 353 314 1994 147 723 880
internal_value=-0.000458949 1.72005 0.491433 -4.25461 4.49759 -2.9494
internal_weight=4752 3384 2347 1368 1037 1027
internal_count=4752 3384 2347 1368 1037 1027
is_linear=0
shrinkage=0.05


Tree=7
num_leaves=7
num_cat=0
split_feature=3 1 4 8 3 3
split_gain=1.26104e+07 4.18135e+06 3.00325e+06 1.82178e+06 1.55906e+06 1.28266e+06
threshold=-1.0000000180025095e-35 67.10995000000004 -91.635957638889053 1.0000000180025095e-35 138.26160000000007 -79.71728749999987
decision_type=2 2 2 2 2 2
left_child=2 4 -1 -3 -2 -4
right_child=1 3 5 -5 -6 -7
leaf_value=-7.5540893134230984 -0.31139434682434802 5.4680742736956844 -4.5898310905463093 1.5624801664609291 3.547432067761787 -1.1788373627841473
leaf_weight=378 1598 802 436 477 312 749
leaf_count=378 1598 802 436 477 312 749
internal_value=-0.000574 1.80256 -3.67831 4.01385 0.320474 -2.43666
internal_weight=4752 3189 1563 1279 1910 1185
internal_count=4752 3189 1563 1279 1910 1185
is_linear=0
shrinkage=0.05


Tree=8
num_leaves=7
num_cat=0
split_feature=3 1 4 3 3 3
split_gain=1.13955e+07 3.99434e+06 2.27185e+06 1.90648e+06 1.57252e+06 918974
threshold=-14.368587500000329 -55.361650000000274 -91.635957638889053 96.277424999999781 156.73722499999988 -135.84717499999985
decision_type=2 2 2 2 2 2
left_child=2 3 -1 -2 -3 -4
right_child=1 4 5 -5 -6 -7
leaf_value=-7.3817553354285614 -1.527105752109809 2.3641467462409866 -6.3198289476353731 2.7596195185236612 6.1221261740085628 -2.0551808327702843
leaf_weight=341 1063 1644 147 342 335 880
leaf_count=341 1063 1644 147 342 335 880
internal_value=-0.000577437 1.55621 -3.8499 -0.482426 3.00306 -2.67116
internal_weight=4752 3384 1368 1405 1979 1027
internal_count=4752 3384 1368 1405 1979 1027
is_linear=0
shrinkage=0.05


Tree=9
num_leaves=7
num_cat=0
split_feature=3 1 4 8 4 3
split_gain=1.03277e+07 3.52055e+06 2.46818e+06 1.62845e+06 1.5782e+06 1.08834e+06
threshold=-1.0000000180025095e-35 67.10995000000004 -91.635957638889053 1.0000000180025095e-35 -91.635957638889053 -79.71728749999987
decision_type=2 2 2 2 2 2
left_child=2 4 -1 -3 -2 -4
right_child=1 3 5 -5 -6 -7
leaf_value=-6.8424658841460868 -2.3333030933497532 5.0350655715091444 -4.1866126746007453 1.3429739227588582 1.063450279697715 -1.0447055882056555
leaf_weight=378 445 802 436 477 1465 749
leaf_count=378 445 802 436 477 1465 749
internal_value=-0.000612115 1.63118 -3.32888 3.66023 0.271253 -2.20327
internal_weight=4752 3189 1563 1279 1910 1185
internal_count=4752 3189 1563 1279 1910 1185
is_linear=0
shrinkage=0.05


Tree=10
num_leaves=7
num_cat=0
split_feature=3 3 4 4 1 3
split_gain=9.36306e+06 4.01041e+06 3.0719e+06 2.18291e+06 1.69381e+06 443409
threshold=-32.911775000000027 76.456924999999742 -91.635957638889053 -91.635957638889053 -222.49485000000001 -102.83108749999995
decision_type=2 2 2 2 2 2
left_child=4 2 -2 -3 5 -1
right_child=1 3 -4 -5 -6 -7
leaf_value=-8.4794916561280171 -4.4574991310486594 0.359467640634132 0.72991696318205623 4.8417476236418846 -2.4901879433688476 -5.1245200875335408
leaf_weight=173 331 391 2032 890 688 247
leaf_count=173 331 391 2032 890 688 247
internal_value=-0.000654765 1.2233 0.00170536 3.47497 -4.02349 -6.52331
internal_weight=4752 3644 2363 1281 1108 420
internal_count=4752 3644 2363 1281 1108 420
is_linear=0
shrinkage=0.05


Tree=11
num_leaves=7
num_cat=0
split_feature=3 1 4 3 3 3
split_gain=8.47655e+06 3.14248e+06 2.1034e+06 1.60544e+06 1.17989e+06 889843
threshold=-1.0000000180025095e-35 -42.419050000000418 -91.635957638889053 138.26160000000007 156.73722499999988 -79.71728749999987
decision_type=2 2 2 2 2 2
left_child=2 3 -1 -2 -3 -4
right_child=1 4 5 -5 -6 -7
leaf_value=-6.2595523762514222 -1.0670200076095993 2.2340532572761416 -3.7703764100880863 3.7242374773309068 5.5445311178280594 -0.92943899634021021
leaf_weight=378 1155 1501 436 205 328 749
leaf_count=378 1155 1501 436 205 328 749
internal_value=-0.00077584 1.47756 -3.01605 -0.342603 2.83044 -1.97701
internal_weight=4752 3189 1563 1360 1829 1185
internal_count=4752 3189 1563 1360 1829 1185
is_linear=0
shrinkage=0.05


Tree=12
num_leaves=7
num_cat=0
split_feature=3 3 4 1 4 3
split_gain=7.71342e+06 3.35109e+06 2.82447e+06 1.48155e+06 1.47687e+06 388438
threshold=-32.911775000000027 96.277424999999781 -91.635957638889053 -222.49485000000001 -91.635957638889053 -102.83108749999995
decision_type=2 2 2 2 2 2
left_child=3 2 -2 5 -3 -1
right_child=1 4 -4 -5 -6 -7
leaf_value=-7.8197334280151924 -3.6620742086676339 0.6467544551028146 0.86276366249454972 -2.218279593703925 4.7549190922604252 -4.6817818998148848
leaf_weight=173 408 314 2199 688 723 247
leaf_count=173 408 314 2199 688 723 247
internal_value=-0.00074256 1.11017 0.153486 -3.65204 3.5128 -5.98982
internal_weight=4752 3644 2607 1108 1037 420
internal_count=4752 3644 2607 1108 1037 420
is_linear=0
shrinkage=0.05


Tree=13
num_leaves=7
num_cat=0
split_feature=3 1 4 8 4 3
split_gain=6.97396e+06 2.79639e+06 1.79454e+06 1.3876e+06 1.13221e+06 769202
threshold=-1.0000000180025095e-35 67.10995000000004 -91.635957638889053 1.0000000180025095e-35 -91.635957638889053 -126.40522916666667
decision_type=2 2 2 2 2 2
left_child=2 4 -1 -3 -2 -4
right_child=1 3 5 -5 -6 -7
leaf_value=-5.7316881117202092 -2.0778530054955406 4.4174525800855795 -4.6303185222717707 1.0100481853013759 0.79917268187447998 -1.2064226147938859
leaf_weight=378 445 802 196 477 1465 989
leaf_count=378 445 802 196 477 1465 989
internal_value=-0.000832898 1.34009 -2.73583 3.14845 0.128134 -1.77616
internal_weight=4752 3189 1563 1279 1910 1185
internal_count=4752 3189 1563 1279 1910 1185
is_linear=0
shrinkage=0.05


Tree=14
num_leaves=7
num_cat=0
split_feature=3 3 4 1 4 4
split_gain=6.37856e+06 3.01224e+06 2.58742e+06 1.29333e+06 928368 346256
threshold=-32.911775000000027 125.37916666666707 -91.635957638889053 -222.49485000000001 -91.635957638889053 -91.635957638889053
decision_type=2 2 2 2 2 2
left_child=3 2 -2 5 -3 -1
right_child=1 4 -4 -5 -6 -7
leaf_value=-7.1817269006702631 -3.0298828404678648 1.2694565306064931 0.95706312980571973 -1.9818416905615086 5.0932263985186639 -4.2357006984431882
leaf_weight=179 488 234 2424 688 498 241
leaf_count=179 488 234 2424 688 498 241
internal_value=-0.000869282 1.00936 0.28811 -3.32123 3.87427 -5.50535
internal_weight=4752 3644 2912 1108 732 420
internal_count=4752 3644 2912 1108 732 420
is_linear=0
shrinkage=0.05


Tree=15
num_leaves=7
num_cat=0
split_feature=3 4 1 4 11 1
split_gain=5.92351e+06 3.69047e+06 2.02694e+06 1.95762e+06 888021 794476
threshold=48.259150000000325 -91.635957638889053 -87.825400000000158 -91.635957638889053 -0.2376293295203116 143.53659999999994
decision_type=2 2 2 2 2 2
left_child=1 4 -3 -2 -1 -5
right_child=3 2 -4 5 -6 -7
leaf_value=-2.5271282684435881 -0.25378405852243308 -2.0810759584195977 0.73968147113220772 2.542621508174606 -6.7543473221920438 5.2670486983176659
leaf_weight=206 483 1141 1439 743 319 421
leaf_count=206 483 1141 1439 743 319 421
internal_value=-0.00092166 -1.28653 -0.508116 2.42207 -5.10362 3.53168
internal_weight=4752 3105 2580 1647 525 1164
internal_count=4752 3105 2580 1647 525 1164
is_linear=0
shrinkage=0.05


Tree=16
num_leaves=7
num_cat=0
split_feature=3 1 3 1 3 3
split_gain=5.41497e+06 2.61792e+06 1.25752e+06 1.08303e+06 990820 340102
threshold=-32.911775000000027 -22.578549999999719 138.26160000000007 -222.49485000000001 156.73722499999988 -102.83108749999995
decision_type=2 2 2 2 2 2
left_child=3 2 -2 5 -3 -1
right_child=1 4 -4 -5 -6 -7
leaf_value=-6.7667797424841201 -0.99802858868306488 1.6997283765809694 3.0013694544017842 -1.834496478608665 4.7748455679957651 -3.8402368226358967
leaf_weight=173 1508 1598 225 688 313 247
leaf_count=173 1508 1598 225 688 313 247
internal_value=-0.000907835 0.929891 -0.477345 -3.0602 2.20563 -5.0589
internal_weight=4752 3644 1733 1108 1911 420
internal_count=4752 3644 1733 1108 1911 420
is_linear=0
shrinkage=0.05


Tree=17
num_leaves=7
num_cat=0
split_feature=3 4 4 1 11 3
split_gain=4.9539e+06 3.21083e+06 1.76287e+06 1.6659e+06 794851 684823
threshold=48.259150000000325 -91.635957638889053 -91.635957638889053 -87.825400000000158 -0.2376293295203116 165.70641249999974
decision_type=2 2 2 2 2 2
left_child=1 4 5 -3 -1 -2
right_child=2 3 -4 -5 -6 -7
leaf_value=-2.3001129882779097 -1.574708746646398 -1.8765418244209369 3.2678966079134284 0.6806818048850013 -6.2985641574108744 2.4979739358361139
leaf_weight=206 335 1141 1164 1439 319 148
leaf_count=206 335 1141 1164 1439 319 148
internal_value=-0.000904136 -1.17659 2.21492 -0.450534 -4.737 -0.324182
internal_weight=4752 3105 1647 2580 525 483
internal_count=4752 3105 1647 2580 525 483
is_linear=0
shrinkage=0.05


Tree=18
num_leaves=7
num_cat=0
split_feature=3 1 3 1 3 3
split_gain=4.59823e+06 2.18484e+06 1.03451e+06 906405 843771 324181
threshold=-32.911775000000027 -22.578549999999719 138.26160000000007 -222.49485000000001 156.73722499999988 -86.271299999999869
decision_type=2 2 2 2 2 2
left_child=3 2 -2 -1 -3 -5
right_child=1 4 -4 5 -6 -7
leaf_value=-4.6485740297905336 -0.90102839999202089 1.5554238375725973 2.7264457078700044 -2.9232459468367473 4.3931536996796448 -0.73557471037296063
leaf_weight=420 1508 1598 225 302 313 386
leaf_count=420 1508 1598 225 302 313 386
internal_value=-0.000917894 0.856817 -0.428763 -2.82007 2.02227 -1.69871
internal_weight=4752 3644 1733 1108 1911 688
internal_count=4752 3644 1733 1108 1911 688
is_linear=0
shrinkage=0.05


Tree=19
num_leaves=7
num_cat=0
split_feature=3 1 10 3 4 4
split_gain=4.1549e+06 1.84842e+06 1.3852e+06 928319 800732 541764
threshold=-14.368587500000329 -87.825400000000158 1.0000000180025095e-35 -126.40522916666667 -91.635957638889053 -91.635957638889053
decision_type=2 2 2 2 2 2
left_child=3 2 -2 -1 -3 -5
right_child=1 4 -4 5 -6 -7
leaf_value=-4.9906090382147923 -2.0575888099448272 -0.31517994439651298 1.3011715938410628 -3.611339179911397 2.266862920303939 -1.0487655126230002
leaf_weight=263 702 361 544 274 1777 831
leaf_count=263 702 361 544 274 1777 831
internal_value=-0.000877603 0.939155 -0.591296 -2.32521 1.83094 -1.68688
internal_weight=4752 3384 1246 1368 2138 1105
internal_count=4752 3384 1246 1368 2138 1105
is_linear=0
shrinkage=0.05


Tree=20
num_leaves=7
num_cat=0
split_feature=3 4 4 1 11 4
split_gain=3.94645e+06 2.6549e+06 1.44504e+06 1.28194e+06 727143 670591
threshold=52.927499999999789 -91.635957638889053 -91.635957638889053 -87.825400000000158 -0.2376293295203116 -23.63358298611092
decision_type=2 2 2 2 2 2
left_child=1 4 -2 -3 -1 -4
right_child=2 3 5 -5 -6 -7
leaf_value=-1.9251007741046064 -0.2912067228979619 -1.6123032844350451 5.2240352534069316 0.61205253358633593 -5.6975499706713073 2.3291575218188139
leaf_weight=212 470 1154 262 1474 326 854
leaf_count=212 470 1154 262 1474 326 854
internal_value=-0.000922686 -1.02071 2.03415 -0.364942 -4.21734 3.01285
internal_weight=4752 3166 1586 2628 538 1116
internal_count=4752 3166 1586 2628 538 1116
is_linear=0
shrinkage=0.05


Tree=21
num_leaves=7
num_cat=0
split_feature=3 4 1 4 11 1
split_gain=3.6087e+06 2.58498e+06 1.15548e+06 1.05473e+06 730258 684160
threshold=76.456924999999742 -91.635957638889053 -87.825400000000158 -91.635957638889053 -0.2376293295203116 158.30875000000017
decision_type=2 2 2 2 2 2
left_child=1 4 -3 -2 -1 -5
right_child=3 2 -4 5 -6 -7
leaf_value=-1.6336566705728064 0.10094812869668074 -1.3684364097710882 0.66489148687892163 2.188902785454371 -5.159117518022736 5.0970088709311883
leaf_weight=244 391 1218 1636 577 373 313
leaf_count=244 391 1218 1636 577 373 313
internal_value=-0.000890847 -0.837976 -0.203046 2.26616 -3.76983 3.21621
internal_weight=4752 3471 2854 1281 617 890
internal_count=4752 3471 2854 1281 617 890
is_linear=0
shrinkage=0.05


Tree=22
num_leaves=7
num_cat=0
split_feature=3 3 4 1 1 3
split_gain=3.36585e+06 1.65093e+06 1.44694e+06 715262 686436 291471
threshold=-32.911775000000027 125.37916666666707 -91.635957638889053 176.93530000000035 -222.49485000000001 -102.83108749999995
decision_type=2 2 2 2 2 2
left_child=4 2 -2 -3 5 -1
right_child=1 3 -4 -5 -6 -7
leaf_value=-5.5804087750528053 -2.2821720002285741 1.732562904784249 0.69930553248506433 5.0400039595461665 -1.4370513180922311 -2.8818099749905448
leaf_weight=173 488 485 2424 247 688 247
leaf_count=173 488 485 2424 247 688 247
internal_value=-0.000847464 0.732999 0.19905 2.85395 -2.41281 -4.00399
internal_weight=4752 3644 2912 732 1108 420
internal_count=4752 3644 2912 732 1108 420
is_linear=0
shrinkage=0.05


Tree=23
num_leaves=7
num_cat=0
split_feature=3 4 4 1 4 11
split_gain=3.05715e+06 1.98355e+06 1.14792e+06 961897 640958 607576
threshold=48.259150000000325 -91.635957638889053 -91.635957638889053 -87.825400000000158 -23.63358298611092 0.15208718494349097
decision_type=2 2 2 2 2 2
left_child=1 -1 5 -3 -4 -2
right_child=2 3 4 -5 -6 -7
leaf_value=-3.7228637823922663 1.16786377810567 -1.4373488705285586 4.7018419032205241 0.50581471253807342 1.9346787876820593 -2.4300042342600512
leaf_weight=525 285 1141 274 1439 890 198
leaf_count=525 285 1141 274 1439 890 198
internal_value=-0.000854629 -0.924438 1.73983 -0.35377 2.58953 -0.309012
internal_weight=4752 3105 1647 2580 1164 483
internal_count=4752 3105 1647 2580 1164 483
is_linear=0
shrinkage=0.05


Tree=24
num_leaves=7
num_cat=0
split_feature=3 3 4 3 1 4
split_gain=2.85945e+06 1.43806e+06 1.36736e+06 644086 501144 319965
threshold=-32.911775000000027 156.73722499999988 -91.635957638889053 -135.84717499999985 198.80000000000067 -91.635957638889053
decision_type=2 2 2 2 2 2
left_child=3 2 -2 -1 -3 -5
right_child=1 4 -4 5 -6 -7
leaf_value=-4.8028754579511723 -1.9638187251878063 2.1051850571319286 0.76594588692883314 -3.2440905962455071 5.5636392628991764 -1.1020209421012441
leaf_weight=198 556 335 2600 235 153 675
leaf_count=198 556 335 2600 235 153 675
internal_value=-0.000804314 0.675589 0.284567 -2.22393 3.19866 -1.65815
internal_weight=4752 3644 3156 1108 488 910
internal_count=4752 3644 3156 1108 488 910
is_linear=0
shrinkage=0.05


Tree=25
num_leaves=7
num_cat=0
split_feature=3 4 1 4 11 4
split_gain=2.62878e+06 1.88819e+06 934316 790444 653461 576757
threshold=67.602487499999839 -91.635957638889053 -123.69730000000025 -91.635957638889053 -0.2376293295203116 -23.63358298611092
decision_type=2 2 2 2 2 2
left_child=1 4 -3 -2 -1 -5
right_child=3 2 -4 5 -6 -7
leaf_value=-1.264577771949742 0.038693826866211707 -1.4051098365512007 0.48965790598019848 4.8229709728365453 -4.7209460749966761 1.9329797450003612
leaf_weight=226 433 1040 1734 225 349 745
leaf_count=226 433 1040 1734 225 349 745
internal_value=-0.000792279 -0.761956 -0.22096 1.81538 -3.367 2.60762
internal_weight=4752 3349 2774 1403 575 970
internal_count=4752 3349 2774 1403 575 970
is_linear=0
shrinkage=0.05


Tree=26
num_leaves=7
num_cat=0
split_feature=3 1 8 3 10 4
split_gain=2.43843e+06 1.30285e+06 1.16052e+06 577876 472192 247708
threshold=-32.911775000000027 67.10995000000004 1.0000000180025095e-35 -135.84717499999985 1.0000000180025095e-35 -91.635957638889053
decision_type=2 2 2 2 2 2
left_child=3 4 -3 -1 -2 -5
right_child=1 2 -4 5 -6 -7
leaf_value=-4.4963601479877786 -0.55469441212395221 2.9598741340248669 0.003100844648926624 -2.9134315997362137 1.0944407782346315 -1.0284234073916838
leaf_weight=198 1657 860 540 235 587 675
leaf_count=198 1657 860 540 235 587 675
internal_value=-0.000753781 0.623862 1.82022 -2.05371 -0.123008 -1.51787
internal_weight=4752 3644 1400 1108 2244 910
internal_count=4752 3644 1400 1108 2244 910
is_linear=0
shrinkage=0.05


Tree=27
num_leaves=7
num_cat=0
split_feature=3 4 1 4 11 4
split_gain=2.25301e+06 1.53692e+06 755520 687315 585745 545941
threshold=76.456924999999742 -91.635957638889053 -123.69730000000025 -91.635957638889053 -0.2376293295203116 -23.63358298611092
decision_type=2 2 2 2 2 2
left_child=1 4 -3 -2 -1 -5
right_child=3 2 -4 5 -6 -7
leaf_value=-1.0122848252860868 0.042770167886830718 -1.2342878619618149 0.45035259660188526 4.8316603219976617 -4.1666506962980181 1.8794119764422608
leaf_weight=244 391 1055 1799 203 373 687
leaf_count=244 391 1055 1799 203 373 687
internal_value=-0.00076802 -0.662186 -0.1726 1.79053 -2.92288 2.55746
internal_weight=4752 3471 2854 1281 617 890
internal_count=4752 3471 2854 1281 617 890
is_linear=0
shrinkage=0.05


Tree=28
num_leaves=7
num_cat=0
split_feature=3 1 8 10 4 4
split_gain=2.11522e+06 1.43315e+06 861538 578918 404714 381288
threshold=-65.212974999999901 20.884349999999817 1.0000000180025095e-35 1.0000000180025095e-35 -91.635957638889053 -23.63358298611092
decision_type=2 2 2 2 2 2
left_child=4 3 -3 -2 -1 -6
right_child=1 2 -4 -5 5 -7
leaf_value=-4.5252111768188037 -0.8889384575444288 2.2959439139026241 -0.031747063581036572 0.89296890421936781 0.35791991169020632 -2.6227177150163454
leaf_weight=183 1628 1173 601 632 148 387
leaf_count=183 1628 1173 601 632 148 387
internal_value=-0.000721286 0.444485 1.50779 -0.390461 -2.4992 -1.79904
internal_weight=4752 4034 1774 2260 718 535
internal_count=4752 4034 1774 2260 718 535
is_linear=0
shrinkage=0.05


Tree=29
num_leaves=7
num_cat=0
split_feature=3 1 10 4 2 9
split_gain=1.95208e+06 1.27345e+06 959841 759936 695774 566082
threshold=48.259150000000325 -203.41610000000034 1.0000000180025095e-35 -91.635957638889053 25.190299999999983 1.0000000180025095e-35
decision_type=2 2 2 2 2 2
left_child=1 2 -1 -2 -3 -5
right_child=3 4 -4 5 -6 -7
leaf_value=-3.6107198705095565 -0.27675603918254005 0.74373253669527672 -0.45540070953757267 2.5182214347051888 -1.0794304946341133 -0.69698476896345996
leaf_weight=550 483 1199 429 1006 927 158
leaf_count=550 483 1199 429 1006 927 158
internal_value=-0.000732785 -0.738751 -2.22993 1.39022 -0.0513552 2.08157
internal_weight=4752 3105 979 1647 2126 1164
internal_count=4752 3105 979 1647 2126 1164
is_linear=0
shrinkage=0.05


Tree=30
num_leaves=6
num_cat=0
split_feature=3 3 4 3 0
split_gain=1.80689e+06 1.249e+06 1.07555e+06 195390 96280.2
threshold=-86.271299999999869 198.65484999999947 -91.635957638889053 -135.84717499999985 4267.8171000000011
decision_type=2 2 2 2 2
left_child=3 2 -2 -1 -5
right_child=1 -3 -4 4 -6
leaf_value=-4.0092415490941189 -1.526702519874485 3.8074349671480605 0.53652192960341927 -2.9566159712214048 -1.2175942705364691
leaf_weight=198 786 244 3199 146 179
leaf_count=198 786 244 3199 146 179
internal_value=-0.000726221 0.342359 0.129291 -2.77028 -2.00549
internal_weight=4752 4229 3985 523 325
internal_count=4752 4229 3985 523 325
is_linear=0
shrinkage=0.05


Tree=31
num_leaves=7
num_cat=0
split_feature=3 4 1 3 12 11
split_gain=1.70385e+06 1.25398e+06 640391 551646 557197 528264
threshold=67.602487499999839 -91.635957638889053 -22.578549999999719 198.65484999999947 -0.75166088996455083 -0.62577451934762984
decision_type=2 2 2 2 2 2
left_child=1 5 -3 4 -2 -1
right_child=3 2 -4 -5 -6 -7
leaf_value=-0.13690835745358954 -0.97715010686284476 -0.86797759931213803 0.65678083416935962 3.6178402573965034 1.6099455522941122 -3.618809015424489
leaf_weight=146 271 1509 1265 244 888 429
leaf_count=146 271 1509 1265 244 888 429
internal_value=-0.000746353 -0.613545 -0.172671 1.46142 1.0047 -2.73648
internal_weight=4752 3349 2774 1403 1159 575
internal_count=4752 3349 2774 1403 1159 575
is_linear=0
shrinkage=0.05


Tree=32
num_leaves=7
num_cat=0
split_feature=3 1 8 10 4 4
split_gain=1.57686e+06 1.13778e+06 753188 467332 317675 350441
threshold=-65.212974999999901 20.884349999999817 1.0000000180025095e-35 1.0000000180025095e-35 -91.635957638889053 -23.63358298611092
decision_type=2 2 2 2 2 2
left_child=4 3 -3 -2 -1 -6
right_child=1 2 -4 -5 5 -7
leaf_value=-3.9527089182024255 -0.80811779607100809 2.0680433181982356 -0.1082376076991475 0.79288079618677898 0.52902248687417119 -2.3275136065198896
leaf_weight=183 1628 1173 601 632 148 387
leaf_count=183 1628 1173 601 632 148 387
internal_value=-0.000706059 0.383691 1.33111 -0.360252 -2.15793 -1.53778
internal_weight=4752 4034 1774 2260 718 535
internal_count=4752 4034 1774 2260 718 535
is_linear=0
shrinkage=0.05


Tree=33
num_leaves=7
num_cat=0
split_feature=3 1 10 2 1 12
split_gain=1.46433e+06 1.03324e+06 862753 665591 565804 474289
threshold=76.456924999999742 -203.41610000000034 1.0000000180025095e-35 25.190299999999983 158.30875000000017 -0.75166088996455083
decision_type=2 2 2 2 2 2
left_child=1 2 -1 -3 5 -2
right_child=4 3 -4 -5 -6 -7
leaf_value=-3.1123047446718024 -1.2925236740204842 0.76312357391659402 -0.25158364824748486 -0.91565757577335372 2.9783329669249525 1.3954028921637673
leaf_weight=587 218 1370 478 1036 408 655
leaf_count=587 218 1370 478 1036 408 655
internal_value=-0.000710803 -0.53394 -1.82978 0.0401768 1.44342 0.72348
internal_weight=4752 3471 1065 2406 1281 873
internal_count=4752 3471 1065 2406 1281 873
is_linear=0
shrinkage=0.05


Tree=34
num_leaves=7
num_cat=0
split_feature=3 1 8 4 3 0
split_gain=1.3789e+06 975371 1.03518e+06 350596 171354 90123.7
threshold=-86.271299999999869 67.10995000000004 1.0000000180025095e-35 -16.646995138888538 -135.84717499999985 4267.8171000000011
decision_type=2 2 2 2 2 2
left_child=4 3 -3 -2 -1 -6
right_child=1 2 -4 -5 5 -7
leaf_value=-3.5795183754671158 0.15315224011984871 2.3943212881353535 -0.24732171027860628 -1.0348504501175568 -2.6241372912108494 -0.94477787003981784
leaf_weight=198 1732 900 630 967 146 179
leaf_count=198 1732 900 630 967 146 179
internal_value=-0.00067984 0.299031 1.30713 -0.272712 -2.4201 -1.70493
internal_weight=4752 4229 1530 2699 523 325
internal_count=4752 4229 1530 2699 523 325
is_linear=0
shrinkage=0.05


Tree=35
num_leaves=7
num_cat=0
split_feature=1 10 1 8 1 4
split_gain=1.27161e+06 902855 828762 710588 1.43958e+06 573579
threshold=-87.825400000000158 1.0000000180025095e-35 -371.14939999999996 1.0000000180025095e-35 143.53659999999994 -24.295867708333386
decision_type=2 2 2 2 2 2
left_child=1 2 -1 4 -2 -3
right_child=3 5 -4 -5 -6 -7
leaf_value=-5.1462962841026254 0.37060464742633625 -2.320719337340059 -1.2549272911861276 -0.63353708807999887 3.3888827967213113 1.1985418756656026
leaf_weight=154 1437 144 1180 719 544 574
leaf_count=154 1437 144 1180 719 544 574
internal_value=-0.000707738 -0.938669 -1.70767 0.712227 1.20074 0.490483
internal_weight=4752 2052 1334 2700 1981 718
internal_count=4752 2052 1334 2700 1981 718
is_linear=0
shrinkage=0.05


Tree=36
num_leaves=7
num_cat=0
split_feature=3 1 2 10 4 9
split_gain=1.19932e+06 831417 683103 625347 589799 512358
threshold=48.259150000000325 -203.41610000000034 -126.15934999999989 1.0000000180025095e-35 -91.635957638889053 1.0000000180025095e-35
decision_type=2 2 2 2 2 2
left_child=1 3 -3 -1 -2 -6
right_child=4 2 -4 -5 5 -7
leaf_value=-2.8986053129086802 -0.3787817162946483 1.578056060711631 -0.52477052063921914 -0.35179736824576247 2.1141137310149296 -0.94348877488442184
leaf_weight=550 483 506 1620 429 1006 158
leaf_count=550 483 506 1620 429 1006 158
internal_value=-0.000718604 -0.579196 -0.0237793 -1.78409 1.08954 1.69862
internal_weight=4752 3105 2126 979 1647 1164
internal_count=4752 3105 2126 979 1647 1164
is_linear=0
shrinkage=0.05


Tree=37
num_leaves=6
num_cat=0
split_feature=3 3 4 12 0
split_gain=1.12009e+06 872968 769619 147422 186359
threshold=-86.271299999999869 198.65484999999947 -91.635957638889053 -0.27976242230339682 4190.0601000000006
decision_type=2 2 2 2 2
left_child=3 2 -2 -1 -5
right_child=1 -3 -4 4 -6
leaf_value=-3.301444249304514 -1.3095116551823471 3.1663092448547179 0.43578594378004348 -2.6150230206660523 -0.24740467565073299
leaf_weight=188 786 244 3199 183 152
leaf_count=188 786 244 3199 183 152
internal_value=-0.000697455 0.269427 0.0913019 -2.18128 -1.54469
internal_weight=4752 4229 3985 523 335
internal_count=4752 4229 3985 523 335
is_linear=0
shrinkage=0.05


Tree=38
num_leaves=7
num_cat=0
split_feature=1 10 1 8 1 4
split_gain=1.0504e+06 732895 690831 630327 1.27069e+06 476396
threshold=-87.825400000000158 1.0000000180025095e-35 -371.14939999999996 1.0000000180025095e-35 158.30875000000017 -24.295867708333386
decision_type=2 2 2 2 2 2
left_child=1 2 -1 4 -2 -3
right_child=3 5 -4 -5 -6 -7
leaf_value=-4.6854766852817233 0.4002495501887684 -2.1275220288079359 -1.1326945046843784 -0.62020401962929306 3.3749867886431404 1.0797560943494673
leaf_weight=154 1511 144 1180 719 470 574
leaf_count=154 1511 144 1180 719 470 574
internal_value=-0.00070331 -0.853187 -1.54604 0.64726 1.10736 0.434449
internal_weight=4752 2052 1334 2700 1981 718
internal_count=4752 2052 1334 2700 1981 718
is_linear=0
shrinkage=0.05


Tree=39
num_leaves=7
num_cat=0
split_feature=3 4 11 12 1 3
split_gain=991299 807636 460388 436730 390551 362471
threshold=67.602487499999839 -91.635957638889053 -0.2376293295203116 0.065387565056496968 -203.41610000000034 165.70641249999974
decision_type=2 2 2 2 2 2
left_child=1 2 -1 5 -3 -2
right_child=3 4 -4 -5 -6 -7
leaf_value=-0.41075929754828044 -0.48288213680711228 -1.1174002435923618 -3.3078316482773853 2.0508856289404811 0.23635418470594655 1.8689612876976469
leaf_weight=226 502 718 349 659 2056 242
leaf_count=226 502 718 349 659 2056 242
internal_value=-0.000707187 -0.468123 -2.17185 1.11457 -0.114317 0.283581
internal_weight=4752 3349 575 1403 2774 744
internal_count=4752 3349 575 1403 2774 744
is_linear=0
shrinkage=0.05


Tree=40
num_leaves=6
num_cat=0
split_feature=3 3 4 3 0
split_gain=920436 712130 605793 138039 83215
threshold=-86.271299999999869 198.65484999999947 -91.635957638889053 -135.84717499999985 4267.8171000000011
decision_type=2 2 2 2 2
left_child=3 2 -2 -1 -5
right_child=1 -3 -4 4 -6
leaf_value=-3.017175820964066 -1.1595069991587987 2.8606289011483295 0.3889307440995472 -2.2189106894999138 -0.60863264802688111
leaf_weight=198 786 244 3199 146 179
leaf_count=198 786 244 3199 146 179
internal_value=-0.000684049 0.244185 0.0833032 -1.97739 -1.33661
internal_weight=4752 4229 3985 523 325
internal_count=4752 4229 3985 523 325
is_linear=0
shrinkage=0.05


Tree=41
num_leaves=7
num_cat=0
split_feature=3 1 2 10 4 11
split_gain=862405 602048 671369 474802 443968 504771
threshold=48.259150000000325 -203.41610000000034 25.190299999999983 1.0000000180025095e-35 -91.635957638889053 0.15208718494349097
decision_type=2 2 2 2 2 2
left_child=1 3 -3 -1 5 -2
right_child=4 2 -4 -5 -6 -7
leaf_value=-2.4876690495198091 0.99624659451322273 0.76240843984205275 -1.0284943873159074 -0.26859989789856037 1.4522821620656696 -2.2831933177296242
leaf_weight=550 285 1199 927 429 1164 198
leaf_count=550 285 1199 927 429 1164 198
internal_value=-0.000689352 -0.491229 -0.0185955 -1.51653 0.923835 -0.35006
internal_weight=4752 3105 2126 979 1647 483
internal_count=4752 3105 2126 979 1647 483
is_linear=0
shrinkage=0.05


Tree=42
num_leaves=7
num_cat=0
split_feature=1 10 1 8 1 0
split_gain=804013 594187 551044 543937 1.11718e+06 396298
threshold=-87.825400000000158 1.0000000180025095e-35 -371.14939999999996 1.0000000180025095e-35 143.53659999999994 2767.4631000000004
decision_type=2 2 2 2 2 2
left_child=1 2 -1 4 -2 -5
right_child=3 -3 -4 5 -6 -7
leaf_value=-4.1742260838227887 0.26238434604357447 0.41286349318020038 -1.0012175623381119 1.6118892275651171 2.9212282453217639 -1.2289113658619053
leaf_weight=154 1437 718 1180 156 544 563
leaf_count=154 1437 718 1180 156 544 563
internal_value=-0.000684925 -0.746514 -1.37037 0.566212 0.993632 -0.611166
internal_weight=4752 2052 1334 2700 1981 719
internal_count=4752 2052 1334 2700 1981 719
is_linear=0
shrinkage=0.05


Tree=43
num_leaves=7
num_cat=0
split_feature=3 1 2 1 10 2
split_gain=758854 641675 532347 398619 382267 188463
threshold=125.37916666666707 -123.69730000000025 146.06954999999996 176.93530000000035 1.0000000180025095e-35 -188.37590000000043
decision_type=2 2 2 2 2 2
left_child=1 4 -3 5 -1 -2
right_child=3 2 -4 -5 -6 -7
leaf_value=-1.5934837475124943 2.1388474039479988 0.63209074975183344 -1.2151382095641372 3.109823892770275 0.010199692179741976 -0.0047360072635552466
leaf_weight=1063 146 1896 490 247 571 339
leaf_count=1063 146 1896 490 247 571 339
internal_value=-0.000663274 -0.270378 0.252385 1.4789 -1.03341 0.643622
internal_weight=4752 4020 2386 732 1634 485
internal_count=4752 4020 2386 732 1634 485
is_linear=0
shrinkage=0.05


Tree=44
num_leaves=6
num_cat=0
split_feature=3 3 4 12 0
split_gain=713590 571914 491796 130202 170123
threshold=-86.271299999999869 198.65484999999947 -91.635957638889053 -0.27976242230339682 4190.0601000000006
decision_type=2 2 2 2 2
left_child=3 2 -2 -1 -5
right_child=1 -3 -4 4 -6
leaf_value=-2.7925051695297638 -1.0489516492736592 2.5597610923769523 0.34620858466520443 -2.1670519574828773 0.092784434732268842
leaf_weight=188 786 244 3199 183 152
leaf_count=188 786 244 3199 183 152
internal_value=-0.000597734 0.215008 0.0708335 -1.74108 -1.14447
internal_weight=4752 4229 3985 523 335
internal_count=4752 4229 3985 523 335
is_linear=0
shrinkage=0.05


Tree=45
num_leaves=7
num_cat=0
split_feature=3 1 8 2 3 9
split_gain=656506 549446 734207 402734 289021 299981
threshold=-1.0000000180025095e-35 126.61050000000024 1.0000000180025095e-35 -273.89784999999978 -126.40522916666667 1.0000000180025095e-35
decision_type=2 2 2 2 2 2
left_child=4 3 -3 -2 -1 -6
right_child=1 2 -4 -5 5 -7
leaf_value=-2.3483361207061644 1.6530097457261577 2.5889366954618458 -0.084014678432506595 -0.31857695701999988 -0.23442910358917418 -2.4653041327136691
leaf_weight=263 300 557 476 1856 1127 173
leaf_count=263 300 557 476 1856 1127 173
internal_value=-0.000599513 0.410818 1.35837 -0.0435983 -0.839744 -0.532974
internal_weight=4752 3189 1033 2156 1563 1300
internal_count=4752 3189 1033 2156 1563 1300
is_linear=0
shrinkage=0.05


Tree=46
num_leaves=7
num_cat=0
split_feature=4 11 9 4 3 12
split_gain=628382 904679 650809 2.93972e+06 703671 479901
threshold=-91.635957638889053 -0.8433914458128855 1.0000000180025095e-35 -14.041602430556166 43.57874999999968 0.38268343236509
decision_type=2 2 2 2 2 2
left_child=1 -1 4 -4 -2 -3
right_child=2 5 3 -5 -6 -7
leaf_value=2.0026422408380009 0.055190956454178097 -2.8532571649389729 0.81903330709862654 -7.4072704971247703 1.6388893059419314 -0.39977958422414095
leaf_weight=189 2121 476 432 144 1047 343
leaf_count=189 2121 476 432 144 1047 343
internal_value=-0.000582246 -1.10805 0.297799 -1.24682 0.578943 -1.82747
internal_weight=4752 1008 3744 576 3168 819
internal_count=4752 1008 3744 576 3168 819
is_linear=0
shrinkage=0.05


Tree=47
num_leaves=7
num_cat=0
split_feature=3 4 11 4 1 2
split_gain=597334 595770 826364 501796 284287 105047
threshold=156.73722499999988 -91.635957638889053 -0.77969889170510642 -23.63358298611092 198.80000000000067 -108.21485000000006
decision_type=2 2 2 2 2 2
left_child=1 2 -1 -3 5 -2
right_child=4 3 -4 -5 -6 -7
leaf_value=1.5444767565327757 1.6873685090363713 0.99338366292510016 -2.2173283960488512 -0.30856912771270101 3.4335696902367978 -0.081439006959368121
leaf_weight=187 173 1081 655 2341 153 162
leaf_count=187 173 1081 655 2341 153 162
internal_value=-0.000617773 -0.190395 -1.38103 0.102884 1.6546 0.834308
internal_weight=4752 4264 842 3422 488 335
internal_count=4752 4264 842 3422 488 335
is_linear=0
shrinkage=0.05


Tree=48
num_leaves=6
num_cat=0
split_feature=3 3 1 12 0
split_gain=563824 462571 372718 113637 150436
threshold=-86.271299999999869 198.65484999999947 -87.825400000000158 -0.27976242230339682 4190.0601000000006
decision_type=2 2 2 2 2
left_child=3 2 -2 -1 -5
right_child=1 -3 -4 4 -6
leaf_value=-2.5296162472515511 -0.51989219446546553 2.2998446264072339 0.46346317160468414 -1.9522815062623957 0.17228791566894336
leaf_weight=188 1629 244 2356 183 152
leaf_count=188 1629 244 2356 183 152
internal_value=-0.00053374 0.191116 0.0614547 -1.54763 -0.990654
internal_weight=4752 4229 3985 523 335
internal_count=4752 4229 3985 523 335
is_linear=0
shrinkage=0.05


Tree=49
num_leaves=7
num_cat=0
split_feature=3 4 2 12 11 3
split_gain=523766 469096 406390 379719 345600 223602
threshold=67.602487499999839 -91.635957638889053 25.190299999999983 0.065387565056496968 -0.2376293295203116 165.70641249999974
decision_type=2 2 2 2 2 2
left_child=1 4 -3 5 -1 -2
right_child=3 2 -4 -5 -6 -7
leaf_value=-0.11406629373717414 -0.5660842476394139 0.43362602828700503 -0.79642791169448413 1.6831844551895152 -2.6228934344053272 1.2810146535988209
leaf_weight=226 502 1637 1137 659 349 242
leaf_count=226 502 1637 1137 659 349 242
internal_value=-0.000528793 -0.340287 -0.0706506 0.810148 -1.63873 0.0356325
internal_weight=4752 3349 2774 1403 575 744
internal_count=4752 3349 2774 1403 575 744
is_linear=0
shrinkage=0.05


Tree=50
num_leaves=7
num_cat=0
split_feature=1 13 8 10 2 1
split_gain=496978 486512 507909 428487 467382 354197
threshold=-87.825400000000158 0.8425887240367157 1.0000000180025095e-35 1.0000000180025095e-35 8.9500000000002746 -1085.8695999999998
decision_type=2 2 2 2 2 2
left_child=3 2 -2 4 -1 -5
right_child=1 -3 -4 5 -6 -7
leaf_value=-0.68577830713488852 1.2223975804434288 -0.96653927259566075 -0.49216973907866723 -0.21480728525236464 -3.1516753513166131 2.4074362453771756
leaf_weight=1102 1614 497 589 551 232 167
leaf_count=1102 1614 497 589 551 232 167
internal_value=-0.000509736 0.445189 0.763971 -0.586887 -1.11667 0.397602
internal_weight=4752 2700 2203 2052 1334 718
internal_count=4752 2700 2203 2052 1334 718
is_linear=0
shrinkage=0.05


Tree=51
num_leaves=7
num_cat=0
split_feature=4 11 9 4 3 12
split_gain=480627 717571 579130 2.65062e+06 551033 419376
threshold=-91.635957638889053 -0.8433914458128855 1.0000000180025095e-35 -14.041602430556166 76.456924999999742 0.38268343236509
decision_type=2 2 2 2 2 2
left_child=1 -1 4 -4 -2 -3
right_child=2 5 3 -5 -6 -7
leaf_value=1.8012971657985137 0.14790286485872037 -2.5686793414051929 0.76505561478728512 -7.0463068967029976 1.6766122290533927 -0.27548889538576438
leaf_weight=189 2386 476 432 144 782 343
leaf_count=189 2386 476 432 144 782 343
internal_value=-0.000504033 -0.96906 0.26045 -1.19661 0.525665 -1.60979
internal_weight=4752 1008 3744 576 3168 819
internal_count=4752 1008 3744 576 3168 819
is_linear=0
shrinkage=0.05


Tree=52
num_leaves=4
num_cat=0
split_feature=3 3 4
split_gain=470035 393257 362676
threshold=-126.40522916666667 198.65484999999947 -91.635957638889053
decision_type=2 2 2
left_child=-1 2 -2
right_child=1 -3 -4
leaf_value=-2.050880677862601 -0.91609256734216915 2.0678028195123281 0.23872493703202322
leaf_weight=263 849 244 3396
leaf_count=263 849 244 3396
internal_value=-0.000536688 0.120018 0.00760008
internal_weight=4752 4489 4245
internal_count=4752 4489 4245
is_linear=0
shrinkage=0.05


Tree=53
num_leaves=7
num_cat=0
split_feature=3 1 8 2 14 2
split_gain=428131 397118 774792 446387 100774 67545.2
threshold=-86.271299999999869 126.61050000000024 1.0000000180025095e-35 -47.020000000000202 -0.57357643635104527 -83.829150000000013
decision_type=2 2 2 2 2 2
left_child=4 3 -3 -2 -1 -6
right_child=1 2 -4 -5 5 -7
leaf_value=-0.38359257923232187 0.39679916837100238 2.1889038051280085 -0.31163030597588254 -0.83313812908573182 -1.0219271288031624 -2.4493630031544962
leaf_weight=179 1673 609 629 1318 146 198
leaf_count=179 1673 609 629 1318 146 198
internal_value=-0.000516799 0.166486 0.919212 -0.145277 -1.34865 -1.84825
internal_weight=4752 4229 1238 2991 523 344
internal_count=4752 4229 1238 2991 523 344
is_linear=0
shrinkage=0.05


Tree=54
num_leaves=7
num_cat=0
split_feature=1 13 8 0 9 1
split_gain=403946 433289 429831 374969 334740 241547
threshold=-87.825400000000158 0.8425887240367157 1.0000000180025095e-35 4465.725300000001 1.0000000180025095e-35 143.53659999999994
decision_type=2 2 2 2 2 2
left_child=3 2 -2 4 -1 -3
right_child=1 5 -4 -5 -6 -7
leaf_value=0.69747571835781907 1.1238729427352363 -1.9026713487718787 -0.45341228411611861 -1.1718169865576837 -1.477514856745457 0.31568467983780391
leaf_weight=744 1614 279 589 1077 231 218
leaf_count=744 1614 279 589 1077 231 218
internal_value=-0.000516353 0.401306 0.702151 -0.529168 0.181184 -0.93095
internal_weight=4752 2700 2203 2052 975 497
internal_count=4752 2700 2203 2052 975 497
is_linear=0
shrinkage=0.05


Tree=55
num_leaves=7
num_cat=0
split_feature=4 11 9 4 3 12
split_gain=398154 641159 526040 2.39315e+06 464570 367788
threshold=-91.635957638889053 -0.8433914458128855 1.0000000180025095e-35 -14.041602430556166 43.57874999999968 0.38268343236509
decision_type=2 2 2 2 2 2
left_child=1 -1 4 -4 -2 -3
right_child=2 5 3 -5 -6 -7
leaf_value=1.7365498862827295 0.064184465893727713 -2.3857199842293806 0.71231494751730917 -6.709990718940209 1.3510018284197982 -0.23826765543672931
leaf_weight=189 2121 476 432 144 1047 343
leaf_count=189 2121 476 432 144 1047 343
internal_value=-0.000520715 -0.882069 0.236991 -1.15167 0.48976 -1.48775
internal_weight=4752 1008 3744 576 3168 819
internal_count=4752 1008 3744 576 3168 819
is_linear=0
shrinkage=0.05


Tree=56
num_leaves=5
num_cat=0
split_feature=3 13 0 1
split_gain=381980 377714 551328 302097
threshold=-126.40522916666667 -0.38231920253318369 6567.7769500000004 20.884349999999817
decision_type=2 2 2 2
left_child=-1 3 -3 -2
right_child=1 2 -4 -5
leaf_value=-1.8488929414726567 0.1246755340827134 -0.027119687218902719 -2.4826791093881386 1.4811313115649907
leaf_weight=263 966 2560 250 713
leaf_count=263 966 2560 250 713
internal_value=-0.000552223 0.108125 -0.246391 0.701243
internal_weight=4752 4489 2810 1679
internal_count=4752 4489 2810 1679
is_linear=0
shrinkage=0.05


Tree=57
num_leaves=5
num_cat=0
split_feature=3 4 11 2
split_gain=371301 407025 634417 474150
threshold=198.65484999999947 -91.635957638889053 -0.75166088996455094 93.136250000000032
decision_type=2 2 2 2
left_child=1 2 -1 -3
right_child=-2 3 -4 -5
leaf_value=1.3277924669492576 1.8951072082166769 0.48113791817788815 -1.7719980996455953 -0.82033538130041572
leaf_weight=215 244 2641 701 951
leaf_count=215 244 2641 701 951
internal_value=-0.000553573 -0.103556 -1.04377 0.136434
internal_weight=4752 4508 916 3592
internal_count=4752 4508 916 3592
is_linear=0
shrinkage=0.05


Tree=58
num_leaves=5
num_cat=0
split_feature=3 13 0 1
split_gain=341977 341449 494562 271744
threshold=-126.40522916666667 -0.38231920253318369 6567.7769500000004 20.884349999999817
decision_type=2 2 2 2
left_child=-1 3 -3 -2
right_child=1 2 -4 -5
leaf_value=-1.7493944517026347 0.11940398871390133 -0.027075367032545553 -2.3527873287162935 1.4059133746731682
leaf_weight=263 966 2560 250 713
leaf_count=263 966 2560 250 713
internal_value=-0.000514194 0.102315 -0.234753 0.666242
internal_weight=4752 4489 2810 1679
internal_count=4752 4489 2810 1679
is_linear=0
shrinkage=0.05


Tree=59
num_leaves=7
num_cat=0
split_feature=3 2 1 1 1 2
split_gain=332355 351125 518159 286734 245736 162234
threshold=125.37916666666707 146.06954999999996 -222.49485000000001 254.05400000000012 158.30875000000017 -197.37960000000018
decision_type=2 2 2 2 2 2
left_child=1 2 -1 5 -3 -2
right_child=3 4 -4 -5 -6 -7
leaf_value=-0.92578664898000129 1.8500450266461794 -2.1445187945109367 0.41684284721107573 2.7447287618432727 -0.074449366085813859 -0.084583998310941197
leaf_weight=1024 146 351 2403 174 242 412
leaf_count=1024 146 351 2403 174 242 412
internal_value=-0.000515877 -0.179011 0.0155073 0.978651 -1.30128 0.424013
internal_weight=4752 4020 3427 732 593 558
internal_count=4752 4020 3427 732 593 558
is_linear=0
shrinkage=0.05


Tree=60
num_leaves=7
num_cat=0
split_feature=4 11 4 9 3 12
split_gain=325105 523743 512743 575177 491366 340322
threshold=-91.635957638889053 -0.8765181184813301 -23.63358298611092 1.0000000180025095e-35 96.277424999999781 0.38268343236509
decision_type=2 2 2 2 2 2
left_child=1 -1 4 -4 -2 -3
right_child=2 5 3 -5 -6 -7
leaf_value=1.8093697440109135 0.68079000475144802 -2.1481524351870456 0.15735520261948802 -1.8392349273740696 3.6916333039854745 -0.11900902887879138
leaf_weight=161 996 490 2160 432 156 357
leaf_count=161 996 490 2160 432 156 357
internal_value=-0.000471333 -0.797057 0.21415 -0.175991 1.09136 -1.29404
internal_weight=4752 1008 3744 2592 1152 847
internal_count=4752 1008 3744 2592 1152 847
is_linear=0
shrinkage=0.05


Tree=61
num_leaves=5
num_cat=0
split_feature=3 4 11 2
split_gain=313362 334342 524687 415209
threshold=198.65484999999947 -91.635957638889053 -0.75166088996455094 25.190299999999983
decision_type=2 2 2 2
left_child=1 2 -1 -3
right_child=-2 3 -4 -5
leaf_value=1.2095413003185833 1.7410653568165644 0.57183953103197671 -1.6094537017564488 -0.5202452032464765
leaf_weight=215 244 2114 701 1478
leaf_count=215 244 2114 701 1478
internal_value=-0.000424282 -0.0950494 -0.947193 0.12246
internal_weight=4752 4508 916 3592
internal_count=4752 4508 916 3592
is_linear=0
shrinkage=0.05


Tree=62
num_leaves=5
num_cat=0
split_feature=3 13 0 0
split_gain=294904 310287 433534 242270
threshold=-126.40522916666667 -0.38231920253318369 6567.7769500000004 4397.4513000000006
decision_type=2 2 2 2
left_child=-1 3 -3 -2
right_child=1 2 -4 -5
leaf_value=-1.624446513994851 1.2461215493924138 -0.031771738690493954 -2.2092693257854279 0.04492416535921577
leaf_weight=263 821 2560 250 858
leaf_count=263 821 2560 250 858
internal_value=-0.000388414 0.0951019 -0.226216 0.63268
internal_weight=4752 4489 2810 1679
internal_count=4752 4489 2810 1679
is_linear=0
shrinkage=0.05


Tree=63
num_leaves=7
num_cat=0
split_feature=3 12 13 4 3 1
split_gain=281610 331193 259637 229549 220090 190519
threshold=48.259150000000325 -0.72219205899833572 0.8425887240367157 6.8306687500003145 138.26160000000007 -222.49485000000001
decision_type=2 2 2 2 2 2
left_child=2 4 5 -3 -2 -1
right_child=1 3 -4 -5 -6 -7
leaf_value=-0.73875568961247928 -1.6232100739184603 0.69202793237994675 -1.2862567405181384 2.8060119651257995 0.69169859755141982 0.20483230520787724
leaf_weight=757 250 1079 531 145 173 1817
leaf_count=757 250 1079 531 145 173 1817
internal_value=-0.000396071 0.527911 -0.280708 0.944545 -0.677052 -0.0728511
internal_weight=4752 1647 3105 1224 423 2574
internal_count=4752 1647 3105 1224 423 2574
is_linear=0
shrinkage=0.05


Tree=64
num_leaves=5
num_cat=0
split_feature=3 4 11 4
split_gain=266332 298336 462551 410778
threshold=198.65484999999947 -91.635957638889053 -0.75166088996455094 -23.63358298611092
decision_type=2 2 2 2
left_child=1 2 -1 -3
right_child=-2 3 -4 -5
leaf_value=1.1324584927530614 1.6051269215467023 0.90972847845140437 -1.5143664105092189 -0.24300426791802862
leaf_weight=215 244 1124 701 2468
leaf_count=215 244 1124 701 2468
internal_value=-0.000368418 -0.0876042 -0.892556 0.117859
internal_weight=4752 4508 916 3592
internal_count=4752 4508 916 3592
is_linear=0
shrinkage=0.05


Tree=65
num_leaves=5
num_cat=0
split_feature=0 9 4 4
split_gain=259447 357775 881898 439072
threshold=2639.5449500000004 1.0000000180025095e-35 -16.646995138888538 -91.635957638889053
decision_type=2 2 2 2
left_child=-1 3 -3 -2
right_child=1 2 -4 -5
leaf_value=2.0116831811012759 -0.90328708872145969 0.39013130651064476 -3.3667807425099205 0.38359284363573432
leaf_weight=154 841 378 265 3114
leaf_count=154 841 378 265 3114
internal_value=-0.000330116 -0.0681409 -1.16103 0.109789
internal_weight=4752 4598 643 3955
internal_count=4752 4598 643 3955
is_linear=0
shrinkage=0.05


Tree=66
num_leaves=7
num_cat=0
split_feature=3 13 2 0 0 12
split_gain=258692 278945 392643 261182 105216 102521
threshold=-86.271299999999869 -0.53678821817552291 -273.89784999999978 4397.4513000000006 4117.8037000000013 -0.27976242230339682
decision_type=2 2 2 2 2 2
left_child=4 3 -3 -2 -1 -6
right_child=1 2 -4 -5 5 -7
leaf_value=-1.9615190937680187 1.456132289907546 1.4799656763129323 -0.35472150673606534 0.056620438156951447 -1.3700930128614588 0.39608673069374695
leaf_weight=196 639 328 2566 696 165 162
leaf_count=196 639 328 2566 696 165 162
internal_value=-0.000329235 0.129486 -0.146342 0.727088 -1.04827 -0.496565
internal_weight=4752 4229 2894 1335 523 327
internal_count=4752 4229 2894 1335 523 327
is_linear=0
shrinkage=0.05


Tree=67
num_leaves=5
num_cat=0
split_feature=3 2 1 1
split_gain=239959 244957 339192 270500
threshold=-135.84717499999985 93.136250000000032 -66.464999999999904 -371.14939999999996
decision_type=2 2 2 2
left_child=-1 2 -2 -3
right_child=1 3 -4 -5
leaf_value=-1.6998387605925303 -0.20657310294666589 1.3565089178582035 0.77374267546788866 -0.94200622623437624
leaf_weight=198 1809 149 1721 875
leaf_count=198 1809 149 1721 875
internal_value=-0.000315897 0.0739334 0.271449 -0.606557
internal_weight=4752 4554 3530 1024
internal_count=4752 4554 3530 1024
is_linear=0
shrinkage=0.05


Tree=68
num_leaves=5
num_cat=0
split_feature=3 4 11 4
split_gain=233396 264365 420495 390936
threshold=214.83200000000014 -91.635957638889053 -0.1950438958025166 -23.63358298611092
decision_type=2 2 2 2
left_child=1 2 -1 -3
right_child=-2 3 -4 -5
leaf_value=0.38058724900811841 1.7456603097850865 0.89252040119368647 -1.7537554246537828 -0.22669898762864049
leaf_weight=410 183 1133 526 2500
leaf_count=410 183 1133 526 2500
internal_value=-0.000307655 -0.0706048 -0.819432 0.122494
internal_weight=4752 4569 936 3633
internal_count=4752 4569 936 3633
is_linear=0
shrinkage=0.05


Tree=69
num_leaves=7
num_cat=0
split_feature=3 12 2 1 11 4
split_gain=227410 290833 247966 505001 376676 210657
threshold=48.259150000000325 -0.72219205899833572 25.190299999999983 -222.49485000000001 0.89665931010743594 6.8306687500003145
decision_type=2 2 2 2 2 2
left_child=2 -2 3 -1 -4 -3
right_child=1 5 4 -5 -6 -7
leaf_value=-0.96204506355802821 -0.65465987729927844 0.6230479032896391 -1.2332901121958875 0.69524515332192183 1.2847095753045075 2.6480380494504758
leaf_weight=726 423 1079 955 1249 175 145
leaf_count=726 423 1079 955 1249 175 145
internal_value=-0.000281355 0.474472 -0.252179 0.0858551 -0.842543 0.864902
internal_weight=4752 1647 3105 1975 1130 1224
internal_count=4752 1647 3105 1975 1130 1224
is_linear=0
shrinkage=0.05


Tree=70
num_leaves=5
num_cat=0
split_feature=0 9 4 8
split_gain=218263 326296 785367 368167
threshold=2639.5449500000004 1.0000000180025095e-35 -16.646995138888538 1.0000000180025095e-35
decision_type=2 2 2 2
left_child=-1 3 -3 -2
right_child=1 2 -4 -5
leaf_value=1.8451837557073565 0.32009538721226871 0.35769158445082433 -3.187672493421942 -0.98645042534570515
leaf_weight=154 3312 378 265 643
leaf_count=154 3312 378 265 643
internal_value=-0.000242025 -0.0624383 -1.10614 0.107483
internal_weight=4752 4598 643 3955
internal_count=4752 4598 643 3955
is_linear=0
shrinkage=0.05


Tree=71
num_leaves=7
num_cat=0
split_feature=4 11 4 1 3 2
split_gain=213109 373177 364768 441679 409225 317906
threshold=-91.635957638889053 -0.8765181184813301 -23.63358298611092 126.61050000000024 96.277424999999781 -273.89784999999978
decision_type=2 2 2 2 2 2
left_child=1 -1 4 -4 -2 -3
right_child=2 5 3 -5 -6 -7
leaf_value=1.5548468048189894 0.53881556381104345 0.40194338802681417 -0.59038583298223113 0.82331888263013431 3.2862879271719869 -1.7031875317295393
leaf_weight=161 996 257 1795 797 156 590
leaf_count=161 996 257 1795 797 156 590
internal_value=-0.000247301 -0.645191 0.173517 -0.155544 0.913397 -1.06472
internal_weight=4752 1008 3744 2592 1152 847
internal_count=4752 1008 3744 2592 1152 847
is_linear=0
shrinkage=0.05


Tree=72
num_leaves=7
num_cat=0
split_feature=13 0 3 2 2 2
split_gain=209498 351074 235029 210337 189767 164188
threshold=-0.46130913087034953 6567.7769500000004 -32.911775000000027 -291.27744999999976 160.47720000000007 -69.048149999999836
decision_type=2 2 2 2 2 2
left_child=2 3 -1 -2 -4 -3
right_child=1 5 4 -5 -6 -7
leaf_value=-0.58192216466994473 1.2753087815645179 -0.72619119103138274 1.0459981227575883 -0.20755163100240093 -0.74016007848213183 -3.0689718663284227
leaf_weight=410 263 155 1068 2539 172 145
leaf_count=410 263 155 1068 2539 172 145
internal_value=-0.000189576 -0.242299 0.454848 -0.0679628 0.797844 -1.86497
internal_weight=4752 3102 1650 2802 1240 300
internal_count=4752 3102 1650 2802 1240 300
is_linear=0
shrinkage=0.05


Tree=73
num_leaves=5
num_cat=0
split_feature=3 4 11 2
split_gain=200652 229038 364645 325942
threshold=214.83200000000014 -91.635957638889053 0.15208718494349097 25.190299999999983
decision_type=2 2 2 2
left_child=1 2 -1 -3
right_child=-2 3 -4 -5
leaf_value=0.13215372588883326 1.6186569121180345 0.5102723040574898 -1.8496964845515735 -0.45183759871322443
leaf_weight=514 183 2138 422 1495
leaf_count=514 183 2138 422 1495
internal_value=-0.00021169 -0.0653915 -0.762393 0.114343
internal_weight=4752 4569 936 3633
internal_count=4752 4569 936 3633
is_linear=0
shrinkage=0.05


Tree=74
num_leaves=5
num_cat=0
split_feature=3 13 0 1
split_gain=198949 218859 335037 227095
threshold=-135.84717499999985 -0.25881904510252163 6567.7769500000004 20.884349999999817
decision_type=2 2 2 2
left_child=-1 3 -3 -2
right_child=1 2 -4 -5
leaf_value=-1.547696379486041 0.010808988612528159 -0.048741290391071113 -2.0322792251734265 1.1299652420580766
leaf_weight=198 1069 2467 232 786
leaf_count=198 1069 2467 232 786
internal_value=-0.000201532 0.0674059 -0.219931 0.485371
internal_weight=4752 4554 2699 1855
internal_count=4752 4554 2699 1855
is_linear=0
shrinkage=0.05


Tree=75
num_leaves=7
num_cat=0
split_feature=9 4 4 11 3 1
split_gain=189565 2.0184e+06 321778 300647 256523 177719
threshold=1.0000000180025095e-35 -14.041602430556166 -91.635957638889053 0.15208718494349097 43.57874999999968 109.29000000000043
decision_type=2 2 2 2 2 2
left_child=2 5 3 -1 -4 -2
right_child=1 -3 4 -5 -6 -7
leaf_value=0.12486600494894542 0.063857827533123107 -6.0198337480117541 0.050316857697896872 -1.7478519619063801 1.0065305470297015 2.0734124336291004
leaf_weight=474 429 144 2121 390 1047 147
leaf_count=474 429 144 2121 390 1047 147
internal_value=-0.000217624 -0.746951 0.13328 -0.721501 0.366556 0.579418
internal_weight=4752 720 4032 864 3168 576
internal_count=4752 720 4032 864 3168 576
is_linear=0
shrinkage=0.05


Tree=76
num_leaves=7
num_cat=0
split_feature=12 0 4 0 3 0
split_gain=188485 290191 331646 291553 220021 198586
threshold=-0.48087430661751701 5977.2111500000001 -15.443739583333352 6410.2612500000005 48.259150000000325 4465.725300000001
decision_type=2 2 2 2 2 2
left_child=1 2 -1 -3 5 -2
right_child=4 3 -4 -5 -6 -7
leaf_value=-0.59752276188065845 0.21342511625679148 1.7673664355708152 -3.4317258221072127 -0.36258358484363173 0.81199553042008843 -0.90655222463463547
leaf_weight=343 1545 193 147 934 1059 531
leaf_count=343 1545 193 147 934 1059 531
internal_value=-0.000253547 -0.43856 -1.45304 0.00341617 0.225888 -0.0733416
internal_weight=4752 1617 490 1127 3135 2076
internal_count=4752 1617 490 1127 3135 2076
is_linear=0
shrinkage=0.05


Tree=77
num_leaves=7
num_cat=0
split_feature=13 1 8 10 3 1
split_gain=190207 254267 399796 309853 138091 233785
threshold=0.8425887240367157 -87.825400000000158 1.0000000180025095e-35 1.0000000180025095e-35 -1.0000000180025095e-35 143.53659999999994
decision_type=2 2 2 2 2 2
left_child=1 3 -3 -1 -2 -6
right_child=4 2 -4 -5 5 -7
leaf_value=-0.80672113657591571 -1.649496870882371 0.90889909208985764 -0.61212489941362613 0.61351825802481041 -0.87166486158626033 1.318394327974884
leaf_weight=1103 254 1614 589 588 436 168
leaf_count=1103 254 1614 589 588 436 168
internal_value=-0.00026723 0.148257 0.502141 -0.3128 -0.673726 -0.261337
internal_weight=4752 3894 2203 1691 858 604
internal_count=4752 3894 2203 1691 858 604
is_linear=0
shrinkage=0.05


Tree=78
num_leaves=7
num_cat=0
split_feature=2 1 1 8 10 11
split_gain=180249 336546 271195 412633 270437 97722.7
threshold=146.06954999999996 254.05400000000012 -187.21449999999979 1.0000000180025095e-35 1.0000000180025095e-35 -0.51864980417341167
decision_type=2 2 2 2 2 2
left_child=2 5 4 -4 -1 -2
right_child=1 -3 3 -5 -6 -7
leaf_value=-1.149293286461643 -2.5112952247063323 1.0146977512300321 0.73852974214498091 -0.72427755590426601 0.28595218171786735 -0.97475765035555595
leaf_weight=687 149 193 2132 622 627 342
leaf_count=687 149 193 2132 622 627 342
internal_value=-0.000265429 -0.750635 0.126056 0.408007 -0.464742 -1.4452
internal_weight=4752 684 4068 2754 1314 491
internal_count=4752 684 4068 2754 1314 491
is_linear=0
shrinkage=0.05


Tree=79
num_leaves=5
num_cat=0
split_feature=0 9 4 8
split_gain=176588 306052 531424 371961
threshold=2711.8149000000003 1.0000000180025095e-35 -16.646995138888538 1.0000000180025095e-35
decision_type=2 2 2 2
left_child=-1 3 -3 -2
right_child=1 2 -4 -5
leaf_value=1.3450846789725897 0.30129732595447151 0.1376070080392835 -2.8523373297850294 -1.0489187605543122
leaf_weight=231 3309 356 254 602
leaf_count=231 3309 356 254 602
internal_value=-0.000287089 -0.069311 -1.11002 0.0932505
internal_weight=4752 4521 610 3911
internal_count=4752 4521 610 3911
is_linear=0
shrinkage=0.05


Tree=80
num_leaves=7
num_cat=0
split_feature=1 8 2 1 2 13
split_gain=171945 770847 413002 432388 396341 295288
threshold=143.53659999999994 1.0000000180025095e-35 -273.89784999999978 -172.93020000000021 93.136250000000032 0.42261826174070033
decision_type=2 2 2 2 2 2
left_child=2 4 3 -1 -2 -4
right_child=1 -3 5 -5 -6 -7
leaf_value=0.082424679791966687 3.3873924782731564 -0.57947962354113169 -0.02358633425201952 3.2718545227515992 0.67766784174675099 -1.0518823440124363
leaf_weight=302 248 714 1939 163 296 1090
leaf_count=302 248 714 1939 163 296 1090
internal_value=-0.000295005 0.500715 -0.180773 1.20506 1.91693 -0.393849
internal_weight=4752 1258 3494 465 544 3029
internal_count=4752 1258 3494 465 544 3029
is_linear=0
shrinkage=0.05


Tree=81
num_leaves=7
num_cat=0
split_feature=4 11 4 1 3 2
split_gain=167994 300352 300250 373864 314994 280513
threshold=-91.635957638889053 -0.8765181184813301 -23.63358298611092 126.61050000000024 96.277424999999781 -273.89784999999978
decision_type=2 2 2 2 2 2
left_child=1 -1 4 -4 -2 -3
right_child=2 5 3 -5 -6 -7
leaf_value=1.400875658100402 0.49665953580779565 0.42833004516455553 -0.54455214882837832 0.75610179378928855 2.9071969694013049 -1.5489812191569463
leaf_weight=161 996 257 1795 797 156 590
leaf_count=161 996 257 1795 797 156 590
internal_value=-0.000219617 -0.572841 0.15406 -0.144484 0.825325 -0.94922
internal_weight=4752 1008 3744 2592 1152 847
internal_count=4752 1008 3744 2592 1152 847
is_linear=0
shrinkage=0.05


Tree=82
num_leaves=6
num_cat=0
split_feature=12 0 11 3 2
split_gain=166291 486285 319637 194763 190982
threshold=0.13052619222005141 4465.725300000001 -0.27976242230339682 -113.66836250000004 -311.32040000000001
decision_type=2 2 2 2 2
left_child=3 2 -2 -1 -5
right_child=1 -3 -4 4 -6
leaf_value=-2.0331599336218189 1.3670732536248542 -2.4662852861905753 0.056716803049660175 1.2803267285869453 -0.30071419221490647
leaf_weight=147 720 145 1313 208 2219
leaf_count=147 720 145 1313 208 2219
internal_value=-0.000167651 0.321298 0.521232 -0.272196 -0.164744
internal_weight=4752 2178 2033 2574 2427
internal_count=4752 2178 2033 2574 2427
is_linear=0
shrinkage=0.05


Tree=83
num_leaves=7
num_cat=0
split_feature=9 4 4 12 2 2
split_gain=166089 1.71281e+06 267154 252277 185614 144376
threshold=1.0000000180025095e-35 -14.041602430556166 -91.635957638889053 -0.065387565056497052 25.190299999999983 -188.37590000000043
decision_type=2 2 2 2 2 2
left_child=2 5 3 -1 -4 -2
right_child=1 -3 4 -5 -6 -7
leaf_value=-1.5432664385976562 1.8754256596370622 -5.5564828629329286 0.65772728692506255 0.16557893567282847 -0.11961812038821124 0.060127743400996359
leaf_weight=414 146 144 1862 450 1306 430
leaf_count=414 146 144 1862 450 1306 430
internal_value=-0.000181318 -0.69915 0.124777 -0.65408 0.337332 0.522708
internal_weight=4752 720 4032 864 3168 576
internal_count=4752 720 4032 864 3168 576
is_linear=0
shrinkage=0.05


Tree=84
num_leaves=7
num_cat=0
split_feature=2 1 8 1 10 4
split_gain=157259 234583 369153 204295 176447 72560.9
threshold=160.47720000000007 -147.26195000000004 1.0000000180025095e-35 254.05400000000012 1.0000000180025095e-35 -16.646995138888538
decision_type=2 2 2 2 2 2
left_child=1 4 -3 5 -1 -2
right_child=3 2 -4 -5 -6 -7
leaf_value=-0.81811623634365604 -0.62123087847578351 0.74193351999630253 -0.64250065636746756 0.74189956985012506 0.26614363034628918 -1.908584043182401
leaf_weight=919 206 1954 638 166 633 236
leaf_count=919 206 1954 638 166 633 236
internal_value=-0.000219176 0.11001 0.40105 -0.750463 -0.376002 -1.31135
internal_weight=4752 4144 2592 608 1552 442
internal_count=4752 4144 2592 608 1552 442
is_linear=0
shrinkage=0.05


Tree=85
num_leaves=7
num_cat=0
split_feature=2 1 1 8 10 8
split_gain=158229 421598 327220 461792 329804 295791
threshold=-142.99979999999957 -222.49485000000001 109.29000000000043 1.0000000180025095e-35 1.0000000180025095e-35 1.0000000180025095e-35
decision_type=2 2 2 2 2 2
left_child=1 -1 4 -4 -2 -3
right_child=2 5 3 -5 -6 -7
leaf_value=-0.60555155237651159 -0.90015087698236906 1.6288859637997768 1.3870318111634612 -0.62665038123871519 0.56793567969170755 -0.54562463976588904
leaf_weight=586 1641 674 636 514 498 203
leaf_count=586 1641 674 636 514 498 203
internal_value=-0.000231786 0.432194 -0.192655 0.487241 -0.558247 1.1255
internal_weight=4752 1463 3289 1150 2139 877
internal_count=4752 1463 3289 1150 2139 877
is_linear=0
shrinkage=0.05


Tree=86
num_leaves=7
num_cat=0
split_feature=9 4 4 11 11 0
split_gain=159909 1.53352e+06 234103 242426 183097 135000
threshold=1.0000000180025095e-35 -14.041602430556166 -91.635957638889053 0.15208718494349097 0.15208718494349097 2845.0154500000003
decision_type=2 2 2 2 2 2
left_child=2 5 3 -1 -4 -2
right_child=1 -3 4 -5 -6 -7
leaf_value=0.15324175290841807 1.7605120129783949 -5.2821277736487069 -0.023475583527684901 -1.5283300824509816 0.74021879874253127 0.016795743598002139
leaf_weight=474 149 144 1738 390 1430 427
leaf_count=474 149 144 1738 390 1430 427
internal_value=-0.00021067 -0.686052 0.122401 -0.60669 0.321372 0.470131
internal_weight=4752 720 4032 864 3168 576
internal_count=4752 720 4032 864 3168 576
is_linear=0
shrinkage=0.05


Tree=87
num_leaves=6
num_cat=0
split_feature=13 0 2 0 0
split_gain=152143 274988 183955 166966 142589
threshold=-0.46130913087034953 6728.6566500000008 -273.89784999999978 7207.6382000000003 6567.7769500000004
decision_type=2 2 2 2 2
left_child=3 2 -2 4 -1
right_child=1 -3 -4 -5 -6
leaf_value=0.29645081771198289 1.004574992007284 -2.2593211361669723 -0.239892045607217 -1.2036115682323774 1.4977219920235281
leaf_weight=1190 334 154 2614 149 311
leaf_count=1190 334 154 2614 149 311
internal_value=-0.000243931 -0.206568 -0.0986046 0.387535 0.54618
internal_weight=4752 3102 2948 1650 1501
internal_count=4752 3102 2948 1650 1501
is_linear=0
shrinkage=0.05


Tree=88
num_leaves=5
num_cat=0
split_feature=0 9 4 8
split_gain=148837 227019 445195 256423
threshold=2639.5449500000004 1.0000000180025095e-35 -16.646995138888538 1.0000000180025095e-35
decision_type=2 2 2 2
left_child=-1 3 -3 -2
right_child=1 2 -4 -5
leaf_value=1.5236783580626212 0.26756905445804718 0.18016888098226058 -2.4893312587997971 -0.822818255313435
leaf_weight=154 3312 378 265 643
leaf_count=154 3312 378 265 643
internal_value=-0.000241246 -0.0516018 -0.922171 0.0901318
internal_weight=4752 4598 643 3955
internal_count=4752 4598 643 3955
is_linear=0
shrinkage=0.05


Tree=89
num_leaves=7
num_cat=0
split_feature=2 1 1 8 4 11
split_gain=147566 271419 208737 283420 203060 84000.3
threshold=146.06954999999996 254.05400000000012 -187.21449999999979 1.0000000180025095e-35 -16.646995138888538 -0.51864980417341167
decision_type=2 2 2 2 2 2
left_child=2 5 4 -4 -1 -2
right_child=1 -3 3 -5 -6 -7
leaf_value=-0.039501733628155872 -2.2911898549795153 0.90617682116547815 0.6353357109728025 -0.57700635453097127 -1.4627279753069939 -0.86694087629415562
leaf_weight=978 149 193 2132 622 336 342
leaf_count=978 149 193 2132 622 336 342
internal_value=-0.00024328 -0.679184 0.114054 0.361414 -0.404267 -1.30293
internal_weight=4752 684 4068 2754 1314 491
internal_count=4752 684 4068 2754 1314 491
is_linear=0
shrinkage=0.05


Tree=90
num_leaves=7
num_cat=0
split_feature=13 0 0 11 0 3
split_gain=145782 184616 261884 214476 110001 255022
threshold=0.8425887240367157 4361.6500500000011 4730.1945000000005 -0.36235178784537908 6410.2612500000005 -1.0000000180025095e-35
decision_type=2 2 2 2 2 2
left_child=1 3 -3 -1 5 -2
right_child=4 2 -4 -5 -6 -7
leaf_value=1.1265988165421157 -1.970108637032826 -1.2679590111468799 0.11042608276790407 0.067592163538825953 -1.7291422905992062 0.24728408248440639
leaf_weight=752 172 459 1373 1310 169 517
leaf_count=752 172 459 1373 1310 169 517
internal_value=-0.000269998 0.129758 -0.235426 0.454165 -0.58986 -0.308313
internal_weight=4752 3894 1832 2062 858 689
internal_count=4752 3894 1832 2062 858 689
is_linear=0
shrinkage=0.05


Tree=91
num_leaves=7
num_cat=0
split_feature=4 11 1 8 2 2
split_gain=142959 254014 243992 398016 364812 241957
threshold=-91.635957638889053 -0.8765181184813301 143.53659999999994 1.0000000180025095e-35 -47.020000000000202 -273.89784999999978
decision_type=2 2 2 2 2 2
left_child=1 -1 4 -4 -2 -3
right_child=2 5 3 -5 -6 -7
leaf_value=1.2865681267630906 0.48683652244479814 0.40470466879449152 1.8353076712551548 -0.11023309174013306 -0.67834524627612991 -1.4316782247457913
leaf_weight=161 1308 257 486 571 1379 590
leaf_count=161 1308 257 486 571 1379 590
internal_value=-0.000292429 -0.528527 0.142028 0.7852 -0.111178 -0.874656
internal_weight=4752 1008 3744 1057 2687 847
internal_count=4752 1008 3744 1057 2687 847
is_linear=0
shrinkage=0.05


Tree=92
num_leaves=7
num_cat=0
split_feature=9 4 4 12 11 0
split_gain=143008 1.33317e+06 205526 223207 162010 121029
threshold=1.0000000180025095e-35 -14.041602430556166 -91.635957638889053 -0.065387565056497052 0.15208718494349097 3780.2901500000003
decision_type=2 2 2 2 2 2
left_child=2 5 3 -1 -4 -2
right_child=1 -3 4 -5 -6 -7
leaf_value=-1.4038521175661003 0.88977829039894463 -4.9341696571841327 -0.022258026878520326 0.2034426953090136 0.69611395420747402 -0.70695471403127663
leaf_weight=414 410 144 1738 450 1430 166
leaf_count=414 410 144 1738 450 1430 166
internal_value=-0.000258947 -0.648845 0.115692 -0.567452 0.302124 0.429181
internal_weight=4752 720 4032 864 3168 576
internal_count=4752 720 4032 864 3168 576
is_linear=0
shrinkage=0.05


Tree=93
num_leaves=7
num_cat=0
split_feature=2 1 1 1 8 2
split_gain=142243 216506 313406 212363 388953 156058
threshold=93.136250000000032 -443.84389999999979 143.53659999999994 -66.464999999999904 1.0000000180025095e-35 -142.99979999999957
decision_type=2 2 2 2 2 2
left_child=3 -2 -3 5 -5 -1
right_child=1 2 -4 4 -6 -7
leaf_value=0.23580758258623163 1.2256263905168547 -1.7205274053239874 0.13304177629237143 1.0565430952373569 -0.53738701425175728 -0.66207241619468116
leaf_weight=964 153 459 452 1191 563 970
leaf_count=964 153 459 452 1191 563 970
internal_value=-0.00030152 -0.509322 -0.801727 0.146651 0.544908 -0.214635
internal_weight=4752 1064 911 3688 1754 1934
internal_count=4752 1064 911 3688 1754 1934
is_linear=0
shrinkage=0.05


Tree=94
num_leaves=7
num_cat=0
split_feature=9 4 4 11 11 2
split_gain=132687 1.20112e+06 186489 211964 147420 114680
threshold=1.0000000180025095e-35 -14.041602430556166 -91.635957638889053 0.15208718494349097 0.15208718494349097 -188.37590000000043
decision_type=2 2 2 2 2 2
left_child=2 5 3 -1 -4 -2
right_child=1 -3 4 -5 -6 -7
leaf_value=0.17119260296696112 1.6038275655029584 -4.692598867077252 -0.020445034568759818 -1.4011382714447462 0.66481807341715848 -0.013881447043036503
leaf_weight=474 146 144 1738 390 1430 430
leaf_count=474 146 144 1738 390 1430 430
internal_value=-0.000289274 -0.625031 0.111399 -0.539339 0.288987 0.398232
internal_weight=4752 720 4032 864 3168 576
internal_count=4752 720 4032 864 3168 576
is_linear=0
shrinkage=0.05


Tree=95
num_leaves=5
num_cat=0
split_feature=0 9 4 8
split_gain=133305 206680 260219 257375
threshold=2711.8149000000003 1.0000000180025095e-35 -16.646995138888538 1.0000000180025095e-35
decision_type=2 2 2 2
left_child=-1 3 -3 -2
right_child=1 2 -4 -5
leaf_value=1.1686062158117521 0.24636522085595811 -0.042087451176566572 -2.1347053149400974 -0.87678446331822857
leaf_weight=231 3309 356 254 602
leaf_count=231 3309 356 254 602
internal_value=-0.000313609 -0.0602847 -0.915507 0.0733047
internal_weight=4752 4521 610 3911
internal_count=4752 4521 610 3911
is_linear=0
shrinkage=0.05


Tree=96
num_leaves=6
num_cat=0
split_feature=2 0 8 1 4
split_gain=130881 194290 222247 147896 53984.5
threshold=160.47720000000007 2767.4631000000004 1.0000000180025095e-35 254.05400000000012 -16.646995138888538
decision_type=2 2 2 2 2
left_child=1 -1 -3 4 -2
right_child=3 2 -4 -5 -6
leaf_value=1.3970883035825361 -0.56645771161369651 0.1553785745729403 -0.97508402833927854 0.58519421301915975 -1.6771493144113305
leaf_weight=269 206 3377 498 166 236
leaf_count=269 206 3377 498 166 236
internal_value=-0.000315162 0.100245 0.00988181 -0.684752 -1.16194
internal_weight=4752 4144 3875 608 442
internal_count=4752 4144 3875 608 442
is_linear=0
shrinkage=0.05


Tree=97
num_leaves=7
num_cat=0
split_feature=13 0 0 2 2 0
split_gain=127512 253496 154837 143189 142468 111858
threshold=-0.46130913087034953 6567.7769500000004 7207.6382000000003 -69.048149999999836 -291.27744999999976 6567.7769500000004
decision_type=2 2 2 2 2 2
left_child=2 4 5 -3 -2 -1
right_child=1 3 -4 -5 -6 -7
leaf_value=0.28626348115922146 1.0644448033668046 -0.50599320561457906 -1.1775320638418199 -2.6920972650181758 -0.15594767526356784 1.350281016318462
leaf_weight=1190 263 155 149 145 2539 311
leaf_count=1190 263 155 149 145 2539 311
internal_value=-0.000310779 -0.189196 0.354693 -1.56804 -0.0410609 0.507475
internal_weight=4752 3102 1650 300 2802 1501
internal_count=4752 3102 1650 300 2802 1501
is_linear=0
shrinkage=0.05


Tree=98
num_leaves=7
num_cat=0
split_feature=13 0 0 11 3 2
split_gain=123436 176597 227864 186987 96114.8 90976.7
threshold=0.8425887240367157 4361.6500500000011 4730.1945000000005 -0.36235178784537908 52.927499999999789 42.995000000000353
decision_type=2 2 2 2 2 2
left_child=1 3 -3 -1 5 -2
right_child=4 2 -4 -5 -6 -7
leaf_value=1.0644829164532472 -0.48907495587249922 -1.2009612342707165 0.084790871962240666 0.075656656346629825 0.15349887060267586 -1.8647083969745371
leaf_weight=752 365 459 1373 1310 314 179
leaf_count=752 365 459 1373 1310 314 179
internal_value=-0.000314496 0.119333 -0.237828 0.436617 -0.542837 -0.94431
internal_weight=4752 3894 1832 2062 858 544
internal_count=4752 3894 1832 2062 858 544
is_linear=0
shrinkage=0.05


Tree=99
num_leaves=7
num_cat=0
split_feature=4 11 4 12 1 8
split_gain=124713 223627 316490 229675 220884 337716
threshold=-91.635957638889053 -0.1950438958025166 -187.62362500000015 -0.065387565056497052 143.53659999999994 1.0000000180025095e-35
decision_type=2 2 2 2 2 2
left_child=1 3 -3 -1 -2 -6
right_child=4 2 -4 -5 5 -7
leaf_value=-0.84433018350267519 -0.10831034829018227 0.71498283899269222 -1.8954407333566126 1.435433667243041 1.7118576397641239 -0.080289383410065848
leaf_weight=210 2687 162 405 231 486 571
leaf_count=210 2687 162 405 231 486 571
internal_value=-0.000321663 -0.493697 -1.14966 0.350378 0.132606 0.744564
internal_weight=4752 1008 567 441 3744 1057
internal_count=4752 1008 567 441 3744 1057
is_linear=0
shrinkage=0.05


end of trees

feature_importances:
Column_3=132
Column_4=115
Column_1=92
Column_2=44
Column_0=39
Column_11=37
Column_8=30
Column_12=19
Column_9=18
Column_10=17
Column_13=15
Column_14=1

parameters:
[boosting: gbdt]
[objective: regression]
[metric: l2]
[tree_learner: serial]
[device_type: cpu]
[data_sample_strategy: bagging]
[data: ]
[valid: ]
[num_iterations: 100]
[learning_rate: 0.05]
[num_leaves: 7]
[num_threads: 1]
[seed: 20250911]
[deterministic: 1]
[force_col_wise: 1]
[force_row_wise: 0]
[histogram_pool_size: -1]
[max_depth: 3]
[min_data_in_leaf: 144]
[min_sum_hessian_in_leaf: 0.001]
[bagging_fraction: 1]
[pos_bagging_fraction: 1]
[neg_bagging_fraction: 1]
[bagging_freq: 0]
[bagging_seed: 20250911]
[bagging_by_query: 0]
[feature_fraction: 1]
[feature_fraction_bynode: 1]
[feature_fraction_seed: 20250911]
[extra_trees: 0]
[extra_seed: 26685]
[early_stopping_round: 0]
[early_stopping_min_delta: 0]
[first_metric_only: 0]
[max_delta_step: 0]
[lambda_l1: 0]
[lambda_l2: 1]
[linear_lambda: 0]
[min_gain_to_split: 0]
[drop_rate: 0.1]
[max_drop: 50]
[skip_drop: 0.5]
[xgboost_dart_mode: 0]
[uniform_drop: 0]
[drop_seed: 2504]
[top_rate: 0.2]
[other_rate: 0.1]
[min_data_per_group: 100]
[max_cat_threshold: 32]
[cat_l2: 10]
[cat_smooth: 10]
[max_cat_to_onehot: 4]
[top_k: 20]
[monotone_constraints: ]
[monotone_constraints_method: basic]
[monotone_penalty: 0]
[feature_contri: ]
[forcedsplits_filename: ]
[refit_decay_rate: 0.9]
[cegb_tradeoff: 1]
[cegb_penalty_split: 0]
[cegb_penalty_feature_lazy: ]
[cegb_penalty_feature_coupled: ]
[path_smooth: 0]
[interaction_constraints: ]
[verbosity: -1]
[saved_feature_importance_type: 0]
[use_quantized_grad: 0]
[num_grad_quant_bins: 4]
[quant_train_renew_leaf: 0]
[stochastic_rounding: 1]
[linear_tree: 0]
[max_bin: 63]
[max_bin_by_feature: ]
[min_data_in_bin: 3]
[bin_construct_sample_cnt: 200000]
[data_random_seed: 20250911]
[is_enable_sparse: 1]
[enable_bundle: 1]
[use_missing: 1]
[zero_as_missing: 0]
[feature_pre_filter: 0]
[pre_partition: 0]
[two_round: 0]
[header: 0]
[label_column: ]
[weight_column: ]
[group_column: ]
[ignore_column: ]
[categorical_feature: ]
[forcedbins_filename: ]
[precise_float_parser: 0]
[parser_config_file: ]
[objective_seed: 19683]
[num_class: 1]
[is_unbalance: 0]
[scale_pos_weight: 1]
[sigmoid: 1]
[boost_from_average: 1]
[reg_sqrt: 0]
[alpha: 0.9]
[fair_c: 1]
[poisson_max_delta_step: 0.7]
[tweedie_variance_power: 1.5]
[lambdarank_truncation_level: 30]
[lambdarank_norm: 1]
[label_gain: ]
[lambdarank_position_bias_regularization: 0]
[eval_at: ]
[multi_error_top_k: 1]
[auc_mu_weights: ]
[num_machines: 1]
[local_listen_port: 12400]
[time_out: 120]
[machine_list_filename: ]
[machines: ]
[gpu_platform_id: -1]
[gpu_device_id: -1]
[gpu_device_id_list: ]
[gpu_use_dp: 0]
[num_gpu: 1]

end of parameters

pandas_categorical:null
