tree
version=v4
num_class=1
num_tree_per_iteration=1
label_index=0
max_feature_idx=14
objective=regression
feature_names=Column_0 Column_1 Column_2 Column_3 Column_4 Column_5 Column_6 Column_7 Column_8 Column_9 Column_10 Column_11 Column_12 Column_13 Column_14
feature_infos=[2052.4099999999999:7507.0587999999998] [-3916.2383999999997:4255.5460000000003] [-673.73999999999978:930.5654999999997] [-703.35500000000002:333.71499999999924] [-64.518832638888853:339.08788749999985] [0:1] [0:1] [0:1] [0:1] [0:1] [0:1] [-1:1] [-1:1] [-1:1] [-1:1]
tree_sizes=754 762 766 765 765 764 764 765 762 771 769 763 765 765 768 769 764 767 770 774 755 766 770 762 775 762 766 769 760 768 763 765 766 776 769 767 768 769 768 762 764 766 755 765 766 757 759 772 756 755 762 754 741 744 736 746 752 741 750 752 749 671 759 662 751 664 748 745 754 588 582 754 586 746 582 758 749 583 750 748 583 745 752 668 745 755 761 583 756 585 748 583 747 749 745 744 758 581 747 672

Tree=0
num_leaves=7
num_cat=0
split_feature=4 3 1 11 3 10
split_gain=5.61296e+07 3.54838e+07 1.84921e+07 6.83222e+06 6.582e+06 4.9487e+06
threshold=154.70986180555613 -14.053925000000161 283.21560000000005 0.065387565056497135 49.165712499999707 1.0000000180025095e-35
decision_type=2 2 2 2 2 2
left_child=1 -1 5 -4 -3 -2
right_child=2 4 3 -5 -6 -7
leaf_value=29.951930771729042 36.754019277379385 34.664954668137526 44.577308982659552 57.637188539219586 39.327003577474272 47.494602168256392
leaf_weight=4021 414 1442 155 295 1593 144
leaf_count=4021 414 1442 155 295 1593 144
internal_value=34.6091 33.0319 45.6397 53.1709 37.1127 39.5439
internal_weight=8064 7056 1008 450 3035 558
internal_count=8064 7056 1008 450 3035 558
is_linear=0
shrinkage=1


Tree=1
num_leaves=7
num_cat=0
split_feature=4 3 11 3 3 3
split_gain=5.06771e+07 3.20254e+07 1.67541e+07 1.2079e+07 6.18892e+06 3.89439e+06
threshold=154.70986180555613 -14.053925000000161 -0.1950438958025166 -100.66945000000031 101.71990000000007 -83.433749999999677
decision_type=2 2 2 2 2 2
left_child=1 5 -2 -4 -3 -1
right_child=2 4 3 -5 -6 -7
leaf_value=-5.7024844946963968 3.1613976215985837 1.10670050722559 3.677494674186184 20.429279074148578 6.3873948939226155 -2.5276367720455521
leaf_weight=2401 441 2305 145 422 730 1620
leaf_count=2401 441 2305 145 422 730 1620
internal_value=0.000298462 -1.49829 10.4815 16.1593 2.37854 -4.42433
internal_weight=8064 7056 1008 567 3035 4021
internal_count=8064 7056 1008 567 3035 4021
is_linear=0
shrinkage=0.05


Tree=2
num_leaves=7
num_cat=0
split_feature=4 3 1 11 3 10
split_gain=4.5747e+07 2.90346e+07 1.57613e+07 5.92663e+06 5.85251e+06 4.79338e+06
threshold=154.70986180555613 14.175624999999856 249.16659999999982 0.21643961393810304 -83.433749999999677 1.0000000180025095e-35
decision_type=2 2 2 2 2 2
left_child=1 4 5 -4 -1 -2
right_child=2 -3 3 -5 -6 -7
leaf_value=-5.4174790013168979 1.0025813605772889 3.1131062209374134 9.7481985714267854 21.086973196643218 -1.8889529669688867 11.687287214624471
leaf_weight=2401 381 2351 198 285 2304 144
leaf_count=2401 381 2351 198 285 2304 144
internal_value=0.000448017 -1.42338 9.95878 16.4685 -3.69036 3.94989
internal_weight=8064 7056 1008 483 4705 525
internal_count=8064 7056 1008 483 4705 525
is_linear=0
shrinkage=0.05


Tree=3
num_leaves=7
num_cat=0
split_feature=4 3 1 3 11 10
split_gain=4.13033e+07 2.63422e+07 1.42513e+07 5.99659e+06 5.19071e+06 3.83061e+06
threshold=154.70986180555613 24.229450000000046 283.21560000000005 -78.167724999999777 0.21643961393810304 1.0000000180025095e-35
decision_type=2 2 2 2 2 2
left_child=1 3 5 -1 -4 -2
right_child=2 -3 4 -5 -6 -7
leaf_value=-5.0695455545149137 1.6582448787349895 3.2833370196305753 9.3869575984113762 -1.5768086786169127 20.440559740101591 11.106953142593648
leaf_weight=2518 414 2136 179 2402 271 144
leaf_count=2518 414 2136 179 2402 271 144
internal_value=0.000669455 -1.35224 9.463 -3.36502 16.0742 4.11213
internal_weight=8064 7056 1008 4920 450 558
internal_count=8064 7056 1008 4920 450 558
is_linear=0
shrinkage=0.05


Tree=4
num_leaves=7
num_cat=0
split_feature=4 3 11 3 3 1
split_gain=3.72918e+07 2.39554e+07 1.31657e+07 9.82533e+06 5.21741e+06 3.28216e+06
threshold=154.70986180555613 -14.053925000000161 -0.1950438958025166 -94.464500000000029 101.71990000000007 37.571099999999895
decision_type=2 2 2 2 2 2
left_child=1 5 -2 -4 -3 -1
right_child=2 4 3 -5 -6 -7
leaf_value=-4.7668480382596758 2.5037809206653239 0.90062791323975855 3.0743435451402452 17.983008536846519 5.7490775529769147 -1.6691833295939955
leaf_weight=2785 441 2305 151 416 730 1236
leaf_count=2785 441 2305 151 416 730 1236
internal_value=0.000879255 -1.28465 8.99196 14.025 2.06832 -3.81532
internal_weight=8064 7056 1008 567 3035 4021
internal_count=8064 7056 1008 567 3035 4021
is_linear=0
shrinkage=0.05


Tree=5
num_leaves=7
num_cat=0
split_feature=4 3 1 3 11 10
split_gain=3.36639e+07 2.17465e+07 1.22777e+07 5.10637e+06 4.58758e+06 4.05544e+06
threshold=154.70986180555613 24.229450000000046 225.45760000000021 -83.433749999999677 0.40265084705289472 1.0000000180025095e-35
decision_type=2 2 2 2 2 2
left_child=1 3 5 -1 -4 -2
right_child=2 -3 4 -5 -6 -7
leaf_value=-4.69875642885233 0.1716402228436642 2.9914250873315122 9.148454293477009 -1.4756972084865565 18.752882773774143 10.075872709956663
leaf_weight=2401 360 2136 248 2519 256 144
leaf_count=2401 360 2136 248 2519 256 144
internal_value=0.000982661 -1.22042 8.54353 -3.04921 14.0544 3.01577
internal_weight=8064 7056 1008 4920 504 504
internal_count=8064 7056 1008 4920 504 504
is_linear=0
shrinkage=0.05


Tree=6
num_leaves=7
num_cat=0
split_feature=4 3 11 3 3 3
split_gain=3.03942e+07 1.97867e+07 1.10982e+07 8.43735e+06 5.77659e+06 2.76742e+06
threshold=154.70986180555613 44.379337499999799 -0.1950438958025166 -100.66945000000031 -57.857787500000079 18.807137500000184
decision_type=2 2 2 2 2 2
left_child=1 4 5 -4 -1 -2
right_child=2 -3 3 -5 -6 -7
leaf_value=-4.1094537784519529 -1.3167034378767015 3.5353002365715742 2.3134928675547037 16.307561870669641 -0.80115315228341533 6.6560274328901361
leaf_weight=2995 249 1702 145 422 2359 192
leaf_count=2995 249 1702 145 422 2359 192
internal_value=0.00115033 -1.15942 8.11824 12.7392 -2.65222 2.16162
internal_weight=8064 7056 1008 567 5354 441
internal_count=8064 7056 1008 567 5354 441
is_linear=0
shrinkage=0.05


Tree=7
num_leaves=7
num_cat=0
split_feature=4 3 1 3 11 10
split_gain=2.74382e+07 1.79396e+07 1.03598e+07 4.30125e+06 3.89573e+06 3.45241e+06
threshold=154.70986180555613 -14.053925000000161 225.45760000000021 109.84447499999989 0.40265084705289472 1.0000000180025095e-35
decision_type=2 2 2 2 2 2
left_child=1 -1 5 -3 -4 -2
right_child=2 3 4 -5 -6 -7
leaf_value=-3.2914402437507961 0.012415025835222155 0.83575287728167069 8.2560829478574096 5.4744129712343597 17.104694616655433 9.1502468870348981
leaf_weight=4021 360 2405 248 630 256 144
leaf_count=4021 360 2405 248 630 256 144
internal_value=0.00123275 -1.10146 7.71352 1.80012 12.7756 2.63617
internal_weight=8064 7056 1008 3035 504 504
internal_count=8064 7056 1008 3035 504 504
is_linear=0
shrinkage=0.05


Tree=8
num_leaves=7
num_cat=0
split_feature=3 4 2 11 3 1
split_gain=2.48248e+07 1.40701e+07 9.49937e+06 6.47376e+06 4.25942e+06 3.03131e+06
threshold=9.3079999999999945 154.70986180555613 361.35495000000043 -0.40265084705289461 -83.433749999999677 283.21560000000005
decision_type=2 2 2 2 2 2
left_child=2 -2 4 -3 -1 -4
right_child=1 3 5 -5 -6 -7
leaf_value=-4.0581824308035888 2.2277240321602734 4.8694027392321795 1.2606966816759728 17.154107649995407 -1.0928083563957671 11.069144905491109
leaf_weight=2503 2459 188 153 252 2347 162
leaf_count=2503 2459 188 153 252 2347 162
internal_value=0.00140391 3.70362 -2.07688 11.9281 -2.62371 6.32411
internal_weight=8064 2899 5165 440 4850 315
internal_count=8064 2899 5165 440 4850 315
is_linear=0
shrinkage=0.05


Tree=9
num_leaves=7
num_cat=0
split_feature=4 3 11 3 3 12
split_gain=2.27318e+07 1.52528e+07 8.72484e+06 6.34822e+06 4.40541e+06 2.63529e+06
threshold=154.70986180555613 44.379337499999799 1.0000000180025095e-35 -68.285425000000018 -78.167724999999777 -0.59116893267988335
decision_type=2 2 2 2 2 2
left_child=1 4 5 -4 -1 -2
right_child=2 -3 3 -5 -6 -7
leaf_value=-3.8345495278495627 7.9716555598619827 3.1197548739003982 3.8746741359261261 15.715396196330079 -0.96082518327696287 0.036220622162579159
leaf_weight=2518 147 1702 173 331 2836 357
leaf_count=2518 147 1702 173 331 2836 357
internal_value=0.00152859 -1.00215 7.02129 11.6667 -2.31281 2.36192
internal_weight=8064 7056 1008 504 5354 504
internal_count=8064 7056 1008 504 5354 504
is_linear=0
shrinkage=0.05


Tree=10
num_leaves=7
num_cat=0
split_feature=3 2 1 3 8 3
split_gain=2.07015e+07 1.47567e+07 5.7692e+06 5.39229e+06 3.73959e+06 1.29225e+06
threshold=-28.481562500000106 412.04000000000002 37.571099999999895 72.791437500000043 1.0000000180025095e-35 -88.963074999999876
decision_type=2 2 2 2 2 2
left_child=2 3 5 -2 -4 -1
right_child=1 -3 4 -5 -6 -7
leaf_value=-4.6077982675249256 0.52653412405284861 16.376987613600654 2.3401427799124694 4.4995565681149268 -2.96261220653285 -2.3391567295575895
leaf_weight=1767 2451 184 811 1310 562 979
leaf_count=1767 2451 184 811 1310 562 979
internal_value=0.00161282 2.58989 -2.47736 1.91121 0.169029 -3.80013
internal_weight=8064 3945 4119 3761 1373 2746
internal_count=8064 3945 4119 3761 1373 2746
is_linear=0
shrinkage=0.05


Tree=11
num_leaves=7
num_cat=0
split_feature=4 3 1 3 11 3
split_gain=1.95467e+07 1.24797e+07 7.63719e+06 3.5547e+06 2.81573e+06 2.62695e+06
threshold=154.70986180555613 44.379337499999799 249.16659999999982 -78.167724999999777 0.40265084705289472 18.807137500000184
decision_type=2 2 2 2 2 2
left_child=1 3 5 -1 -4 -2
right_child=2 -3 4 -5 -6 -7
leaf_value=-3.4815736874900858 -0.091013141528477587 2.7993308561085164 7.072501752134098 -0.90016398612471549 14.760309196930814 7.4874065953883395
leaf_weight=2518 358 1702 235 2836 248 167
leaf_count=2518 358 1702 235 2836 248 167
internal_value=0.00161799 -0.92909 6.51104 -2.11463 11.0422 2.3293
internal_weight=8064 7056 1008 5354 483 525
internal_count=8064 7056 1008 5354 483 525
is_linear=0
shrinkage=0.05


Tree=12
num_leaves=7
num_cat=0
split_feature=4 3 11 3 1 3
split_gain=1.76482e+07 1.12635e+07 7.21927e+06 5.57146e+06 3.35745e+06 1.98847e+06
threshold=154.70986180555613 44.379337499999799 -0.2376293295203116 -100.66945000000031 37.571099999999895 18.807137500000184
decision_type=2 2 2 2 2 2
left_child=1 4 5 -4 -1 -2
right_child=2 -3 3 -5 -6 -7
leaf_value=-2.9286799691609726 -1.7780340445290008 2.6594465170425314 1.4221405399325711 12.666720388280357 -0.30454065847598394 5.0798418550106588
leaf_weight=3477 239 1702 148 433 1877 188
leaf_count=3477 239 1702 148 433 1877 188
internal_value=0.00170845 -0.882647 6.18694 9.80972 -2.00894 1.24617
internal_weight=8064 7056 1008 581 5354 427
internal_count=8064 7056 1008 581 5354 427
is_linear=0
shrinkage=0.05


Tree=13
num_leaves=7
num_cat=0
split_feature=3 2 1 3 8 11
split_gain=1.60601e+07 1.15556e+07 4.50635e+06 4.3128e+06 3.25089e+06 1.19458e+06
threshold=-28.481562500000106 318.29694999999998 37.571099999999895 109.84447499999989 1.0000000180025095e-35 0.55543802234893513
decision_type=2 2 2 2 2 2
left_child=2 3 -1 -2 -4 -3
right_child=1 5 4 -5 -6 -7
leaf_value=-3.3508025404501169 0.66699355233235158 8.3973274698949627 2.1814274013927899 5.0730639945083897 -2.762711936267189 14.763474564147153
leaf_weight=2746 2956 154 811 683 562 152
leaf_count=2746 2956 154 811 683 562 152
internal_value=0.00172731 2.28147 -2.18173 1.49513 0.157141 11.5974
internal_weight=8064 3945 4119 3639 1373 306
internal_count=8064 3945 4119 3639 1373 306
is_linear=0
shrinkage=0.05


Tree=14
num_leaves=7
num_cat=0
split_feature=4 3 11 3 3 1
split_gain=1.51313e+07 9.42731e+06 6.24073e+06 4.66935e+06 2.94602e+06 1.97554e+06
threshold=154.70986180555613 -28.481562500000106 -0.1950438958025166 -38.680837500000045 109.84447499999989 -116.30979999999998
decision_type=2 2 2 2 2 2
left_child=1 5 -2 -4 -3 -1
right_child=2 4 3 -5 -6 -7
leaf_value=-3.9549112303380691 1.2632307217570182 0.38221571736522875 4.1870378502579619 13.318247833704261 4.1708188244438302 -1.5988986052448952
leaf_weight=1512 441 2748 257 310 630 2166
leaf_count=1512 441 2748 257 310 630 2166
internal_value=0.00179573 -0.817075 5.72902 9.19407 1.08982 -2.56825
internal_weight=8064 7056 1008 567 3378 3678
internal_count=8064 7056 1008 567 3378 3678
is_linear=0
shrinkage=0.05


Tree=15
num_leaves=7
num_cat=0
split_feature=4 3 1 3 12 10
split_gain=1.36601e+07 8.57457e+06 5.77379e+06 2.71795e+06 2.70036e+06 2.32073e+06
threshold=154.70986180555613 44.379337499999799 225.45760000000021 -88.963074999999876 0.065387565056496968 1.0000000180025095e-35
decision_type=2 2 2 2 2 2
left_child=1 3 5 -1 -4 -2
right_child=2 -3 4 -5 -6 -7
leaf_value=-3.066663839130392 -0.49599550426253985 2.3142757171615673 12.338001457904387 -0.78829026000225932 4.8933189104420478 6.9946985371153936
leaf_weight=2280 360 1702 292 3074 212 144
leaf_count=2280 360 1702 292 3074 212 144
internal_value=0.00181612 -0.776228 5.4435 -1.75893 9.2224 1.65382
internal_weight=8064 7056 1008 5354 504 504
internal_count=8064 7056 1008 5354 504 504
is_linear=0
shrinkage=0.05


Tree=16
num_leaves=7
num_cat=0
split_feature=4 3 11 12 3 3
split_gain=1.23332e+07 7.7961e+06 5.49088e+06 3.91796e+06 3.90169e+06 2.53165e+06
threshold=154.70986180555613 -28.481562500000106 0.21643961393810304 -0.75166088996455083 -68.285425000000018 119.78228750000041
decision_type=2 2 2 2 2 2
left_child=1 -1 3 -2 -4 -3
right_child=2 5 4 -5 -6 -7
leaf_value=-2.3299105060165184 8.9682636198965291 0.40819629757925269 2.8610201851421637 -0.47110982012008018 12.846906401985571 4.1805128150974777
leaf_weight=3678 147 2852 150 427 284 526
leaf_count=3678 147 2852 150 427 284 526
internal_value=0.00186285 -0.737428 5.1725 1.95768 9.41007 0.99666
internal_weight=8064 7056 1008 574 434 3378
internal_count=8064 7056 1008 574 434 3378
is_linear=0
shrinkage=0.05


Tree=17
num_leaves=7
num_cat=0
split_feature=3 4 2 11 1 3
split_gain=1.14328e+07 6.98896e+06 4.80024e+06 2.92898e+06 2.78302e+06 1.60846e+06
threshold=14.175624999999856 154.70986180555613 412.04000000000002 -0.40265084705289461 37.571099999999895 119.78228750000041
decision_type=2 2 2 2 2 2
left_child=2 5 4 -3 -1 -2
right_child=1 3 -4 -5 -6 -7
leaf_value=-2.5339660255809857 0.83529107921896051 3.6495694002012415 5.5342714732365987 12.106254099597656 -0.059264720698844468 3.9718836477552979
leaf_weight=3327 1825 179 240 242 1725 526
leaf_count=3327 1825 179 240 242 1725 526
internal_value=0.00193379 2.60266 -1.36058 8.52783 -1.68916 1.53845
internal_weight=8064 2772 5292 421 5052 2351
internal_count=8064 2772 5292 421 5052 2351
is_linear=0
shrinkage=0.05


Tree=18
num_leaves=7
num_cat=0
split_feature=3 4 11 1 3 8
split_gain=1.04691e+07 8.66923e+06 4.61421e+06 2.74312e+06 2.4434e+06 2.37937e+06
threshold=-48.414999999999502 154.70986180555613 0.40265084705289472 37.571099999999895 86.894637500000059 1.0000000180025095e-35
decision_type=2 2 2 2 2 2
left_child=3 4 -3 -1 -2 -5
right_child=1 2 -4 5 -6 -7
leaf_value=-2.9475040035350357 -0.009758215424445299 3.9446411216984871 12.903881056155635 1.9725449577233949 2.9184683322622966 -2.6611191972870007
leaf_weight=2456 2885 426 217 658 945 477
leaf_count=2456 2885 426 217 658 945 477
internal_value=0.00198282 1.61603 6.98355 -2.00839 0.713315 0.0245529
internal_weight=8064 4473 643 3591 3830 1135
internal_count=8064 4473 643 3591 3830 1135
is_linear=0
shrinkage=0.05


Tree=19
num_leaves=7
num_cat=0
split_feature=1 4 3 11 8 4
split_gain=9.76293e+06 6.15343e+06 3.56402e+06 3.46502e+06 3.14467e+06 2.0053e+06
threshold=79.200000000000287 154.70986180555613 -83.433749999999677 -0.59116893267988335 1.0000000180025095e-35 299.44270312499981
decision_type=2 2 2 2 2 2
left_child=2 4 -1 -3 -2 -4
right_child=1 3 5 -5 -6 -7
leaf_value=-3.0328941134107712 2.4764084427014015 -0.17097859394630333 -0.58913551893671456 8.5515232527862803 -1.1242755203830044 5.3660479643400887
leaf_weight=1984 1533 148 2757 492 1002 148
leaf_count=1984 1533 148 2757 492 1002 148
internal_value=0.00198362 2.16045 -1.39992 6.53732 1.0533 -0.283997
internal_weight=8064 3175 4889 640 2535 2905
internal_count=8064 3175 4889 640 2535 2905
is_linear=0
shrinkage=0.05


Tree=20
num_leaves=7
num_cat=0
split_feature=3 2 4 1 11 3
split_gain=9.13272e+06 5.1185e+06 4.18531e+06 2.6136e+06 1.6922e+06 896147
threshold=49.165712499999707 412.04000000000002 154.70986180555613 37.571099999999895 -0.2376293295203116 161.39485000000016
decision_type=2 2 2 2 2 2
left_child=1 3 5 -1 -4 -2
right_child=2 -3 4 -5 -6 -7
leaf_value=-2.0506873954173162 1.5526234001488552 5.615532693141386 4.5704327842960621 0.13198315249087689 12.158991786077912 5.0194102720667928
leaf_weight=3717 1378 284 145 2173 152 215
leaf_count=3717 1378 284 145 2173 152 215
internal_value=0.00195557 -0.929085 3.04224 -1.24555 8.48191 2.02338
internal_weight=8064 6174 1890 5890 297 1593
internal_count=8064 6174 1890 5890 297 1593
is_linear=0
shrinkage=0.05


Tree=21
num_leaves=7
num_cat=0
split_feature=3 2 3 1 8 3
split_gain=8.31717e+06 6.8722e+06 2.80849e+06 1.9752e+06 1.99843e+06 992192
threshold=-48.414999999999502 361.35495000000043 86.894637500000059 37.571099999999895 1.0000000180025095e-35 -382.30363749999964
decision_type=2 2 2 2 2 2
left_child=3 2 -2 5 -5 -1
right_child=1 -3 -4 4 -6 -7
leaf_value=-5.9473735463058599 0.1747872555181931 8.9117443190059742 3.1576257314470322 1.7206320642328319 -2.525942128510156 -2.2846984257974832
leaf_weight=201 3132 287 1054 658 477 2255
leaf_count=201 3132 287 1054 658 477 2255
internal_value=0.00202518 1.44065 0.926416 -1.78985 -0.0647041 -2.58675
internal_weight=8064 4473 4186 3591 1135 2456
internal_count=8064 4473 4186 3591 1135 2456
is_linear=0
shrinkage=0.05


Tree=22
num_leaves=7
num_cat=0
split_feature=1 8 1 3 4 2
split_gain=7.60237e+06 5.51994e+06 3.85628e+06 3.03812e+06 1.4921e+06 1.47627e+06
threshold=115.95604999999979 1.0000000180025095e-35 335.62259999999975 -83.433749999999677 299.44270312499981 244.54085000000012
decision_type=2 2 2 2 2 2
left_child=3 2 -2 -1 -5 -3
right_child=1 5 -4 4 -6 -7
leaf_value=-2.6079923252612427 2.6339406952273663 -1.2602850010382458 8.373999350860208 -0.39349108160577173 4.6354765473642656 4.015831757604686
leaf_weight=2070 1269 993 380 3046 154 152
leaf_count=2070 1269 993 380 3046 154 152
internal_value=0.00194381 2.10995 3.96097 -1.11585 -0.150099 -0.556982
internal_weight=8064 2794 1649 5270 3200 1145
internal_count=8064 2794 1649 5270 3200 1145
is_linear=0
shrinkage=0.05


Tree=23
num_leaves=7
num_cat=0
split_feature=3 2 4 3 12 3
split_gain=7.14995e+06 3.98807e+06 3.38795e+06 2.06653e+06 1.55992e+06 753858
threshold=49.165712499999707 412.04000000000002 154.70986180555613 -94.464500000000029 0.065387565056496968 161.39485000000016
decision_type=2 2 2 2 2 2
left_child=1 3 5 -1 -4 -2
right_child=2 -3 4 -5 -6 -7
leaf_value=-2.2772175434122088 1.3436934728702861 4.9550406248109384 11.138365628295823 -0.35535687470970823 3.8614550414732758 4.5231193774897198
leaf_weight=2285 1378 284 151 3605 146 215
leaf_count=2285 1378 284 151 3605 146 215
internal_value=0.00194209 -0.821854 2.69202 -1.10119 7.58613 1.77537
internal_weight=8064 6174 1890 5890 297 1593
internal_count=8064 6174 1890 5890 297 1593
is_linear=0
shrinkage=0.05


Tree=24
num_leaves=7
num_cat=0
split_feature=1 4 11 8 3 4
split_gain=6.57745e+06 4.16664e+06 2.7502e+06 2.32328e+06 2.27762e+06 1.33452e+06
threshold=79.200000000000287 154.70986180555613 -0.59116893267988335 1.0000000180025095e-35 -94.464500000000029 299.44270312499981
decision_type=2 2 2 2 2 2
left_child=4 3 -3 -2 -1 -6
right_child=1 2 -4 -5 5 -7
leaf_value=-2.5687790138395141 2.085838917228533 -0.59827082423155742 7.1697794716072254 -1.0090572054482114 -0.56875505283020655 4.1482095494406606
leaf_weight=1789 1533 148 492 1002 2943 157
leaf_count=1789 1533 148 492 1002 2943 157
internal_value=0.00198875 1.77366 5.37529 0.862615 -1.14869 -0.328603
internal_weight=8064 3175 640 2535 4889 3100
internal_count=8064 3175 640 2535 4889 3100
is_linear=0
shrinkage=0.05


Tree=25
num_leaves=7
num_cat=0
split_feature=3 4 2 11 1 3
split_gain=6.18374e+06 3.31676e+06 2.64398e+06 1.71131e+06 1.70292e+06 827474
threshold=28.996287499999656 154.70986180555613 412.04000000000002 -0.40265084705289461 -116.30979999999998 119.78228750000041
decision_type=2 2 2 2 2 2
left_child=2 5 4 -3 -1 -2
right_child=1 3 -4 -5 -6 -7
leaf_value=-2.3149833943675691 0.73482114157277234 2.4953120571525793 4.0988172525238147 9.3895227658901828 -0.46722154367498514 3.0391663545166523
leaf_weight=1945 1498 157 252 213 3473 526
leaf_count=1945 1498 157 252 213 3473 526
internal_value=0.00194298 2.13226 -0.89774 6.47875 -1.13085 1.33488
internal_weight=8064 2394 5670 370 5418 2024
internal_count=8064 2394 5670 370 5418 2024
is_linear=0
shrinkage=0.05


Tree=26
num_leaves=7
num_cat=0
split_feature=3 2 3 11 3 3
split_gain=5.66617e+06 4.19537e+06 1.69932e+06 1.54829e+06 2.01114e+06 875748
threshold=-28.481562500000106 412.04000000000002 101.71990000000007 0.21643961393810304 -338.32496250000025 -115.11915000000066
decision_type=2 2 2 2 2 2
left_child=3 2 -2 5 -5 -1
right_child=1 -3 -4 4 -6 -7
leaf_value=-3.4829467033759438 0.42864137867981927 8.7073425561028568 2.991535749850144 -3.7604972936992733 0.44559767855997046 -1.4113691822681491
leaf_weight=841 2932 184 829 343 1634 1301
leaf_count=841 2932 184 829 343 1634 1301
internal_value=0.00195109 1.35607 0.9942 -1.29498 -0.285672 -2.22597
internal_weight=8064 3945 3761 4119 1977 2142
internal_count=8064 3945 3761 4119 1977 2142
is_linear=0
shrinkage=0.05


Tree=27
num_leaves=7
num_cat=0
split_feature=1 8 1 3 2 4
split_gain=5.33524e+06 4.16788e+06 2.72328e+06 1.97944e+06 1.04169e+06 849445
threshold=115.95604999999979 1.0000000180025095e-35 335.62259999999975 -53.030425000000371 244.54085000000012 32.500230902777737
decision_type=2 2 2 2 2 2
left_child=3 2 -2 -1 -3 -5
right_child=1 4 -4 5 -6 -7
leaf_value=-1.8908582181768137 2.2610168441238367 -1.1402693354822622 7.0848026425858812 -0.21414015145350454 3.2918159301082293 3.1695488238216041
leaf_weight=2669 1269 993 380 2401 152 200
leaf_count=2669 1269 993 380 2401 152 200
internal_value=0.00187781 1.76781 3.37624 -0.934524 -0.549546 0.0471617
internal_weight=8064 2794 1649 5270 1145 2601
internal_count=8064 2794 1649 5270 1145 2601
is_linear=0
shrinkage=0.05


Tree=28
num_leaves=7
num_cat=0
split_feature=3 2 4 1 12 3
split_gain=4.86897e+06 2.57234e+06 2.3201e+06 1.5112e+06 1.35473e+06 583928
threshold=49.165712499999707 412.04000000000002 154.70986180555613 -116.30979999999998 0.065387565056496968 161.39485000000016
decision_type=2 2 2 2 2 2
left_child=1 3 5 -1 -4 -2
right_child=2 -3 4 -5 -6 -7
leaf_value=-1.9968463892405517 1.0833801897184585 3.9616278617842156 9.5796739648831526 -0.31627517326906279 2.8087114953670373 3.8813232193459513
leaf_weight=2053 1378 284 151 3837 146 215
leaf_count=2053 1378 284 151 3837 146 215
internal_value=0.00186181 -0.677947 2.22175 -0.902289 6.27178 1.4632
internal_weight=8064 6174 1890 5890 297 1593
internal_count=8064 6174 1890 5890 297 1593
is_linear=0
shrinkage=0.05


Tree=29
num_leaves=7
num_cat=0
split_feature=1 8 1 4 3 3
split_gain=4.52085e+06 2.91161e+06 2.93822e+06 1.58242e+06 1.4045e+06 987184
threshold=79.200000000000287 1.0000000180025095e-35 283.21560000000005 299.44270312499981 -100.66945000000031 -28.481562500000106
decision_type=2 2 2 2 2 2
left_child=3 2 -2 4 -1 -3
right_child=1 5 -4 -5 -6 -7
leaf_value=-2.3135677141941104 1.507907628387902 -2.0387156433060265 5.9007977781333327 3.3816744163927468 -0.50106462749889302 0.89566380959450687
leaf_weight=1648 1523 562 507 201 3040 583
leaf_count=1648 1523 562 507 201 3040 583
internal_value=0.00188652 1.47069 2.60741 -0.952088 -1.13858 -0.545139
internal_weight=8064 3175 2030 4889 4688 1145
internal_count=8064 3175 2030 4889 4688 1145
is_linear=0
shrinkage=0.05


Tree=30
num_leaves=7
num_cat=0
split_feature=3 2 4 1 12 3
split_gain=4.12057e+06 2.15586e+06 1.97932e+06 1.28058e+06 1.20963e+06 508980
threshold=49.165712499999707 412.04000000000002 154.70986180555613 -116.30979999999998 0.065387565056496968 161.39485000000016
decision_type=2 2 2 2 2 2
left_child=1 3 5 -1 -4 -2
right_child=2 -3 4 -5 -6 -7
leaf_value=-1.8365107328835024 0.98879490641605572 3.6238629471732859 8.9101330291871967 -0.28948146655632417 2.5137648249868634 3.6009530734546757
leaf_weight=2053 1378 284 151 3837 146 215
leaf_count=2053 1378 284 151 3837 146 215
internal_value=0.00183456 -0.62355 2.04401 -0.828929 5.78478 1.34338
internal_weight=8064 6174 1890 5890 297 1593
internal_count=8064 6174 1890 5890 297 1593
is_linear=0
shrinkage=0.05


Tree=31
num_leaves=7
num_cat=0
split_feature=3 2 11 3 3 3
split_gain=3.87992e+06 3.41727e+06 1.41399e+06 1.50395e+06 1.38658e+06 643817
threshold=-57.857787500000079 412.04000000000002 -0.59116893267988335 -338.32496250000025 109.84447499999989 -123.87828749999993
decision_type=2 2 2 2 2 2
left_child=2 4 5 -4 -2 -1
right_child=1 -3 3 -5 -6 -7
leaf_value=-4.9918479890823368 0.2394484687221386 6.8928229758091142 -3.565534058678661 -0.21622092408565208 2.6451919245191768 -2.0275623870300419
leaf_weight=299 3802 227 396 2153 710 477
leaf_count=299 3802 227 396 2153 710 477
internal_value=0.0018514 0.920447 -1.30727 -0.737748 0.618514 -3.17468
internal_weight=8064 4739 3325 2549 4512 776
internal_count=8064 4739 3325 2549 4512 776
is_linear=0
shrinkage=0.05


Tree=32
num_leaves=7
num_cat=0
split_feature=1 8 1 3 4 2
split_gain=3.68451e+06 3.14378e+06 1.91559e+06 1.31416e+06 1.14956e+06 808098
threshold=115.95604999999979 1.0000000180025095e-35 400.23039999999997 -263.29087500000009 299.44270312499981 244.54085000000012
decision_type=2 2 2 2 2 2
left_child=3 2 -2 -1 -5 -3
right_child=1 5 -4 4 -6 -7
leaf_value=-3.1230354365573003 2.1376350110922071 -1.0635321916974856 6.8620839982990205 -0.67791722461304804 3.115069872568669 2.8401687299406611
leaf_weight=535 1396 993 253 4527 208 152
leaf_count=535 1396 993 253 4527 208 152
internal_value=0.00175247 1.46928 2.86621 -0.776419 -0.510676 -0.543285
internal_weight=8064 2794 1649 5270 4735 1145
internal_count=8064 2794 1649 5270 4735 1145
is_linear=0
shrinkage=0.05


Tree=33
num_leaves=7
num_cat=0
split_feature=1 4 11 4 8 2
split_gain=3.35582e+06 2.04849e+06 2.16657e+06 1.31806e+06 1.22739e+06 1.06058e+06
threshold=48.288549999999766 154.70986180555613 -0.62577451934762984 299.44270312499981 1.0000000180025095e-35 79.450499999999934
decision_type=2 2 2 2 2 2
left_child=3 4 -3 5 -2 -1
right_child=1 2 -4 -5 -6 -7
leaf_value=-0.65056272858207953 1.3235068989385734 -1.5150775457643402 5.2025644814808976 3.1612761569506835 -0.84108588961416864 -2.5019800575402114
leaf_weight=3309 1883 156 514 190 1003 1009
leaf_count=3309 1883 156 514 190 1003 1009
internal_value=0.00172741 1.14998 3.63853 -0.904094 0.571194 -1.08367
internal_weight=8064 3556 670 4508 2886 4318
internal_count=8064 3556 670 4508 2886 4318
is_linear=0
shrinkage=0.05


Tree=34
num_leaves=7
num_cat=0
split_feature=3 2 11 3 3 12
split_gain=3.19697e+06 1.98896e+06 1.24344e+06 1.52514e+06 891912 832401
threshold=-4.4097874999999922 412.04000000000002 0.21643961393810304 -382.30363749999964 161.39485000000016 -0.80625269229011354
decision_type=2 2 2 2 2 2
left_child=2 4 5 -4 -2 -1
right_child=1 -3 3 -5 -6 -7
leaf_value=-0.042336307082727807 0.67944835811621873 6.6222367417738299 -3.7175707257526671 0.49395957257776479 3.8583740220409055 -2.1088994848635787
leaf_weight=656 2887 160 240 1989 238 1894
leaf_count=656 2887 160 240 1989 238 1894
internal_value=0.00166694 1.20225 -0.823668 0.0390336 0.922712 -1.57749
internal_weight=8064 3285 4779 2229 3125 2550
internal_count=8064 3285 4779 2229 3125 2550
is_linear=0
shrinkage=0.05


Tree=35
num_leaves=7
num_cat=0
split_feature=3 4 12 11 3 3
split_gain=2.98612e+06 2.53945e+06 2.56634e+06 1.16797e+06 1.1685e+06 762176
threshold=-57.857787500000079 154.70986180555613 -0.32136297141497067 -0.59116893267988335 -294.77494999999993 119.78228750000041
decision_type=2 2 2 2 2 2
left_child=3 5 -3 -1 -5 -2
right_child=1 2 -4 4 -6 -7
leaf_value=-2.8440383500727604 0.069711697196085817 7.75587783487736 1.3395856469324035 -2.7313357572073027 -0.084245157377520419 2.1080319793813596
leaf_weight=776 3535 242 436 524 2025 526
leaf_count=776 3535 242 436 524 2025 526
internal_value=0.00161945 0.807492 3.63782 -1.14686 -0.629267 0.334179
internal_weight=8064 4739 678 3325 2549 4061
internal_count=8064 4739 678 3325 2549 4061
is_linear=0
shrinkage=0.05


Tree=36
num_leaves=7
num_cat=0
split_feature=1 8 1 3 11 4
split_gain=2.78584e+06 2.4747e+06 1.44328e+06 1.04157e+06 716752 714167
threshold=115.95604999999979 1.0000000180025095e-35 335.62259999999975 -88.963074999999876 0.27976242230339698 9.7080503472220716
decision_type=2 2 2 2 2 2
left_child=3 2 -2 5 -5 -1
right_child=1 -3 -4 4 -6 -7
leaf_value=-1.0454918222325256 1.7050890559615113 -0.50794045992819736 5.216931618558454 -0.66042478295527729 0.89405233458567701 -3.268738706827663
leaf_weight=1486 1269 1145 380 2186 1121 477
leaf_count=1486 1269 1145 380 2186 1121 477
internal_value=0.00157329 1.27764 2.51704 -0.675076 -0.13338 -1.58712
internal_weight=8064 2794 1649 5270 3307 1963
internal_count=8064 2794 1649 5270 3307 1963
is_linear=0
shrinkage=0.05


Tree=37
num_leaves=7
num_cat=0
split_feature=3 11 4 4 3 11
split_gain=2.59111e+06 1.43098e+06 2.39646e+06 1.27083e+06 1.09819e+06 282618
threshold=72.791437500000043 0.34202014332566882 299.44270312499981 154.70986180555613 -115.11915000000066 -1.0000000180025095e-35
decision_type=2 2 2 2 2 2
left_child=1 4 -3 5 -1 -2
right_child=3 2 -4 -5 -6 -7
leaf_value=-2.5085554589302341 0.59772370434838995 0.098420971440072294 6.2169092644027799 5.3546277426130819 -0.54866448374792076 2.1736877530005643
leaf_weight=930 649 2497 170 230 3081 507
leaf_count=930 649 2497 170 230 3081 507
internal_value=0.00150909 -0.406873 0.49061 1.96804 -1.0036 1.29019
internal_weight=8064 6678 2667 1386 4011 1156
internal_count=8064 6678 2667 1386 4011 1156
is_linear=0
shrinkage=0.05


Tree=38
num_leaves=7
num_cat=0
split_feature=1 11 4 10 1 3
split_gain=2.41892e+06 1.52766e+06 1.7132e+06 1.06739e+06 2.14845e+06 907179
threshold=37.571099999999895 1.0000000180025095e-35 154.70986180555613 1.0000000180025095e-35 -200.22225 -94.464500000000029
decision_type=2 2 2 2 2 2
left_child=3 5 -3 4 -1 -2
right_child=1 2 -4 -5 -6 -7
leaf_value=-3.9665275617701532 -3.1303892214074391 1.180504613680802 4.9341956218553031 0.5146611898691037 -0.64410815365852858 0.31747161940240348
leaf_weight=596 216 1509 380 1151 2634 1578
leaf_count=596 216 1509 380 1151 2634 1578
internal_value=0.00150421 0.945842 1.93783 -0.792413 -1.2582 -0.0991681
internal_weight=8064 3683 1889 4381 3230 1794
internal_count=8064 3683 1889 4381 3230 1794
is_linear=0
shrinkage=0.05


Tree=39
num_leaves=7
num_cat=0
split_feature=3 4 11 4 1 12
split_gain=2.25974e+06 1.13641e+06 1.83805e+06 1.08483e+06 1.00838e+06 931597
threshold=49.165712499999707 299.44270312499981 -0.27976242230339682 154.70986180555613 -116.30979999999998 0.065387565056496968
decision_type=2 2 2 2 2 2
left_child=1 4 -3 -2 -1 -5
right_child=3 2 -4 5 -6 -7
leaf_value=-1.5480313153897312 0.99505097317677915 -2.2160857195456827 4.8261935199239128 7.0241932970814807 -0.15911017447427755 1.4196898994802618
leaf_weight=1994 1593 149 242 151 3789 146
leaf_count=1994 1593 149 242 151 3789 146
internal_value=0.00142408 -0.4617 2.14376 1.51374 -0.6382 4.28313
internal_weight=8064 6174 391 1890 5783 297
internal_count=8064 6174 391 1890 5783 297
is_linear=0
shrinkage=0.05


Tree=40
num_leaves=7
num_cat=0
split_feature=3 4 12 11 3 3
split_gain=2.07501e+06 1.73252e+06 2.18192e+06 924222 1.01292e+06 569250
threshold=-57.857787500000079 154.70986180555613 -0.32136297141497067 -0.59116893267988335 -338.32496250000025 119.78228750000041
decision_type=2 2 2 2 2 2
left_child=3 5 -3 -1 -5 -2
right_child=1 2 -4 4 -6 -7
leaf_value=-2.4656652749095955 0.053686820308686281 6.8078575971317878 0.89278500350170875 -2.8162375887597841 -0.067608219446716425 1.815239835881842
leaf_weight=776 3535 242 436 396 2153 526
leaf_count=776 3535 242 436 396 2153 526
internal_value=0.001417 0.673191 3.01098 -0.955952 -0.495559 0.282242
internal_weight=8064 4739 678 3325 2549 4061
internal_count=8064 4739 678 3325 2549 4061
is_linear=0
shrinkage=0.05


Tree=41
num_leaves=7
num_cat=0
split_feature=1 8 11 3 11 4
split_gain=1.93402e+06 1.9988e+06 1.23247e+06 853696 697501 629246
threshold=115.95604999999979 1.0000000180025095e-35 0.62577451934763018 -263.29087500000009 -0.10884096748385481 -22.022092361110477
decision_type=2 2 2 2 2 2
left_child=3 2 -2 5 -5 -1
right_child=1 -3 -4 4 -6 -7
leaf_value=-0.33419865036794283 1.2876916028623437 -0.54007750357814899 4.2785479588961408 -0.93562557310639205 0.27849653273959846 -3.8395617637001438
leaf_weight=212 1159 1145 490 2444 2291 323
leaf_count=212 1159 1145 490 2444 2291 323
internal_value=0.00137231 1.0646 2.17848 -0.562416 -0.348245 -2.45374
internal_weight=8064 2794 1649 5270 4735 535
internal_count=8064 2794 1649 5270 4735 535
is_linear=0
shrinkage=0.05


Tree=42
num_leaves=7
num_cat=0
split_feature=3 11 4 12 4 3
split_gain=1.85865e+06 1.12032e+06 1.71537e+06 946058 935054 240436
threshold=72.791437500000043 0.34202014332566882 299.44270312499981 -0.5554380223489348 154.70986180555613 161.39485000000016
decision_type=2 2 2 2 2 2
left_child=1 3 -3 -1 5 -2
right_child=4 2 -4 -5 -6 -7
leaf_value=0.16466170710974873 0.73916053853834141 0.11770868669938837 5.2942372679100407 -1.4408697470197414 4.5717601806570443 2.5905435534539047
leaf_weight=1420 941 2497 170 2591 230 215
leaf_count=1420 941 2497 170 2591 230 215
internal_value=0.0013049 -0.344572 0.449532 -0.87257 1.66685 1.08543
internal_weight=8064 6678 2667 4011 1386 1156
internal_count=8064 6678 2667 4011 1386 1156
is_linear=0
shrinkage=0.05


Tree=43
num_leaves=7
num_cat=0
split_feature=3 2 11 3 3 12
split_gain=1.74159e+06 1.27548e+06 780718 1.00796e+06 605241 538795
threshold=-28.481562500000106 318.29694999999998 0.21643961393810304 -382.30363749999964 161.39485000000016 -0.80625269229011354
decision_type=2 2 2 2 2 2
left_child=2 4 5 -4 -2 -1
right_child=1 -3 3 -5 -6 -7
leaf_value=-0.080253206459265425 0.32248021560784212 3.8470816167587181 -3.0314109926154504 0.41908625227497504 2.9619791972739944 -1.8628973657602992
leaf_weight=582 3408 306 240 1737 231 1560
leaf_count=582 3408 306 240 1737 231 1560
internal_value=0.00131429 0.752045 -0.717711 -0.0011113 0.490801 -1.3788
internal_weight=8064 3945 4119 1977 3639 2142
internal_count=8064 3945 4119 1977 3639 2142
is_linear=0
shrinkage=0.05


Tree=44
num_leaves=7
num_cat=0
split_feature=1 11 4 10 1 3
split_gain=1.62259e+06 1.19342e+06 1.14942e+06 862695 1.77882e+06 688601
threshold=37.571099999999895 1.0000000180025095e-35 154.70986180555613 1.0000000180025095e-35 -200.22225 -94.464500000000029
decision_type=2 2 2 2 2 2
left_child=3 5 -3 4 -1 -2
right_child=1 2 -4 -5 -6 -7
leaf_value=-3.5320628156564142 -2.7898069667938912 1.0310959045120225 4.1058432161495126 0.52606939300377342 -0.50898438506238375 0.21411584070762779
leaf_weight=596 216 1509 380 1151 2634 1578
leaf_count=596 216 1509 380 1151 2634 1578
internal_value=0.00126453 0.774696 1.65147 -0.648969 -1.06772 -0.148913
internal_weight=8064 3683 1889 4381 3230 1794
internal_count=8064 3683 1889 4381 3230 1794
is_linear=0
shrinkage=0.05


Tree=45
num_leaves=7
num_cat=0
split_feature=3 2 11 11 3 3
split_gain=1.50765e+06 1.26526e+06 687590 668730 798480 487068
threshold=-57.857787500000079 497.59780000000006 0.21643961393810304 -0.59116893267988335 -382.30363749999964 -123.87828749999993
decision_type=2 2 2 2 2 2
left_child=3 2 -2 5 -5 -1
right_child=1 -3 -4 4 -6 -7
leaf_value=-3.6783797523019217 -0.039872928061131047 4.9445645259320736 1.2351481450357191 -3.0104436733303004 -0.1206082598890558 -1.1034621492402326
leaf_weight=299 2925 159 1655 266 2283 477
leaf_count=299 2925 159 1655 266 2283 477
internal_value=0.0011954 0.573812 0.42103 -0.814861 -0.423238 -2.09906
internal_weight=8064 4739 4580 3325 2549 776
internal_count=8064 4739 4580 3325 2549 776
is_linear=0
shrinkage=0.05


Tree=46
num_leaves=7
num_cat=0
split_feature=3 12 4 4 0 11
split_gain=1.44841e+06 872726 1.39157e+06 766715 718559 210564
threshold=72.791437500000043 0.065387565056496968 299.44270312499981 32.500230902777737 4380.4278500000009 -1.0000000180025095e-35
decision_type=2 2 2 2 2 2
left_child=1 2 -1 5 -3 -2
right_child=3 4 -4 -5 -6 -7
leaf_value=-0.028166261509346653 0.28653586646333673 -0.65697428392345858 3.9778151950895273 3.8852212577119918 -3.1679937198570101 1.6660256485673983
leaf_weight=3305 625 2826 231 265 316 496
leaf_count=3305 625 2826 231 265 316 496
internal_value=0.00112464 -0.304205 0.234587 1.47142 -0.910442 0.897849
internal_weight=8064 6678 3536 1386 3142 1121
internal_count=8064 6678 3536 1386 3142 1121
is_linear=0
shrinkage=0.05


Tree=47
num_leaves=7
num_cat=0
split_feature=1 8 1 10 1 3
split_gain=1.34356e+06 1.04999e+06 1.27871e+06 739596 1.57418e+06 478858
threshold=37.571099999999895 1.0000000180025095e-35 283.21560000000005 1.0000000180025095e-35 -227.96030000000016 -28.481562500000106
decision_type=2 2 2 2 2 2
left_child=3 2 -2 4 -1 -3
right_child=1 5 -4 -5 -6 -7
leaf_value=-3.6768985444732154 0.71032647370557511 -1.5914769551893748 3.5158294323670471 0.49739067773399359 -0.52673396143138029 0.45151831824045918
leaf_weight=462 2030 562 507 1151 2768 584
leaf_count=462 2030 562 507 1151 2768 584
internal_value=0.00110537 0.7049 1.27215 -0.590583 -0.978313 -0.550883
internal_weight=8064 3683 2537 4381 3230 1146
internal_count=8064 3683 2537 4381 3230 1146
is_linear=0
shrinkage=0.05


Tree=48
num_leaves=7
num_cat=0
split_feature=3 11 4 12 4 11
split_gain=1.22644e+06 837440 1.02557e+06 904447 669472 191044
threshold=72.791437500000043 0.48087430661751701 299.44270312499981 -0.5554380223489348 32.500230902777737 -1.0000000180025095e-35
decision_type=2 2 2 2 2 2
left_child=1 3 -3 -1 5 -2
right_child=4 2 -4 -5 -6 -7
leaf_value=0.24880868922028757 0.23584215846150733 0.20851783491981385 4.4822295632362374 -1.2452693255925329 3.6095192601582164 1.5497508927430186
leaf_weight=1610 625 2190 149 2729 265 496
leaf_count=1610 625 2190 149 2729 265 496
internal_value=0.00104626 -0.279916 0.482563 -0.690957 1.354 0.81806
internal_weight=8064 6678 2339 4339 1386 1121
internal_count=8064 6678 2339 4339 1386 1121
is_linear=0
shrinkage=0.05


Tree=49
num_leaves=7
num_cat=0
split_feature=3 4 12 11 3 3
split_gain=1.16778e+06 966640 1.77973e+06 537630 728150 433203
threshold=-57.857787500000079 154.70986180555613 -0.19504389580251641 -0.59116893267988335 -294.77494999999993 -123.87828749999993
decision_type=2 2 2 2 2 2
left_child=3 -2 -3 5 -5 -1
right_child=1 2 -4 4 -6 -7
leaf_value=-3.3578933065732324 0.2129852839330576 5.3256418622440576 0.11953615971947487 -2.0253903708628247 0.064156937398391553 -0.93000333942005331
leaf_weight=299 4061 277 401 524 2025 477
leaf_count=299 4061 277 401 524 2025 477
internal_value=0.00105029 0.505006 2.25123 -0.717155 -0.366019 -1.86861
internal_weight=8064 4739 678 3325 2549 776
internal_count=8064 4739 678 3325 2549 776
is_linear=0
shrinkage=0.05


Tree=50
num_leaves=7
num_cat=0
split_feature=1 11 8 10 1 3
split_gain=1.11426e+06 938928 838037 633524 1.38534e+06 515566
threshold=37.571099999999895 1.0000000180025095e-35 1.0000000180025095e-35 1.0000000180025095e-35 -200.22225 -94.464500000000029
decision_type=2 2 2 2 2 2
left_child=3 5 -3 4 -1 -2
right_child=1 2 -4 -5 -6 -7
leaf_value=-3.0714535931569884 -2.4623989614198836 2.1167057389084429 -0.17031717063339374 0.46909057903200546 -0.4036279243241423 0.13686181910951936
leaf_weight=596 216 1313 576 1151 2634 1578
leaf_count=596 216 1313 576 1151 2634 1578
internal_value=0.000994116 0.641923 1.41962 -0.537842 -0.896694 -0.17729
internal_weight=8064 3683 1889 4381 3230 1794
internal_count=8064 3683 1889 4381 3230 1794
is_linear=0
shrinkage=0.05


Tree=51
num_leaves=7
num_cat=0
split_feature=1 0 2 4 1 1
split_gain=1.03319e+06 1.40766e+06 903822 1.07667e+06 910373 590677
threshold=115.95604999999979 4491.7800000000016 1.0000000180025095e-35 299.44270312499981 -116.30979999999998 249.16659999999982
decision_type=2 2 2 2 2 2
left_child=2 -2 4 -4 -1 -3
right_child=1 5 3 -5 -6 -7
leaf_value=-0.68972149563090113 0.145430246038006 1.4735646501261122 -1.4251655009506015 2.7748465053192 1.0817269544690575 4.4679467004189375
leaf_weight=1475 2121 383 2207 163 1425 290
leaf_count=1475 2121 383 2207 163 1425 290
internal_value=0.000923423 0.778041 -0.411151 -1.13526 0.180804 2.76858
internal_weight=8064 2794 5270 2370 2900 673
internal_count=8064 2794 5270 2370 2900 673
is_linear=0
shrinkage=0.05


Tree=52
num_leaves=7
num_cat=0
split_feature=3 11 4 3 4 1
split_gain=994569 822737 1.0624e+06 581408 467515 135193
threshold=109.84447499999989 0.34202014332566882 154.70986180555613 -115.11915000000066 32.500230902777737 188.47499999999994
decision_type=2 2 2 2 2 2
left_child=1 3 -3 -1 5 -2
right_child=4 2 -4 -5 -6 -7
leaf_value=-1.7156668208331416 0.42881048809815275 0.12600250308513289 3.0836829417252889 -0.30972304913509652 4.2480234221530129 1.9250929056365285
leaf_weight=930 332 2532 344 3502 147 277
leaf_count=930 332 2532 344 3502 147 277
internal_value=0.000925789 -0.177755 0.480721 -0.605063 1.72613 1.11143
internal_weight=8064 7308 2876 4432 756 609
internal_count=8064 7308 2876 4432 756 609
is_linear=0
shrinkage=0.05


Tree=53
num_leaves=7
num_cat=0
split_feature=3 2 4 11 13 1
split_gain=933010 1.15149e+06 761448 694680 571262 498761
threshold=-263.29087500000009 412.04000000000002 -25.171700694444549 0.21643961393810304 -0.17364817766692989 -147.04574999999974
decision_type=2 2 2 2 2 2
left_child=2 3 -1 -2 -3 -4
right_child=1 4 5 -5 -6 -7
leaf_value=0.33994470753873046 -0.36449963371824401 5.0438595730310301 -5.2683635536853863 0.65592893058475532 0.93185462672153163 -1.69467987625943
leaf_weight=257 4362 170 163 2699 168 245
leaf_count=257 4362 170 163 2699 168 245
internal_value=0.000927773 0.162254 -1.79159 0.0255871 3.0088 -3.13179
internal_weight=8064 7399 665 7061 338 408
internal_count=8064 7399 665 7061 338 408
is_linear=0
shrinkage=0.05


Tree=54
num_leaves=7
num_cat=0
split_feature=3 3 11 4 4 1
split_gain=887616 690255 998122 687589 411326 122268
threshold=109.84447499999989 -263.29087500000009 0.34202014332566882 -25.171700694444549 32.500230902777737 188.47499999999994
decision_type=2 2 2 2 2 2
left_child=1 3 -3 -1 5 -2
right_child=4 2 -4 -5 -6 -7
leaf_value=0.32301332969074104 0.40492025282927557 -0.4737810642106296 0.8027796044727773 -2.9760535058736219 3.9962054001318443 1.8278692701469652
leaf_weight=257 332 4251 2392 408 147 277
leaf_count=257 332 4251 2392 408 147 277
internal_value=0.000879177 -0.167921 -0.0140677 -1.70251 1.63068 1.05408
internal_weight=8064 7308 6643 665 756 609
internal_count=8064 7308 6643 665 756 609
is_linear=0
shrinkage=0.05


Tree=55
num_leaves=7
num_cat=0
split_feature=3 12 4 3 11 4
split_gain=828807 753264 816260 536062 425187 635877
threshold=44.379337499999799 0.44218343748786643 299.44270312499981 -238.0801749999998 1.0000000180025095e-35 3.5567385416659367
decision_type=2 2 2 2 2 2
left_child=1 2 -1 -3 -2 -6
right_child=4 3 -4 -5 5 -7
leaf_value=-0.07286561847599686 0.23776197148675698 -3.9720040515977511 2.8788123436283324 -0.83916926388870849 0.45670432159755414 3.1491292385384444
leaf_weight=3711 1134 146 249 1942 475 407
leaf_count=3711 1134 146 249 1942 475 407
internal_value=0.000859425 -0.291811 0.113412 -1.06002 0.87858 1.70129
internal_weight=8064 6048 3960 2088 2016 882
internal_count=8064 6048 3960 2088 2016 882
is_linear=0
shrinkage=0.05


Tree=56
num_leaves=7
num_cat=0
split_feature=1 0 10 1 4 3
split_gain=783120 770796 600690 1.1018e+06 490515 346916
threshold=8.7412000000001644 3073.5870000000004 1.0000000180025095e-35 -254.6451999999999 154.70986180555613 -38.680837500000045
decision_type=2 2 2 2 2 2
left_child=2 5 3 -1 -3 -2
right_child=1 4 -4 -5 -6 -7
leaf_value=-3.601974629782366 -2.0224376025380297 0.5846139770302593 0.46835511762917453 -0.5291475953772895 2.2263924640074051 -0.052154304139338525
leaf_weight=329 336 2511 1150 2520 555 663
leaf_count=329 336 2511 1150 2520 555 663
internal_value=0.000827851 0.489482 -0.495889 -0.885134 0.882434 -0.716192
internal_weight=8064 4065 3999 2849 3066 999
internal_count=8064 4065 3999 2849 3066 999
is_linear=0
shrinkage=0.05


Tree=57
num_leaves=7
num_cat=0
split_feature=3 11 12 4 4 1
split_gain=727438 622384 739799 696337 348245 110695
threshold=109.84447499999989 0.69134849440110402 -0.59116893267988335 154.70986180555613 32.500230902777737 188.47499999999994
decision_type=2 2 2 2 2 2
left_child=1 2 -1 -3 5 -2
right_child=4 3 -4 -5 -6 -7
leaf_value=0.34122748958599058 0.32825458490096771 0.27111586705049412 -0.87263535409020376 3.2102026427416828 3.6527359873459151 1.6819119599091708
leaf_weight=1984 332 1682 3414 228 147 277
leaf_count=1984 332 1682 3414 228 147 277
internal_value=0.000768316 -0.152044 -0.426507 0.623456 1.4762 0.945705
internal_weight=8064 7308 5398 1910 756 609
internal_count=8064 7308 5398 1910 756 609
is_linear=0
shrinkage=0.05


Tree=58
num_leaves=7
num_cat=0
split_feature=3 11 4 12 4 1
split_gain=724006 859393 1.74377e+06 658759 621541 517386
threshold=-263.29087500000009 0.21643961393810304 154.70986180555613 -0.5554380223489348 -22.022092361110477 -147.04574999999974
decision_type=2 2 2 2 2 2
left_child=4 3 -3 -2 -1 -6
right_child=1 2 -4 -5 5 -7
leaf_value=0.17109152886591156 0.60697285084950314 0.33842821188340383 3.9750685730150774 -0.70648473932729416 -5.2065801704589951 -1.4120782225522335
leaf_weight=288 1387 2578 377 3057 148 229
leaf_count=288 1387 2578 377 3057 148 229
internal_value=0.000783296 0.142896 0.80358 -0.296502 -1.57825 -2.91153
internal_weight=8064 7399 2955 4444 665 377
internal_count=8064 7399 2955 4444 665 377
is_linear=0
shrinkage=0.05


Tree=59
num_leaves=7
num_cat=0
split_feature=3 11 4 12 4 4
split_gain=682704 535080 1.16611e+06 570062 488399 875376
threshold=-57.857787500000079 0.62577451934763018 154.70986180555613 -0.4026508470528945 9.7080503472220716 3.1238843749995344
decision_type=2 2 2 2 2 2
left_child=4 3 -3 -2 5 -1
right_child=1 2 -4 -5 -6 -7
leaf_value=-0.43862634708531023 0.91491715862752143 0.64911445405215551 5.0838427562628477 -0.3923104291715917 -1.4913238577414383 3.1621993162592905
leaf_weight=2172 1314 972 174 2279 971 182
leaf_count=2172 1314 972 174 2279 971 182
internal_value=0.000730287 0.386057 1.3263 0.0858788 -0.548412 -0.159003
internal_weight=8064 4739 1146 3593 3325 2354
internal_count=8064 4739 1146 3593 3325 2354
is_linear=0
shrinkage=0.05


Tree=60
num_leaves=7
num_cat=0
split_feature=3 12 4 11 4 4
split_gain=634758 562164 797765 436203 347694 158000
threshold=72.791437500000043 -0.15208718494349094 299.44270312499981 0.48087430661751701 32.500230902777737 9.7080503472220716
decision_type=2 2 2 2 2 2
left_child=1 2 -1 -3 5 -2
right_child=4 3 -4 -5 -6 -7
leaf_value=0.080431552401892259 0.97089824621198761 -1.0450770294292944 3.3163153004485602 0.095613148561998165 2.5995446933839554 -0.3304758803316834
leaf_weight=2873 791 2276 203 1326 265 330
leaf_count=2873 791 2276 203 1326 265 330
internal_value=0.000740191 -0.201388 0.294991 -0.625246 0.974076 0.587847
internal_weight=8064 6678 3076 3602 1386 1121
internal_count=8064 6678 3076 3602 1386 1121
is_linear=0
shrinkage=0.05


Tree=61
num_leaves=6
num_cat=0
split_feature=3 11 4 12 4
split_gain=634786 740441 1.35397e+06 809348 365521
threshold=-338.32496250000025 0.69134849440110402 154.70986180555613 -0.59116893267988335 -22.022092361110477
decision_type=2 2 2 2 2
left_child=4 3 -3 -2 -1
right_child=1 2 -4 -5 -6
leaf_value=-0.32612861492373846 0.63052505966751005 0.46466441056932561 4.5726397031259332 -0.60651867864095521 -3.357372238784329
leaf_weight=187 2030 1619 228 3788 212
leaf_count=187 2030 1619 228 3788 212
internal_value=0.000738437 0.102059 0.973967 -0.174859 -1.94108
internal_weight=8064 7665 1847 5818 399
internal_count=8064 7665 1847 5818 399
is_linear=0
shrinkage=0.05


Tree=62
num_leaves=7
num_cat=0
split_feature=3 11 4 4 3 2
split_gain=609039 595061 532008 6.78397e+06 493371 245099
threshold=-100.66945000000031 -0.48087430661751701 3.5567385416659367 9.7080503472220716 -382.30363749999964 64.608650000000367
decision_type=2 2 2 2 2 2
left_child=1 -1 5 -4 -3 -2
right_child=2 4 3 -5 -6 -7
leaf_value=-2.2060254570972839 0.15445493640793873 -2.2567201180914735 9.7532881527530915 0.059679655556989009 0.091720931851943605 -0.76398000017088519
leaf_weight=505 2257 262 195 2281 1494 1070
leaf_count=505 2257 262 195 2281 1494 1070
internal_value=0.000710061 -0.695245 0.271945 0.826739 -0.259758 -0.141065
internal_weight=8064 2261 5803 2476 1756 3327
internal_count=8064 2261 5803 2476 1756 3327
is_linear=0
shrinkage=0.05


Tree=63
num_leaves=6
num_cat=0
split_feature=3 3 11 4 12
split_gain=579488 483404 609928 560773 163880
threshold=141.71496249999976 -263.29087500000009 0.21643961393810304 -2.8532451388887234 0.19504389580251646
decision_type=2 2 2 2 2
left_child=1 3 -3 -1 -2
right_child=4 2 -4 -5 -6
leaf_value=-0.47656480819064345 2.9255230129494803 -0.35059184688734329 0.60112431326767268 -3.7116979548687574 0.8391771958439902
leaf_weight=480 193 4223 2798 185 185
leaf_count=480 193 4223 2798 185 185
internal_value=0.000704516 -0.0933988 0.0287165 -1.38079 1.90934
internal_weight=8064 7686 7021 665 378
internal_count=8064 7686 7021 665 378
is_linear=0
shrinkage=0.05


Tree=64
num_leaves=7
num_cat=0
split_feature=1 0 10 1 11 0
split_gain=559584 601811 475386 944344 393476 309101
threshold=8.7412000000001644 3073.5870000000004 1.0000000180025095e-35 -296.96769999999987 0.95982138851864773 2711.8696500000001
decision_type=2 2 2 2 2 2
left_child=2 5 3 -1 -3 -2
right_child=1 4 -4 -5 -6 -7
leaf_value=-4.0966207598797002 -0.0093628995793701864 0.58262085127377394 0.43857176854662749 -0.51659244295819418 2.5621984184868096 -1.8548461345206393
leaf_weight=197 652 2791 1150 2652 275 347
leaf_count=197 652 2791 1150 2652 275 347
internal_value=0.00066822 0.413734 -0.419214 -0.765491 0.760953 -0.6516
internal_weight=8064 4065 3999 2849 3066 999
internal_count=8064 4065 3999 2849 3066 999
is_linear=0
shrinkage=0.05


Tree=65
num_leaves=6
num_cat=0
split_feature=3 12 4 4 12
split_gain=511181 448295 804642 411626 145417
threshold=141.71496249999976 -0.15208718494349094 299.44270312499981 14.05234027777715 0.19504389580251646
decision_type=2 2 2 2 2
left_child=1 2 -1 -3 -2
right_child=4 3 -4 -5 -6
leaf_value=0.12312012830998671 2.7504564531377911 -0.099034654476901976 3.1059804446412702 -1.1638896941608492 0.78519654265975447
leaf_weight=3250 193 2867 242 1327 185
leaf_count=3250 193 2867 242 1327 185
internal_value=0.000616862 -0.0877664 0.330666 -0.436157 1.79323
internal_weight=8064 7686 3492 4194 378
internal_count=8064 7686 3492 4194 378
is_linear=0
shrinkage=0.05


Tree=66
num_leaves=7
num_cat=0
split_feature=1 10 1 8 2 1
split_gain=504499 554740 757939 472279 850580 302803
threshold=-37.978000000000286 1.0000000180025095e-35 -296.96769999999987 1.0000000180025095e-35 -7.8418000000001475 1057.085
decision_type=2 2 2 2 2 2
left_child=1 2 -1 4 -2 -5
right_child=3 -3 -4 5 -6 -7
leaf_value=-3.8871873063571529 1.776146145616692 0.41975707777492383 -0.64294937450145428 -2.0321326694623481 0.10390127871394246 -0.10458757215488537
leaf_weight=197 1095 1149 1993 264 2484 882
leaf_count=197 1095 1149 1993 264 2484 882
internal_value=0.000620133 -0.469756 -0.936424 0.333048 0.61588 -0.550014
internal_weight=8064 3339 2190 4725 3579 1146
internal_count=8064 3339 2190 4725 3579 1146
is_linear=0
shrinkage=0.05


Tree=67
num_leaves=7
num_cat=0
split_feature=1 0 2 4 1 4
split_gain=498250 915462 853886 865328 521283 363005
threshold=115.95604999999979 4491.7800000000016 50.979400000000176 299.44270312499981 -116.30979999999998 -27.887591666667046
decision_type=2 2 2 2 2 2
left_child=2 5 4 -4 -1 -2
right_child=1 -3 3 -5 -6 -7
leaf_value=-0.45317607591735387 2.057428897380829 2.1454610802387979 -1.5084764453051098 2.5108292443295053 0.76776690830113015 -0.18076221101078993
leaf_weight=1718 199 673 1629 145 1778 1922
leaf_count=1718 199 673 1629 145 1778 1922
internal_value=0.00056205 0.540222 -0.285598 -1.17872 0.167815 0.0301037
internal_weight=8064 2794 5270 1774 3496 2121
internal_count=8064 2794 5270 1774 3496 2121
is_linear=0
shrinkage=0.05


Tree=68
num_leaves=7
num_cat=0
split_feature=3 11 4 12 4 12
split_gain=465141 568308 1.12103e+06 624977 485020 422482
threshold=-263.29087500000009 0.69134849440110402 154.70986180555613 -0.59116893267988335 -2.8532451388887234 0.065387565056496968
decision_type=2 2 2 2 2 2
left_child=4 3 -3 -2 5 -1
right_child=1 2 -4 -5 -6 -7
leaf_value=0.55736016053762005 0.60309145769166894 0.41911025808807723 4.2244646359134368 -0.5049993911280074 -3.4328277822143285 -2.6581776350128408
leaf_weight=334 1928 1512 221 3738 185 146
leaf_count=334 1928 1512 221 3738 185 146
internal_value=0.000567048 0.114475 0.906543 -0.127904 -1.26508 -0.424192
internal_weight=8064 7399 1733 5666 665 480
internal_count=8064 7399 1733 5666 665 480
is_linear=0
shrinkage=0.05


Tree=69
num_leaves=5
num_cat=0
split_feature=3 11 4 3
split_gain=444893 543944 1.12074e+06 426007
threshold=-382.30363749999964 0.34202014332566882 154.70986180555613 -115.11915000000066
decision_type=2 2 2 2
left_child=-1 3 -3 -2
right_child=1 2 -4 -5
leaf_value=-2.0063966559560114 -1.2408834819986816 0.24229540504048233 3.2261971544837551 -0.032423518727436346
leaf_weight=266 891 2551 358 3998
leaf_count=266 891 2551 358 3998
internal_value=0.000533791 0.0692413 0.610496 -0.252869
internal_weight=8064 7798 2909 4889
internal_count=8064 7798 2909 4889
is_linear=0
shrinkage=0.05


Tree=70
num_leaves=5
num_cat=0
split_feature=3 11 4 3
split_gain=436120 380020 600357 500665
threshold=161.39485000000016 -0.59116893267988335 154.70986180555613 -123.87828749999993
decision_type=2 2 2 2
left_child=1 3 -3 -1
right_child=-2 2 -4 -5
leaf_value=-2.5073390470047792 2.043622728557926 -0.035208604643117487 1.5520954131028233 -0.31869359012454601
leaf_weight=299 252 4805 679 2029
leaf_count=299 252 4805 679 2029
internal_value=0.000508267 -0.0656518 0.16157 -0.600751
internal_weight=8064 7812 5484 2328
internal_count=8064 7812 5484 2328
is_linear=0
shrinkage=0.05


Tree=71
num_leaves=7
num_cat=0
split_feature=12 4 11 2 0 3
split_gain=406443 838164 877234 656505 504737 395704
threshold=0.065387565056496968 154.70986180555613 -0.62577451934762984 1.0000000180025095e-35 4380.4278500000009 -263.29087500000009
decision_type=2 2 2 2 2 2
left_child=1 3 -3 -1 5 -2
right_child=4 2 -4 -5 -6 -7
leaf_value=0.73223489340564529 -2.4491286557912826 -0.96027745862160963 3.5217738582081695 -0.60410812019738502 -2.27135976288002 -0.073877506373158749
leaf_weight=1864 184 154 371 1811 319 3361
leaf_count=1864 184 154 371 1811 319 3361
internal_value=0.000487406 0.340926 2.20771 0.0737144 -0.369547 -0.197819
internal_weight=8064 4200 525 3675 3864 3545
internal_count=8064 4200 525 3675 3864 3545
is_linear=0
shrinkage=0.05


Tree=72
num_leaves=5
num_cat=0
split_feature=3 11 4 12
split_gain=403632 474815 799456 542050
threshold=-382.30363749999964 0.69134849440110402 154.70986180555613 -0.59116893267988335
decision_type=2 2 2 2
left_child=-1 3 -3 -2
right_child=1 2 -4 -5
leaf_value=-1.9111520158119975 0.49094290387338574 0.36567546970052511 3.4687405118585133 -0.51177799954416636
leaf_weight=266 2087 1674 236 3801
leaf_count=266 2087 1674 236 3801
internal_value=0.000449988 0.0658939 0.750705 -0.156341
internal_weight=8064 7798 1910 5888
internal_count=8064 7798 1910 5888
is_linear=0
shrinkage=0.05


Tree=73
num_leaves=7
num_cat=0
split_feature=3 4 4 3 4 2
split_gain=393542 488236 5.33468e+06 697436 236862 79865.7
threshold=86.894637500000059 9.7080503472220716 3.5567385416659367 -182.42353749999958 32.500230902777737 -160.88849999999999
decision_type=2 2 2 2 2 2
left_child=1 2 -1 -3 5 -2
right_child=4 3 -4 -5 -6 -7
leaf_value=-0.25866339192639826 -0.49900211217226809 -3.3496615507492891 7.1175803053379063 -0.44175274513831503 2.341035706294726 0.72514916058412937
leaf_weight=4282 161 227 259 2162 218 755
leaf_count=4282 161 227 259 2162 218 755
internal_value=0.00043928 -0.140891 0.163522 -0.719345 0.86349 0.509678
internal_weight=8064 6930 4541 2389 1134 916
internal_count=8064 6930 4541 2389 1134 916
is_linear=0
shrinkage=0.05


Tree=74
num_leaves=5
num_cat=0
split_feature=3 4 4 3
split_gain=371623 372564 5.73344e+06 701475
threshold=161.39485000000016 9.7080503472220716 3.5567385416659367 -182.42353749999958
decision_type=2 2 2 2
left_child=1 2 -1 -3
right_child=-2 3 -4 -5
leaf_value=-0.21500113718747974 1.8864488047161121 -3.1829130519148814 7.1226460867924688 -0.28788491616258033
leaf_weight=4757 252 227 281 2547
leaf_count=4757 252 227 281 2547
internal_value=0.000452249 -0.06062 0.195597 -0.52585
internal_weight=8064 7812 5038 2774
internal_count=8064 7812 5038 2774
is_linear=0
shrinkage=0.05


Tree=75
num_leaves=7
num_cat=0
split_feature=1 2 8 1 12 10
split_gain=352545 751510 729703 465982 462418 434264
threshold=115.95604999999979 -74.831800000000143 1.0000000180025095e-35 -116.30979999999998 0.69134849440110391 1.0000000180025095e-35
decision_type=2 2 2 2 2 2
left_child=1 3 4 -1 -2 -3
right_child=2 5 -4 -5 -6 -7
leaf_value=-0.16910440973930438 1.597855446977148 -1.0183996404337117 -0.51503317244936031 1.3866253245038136 -0.36123818097359289 0.31304008762855245
leaf_weight=1052 1253 2524 1145 886 396 808
leaf_count=1052 1253 2524 1145 886 396 808
internal_value=0.000462643 -0.240247 0.454408 0.542481 1.12745 -0.695532
internal_weight=8064 5270 2794 1938 1649 3332
internal_count=8064 5270 2794 1938 1649 3332
is_linear=0
shrinkage=0.05


Tree=76
num_leaves=7
num_cat=0
split_feature=11 4 4 12 4 4
split_gain=345719 463530 673160 408295 821809 532506
threshold=0.69134849440110402 154.70986180555613 9.7080503472220716 -0.59116893267988335 154.70986180555613 291.56506006944443
decision_type=2 2 2 2 2 2
left_child=3 2 -2 4 -1 -5
right_child=1 -3 -4 5 -6 -7
leaf_value=-0.014349605446237153 0.85261584235053434 2.5314258387226327 -1.3277964324810201 -0.31911818913334317 2.9136726605576757 -2.3900066677426315
leaf_weight=1911 1332 259 481 3468 273 340
leaf_count=1911 1332 259 481 3468 273 340
internal_value=0.00044716 0.557024 0.273726 -0.192075 0.352819 -0.504598
internal_weight=8064 2072 1813 5992 2184 3808
internal_count=8064 2072 1813 5992 2184 3808
is_linear=0
shrinkage=0.05


Tree=77
num_leaves=5
num_cat=0
split_feature=3 11 4 2
split_gain=342879 391980 776884 375665
threshold=-382.30363749999964 0.34202014332566882 154.70986180555613 72.105250000000083
decision_type=2 2 2 2
left_child=-1 3 -3 -2
right_child=1 2 -4 -5
leaf_value=-1.7614365673355394 0.11649134887562129 0.21366434720152153 2.6980089036286046 -0.79607888325217846
leaf_weight=266 3126 2551 358 1763
leaf_count=266 3126 2551 358 1763
internal_value=0.000438728 0.0607568 0.520226 -0.212682
internal_weight=8064 7798 2909 4889
internal_count=8064 7798 2909 4889
is_linear=0
shrinkage=0.05


Tree=78
num_leaves=7
num_cat=0
split_feature=1 10 1 8 2 1
split_gain=327062 450664 635093 337697 725975 245881
threshold=-37.978000000000286 1.0000000180025095e-35 -254.6451999999999 1.0000000180025095e-35 -7.8418000000001475 1057.085
decision_type=2 2 2 2 2 2
left_child=1 2 -1 4 -2 -5
right_child=3 -3 -4 5 -6 -7
leaf_value=-2.8206069142901988 1.5791572385290842 0.42340351705123552 -0.44020962094013794 -1.8141943587067555 0.034275475052490803 -0.077268267565513388
leaf_weight=329 1095 1149 1861 264 2484 882
leaf_count=329 1095 1149 1861 264 2484 882
internal_value=0.000419709 -0.37831 -0.798937 0.268079 0.507243 -0.478631
internal_weight=8064 3339 2190 4725 3579 1146
internal_count=8064 3339 2190 4725 3579 1146
is_linear=0
shrinkage=0.05


Tree=79
num_leaves=7
num_cat=0
split_feature=12 4 2 3 4 4
split_gain=315260 660233 509093 435213 336323 791661
threshold=-0.15208718494349094 154.70986180555613 -74.831800000000143 -73.590637499999943 14.05234027777715 6.5402576388878524
decision_type=2 2 2 2 2 2
left_child=1 2 -1 -3 5 -2
right_child=4 3 -4 -5 -6 -7
leaf_value=0.98156035026669941 -0.22116158572116507 -0.13687740857521558 -0.35784508218072825 3.179158709171884 -0.91630308353096701 2.7840503729191148
leaf_weight=1065 2765 145 2120 310 1422 237
leaf_count=1065 2765 145 2120 310 1422 237
internal_value=0.000379408 0.344984 0.0901927 2.12442 -0.28317 0.0169401
internal_weight=8064 3640 3185 455 4424 3002
internal_count=8064 3640 3185 455 4424 3002
is_linear=0
shrinkage=0.05


Tree=80
num_leaves=5
num_cat=0
split_feature=3 4 4 3
split_gain=313771 345781 5.09948e+06 606066
threshold=161.39485000000016 9.7080503472220716 3.5567385416659367 -199.01598749999945
decision_type=2 2 2 2
left_child=1 2 -1 -3
right_child=-2 3 -4 -5
leaf_value=-0.19612310926503135 1.7333819372365953 -3.199205537167253 6.723975335579393 -0.30121397844526204
leaf_weight=4757 252 193 281 2581
leaf_count=4757 252 193 281 2581
internal_value=0.000393373 -0.0557242 0.191111 -0.503921
internal_weight=8064 7812 5038 2774
internal_count=8064 7812 5038 2774
is_linear=0
shrinkage=0.05


Tree=81
num_leaves=7
num_cat=0
split_feature=1 2 4 0 4 4
split_gain=304481 629861 635636 623303 502553 354133
threshold=126.96999999999981 58.024850000000022 299.44270312499981 4491.7800000000016 9.7080503472220716 -27.887591666667046
decision_type=2 2 2 2 2 2
left_child=1 4 -3 5 -1 -2
right_child=3 2 -4 -5 -6 -7
leaf_value=0.51437395628579408 2.0242429229421446 -1.2875574321852183 2.1071637680272985 1.8190887299198657 -0.80863630403053266 -0.20077815387916359
leaf_weight=2667 197 1599 150 624 981 1846
leaf_count=2667 197 1599 150 624 981 1846
internal_value=0.000403225 -0.215569 -0.995377 0.437366 0.158473 0.0146589
internal_weight=8064 5397 1749 2667 3648 2043
internal_count=8064 5397 1749 2667 3648 2043
is_linear=0
shrinkage=0.05


Tree=82
num_leaves=7
num_cat=0
split_feature=11 4 4 3 1 12
split_gain=296430 374250 559742 356660 423824 287501
threshold=0.69134849440110402 154.70986180555613 9.7080503472220716 -123.87828749999993 -179.16599999999968 -0.4026508470528945
decision_type=2 2 2 2 2 2
left_child=3 2 -2 4 -1 -5
right_child=1 -3 -4 5 -6 -7
leaf_value=-2.1697849397231557 0.78908854847160315 2.2898905685544015 -1.1991769621481045 0.51130225193096379 -0.20807806388605077 -0.28615249471204557
leaf_weight=447 1332 259 481 1802 715 3028
leaf_count=447 1332 259 481 1802 715 3028
internal_value=0.000408902 0.515785 0.261219 -0.177862 -0.963927 0.0114101
internal_weight=8064 2072 1813 5992 1162 4830
internal_count=8064 2072 1813 5992 1162 4830
is_linear=0
shrinkage=0.05


Tree=83
num_leaves=6
num_cat=0
split_feature=3 11 4 12 4
split_gain=295048 358816 696311 362067 260953
threshold=-338.32496250000025 0.80625269229011354 154.70986180555613 -0.62577451934762995 -22.022092361110477
decision_type=2 2 2 2 2
left_child=4 3 -3 -2 -1
right_child=1 2 -4 -5 -6
leaf_value=0.039302131216576761 0.43546993279021573 0.36485895786409223 3.6904764509118269 -0.36868056285188938 -2.5200811285088323
leaf_weight=187 2122 1256 179 4108 212
leaf_count=187 2122 1256 179 4108 212
internal_value=0.000386761 0.0694636 0.781973 -0.094753 -1.32347
internal_weight=8064 7665 1435 6230 399
internal_count=8064 7665 1435 6230 399
is_linear=0
shrinkage=0.05


Tree=84
num_leaves=7
num_cat=0
split_feature=3 4 4 3 4 0
split_gain=275498 337306 4.30422e+06 499056 148311 68276.7
threshold=119.78228750000041 9.7080503472220716 3.5567385416659367 -182.42353749999958 27.440935416666438 3720.7508500000004
decision_type=2 2 2 2 2 2
left_child=1 2 -1 -3 5 -2
right_child=4 3 -4 -5 -6 -7
leaf_value=-0.20120713977329882 -0.0015848112932170732 -2.7787252217596561 6.2843222990522092 -0.32924439470790612 2.3888540331878372 1.186492473535808
leaf_weight=4568 248 227 270 2369 147 235
leaf_count=4568 248 227 270 2369 147 235
internal_value=0.000377602 -0.0847509 0.161962 -0.54442 1.00344 0.577722
internal_weight=8064 7434 4838 2596 630 483
internal_count=8064 7434 4838 2596 630 483
is_linear=0
shrinkage=0.05


Tree=85
num_leaves=7
num_cat=0
split_feature=1 2 10 8 2 1
split_gain=260486 373481 512130 325878 496379 315155
threshold=8.7412000000001644 -129.01545000000007 1.0000000180025095e-35 1.0000000180025095e-35 -7.8418000000001475 -227.96030000000016
decision_type=2 2 2 2 2 2
left_child=1 5 -3 4 -2 -1
right_child=3 2 -4 -5 -6 -7
leaf_value=-0.50297175787563286 1.6322025306193177 -1.0524217204674233 0.37202930804182832 -0.43199887954854871 0.16523663767338009 1.1914446418895457
leaf_weight=470 790 1937 935 1146 2129 657
leaf_count=470 790 1937 935 1146 2129 657
internal_value=0.000399323 -0.286076 -0.588713 0.282224 0.56268 0.484992
internal_weight=8064 3999 2872 4065 2919 1127
internal_count=8064 3999 2872 4065 2919 1127
is_linear=0
shrinkage=0.05


Tree=86
num_leaves=7
num_cat=0
split_feature=11 4 4 4 3 0
split_gain=254402 456403 6.26745e+06 648727 395689 210497
threshold=-0.59116893267988335 3.5567385416659367 9.7080503472220716 1.0000000180025095e-35 -132.65007499999999 6235.6028000000015
decision_type=2 2 2 2 2 2
left_child=4 3 -3 -2 -1 -6
right_child=1 2 -4 -5 5 -7
leaf_value=-2.2682944487337866 0.17238906915531743 9.1166084737026036 -0.099747012155973813 -1.5262181304981881 -0.055437401016446397 -1.8284117155504807
leaf_weight=260 2727 202 2020 707 1966 182
leaf_count=260 2727 202 2020 707 1966 182
internal_value=0.000387872 0.183631 0.741828 -0.177667 -0.429917 -0.206442
internal_weight=8064 5656 2222 3434 2408 2148
internal_count=8064 5656 2222 3434 2408 2148
is_linear=0
shrinkage=0.05


Tree=87
num_leaves=5
num_cat=0
split_feature=3 11 4 3
split_gain=256057 299492 556624 431049
threshold=-382.30363749999964 -0.55543802234893469 154.70986180555613 -123.87828749999993
decision_type=2 2 2 2
left_child=-1 3 -3 -2
right_child=1 2 -4 -5
leaf_value=-1.522165407915687 -2.1199552620164699 0.072809982638365828 1.6271267014739632 -0.14785812840168375
leaf_weight=266 316 4623 657 2202
leaf_count=266 316 4623 657 2202
internal_value=0.000390241 0.0525151 0.266488 -0.396093
internal_weight=8064 7798 5280 2518
internal_count=8064 7798 5280 2518
is_linear=0
shrinkage=0.05


Tree=88
num_leaves=7
num_cat=0
split_feature=12 4 11 2 0 4
split_gain=251577 549185 613067 480731 385543 270346
threshold=0.065387565056496968 154.70986180555613 -0.62577451934762984 1.0000000180025095e-35 4345.0823000000009 9.7080503472220716
decision_type=2 2 2 2 2 2
left_child=1 3 -3 -1 5 -2
right_child=4 2 -4 -5 -6 -7
leaf_value=0.61541514488771043 0.21897545031660104 -0.86876271383896952 2.8778531506337148 -0.52812117932273883 -1.7096467524067336 -0.70317253496192911
leaf_weight=1864 2194 154 371 1811 425 1245
leaf_count=1864 2194 154 371 1811 425 1245
internal_value=0.000357773 0.268197 1.77928 0.0519025 -0.290766 -0.114971
internal_weight=8064 4200 525 3675 3864 3439
internal_count=8064 4200 525 3675 3864 3439
is_linear=0
shrinkage=0.05


Tree=89
num_leaves=5
num_cat=0
split_feature=3 4 4 3
split_gain=249759 267255 3.73936e+06 469452
threshold=161.39485000000016 9.7080503472220716 3.5567385416659367 -199.01598749999945
decision_type=2 2 2 2
left_child=1 2 -1 -3
right_child=-2 3 -4 -5
leaf_value=-0.16431972643477155 1.5464852083930856 -2.8158976291565554 5.7614884354596869 -0.26535506698315187
leaf_weight=4757 252 193 281 2581
leaf_count=4757 252 193 281 2581
internal_value=0.000339283 -0.0497279 0.167277 -0.443759
internal_weight=8064 7812 5038 2774
internal_count=8064 7812 5038 2774
is_linear=0
shrinkage=0.05


Tree=90
num_leaves=7
num_cat=0
split_feature=3 4 1 11 4 12
split_gain=234656 413232 335664 265102 481345 279728
threshold=-263.29087500000009 -25.171700694444549 -147.04574999999974 0.72219205899833594 154.70986180555613 -0.5554380223489348
decision_type=2 2 2 2 2 2
left_child=1 -1 -3 5 -5 -2
right_child=3 2 -4 4 -6 -7
leaf_value=0.67031003224064223 0.3942193327120016 -3.6373546662853986 -0.71090433809573095 0.31362163421378791 2.8776161081450327 -0.33513071981138221
leaf_weight=257 2028 163 245 1429 209 3733
leaf_count=257 2028 163 245 1429 209 3733
internal_value=0.000347501 -0.898602 -1.88608 0.0812529 0.64233 -0.0783594
internal_weight=8064 665 408 7399 1638 5761
internal_count=8064 665 408 7399 1638 5761
is_linear=0
shrinkage=0.05


Tree=91
num_leaves=5
num_cat=0
split_feature=3 4 4 1
split_gain=224041 250725 3.37869e+06 431064
threshold=161.39485000000016 9.7080503472220716 3.5567385416659367 205.29499999999965
decision_type=2 2 2 2
left_child=1 2 -1 -3
right_child=-2 3 -4 -5
leaf_value=-0.15210587518497071 1.4647069181613772 -0.85274790573077708 5.4806798338255982 0.48680438364731987
leaf_weight=4757 252 1896 281 878
leaf_count=4757 252 1896 281 878
internal_value=0.000327475 -0.047092 0.163094 -0.428743
internal_weight=8064 7812 5038 2774
internal_count=8064 7812 5038 2774
is_linear=0
shrinkage=0.05


Tree=92
num_leaves=7
num_cat=0
split_feature=2 1 12 4 1 1
split_gain=220577 559931 483047 440761 265737 519134
threshold=79.450499999999934 155.15535000000003 -0.065387565056497052 299.44270312499981 -179.16599999999968 -1570.1952500000002
decision_type=2 2 2 2 2 2
left_child=4 3 -3 -2 5 -1
right_child=1 2 -4 -5 -6 -7
leaf_value=1.0278444157540798 -1.2338888451070584 1.3691967812417203 -0.54249797900699226 1.5790350034639433 0.42025598968240063 -1.0359137843258008
leaf_weight=444 1467 664 656 153 3714 966
leaf_count=444 1467 664 656 153 3714 966
internal_value=0.000350947 -0.344809 0.419451 -0.967414 0.198422 -0.385782
internal_weight=8064 2940 1320 1620 5124 1410
internal_count=8064 2940 1320 1620 5124 1410
is_linear=0
shrinkage=0.05


Tree=93
num_leaves=7
num_cat=0
split_feature=11 3 12 4 4 12
split_gain=211099 251986 346372 245666 437380 180060
threshold=0.69134849440110402 -123.87828749999993 -0.91509365977396839 154.70986180555613 9.7080503472220716 -0.4026508470528945
decision_type=2 2 2 2 2 2
left_child=1 2 -1 4 -2 -3
right_child=3 5 -4 -5 -6 -7
leaf_value=0.55578645240425706 0.69561895252682626 0.40460384061706733 -1.3551737366190468 1.8726453786644226 -1.0619382845353784 -0.22649151087071676
leaf_weight=331 1332 1802 831 259 481 3028
leaf_count=331 1332 1802 831 259 481 3028
internal_value=0.000343224 -0.150096 -0.81082 0.43526 0.229 0.00899564
internal_weight=8064 5992 1162 2072 1813 4830
internal_count=8064 5992 1162 2072 1813 4830
is_linear=0
shrinkage=0.05


Tree=94
num_leaves=7
num_cat=0
split_feature=4 3 4 1 12 2
split_gain=210463 490470 366372 296858 201067 185767
threshold=-25.171700694444549 -263.29087500000009 -11.252324305555247 -147.04574999999974 0.72219205899833583 -74.831800000000143
decision_type=2 2 2 2 2 2
left_child=4 3 -3 -2 5 -1
right_child=1 2 -4 -5 -6 -7
leaf_value=2.0218921205251927 -3.4237231576724385 -0.76384405838578739 0.1857910808050913 -0.6716075347592616 -0.5687046474398576 0.43201654822679991
leaf_weight=308 163 1250 5398 245 245 455
leaf_count=308 163 1250 5398 245 245 455
internal_value=0.000331549 -0.0962433 0.00714651 -1.77679 0.675781 1.07561
internal_weight=8064 7056 6648 408 1008 763
internal_count=8064 7056 6648 408 1008 763
is_linear=0
shrinkage=0.05


Tree=95
num_leaves=7
num_cat=0
split_feature=2 1 12 4 1 1
split_gain=204915 487191 427148 386856 251042 575321
threshold=79.450499999999934 155.15535000000003 -0.065387565056497052 299.44270312499981 538.57270000000028 126.96999999999981
decision_type=2 2 2 2 2 2
left_child=4 3 -3 -2 5 -1
right_child=1 2 -4 -5 -6 -7
leaf_value=0.13103071557831203 -1.1627844854235163 1.273624628865041 -0.52404887337163886 1.4725371909412472 -0.66614575647428387 1.9470717794662098
leaf_weight=3903 1467 664 656 153 731 490
leaf_count=3903 1467 664 656 153 731 490
internal_value=0.000297686 -0.332382 0.380515 -0.913138 0.191207 0.333991
internal_weight=8064 2940 1320 1620 5124 4393
internal_count=8064 2940 1320 1620 5124 4393
is_linear=0
shrinkage=0.05


Tree=96
num_leaves=7
num_cat=0
split_feature=4 4 4 1 12 10
split_gain=199391 7.04772e+06 442861 406720 422876 386556
threshold=9.7080503472220716 6.5402576388878524 1.0000000180025095e-35 283.21560000000005 0.62577451934763018 1.0000000180025095e-35
decision_type=2 2 2 2 2 2
left_child=1 2 -1 5 -5 -2
right_child=3 -3 -4 4 -6 -7
leaf_value=0.12813649791014814 -0.97395389230594986 11.053647945276623 -0.98763410403083851 1.291269254617281 -1.3596119489613459 0.99689836339142079
leaf_weight=3888 1794 144 1152 598 200 288
leaf_count=3888 1794 144 1152 598 200 288
internal_value=0.000298121 0.185605 -0.127042 -0.333202 0.626018 -0.700981
internal_weight=8064 5184 5040 2880 798 2082
internal_count=8064 5184 5040 2880 798 2082
is_linear=0
shrinkage=0.05


Tree=97
num_leaves=5
num_cat=0
split_feature=3 11 4 4
split_gain=195762 234450 475031 273686
threshold=-382.30363749999964 0.80625269229011354 154.70986180555613 -29.088152777777847
decision_type=2 2 2 2
left_child=-1 3 -3 -2
right_child=1 2 -4 -5
leaf_value=-1.3309327478377559 1.1522188947822611 0.2736763066791888 2.9812503044025322 -0.17474555181890752
leaf_weight=266 415 1305 184 5894
leaf_count=266 415 1305 184 5894
internal_value=0.000346132 0.0459226 0.610035 -0.0872903
internal_weight=8064 7798 1489 6309
internal_count=8064 7798 1489 6309
is_linear=0
shrinkage=0.05


Tree=98
num_leaves=7
num_cat=0
split_feature=2 1 12 10 1 1
split_gain=193174 419378 372003 334367 227717 516152
threshold=79.450499999999934 155.15535000000003 -0.19504389580251641 1.0000000180025095e-35 538.57270000000028 126.96999999999981
decision_type=2 2 2 2 2 2
left_child=4 3 -3 -2 5 -1
right_child=1 2 -4 -5 -6 -7
leaf_value=0.12945279611496935 -1.2766307676212534 1.2351287310034327 -0.44618351570627796 0.379957230971252 -0.63084829023382705 1.8495784749992028
leaf_weight=3903 1214 616 704 406 731 490
leaf_count=3903 1214 616 704 406 731 490
internal_value=0.000346814 -0.322662 0.33877 -0.861483 0.185706 0.321695
internal_weight=8064 2940 1320 1620 5124 4393
internal_count=8064 2940 1320 1620 5124 4393
is_linear=0
shrinkage=0.05


Tree=99
num_leaves=6
num_cat=0
split_feature=4 4 4 3 4
split_gain=182965 6.36518e+06 397345 393864 385761
threshold=9.7080503472220716 6.5402576388878524 1.0000000180025095e-35 -182.42353749999958 154.70986180555613
decision_type=2 2 2 2 2
left_child=1 2 -1 -2 -5
right_child=3 -3 -4 4 -6
leaf_value=0.12243398506913739 -2.3133722235366965 10.50623157780746 -0.93444323950468966 -0.57851183952834706 0.69540881333408056
leaf_weight=3888 227 144 1152 1756 897
leaf_count=3888 227 144 1152 1756 897
internal_value=0.000337165 0.177847 -0.119275 -0.319131 -0.14769
internal_weight=8064 5184 5040 2880 2653
internal_count=8064 5184 5040 2880 2653
is_linear=0
shrinkage=0.05


end of trees

feature_importances:
Column_3=157
Column_4=135
Column_1=83
Column_11=71
Column_12=42
Column_2=38
Column_8=19
Column_10=18
Column_0=11
Column_13=1

parameters:
[boosting: gbdt]
[objective: regression]
[metric: l2]
[tree_learner: serial]
[device_type: cpu]
[data_sample_strategy: bagging]
[data: ]
[valid: ]
[num_iterations: 100]
[learning_rate: 0.05]
[num_leaves: 7]
[num_threads: 1]
[seed: 20250911]
[deterministic: 1]
[force_col_wise: 1]
[force_row_wise: 0]
[histogram_pool_size: -1]
[max_depth: 3]
[min_data_in_leaf: 144]
[min_sum_hessian_in_leaf: 0.001]
[bagging_fraction: 1]
[pos_bagging_fraction: 1]
[neg_bagging_fraction: 1]
[bagging_freq: 0]
[bagging_seed: 20250911]
[bagging_by_query: 0]
[feature_fraction: 1]
[feature_fraction_bynode: 1]
[feature_fraction_seed: 20250911]
[extra_trees: 0]
[extra_seed: 26685]
[early_stopping_round: 0]
[early_stopping_min_delta: 0]
[first_metric_only: 0]
[max_delta_step: 0]
[lambda_l1: 0]
[lambda_l2: 1]
[linear_lambda: 0]
[min_gain_to_split: 0]
[drop_rate: 0.1]
[max_drop: 50]
[skip_drop: 0.5]
[xgboost_dart_mode: 0]
[uniform_drop: 0]
[drop_seed: 2504]
[top_rate: 0.2]
[other_rate: 0.1]
[min_data_per_group: 100]
[max_cat_threshold: 32]
[cat_l2: 10]
[cat_smooth: 10]
[max_cat_to_onehot: 4]
[top_k: 20]
[monotone_constraints: ]
[monotone_constraints_method: basic]
[monotone_penalty: 0]
[feature_contri: ]
[forcedsplits_filename: ]
[refit_decay_rate: 0.9]
[cegb_tradeoff: 1]
[cegb_penalty_split: 0]
[cegb_penalty_feature_lazy: ]
[cegb_penalty_feature_coupled: ]
[path_smooth: 0]
[interaction_constraints: ]
[verbosity: -1]
[saved_feature_importance_type: 0]
[use_quantized_grad: 0]
[num_grad_quant_bins: 4]
[quant_train_renew_leaf: 0]
[stochastic_rounding: 1]
[linear_tree: 0]
[max_bin: 63]
[max_bin_by_feature: ]
[min_data_in_bin: 3]
[bin_construct_sample_cnt: 200000]
[data_random_seed: 20250911]
[is_enable_sparse: 1]
[enable_bundle: 1]
[use_missing: 1]
[zero_as_missing: 0]
[feature_pre_filter: 0]
[pre_partition: 0]
[two_round: 0]
[header: 0]
[label_column: ]
[weight_column: ]
[group_column: ]
[ignore_column: ]
[categorical_feature: ]
[forcedbins_filename: ]
[precise_float_parser: 0]
[parser_config_file: ]
[objective_seed: 19683]
[num_class: 1]
[is_unbalance: 0]
[scale_pos_weight: 1]
[sigmoid: 1]
[boost_from_average: 1]
[reg_sqrt: 0]
[alpha: 0.9]
[fair_c: 1]
[poisson_max_delta_step: 0.7]
[tweedie_variance_power: 1.5]
[lambdarank_truncation_level: 30]
[lambdarank_norm: 1]
[label_gain: ]
[lambdarank_position_bias_regularization: 0]
[eval_at: ]
[multi_error_top_k: 1]
[auc_mu_weights: ]
[num_machines: 1]
[local_listen_port: 12400]
[time_out: 120]
[machine_list_filename: ]
[machines: ]
[gpu_platform_id: -1]
[gpu_device_id: -1]
[gpu_device_id_list: ]
[gpu_use_dp: 0]
[num_gpu: 1]

end of parameters

pandas_categorical:null
