tree
version=v4
num_class=1
num_tree_per_iteration=1
label_index=0
max_feature_idx=14
objective=regression
feature_names=Column_0 Column_1 Column_2 Column_3 Column_4 Column_5 Column_6 Column_7 Column_8 Column_9 Column_10 Column_11 Column_12 Column_13 Column_14
feature_infos=[1995.7175999999999:7582.1383999999998] [-4381.8038999999999:3727.7714000000001] [-1364.9799999999996:692.05000000000018] [-361.96544999999969:1012.1575000000003] [-561.77681388888868:35.305790972222894] [0:1] [0:1] [0:1] [0:1] [0:1] [0:1] [-1:1] [-1:1] [-1:1] [-1:1]
tree_sizes=761 775 767 769 767 764 769 772 770 763 769 767 771 771 773 764 765 765 764 770 680 767 772 769 771 768 770 684 684 774 769 685 782 768 685 765 775 682 772 776 769 775 777 779 772 685 781 777 772 684 774 759 773 773 675 784 598 767 686 762 771 775 602 611 766 772 606 599 511 515 764 592 773 592 677 505 588 759 582 760 762 757 760 589 590 748 583 763 761 750 576 761 670 754 500 586 589 665 587 758

Tree=0
num_leaves=7
num_cat=0
split_feature=2 4 3 1 1 3
split_gain=1.609e+08 3.5844e+07 3.1006e+07 1.99965e+07 1.45347e+07 6.04122e+06
threshold=-402.58014999999972 -529.59355381944385 -32.256249999999902 -420.43884999999995 1.0000000180025095e-35 7.2300624999998044
decision_type=2 2 2 2 2 2
left_child=1 5 -2 -3 -4 -1
right_child=2 3 4 -5 -6 -7
leaf_value=-126.99607569535783 -95.097252246453905 -111.86626377430264 -89.186695591907977 -90.735596438563149 -84.186744017032609 -115.12394612203943
leaf_weight=178 1289 198 2738 256 3099 306
leaf_count=178 1289 198 2738 256 3099 306
internal_value=-90.6446 -110.1 -88.0813 -99.9776 -86.5315 -119.556
internal_weight=8064 938 7126 454 5837 484
internal_count=8064 938 7126 454 5837 484
is_linear=0
shrinkage=1


Tree=1
num_leaves=7
num_cat=0
split_feature=4 1 3 4 1 11
split_gain=1.45632e+08 4.07493e+07 2.70849e+07 1.79962e+07 1.23299e+07 8.01504e+06
threshold=-336.46675763888783 -420.43884999999995 -41.594987499999654 -556.88829201388887 1.0000000180025095e-35 -0.10884096748385481
decision_type=2 2 2 2 2 2
left_child=1 5 -2 -3 -4 -1
right_child=2 3 4 -5 -6 -7
leaf_value=-32.331807837679378 -4.4521782229755829 -21.896795798519562 1.5094300223209807 -0.80920607194393179 6.0871861762316284 -19.536915341785978
leaf_weight=320 1157 144 2804 335 3095 209
leaf_count=320 1157 144 2804 335 3095 209
internal_value=-0.000487779 -17.7683 2.53993 -7.1811 3.91184 -27.3231
internal_weight=8064 1008 7056 479 5899 529
internal_count=8064 1008 7056 479 5899 529
is_linear=0
shrinkage=0.05


Tree=2
num_leaves=7
num_cat=0
split_feature=2 3 3 4 1 1
split_gain=1.33568e+08 3.08533e+07 2.60523e+07 2.21173e+07 1.04923e+07 6.21207e+06
threshold=-402.58014999999972 223.51401250000006 13.640924999999699 -153.22948194444459 30.320100000000142 -223.1737499999999
decision_type=2 2 2 2 2 2
left_child=1 3 5 -1 -4 -2
right_child=2 -3 4 -5 -6 -7
leaf_value=-27.797120444468284 -6.5126105421002096 -0.78459978444235667 1.9884329374911243 -8.0093813850707622 6.5167374768076929 -0.56834161184656873
leaf_weight=536 649 209 2589 193 2530 1358
leaf_count=536 649 209 2589 193 2530 1358
internal_value=-0.000906245 -17.727 2.33455 -22.5765 4.22732 -2.49282
internal_weight=8064 938 7126 729 5119 2007
internal_count=8064 938 7126 729 5119 2007
is_linear=0
shrinkage=0.05


Tree=3
num_leaves=7
num_cat=0
split_feature=4 1 3 4 4 11
split_gain=1.20694e+08 3.4073e+07 2.25942e+07 1.27548e+07 1.00916e+07 6.18263e+06
threshold=-336.46675763888783 -505.66040000000015 -41.594987499999654 -556.88829201388887 -61.716315277777987 -0.15208718494349127
decision_type=2 2 2 2 2 2
left_child=1 5 -2 -3 -4 -1
right_child=2 3 4 -5 -6 -7
leaf_value=-30.356926610267767 -4.0745791020602091 -20.025636398298989 -1.2329055536232034 -2.6115334293284977 4.4557711320674755 -18.488597037065475
leaf_weight=294 1157 144 924 384 4975 186
leaf_count=294 1157 144 924 384 4975 186
internal_value=-0.00107895 -16.1762 2.31162 -7.38971 3.56466 -25.8059
internal_weight=8064 1008 7056 528 5899 480
internal_count=8064 1008 7056 528 5899 480
is_linear=0
shrinkage=0.05


Tree=4
num_leaves=7
num_cat=0
split_feature=2 3 3 4 11 1
split_gain=1.1074e+08 2.63101e+07 2.19705e+07 1.77361e+07 8.92443e+06 8.53537e+06
threshold=-402.58014999999972 223.51401250000006 46.747212500000167 -153.22948194444459 -0.65918890865109969 30.320100000000142
decision_type=2 2 2 2 2 2
left_child=1 3 4 -1 -2 -4
right_child=2 -3 5 -5 -6 -7
leaf_value=-25.295476809249465 -9.080899051298001 -0.49766885379950204 2.0242237145592621 -7.572413668190082 -0.40930097176577895 6.3593892839133233
leaf_weight=536 341 209 2246 193 2241 2298
leaf_count=536 341 209 2246 193 2241 2298
internal_value=-0.00147345 -16.1419 2.12507 -20.6202 -1.55762 4.21753
internal_weight=8064 938 7126 729 2582 4544
internal_count=8064 938 7126 729 2582 4544
is_linear=0
shrinkage=0.05


Tree=5
num_leaves=7
num_cat=0
split_feature=4 1 3 4 1 11
split_gain=1.0027e+08 2.88292e+07 1.91641e+07 1.47352e+07 9.95068e+06 6.64712e+06
threshold=-336.46675763888783 -357.40119999999973 -72.64461249999998 -556.88829201388887 -33.808950000000316 0.34202014332566882
decision_type=2 2 2 2 2 2
left_child=1 5 -2 -3 -4 -1
right_child=2 3 4 -5 -6 -7
leaf_value=-25.522742230920908 -5.1505944684471379 -18.310909800365053 0.75855083028281023 1.087847581394757 4.7846910928818698 -13.060195735623438
leaf_weight=414 805 144 2707 301 3544 149
leaf_count=414 805 144 2707 301 3544 149
internal_value=-0.0016135 -14.7448 2.10635 -5.21648 3.04157 -22.2535
internal_weight=8064 1008 7056 445 6251 563
internal_count=8064 1008 7056 445 6251 563
is_linear=0
shrinkage=0.05


Tree=6
num_leaves=7
num_cat=0
split_feature=2 3 3 4 11 1
split_gain=9.17495e+07 2.24581e+07 1.86953e+07 1.40703e+07 8.00332e+06 7.21146e+06
threshold=-402.58014999999972 223.51401250000006 46.747212500000167 -153.22948194444459 -0.65918890865109969 64.786449999999618
decision_type=2 2 2 2 2 2
left_child=1 3 4 -1 -2 -4
right_child=2 -3 5 -5 -6 -7
leaf_value=-22.995355049524893 -8.5878230882318398 -0.24066560376258123 2.0751728308029813 -7.2058970914673566 -0.3759212423354823 6.0830485220781769
leaf_weight=536 341 209 2517 193 2241 2027
leaf_count=536 341 209 2517 193 2241 2027
internal_value=-0.00187636 -14.6933 1.93375 -18.8308 -1.46336 3.86396
internal_weight=8064 938 7126 729 2582 4544
internal_count=8064 938 7126 729 2582 4544
is_linear=0
shrinkage=0.05


Tree=7
num_leaves=7
num_cat=0
split_feature=4 1 3 4 4 11
split_gain=8.33502e+07 2.41356e+07 1.6455e+07 1.09012e+07 7.82766e+06 5.39369e+06
threshold=-336.46675763888783 -420.43884999999995 -32.256249999999902 -556.88829201388887 -61.716315277777987 -0.51864980417341167
decision_type=2 2 2 2 2 2
left_child=1 -1 5 -3 -4 -2
right_child=2 3 4 -5 -6 -7
leaf_value=-20.797155566519162 -9.7105791626140192 -16.749680567979812 -1.2446446669571336 -0.33812728810950099 3.8456444681925661 -1.5852545397171696
leaf_weight=529 254 144 893 335 4880 1029
leaf_count=529 254 144 893 335 4880 1029
internal_value=-0.00197625 -13.4438 1.91992 -5.29649 3.05817 -3.20016
internal_weight=8064 1008 7056 479 5773 1283
internal_count=8064 1008 7056 479 5773 1283
is_linear=0
shrinkage=0.05


Tree=8
num_leaves=7
num_cat=0
split_feature=2 3 3 4 1 3
split_gain=7.59952e+07 1.91714e+07 1.5823e+07 1.13525e+07 7.2132e+06 4.90564e+06
threshold=-402.58014999999972 223.51401250000006 13.640924999999699 -153.22948194444459 1.0000000180025095e-35 -131.96850000000015
decision_type=2 2 2 2 2 2
left_child=1 3 5 -1 -4 -2
right_child=2 -3 4 -5 -6 -7
leaf_value=-20.936708442125905 -7.5455162866516519 -0.020595426687172482 1.1657257377803389 -6.7515277209970144 4.9375461061698713 -0.90013887563849271
leaf_weight=536 332 209 2312 193 2807 1675
leaf_count=536 332 209 2312 193 2807 1675
internal_value=-0.0021662 -13.3729 1.75946 -17.1956 3.23456 -2.00263
internal_weight=8064 938 7126 729 5119 2007
internal_count=8064 938 7126 729 5119 2007
is_linear=0
shrinkage=0.05


Tree=9
num_leaves=7
num_cat=0
split_feature=4 1 3 4 4 11
split_gain=6.92065e+07 2.03739e+07 1.3851e+07 1.0534e+07 8.10424e+06 5.26693e+06
threshold=-336.46675763888783 -357.40119999999973 -72.64461249999998 -556.88829201388887 -61.716315277777987 0.34202014332566882
decision_type=2 2 2 2 2 2
left_child=1 5 -2 -3 -4 -1
right_child=2 3 4 -5 -6 -7
leaf_value=-21.469938857095787 -4.4204606762964733 -15.31249980688095 -1.5127523677278785 1.088897050769124 3.3427068073704569 -10.395976567427319
leaf_weight=414 805 144 1028 301 5223 149
leaf_count=414 805 144 1028 301 5223 149
internal_value=-0.00224424 -12.2506 1.74901 -4.24095 2.54409 -18.5628
internal_weight=8064 1008 7056 445 6251 563
internal_count=8064 1008 7056 445 6251 563
is_linear=0
shrinkage=0.05


Tree=10
num_leaves=7
num_cat=0
split_feature=2 4 3 1 3 3
split_gain=6.27734e+07 1.80878e+07 1.63748e+07 1.12931e+07 6.92877e+06 4.44123e+06
threshold=-509.63869999999991 -61.716315277777987 235.15750000000028 -180.95935000000006 61.725475000000422 27.310387500000164
decision_type=2 2 2 2 2 2
left_child=2 3 5 -2 -3 -1
right_child=1 4 -4 -5 -6 -7
leaf_value=-23.712685636014356 -8.4793583046022594 0.24539175716668771 0.22942635188364005 -0.011750347987760472 3.911279064589376 -14.365666139619888
leaf_weight=244 638 1958 145 1026 3772 281
leaf_count=244 638 1958 145 1026 3772 281
internal_value=-0.00243382 1.32625 -14.6456 -3.26149 2.65887 -18.7466
internal_weight=8064 7394 670 1664 5730 525
internal_count=8064 7394 670 1664 5730 525
is_linear=0
shrinkage=0.05


Tree=11
num_leaves=7
num_cat=0
split_feature=4 1 3 4 1 11
split_gain=5.7137e+07 1.70693e+07 1.17815e+07 9.08589e+06 7.08456e+06 4.59409e+06
threshold=-336.46675763888783 -357.40119999999973 -72.64461249999998 -556.88829201388887 -33.808950000000316 0.34202014332566882
decision_type=2 2 2 2 2 2
left_child=1 5 -2 -3 -4 -1
right_child=2 3 4 -5 -6 -7
leaf_value=-19.623507406970106 -4.1012735451587821 -14.083128453452012 0.39568576832024033 1.1489001122186122 3.7927541189817044 -9.2874595166904239
leaf_weight=414 805 144 2707 301 3544 149
leaf_count=414 805 144 2707 301 3544 149
internal_value=-0.00257363 -11.1318 1.58866 -3.80064 2.32195 -16.9094
internal_weight=8064 1008 7056 445 6251 563
internal_count=8064 1008 7056 445 6251 563
is_linear=0
shrinkage=0.05


Tree=12
num_leaves=7
num_cat=0
split_feature=2 1 3 11 4 3
split_gain=5.24332e+07 1.60662e+07 1.08798e+07 7.63481e+06 7.28824e+06 5.09043e+06
threshold=-363.07315000000011 -505.66040000000015 115.15113749999979 -0.65918890865109969 -529.59355381944385 75.785324999999844
decision_type=2 2 2 2 2 2
left_child=1 5 3 -2 -3 -1
right_child=2 4 -4 -5 -6 -7
leaf_value=-20.39321843666297 -5.9170600203571988 -12.482992217793813 3.6346869978050602 0.62018882782933971 -0.15432103086303881 -10.255205391412197
leaf_weight=324 520 178 3345 3128 363 206
leaf_count=324 520 178 3345 3128 363 206
internal_value=-0.00270387 -10.2997 1.57556 -0.313022 -4.22625 -16.4795
internal_weight=8064 1071 6993 3648 541 530
internal_count=8064 1071 6993 3648 541 530
is_linear=0
shrinkage=0.05


Tree=13
num_leaves=7
num_cat=0
split_feature=4 3 4 4 11 1
split_gain=4.75639e+07 1.4499e+07 1.05928e+07 2.74498e+07 6.67297e+06 6.38093e+06
threshold=-336.46675763888783 54.762912500000091 -61.716315277777987 -81.377279513888865 -0.15208718494349127 -279.33000000000033
decision_type=2 2 2 2 2 2
left_child=1 4 3 -2 -1 -3
right_child=2 5 -4 -5 -6 -7
leaf_value=-23.778369862018248 -0.053078094850789438 -10.325048482459598 2.3678976137738763 -23.136521585398711 -11.162683199675739 0.13757217116904782
leaf_weight=201 1152 286 5760 144 225 296
leaf_count=201 1152 286 5760 144 225 296
internal_value=-0.00284732 -10.157 1.44898 -2.63377 -17.1569 -5.01274
internal_weight=8064 1008 7056 1296 426 582
internal_count=8064 1008 7056 1296 426 582
is_linear=0
shrinkage=0.05


Tree=14
num_leaves=7
num_cat=0
split_feature=2 3 1 2 10 3
split_gain=4.37057e+07 1.36121e+07 1.01105e+07 8.24854e+06 7.08294e+06 3.56568e+06
threshold=-363.07315000000011 235.15750000000028 -33.808950000000316 -582.55755000000056 1.0000000180025095e-35 164.16861250000014
decision_type=2 2 2 2 2 2
left_child=1 3 4 -1 -2 -4
right_child=2 -3 5 -5 -6 -7
leaf_value=-17.240531831448067 -2.1933608058645557 1.4002100968360902 1.7792003776648107 -7.3177644940262496 2.9022233388106518 4.8595715496966863
leaf_weight=425 2221 229 2060 417 983 1729
leaf_count=425 2221 229 2060 417 983 1729
internal_value=-0.00311382 -9.40415 1.43782 -12.3408 -0.629597 3.18575
internal_weight=8064 1071 6993 842 3204 3789
internal_count=8064 1071 6993 842 3204 3789
is_linear=0
shrinkage=0.05


Tree=15
num_leaves=7
num_cat=0
split_feature=4 1 4 11 3 3
split_gain=3.97609e+07 1.32e+07 1.24352e+07 1.00041e+07 3.77971e+06 2.80341e+06
threshold=-529.59355381944385 -67.649350000000126 -61.716315277777987 0.34202014332566882 183.69047500000036 68.508237500000192
decision_type=2 2 2 2 2 2
left_child=3 2 -2 5 -3 -1
right_child=1 4 -4 -5 -6 -7
leaf_value=-19.70470575201665 -6.5464735298626664 1.6373806070886954 0.55514888857609368 -3.8004657911620634 4.6648066947392834 -11.586627636917614
leaf_weight=232 845 2443 2271 280 1785 208
leaf_count=232 845 2443 2271 280 1785 208
internal_value=-0.00305615 1.09681 -1.37216 -11.2077 2.91632 -15.902
internal_weight=8064 7344 3116 720 4228 440
internal_count=8064 7344 3116 720 4228 440
is_linear=0
shrinkage=0.05


Tree=16
num_leaves=7
num_cat=0
split_feature=2 3 3 1 1 1
split_gain=3.62721e+07 1.13639e+07 1.05774e+07 6.15722e+06 3.33653e+06 3.16182e+06
threshold=-509.63869999999991 -41.594987499999654 235.15750000000028 30.320100000000142 -279.33000000000033 -740.17499999999984
decision_type=2 2 2 2 2 2
left_child=2 4 5 -3 -2 -1
right_child=1 3 -4 -5 -6 -7
leaf_value=-18.393867459525012 -7.0825549076512164 0.41310488319063537 0.8169535201910425 3.5810560854817917 -1.5455136077414926 -10.54580599753214
leaf_weight=258 407 3311 145 2857 819 267
leaf_count=258 407 3311 145 2857 819 267
internal_value=-0.00311895 1.00688 -11.1341 1.88083 -3.38794 -14.4302
internal_weight=8064 7394 670 6168 1226 525
internal_count=8064 7394 670 6168 1226 525
is_linear=0
shrinkage=0.05


Tree=17
num_leaves=7
num_cat=0
split_feature=4 3 3 11 4 1
split_gain=3.34581e+07 1.13259e+07 8.41308e+06 6.04923e+06 4.4429e+06 4.17984e+06
threshold=-336.46675763888783 75.785324999999844 -72.64461249999998 0.55543802234893513 -61.716315277777987 -248.93560000000022
decision_type=2 2 2 2 2 2
left_child=1 3 -2 -1 -4 -3
right_child=2 5 4 -5 -6 -7
leaf_value=-17.988994240613632 -3.5936662786245055 -8.0673014308131012 -1.1695644732901378 -5.8736021574441493 2.4254763836570934 0.79016760622245685
leaf_weight=323 805 257 1028 153 5223 275
leaf_count=323 805 257 1028 153 5223 275
internal_value=-0.0031661 -8.51957 1.2145 -14.1152 1.83417 -3.49583
internal_weight=8064 1008 7056 476 6251 532
internal_count=8064 1008 7056 476 6251 532
is_linear=0
shrinkage=0.05


Tree=18
num_leaves=7
num_cat=0
split_feature=2 3 3 4 1 1
split_gain=3.06197e+07 1.0521e+07 7.73664e+06 5.00815e+06 4.19342e+06 3.70239e+06
threshold=-363.07315000000011 89.245824999999982 13.640924999999699 -529.59355381944385 64.786449999999618 -613.30229999999995
decision_type=2 2 2 2 2 2
left_child=1 5 -2 -3 -4 -1
right_child=2 3 4 -5 -6 -7
leaf_value=-16.509770163245825 -1.4597424833334591 -8.7209442464289832 0.96513722423963011 1.1608384612405414 3.874411050231644 -8.1370487763775419
leaf_weight=298 1962 215 2825 315 2206 243
leaf_count=298 1962 215 2825 315 2206 243
internal_value=-0.00321534 -7.87198 1.20286 -2.85668 2.24132 -12.771
internal_weight=8064 1071 6993 530 5031 541
internal_count=8064 1071 6993 530 5031 541
is_linear=0
shrinkage=0.05


Tree=19
num_leaves=7
num_cat=0
split_feature=4 4 1 3 11 1
split_gain=2.79348e+07 1.83822e+07 2.21288e+07 3.90474e+06 2.93876e+06 1.98931e+06
threshold=-61.716315277777987 -81.377279513888865 -279.33000000000033 183.69047500000036 -0.36235178784537908 118.96870000000014
decision_type=2 2 2 2 2 2
left_child=1 2 -1 4 -2 -5
right_child=3 -3 -4 5 -6 -7
leaf_value=-9.3507140305586702 -1.7037453175196529 -21.890995538316925 0.87581691341760526 2.2228792672246609 1.6448638865229672 5.1835880503589502
leaf_weight=923 885 144 1237 1407 2515 953
leaf_count=923 885 144 1237 1407 2515 953
internal_value=-0.0032333 -4.65509 -3.49644 1.858 0.772996 3.42014
internal_weight=8064 2304 2160 5760 3400 2360
internal_count=8064 2304 2160 5760 3400 2360
is_linear=0
shrinkage=0.05


Tree=20
num_leaves=6
num_cat=0
split_feature=4 3 11 1 3
split_gain=2.60801e+07 9.44804e+06 7.20328e+06 6.80103e+06 1.9731e+06
threshold=-529.59355381944385 -157.34750000000005 0.34202014332566882 -57.356299999999912 68.508237500000192
decision_type=2 2 2 2 2
left_child=2 -2 4 -3 -1
right_child=1 3 -4 -5 -6
leaf_value=-16.24935414105526 -8.7057874360993033 -0.56486476899065285 -2.7943702684602707 2.5626027663317545 -9.4436911340179055
leaf_weight=232 247 3041 280 4056 208
leaf_count=232 247 3041 280 4056 208
internal_value=-0.00321432 0.88756 -9.07774 1.22262 -13.0608
internal_weight=8064 7344 720 7097 440
internal_count=8064 7344 720 7097 440
is_linear=0
shrinkage=0.05


Tree=21
num_leaves=7
num_cat=0
split_feature=2 1 8 3 11 3
split_gain=2.40077e+07 1.01007e+07 6.57994e+06 6.05639e+06 3.31044e+06 3.20362e+06
threshold=-329.91604999999998 -357.40119999999973 1.0000000180025095e-35 13.640924999999699 0.21643961393810304 75.785324999999844
decision_type=2 2 2 2 2 2
left_child=1 5 -3 -2 -5 -1
right_child=3 2 -4 4 -6 -7
leaf_value=-13.448531011643267 -1.2374927439704173 2.5170800987060358 -9.3081573664971753 1.008447302105516 3.6514676937228874 -6.3857057879404593
leaf_weight=398 1926 358 174 2957 1977 274
leaf_count=398 1926 358 174 2957 1977 274
internal_value=-0.0032718 -6.51231 -1.36078 1.13991 2.068 -10.5825
internal_weight=8064 1204 532 6860 4934 672
internal_count=8064 1204 532 6860 4934 672
is_linear=0
shrinkage=0.05


Tree=22
num_leaves=7
num_cat=0
split_feature=4 4 1 3 11 4
split_gain=2.23148e+07 1.72831e+07 1.74852e+07 3.31078e+06 2.54847e+06 1.92976e+06
threshold=-61.716315277777987 -81.377279513888865 -279.33000000000033 183.69047500000036 -0.36235178784537908 -19.234415972221992
decision_type=2 2 2 2 2 2
left_child=1 2 -1 4 -2 -5
right_child=3 -3 -4 5 -6 -7
leaf_value=-8.2415551265048528 -1.6451933265846586 -20.873185201020078 0.84884694697521934 6.0381383071431021 1.473116501692878 2.401439728913195
leaf_weight=923 885 144 1237 451 2515 1909
leaf_count=923 885 144 1237 451 2515 1909
internal_value=-0.00325208 -4.16093 -3.03763 1.66025 0.661194 3.09868
internal_weight=8064 2304 2160 5760 3400 2360
internal_count=8064 2304 2160 5760 3400 2360
is_linear=0
shrinkage=0.05


Tree=23
num_leaves=7
num_cat=0
split_feature=4 3 3 11 11 11
split_gain=2.07205e+07 7.94643e+06 5.80837e+06 4.14074e+06 4.1041e+06 2.81545e+06
threshold=-336.46675763888783 75.785324999999844 -157.34750000000005 0.55543802234893513 -0.2376293295203116 0.62577451934763018
decision_type=2 2 2 2 2 2
left_child=1 3 -2 -1 -4 -3
right_child=2 5 4 -5 -6 -7
leaf_value=-14.59654205934501 -6.8958865507652893 -4.7426623278794509 -0.20720671146023939 -4.5760354429870453 2.2717289611269984 3.3722159664373139
leaf_weight=323 227 385 2906 153 3923 147
leaf_count=323 227 385 2906 153 3923 147
internal_value=-0.00321344 -6.70522 0.955031 -11.392 1.21697 -2.49827
internal_weight=8064 1008 7056 476 6829 532
internal_count=8064 1008 7056 476 6829 532
is_linear=0
shrinkage=0.05


Tree=24
num_leaves=7
num_cat=0
split_feature=4 4 1 3 3 11
split_gain=1.88624e+07 1.59479e+07 1.48482e+07 3.07726e+06 1.9927e+06 1.56226e+06
threshold=-61.716315277777987 -81.377279513888865 -279.33000000000033 115.15113749999979 621.63671250000073 -0.62577451934762984
decision_type=2 2 2 2 2 2
left_child=1 2 -1 5 -5 -2
right_child=3 -3 -4 4 -6 -7
leaf_value=-7.5423113505166528 -2.5113217962565093 -19.879270882770935 0.83458081685120966 2.249120834278918 7.1902748624303134 0.80658962096265974
leaf_weight=923 420 144 1237 2866 219 2255
leaf_count=923 420 144 1237 2866 219 2255
internal_value=-0.00321008 -3.82576 -2.74682 1.52621 2.6021 0.284903
internal_weight=8064 2304 2160 5760 3085 2675
internal_count=8064 2304 2160 5760 3085 2675
is_linear=0
shrinkage=0.05


Tree=25
num_leaves=7
num_cat=0
split_feature=2 3 3 1 11 3
split_gain=1.7741e+07 6.38153e+06 6.3758e+06 3.72289e+06 2.25154e+06 1.83988e+06
threshold=-509.63869999999991 235.15750000000028 -41.594987499999654 30.320100000000142 -0.62577451934762984 -41.594987499999654
decision_type=2 2 2 2 2 2
left_child=1 5 4 -4 -2 -1
right_child=2 -3 3 -5 -6 -7
leaf_value=-14.958159889030842 -7.7057740448602559 1.4896885229708399 0.21657094513625694 2.679882597134946 -1.6901089325999958 -8.3994198834433433
leaf_weight=154 182 145 3311 2857 1044 371
leaf_count=154 182 145 3311 2857 1044 371
internal_value=-0.00316646 -7.78779 0.703187 1.35782 -2.58869 -10.3481
internal_weight=8064 670 7394 6168 1226 525
internal_count=8064 670 7394 6168 1226 525
is_linear=0
shrinkage=0.05


Tree=26
num_leaves=7
num_cat=0
split_feature=4 3 11 1 12 3
split_gain=1.63258e+07 6.62861e+06 5.12665e+06 4.49618e+06 1.93483e+06 1.32913e+06
threshold=-529.59355381944385 -131.96850000000015 0.21643961393810304 -67.649350000000126 0.065387565056496968 7.2300624999998044
decision_type=2 2 2 2 2 2
left_child=2 -2 5 -3 -4 -1
right_child=1 3 4 -5 -6 -7
leaf_value=-14.598255234486178 -5.9053154404220942 -0.49034415761408418 1.3824045063501382 2.0923772118150228 -6.5130863644182684 -8.6095967364196593
leaf_weight=151 360 2838 165 4146 145 259
leaf_count=151 360 2838 165 4146 145 259
internal_value=-0.00318401 0.701591 -7.18289 1.04295 -2.31972 -10.8453
internal_weight=8064 7344 720 6984 310 410
internal_count=8064 7344 720 6984 310 410
is_linear=0
shrinkage=0.05


Tree=27
num_leaves=6
num_cat=0
split_feature=4 4 2 3 3
split_gain=1.51267e+07 1.49019e+07 1.21675e+07 2.56972e+06 1.86064e+06
threshold=-61.716315277777987 -81.377279513888865 -329.91604999999998 621.63671250000073 46.747212500000167
decision_type=2 2 2 2 2
left_child=1 2 -1 4 -2
right_child=3 -3 -4 -5 -6
leaf_value=-6.5331895354108074 -0.15646532177450992 -18.944230467636011 1.0078611942574758 6.6665831215137787 1.7953410821587401
leaf_weight=971 1816 144 1189 219 3725
leaf_count=971 1816 144 1189 219 3725
internal_value=-0.00322717 -3.42639 -2.38357 1.36639 1.15575
internal_weight=8064 2304 2160 5760 5541
internal_count=8064 2304 2160 5760 5541
is_linear=0
shrinkage=0.05


Tree=28
num_leaves=6
num_cat=0
split_feature=4 3 11 3 11
split_gain=1.37858e+07 6.37423e+06 4.7646e+06 4.23544e+06 3.67796e+06
threshold=-336.46675763888783 183.69047500000036 0.55543802234893513 -157.34750000000005 -0.2376293295203116
decision_type=2 2 2 2 2
left_child=1 2 -1 -2 -5
right_child=3 -3 -4 4 -6
leaf_value=-10.773606792646929 -5.9256570084053175 0.87686480405037859 -2.1125207910557839 -0.34603627384257435 2.0006365691392354
leaf_weight=488 227 284 236 2906 3923
leaf_count=488 227 284 236 2906 3923
internal_value=-0.00316603 -5.46983 -7.95719 0.77845 1.00213
internal_weight=8064 1008 724 7056 6829
internal_count=8064 1008 724 7056 6829
is_linear=0
shrinkage=0.05


Tree=29
num_leaves=7
num_cat=0
split_feature=4 4 1 3 11 4
split_gain=1.27915e+07 1.37151e+07 1.05846e+07 2.43909e+06 1.80336e+06 1.79895e+06
threshold=-61.716315277777987 -81.377279513888865 -279.33000000000033 183.69047500000036 -0.36235178784537908 -19.234415972221992
decision_type=2 2 2 2 2 2
left_child=1 2 -1 4 -2 -5
right_child=3 -3 -4 5 -6 -7
leaf_value=-6.1994960710801408 -1.5411560757300116 -18.037942236168632 0.87306932817560789 5.3284066921248376 1.0819415876600782 1.8182011670205762
leaf_weight=923 885 144 1237 451 2515 1909
leaf_count=923 885 144 1237 451 2515 1909
internal_value=-0.00310866 -3.15097 -2.15061 1.25636 0.398912 2.49098
internal_weight=8064 2304 2160 5760 3400 2360
internal_count=8064 2304 2160 5760 3400 2360
is_linear=0
shrinkage=0.05


Tree=30
num_leaves=7
num_cat=0
split_feature=2 3 3 11 11 11
split_gain=1.19593e+07 5.3164e+06 4.34572e+06 3.38736e+06 2.04206e+06 799772
threshold=-582.55755000000056 -41.594987499999654 193.44149999999993 0.21643961393810304 -0.62577451934762984 -0.51864980417341167
decision_type=2 2 2 2 2 2
left_child=2 4 5 -3 -2 -1
right_child=1 3 -4 -5 -6 -7
leaf_value=-11.857319411983738 -7.1765326059970667 0.11295822230450062 0.18229436351828379 2.4654491787438584 -1.5949089037964115 -7.1632508192993249
leaf_weight=230 193 3627 145 2646 1062 161
leaf_count=230 193 3627 145 2646 1062 161
internal_value=-0.00305661 0.51112 -7.21205 1.10549 -2.45831 -9.94767
internal_weight=8064 7528 536 6273 1255 391
internal_count=8064 7528 536 6273 1255 391
is_linear=0
shrinkage=0.05


Tree=31
num_leaves=6
num_cat=0
split_feature=4 4 2 3 3
split_gain=1.10013e+07 1.25346e+07 9.47146e+06 2.30804e+06 1.51689e+06
threshold=-61.716315277777987 -81.377279513888865 -187.42835000000011 621.63671250000073 61.725475000000422
decision_type=2 2 2 2 2
left_child=1 2 -1 4 -2
right_child=3 -3 -4 -5 -6
leaf_value=-4.7468385608769417 -0.14932686242035134 -17.154118081947853 1.9727363229684489 6.1879249107566752 1.5791838498166948
leaf_weight=1266 1968 144 894 219 3573
leaf_count=1266 1968 144 894 219 3573
internal_value=-0.00305897 -2.92234 -1.96606 1.16496 0.965352
internal_weight=8064 2304 2160 5760 5541
internal_count=8064 2304 2160 5760 5541
is_linear=0
shrinkage=0.05


Tree=32
num_leaves=7
num_cat=0
split_feature=4 1 10 11 12 8
split_gain=1.03277e+07 4.95081e+06 6.56749e+06 3.58246e+06 2.6356e+06 2.25603e+06
threshold=-529.59355381944385 -67.649350000000126 1.0000000180025095e-35 -0.10884096748385481 0.32136297141497122 1.0000000180025095e-35
decision_type=2 2 2 2 2 2
left_child=3 2 -2 -1 -5 -3
right_child=1 5 -4 4 -6 -7
leaf_value=-9.4873726492126789 -2.5367770610558842 2.3170874305668465 2.3732848754895861 0.98505788786070692 -7.430604499005355 -0.3948198298345641
leaf_weight=335 2112 3222 1004 230 155 1006
leaf_count=335 2112 3222 1004 230 155 1006
internal_value=-0.00298234 0.557567 -0.954462 -5.71343 -2.41354 1.67188
internal_weight=8064 7344 3116 720 385 4228
internal_count=8064 7344 3116 720 385 4228
is_linear=0
shrinkage=0.05


Tree=33
num_leaves=7
num_cat=0
split_feature=4 3 0 11 12 3
split_gain=9.32421e+06 4.74723e+06 3.35343e+06 3.26641e+06 1.36222e+06 1.09896e+06
threshold=-529.59355381944385 -157.34750000000005 6697.3600000000015 0.21643961393810304 0.065387565056496968 7.2300624999998044
decision_type=2 2 2 2 2 2
left_child=3 -2 -3 5 -5 -1
right_child=1 2 -4 4 -6 -7
leaf_value=-11.751682872442823 -6.2704211590511187 0.96775100246804391 -5.1192058915956924 1.5562201089528671 -5.0673701669561542 -6.3325050983520654
leaf_weight=151 247 6864 233 165 145 259
leaf_count=151 247 6864 233 165 145 259
internal_value=-0.00292109 0.529701 0.767218 -5.42886 -1.54824 -8.35209
internal_weight=8064 7344 7097 720 310 410
internal_count=8064 7344 7097 720 310 410
is_linear=0
shrinkage=0.05


Tree=34
num_leaves=6
num_cat=0
split_feature=4 4 1 3 1
split_gain=8.75446e+06 1.15419e+07 7.73048e+06 2.03425e+06 1.33289e+06
threshold=-61.716315277777987 -81.377279513888865 -311.08079999999967 621.63671250000073 90.522799999999975
decision_type=2 2 2 2 2
left_child=1 2 -1 4 -2
right_child=3 -3 -4 -5 -6
leaf_value=-5.2874153201064331 0.28783700179708194 -16.263581203263382 0.79557854984832332 5.7545604149590837 1.9183154266351925
leaf_weight=882 3626 144 1278 219 1915
leaf_count=882 3626 144 1278 219 1915
internal_value=-0.00297354 -2.60714 -1.68961 1.03897 0.851584
internal_weight=8064 2304 2160 5760 5541
internal_count=8064 2304 2160 5760 5541
is_linear=0
shrinkage=0.05


Tree=35
num_leaves=7
num_cat=0
split_feature=2 3 11 3 1 3
split_gain=7.96737e+06 4.32076e+06 5.71307e+06 3.47318e+06 1.82323e+06 753757
threshold=-582.55755000000056 115.15113749999979 -0.65918890865109969 193.44149999999993 90.522799999999975 33.824237499999988
decision_type=2 2 2 2 2 2
left_child=3 2 -2 5 -3 -1
right_child=1 4 -4 -5 -6 -7
leaf_value=-10.392823870778084 -5.1314225179822222 0.72617342874880075 0.096564452896220579 0.71981374111077567 3.0164224424256156 -5.9230621491950721
leaf_weight=209 619 2103 3325 145 1481 182
leaf_count=209 619 2103 3325 145 1481 182
internal_value=-0.00290418 0.416775 -0.725047 -5.887 1.67314 -8.33269
internal_weight=8064 7528 3944 536 3584 391
internal_count=8064 7528 3944 536 3584 391
is_linear=0
shrinkage=0.05


Tree=36
num_leaves=7
num_cat=0
split_feature=4 3 11 4 11 3
split_gain=7.45371e+06 4.80804e+06 3.15363e+06 5.51588e+06 2.07154e+06 1.6826e+06
threshold=-336.46675763888783 75.785324999999844 0.15208718494349097 -61.716315277777987 -0.27976242230339682 13.640924999999699
decision_type=2 2 2 2 2 2
left_child=1 4 3 -2 -1 -4
right_child=2 -3 5 -5 -6 -7
leaf_value=-11.709291655137278 -4.3626868464282893 -0.75282638823896597 0.27515723893636068 0.50868555094100409 -4.9512749483984111 2.6403189746122817
leaf_weight=190 711 532 1217 3160 286 1968
leaf_count=190 711 532 1217 3160 286 1968
internal_value=-0.00286367 -4.02254 0.571865 -0.386952 -7.6677 1.73695
internal_weight=8064 1008 7056 3871 476 3185
internal_count=8064 1008 7056 3871 476 3185
is_linear=0
shrinkage=0.05


Tree=37
num_leaves=6
num_cat=0
split_feature=4 3 3 11 12
split_gain=6.7344e+06 3.93903e+06 2.84558e+06 2.57154e+06 1.4338e+06
threshold=-529.59355381944385 -157.34750000000005 621.63671250000073 0.51864980417341211 -0.72219205899833572
decision_type=2 2 2 2 2
left_child=3 -2 -3 4 -1
right_child=1 2 -4 -5 -6
leaf_value=-2.6046644464825954 -5.7444501660262413 0.47324106990276216 5.8629319329430736 -0.31848249941811724 -8.5068103368793224
leaf_weight=150 247 6844 253 235 335
leaf_count=150 247 6844 253 235 335
internal_value=-0.00283426 0.449816 0.666176 -4.61408 -6.69052
internal_weight=8064 7344 7097 720 485
internal_count=8064 7344 7097 720 485
is_linear=0
shrinkage=0.05


Tree=38
num_leaves=7
num_cat=0
split_feature=4 4 2 3 4 11
split_gain=6.23722e+06 1.07313e+07 6.34083e+06 1.59313e+06 1.62961e+06 1.28326e+06
threshold=-61.716315277777987 -81.377279513888865 -187.42835000000011 183.69047500000036 -19.234415972221992 -0.36235178784537908
decision_type=2 2 2 2 2 2
left_child=1 2 -1 5 -5 -2
right_child=3 -3 -4 4 -6 -7
leaf_value=-3.5916424385542474 -1.4527150000981635 -15.368797681126104 1.9062316489394484 4.5746029590577946 1.2345482154990211 0.759995949295733
leaf_weight=1266 885 144 894 451 1909 2515
leaf_count=1266 885 144 894 451 1909 2515
internal_value=-0.00275975 -2.20087 -1.3163 0.876714 1.87451 0.183783
internal_weight=8064 2304 2160 5760 2360 3400
internal_count=8064 2304 2160 5760 2360 3400
is_linear=0
shrinkage=0.05


Tree=39
num_leaves=7
num_cat=0
split_feature=4 3 11 4 11 3
split_gain=5.74998e+06 4.24001e+06 2.8068e+06 4.56028e+06 1.72025e+06 1.45679e+06
threshold=-336.46675763888783 75.785324999999844 0.15208718494349097 -61.716315277777987 -0.27976242230339682 20.171687499999965
decision_type=2 2 2 2 2 2
left_child=1 4 3 -2 -1 -4
right_child=2 -3 5 -5 -6 -7
leaf_value=-10.639117728321965 -4.0174291612559498 -0.46320917886484408 0.29803085170674631 0.41192681758526223 -4.4810116794051202 2.4785746987429724
leaf_weight=190 711 532 1282 3160 286 1903
leaf_count=190 711 532 1282 3160 286 1903
internal_value=-0.00269577 -3.53321 0.502093 -0.402456 -6.95623 1.60125
internal_weight=8064 1008 7056 3871 476 3185
internal_count=8064 1008 7056 3871 476 3185
is_linear=0
shrinkage=0.05


Tree=40
num_leaves=7
num_cat=0
split_feature=2 3 3 11 12 11
split_gain=5.21639e+06 3.34461e+06 2.63364e+06 2.51508e+06 1.19642e+06 604836
threshold=-582.55755000000056 -61.978087499999894 193.44149999999993 0.21643961393810304 -0.36235178784537897 -0.51864980417341167
decision_type=2 2 2 2 2 2
left_child=2 4 5 -3 -2 -1
right_child=1 3 -4 -5 -6 -7
leaf_value=-8.5441979973734217 -0.44907254573221494 -0.10336161036941911 0.98717476447967634 1.8784652705730367 -3.9272730751656484 -4.4972836500424664
leaf_weight=230 451 3722 145 2808 547 161
leaf_count=230 451 3722 145 2808 547 161
internal_value=-0.00266273 0.33692 -4.76377 0.749011 -2.35748 -6.89355
internal_weight=8064 7528 536 6530 998 391
internal_count=8064 7528 536 6530 998 391
is_linear=0
shrinkage=0.05


Tree=41
num_leaves=7
num_cat=0
split_feature=4 3 11 3 11 3
split_gain=4.90455e+06 3.72281e+06 2.43783e+06 4.76442e+06 1.83517e+06 1.62912e+06
threshold=-336.46675763888783 7.2300624999998044 -0.27976242230339682 213.08414999999994 0.65918890865110003 20.171687499999965
decision_type=2 2 2 2 2 2
left_child=1 -1 3 -2 -3 -4
right_child=2 4 5 -5 -6 -7
leaf_value=-7.782068951266587 -2.5747465353237899 -2.817480204263294 -0.046065467202882335 1.4893400720024714 2.8989644350761026 1.9992403492921285
leaf_weight=313 1523 501 1551 1368 194 2614
leaf_count=313 1523 501 1551 1368 194 2614
internal_value=-0.00262045 -3.26328 0.463584 -0.651801 -1.21994 1.23776
internal_weight=8064 1008 7056 2891 695 4165
internal_count=8064 1008 7056 2891 695 4165
is_linear=0
shrinkage=0.05


Tree=42
num_leaves=7
num_cat=0
split_feature=1 10 1 8 1 2
split_gain=4.48368e+06 6.68948e+06 5.34271e+06 3.47872e+06 2.60159e+06 2.15913e+06
threshold=-107.04889999999976 1.0000000180025095e-35 -357.40119999999973 1.0000000180025095e-35 166.16445000000024 -203.13400000000021
decision_type=2 2 2 2 2 2
left_child=1 2 -1 4 -2 -5
right_child=3 -3 -4 5 -6 -7
leaf_value=-6.729691772367099 1.0072922782018228 1.639923683309046 -1.3583464863129906 -5.4605042636394501 4.2120230300815926 -0.26594717745614899
leaf_weight=685 2845 1146 1426 257 814 891
leaf_count=685 2845 1146 1426 257 814 891
internal_value=-0.00253179 -1.4346 -3.10366 0.96787 1.72119 -1.43258
internal_weight=8064 3257 2111 4807 3659 1148
internal_count=8064 3257 2111 4807 3659 1148
is_linear=0
shrinkage=0.05


Tree=43
num_leaves=7
num_cat=0
split_feature=3 4 11 3 12 12
split_gain=4.08752e+06 3.06098e+06 2.88202e+06 5.54666e+06 1.9232e+06 1.1789e+06
threshold=-61.978087499999894 -336.46675763888783 -0.32136297141497078 276.67006250000037 0.44218343748786643 -0.19504389580251641
decision_type=2 2 2 2 2 2
left_child=1 -1 3 -2 -4 -3
right_child=2 5 4 -5 -6 -7
leaf_value=-8.6970331495517019 -2.5354847770773832 0.17245432375625749 2.1671051945196353 1.962753105521255 -0.054804785082116725 -3.4053911789423896
leaf_weight=184 1743 453 2490 1128 1599 467
leaf_count=184 1743 453 2490 1128 1599 467
internal_value=-0.00244833 -2.82749 0.446004 -0.768084 1.29843 -1.64542
internal_weight=8064 1104 6960 2871 4089 920
internal_count=8064 1104 6960 2871 4089 920
is_linear=0
shrinkage=0.05


Tree=44
num_leaves=7
num_cat=0
split_feature=3 11 4 12 3 11
split_gain=3.87577e+06 6.65778e+06 4.73566e+06 3.38878e+06 1.60796e+06 1.17498e+06
threshold=183.69047500000036 -0.51864980417341167 -61.716315277777987 0.85470842479866249 621.63671250000073 0.75166088996455116
decision_type=2 2 2 2 2 2
left_child=1 2 -1 -3 5 -2
right_child=4 3 -4 -5 -6 -7
leaf_value=-7.3134647444620002 0.7216453966751728 0.94860582018357997 -1.2244991558242975 -2.6875033619766069 5.2876270493339099 4.0118153829019043
leaf_weight=571 2234 3171 724 802 254 308
leaf_count=571 2234 3171 724 802 254 308
internal_value=-0.00239032 -0.80094 -3.91286 0.21412 1.50192 1.12172
internal_weight=8064 5268 1295 3973 2796 2542
internal_count=8064 5268 1295 3973 2796 2542
is_linear=0
shrinkage=0.05


Tree=45
num_leaves=6
num_cat=0
split_feature=4 3 0 11 12
split_gain=3.65529e+06 2.77158e+06 2.25997e+06 1.59527e+06 1.38698e+06
threshold=-529.59355381944385 -157.34750000000005 6697.3600000000015 0.65918890865110003 -0.80625269229011354
decision_type=2 2 2 2 2
left_child=3 -2 -3 4 -1
right_child=1 2 -4 -5 -6
leaf_value=-0.66483186510940129 -4.8646468624322408 0.67734208912471316 -4.3195690169675736 0.46093539984098508 -6.4156078729260315
leaf_weight=145 247 6864 233 195 380
leaf_count=145 247 6864 233 195 380
internal_value=-0.00227239 0.331211 0.512704 -3.39954 -4.83158
internal_weight=8064 7344 7097 720 525
internal_count=8064 7344 7097 720 525
is_linear=0
shrinkage=0.05


Tree=46
num_leaves=7
num_cat=0
split_feature=1 10 1 8 1 2
split_gain=3.48231e+06 5.6788e+06 4.11514e+06 2.97057e+06 2.26999e+06 1.72845e+06
threshold=-107.04889999999976 1.0000000180025095e-35 -357.40119999999973 1.0000000180025095e-35 166.16445000000024 -203.13400000000021
decision_type=2 2 2 2 2 2
left_child=1 2 -1 4 -2 -5
right_child=3 -3 -4 5 -6 -7
leaf_value=-5.9844811003905001 0.88225855367364225 1.5684146133050936 -1.2703286005193193 -4.9691455523173014 3.8757433024935559 -0.32132795006704973
leaf_weight=685 2845 1146 1426 257 814 891
leaf_count=685 2845 1146 1426 257 814 891
internal_value=-0.00225255 -1.26432 -2.80214 0.852948 1.54908 -1.36524
internal_weight=8064 3257 2111 4807 3659 1148
internal_count=8064 3257 2111 4807 3659 1148
is_linear=0
shrinkage=0.05


Tree=47
num_leaves=7
num_cat=0
split_feature=3 11 12 4 3 11
split_gain=3.29896e+06 3.77226e+06 2.29934e+06 2.16467e+06 1.8432e+06 2.53436e+06
threshold=46.747212500000167 -0.62577451934762984 0.77969889170510653 -61.716315277777987 621.63671250000073 -0.36235178784537908
decision_type=2 2 2 2 2 2
left_child=1 3 -3 -1 5 -2
right_child=4 2 -4 -5 -6 -7
leaf_value=-8.0955346298384505 -0.74255495361798129 0.30827521964547766 -3.4552563739228024 -1.7243362508388977 4.9122266571428268 1.5612615950432982
leaf_weight=285 2126 1914 514 251 254 2720
leaf_count=285 2126 1914 514 251 254 2720
internal_value=-0.00217848 -1.32849 -0.489547 -5.12077 0.76875 0.550604
internal_weight=8064 2964 2428 536 5100 4846
internal_count=8064 2964 2428 536 5100 4846
is_linear=0
shrinkage=0.05


Tree=48
num_leaves=7
num_cat=0
split_feature=3 11 4 12 3 11
split_gain=3.0711e+06 4.58114e+06 3.25974e+06 2.63687e+06 1.42606e+06 1.58507e+06
threshold=122.26642500000004 -0.51864980417341167 -61.716315277777987 0.85470842479866249 621.63671250000073 0.51864980417341211
decision_type=2 2 2 2 2 2
left_child=1 2 -1 -3 5 -2
right_child=4 3 -4 -5 -6 -7
leaf_value=-6.892735205388675 0.22761533883143251 0.64494348665297085 -1.161364890963194 -2.9546678343450488 4.6675785264489695 2.8347376646466493
leaf_weight=471 2695 2754 524 623 254 743
leaf_count=471 2695 2754 524 623 254 743
internal_value=-0.00211441 -0.898692 -3.8786 -0.0198027 1.05955 0.791711
internal_weight=8064 4372 995 3377 3692 3438
internal_count=8064 4372 995 3377 3692 3438
is_linear=0
shrinkage=0.05


Tree=49
num_leaves=6
num_cat=0
split_feature=3 4 0 12 12
split_gain=2.90198e+06 2.33317e+06 2.09748e+06 2.74583e+06 909475
threshold=-61.978087499999894 -336.46675763888783 6697.3600000000015 -0.27976242230339682 -0.19504389580251641
decision_type=2 2 2 2 2
left_child=1 -1 3 -2 -3
right_child=2 4 -4 -5 -6
leaf_value=-7.5067251737053331 1.8319589243562537 0.24601219149700282 -3.9700890755218938 -0.25010037926728584 -2.8963325793417094
leaf_weight=184 2569 453 266 4125 467
leaf_count=184 2569 453 266 4125 467
internal_value=-0.00202502 -2.38239 0.375838 0.549099 -1.35048
internal_weight=8064 1104 6960 6694 920
internal_count=8064 1104 6960 6694 920
is_linear=0
shrinkage=0.05


Tree=50
num_leaves=7
num_cat=0
split_feature=3 11 4 12 3 1
split_gain=2.73397e+06 4.74108e+06 3.25453e+06 2.42957e+06 1.12354e+06 1.00338e+06
threshold=183.69047500000036 -0.51864980417341167 -61.716315277777987 0.85470842479866249 621.63671250000073 90.522799999999975
decision_type=2 2 2 2 2 2
left_child=1 2 -1 -3 5 -2
right_child=4 3 -4 -5 -6 -7
leaf_value=-6.1178511328943124 0.11939205392038262 0.80579442579374383 -1.0699966893905839 -2.272996222724208 4.425933706275389 2.1405160112248995
leaf_weight=571 1506 3171 724 802 254 1036
leaf_count=571 1506 3171 724 802 254 1036
internal_value=-0.00200155 -0.672688 -3.29873 0.183886 1.26144 0.943625
internal_weight=8064 5268 1295 3973 2796 2542
internal_count=8064 5268 1295 3973 2796 2542
is_linear=0
shrinkage=0.05


Tree=51
num_leaves=7
num_cat=0
split_feature=3 12 0 0 4 3
split_gain=2.59778e+06 2.20236e+06 2.9458e+06 2.30822e+06 967211 160491
threshold=-113.54152500000031 -0.27976242230339682 3645.0026500000008 6697.3600000000015 -125.00994479166728 -157.34750000000005
decision_type=2 2 2 2 2 2
left_child=4 3 -3 -2 -1 -6
right_child=1 2 -4 -5 5 -7
leaf_value=-6.4107155626219825 1.698257456916332 0.83950719747536295 -1.7294415171068112 -3.210999852214151 -2.9222306789849934 -0.86338174692064062
leaf_weight=172 2788 2195 2268 261 189 191
leaf_count=172 2788 2195 2268 261 189 191
internal_value=-0.00191368 0.24153 -0.466072 1.2771 -3.30931 -1.89237
internal_weight=8064 7512 4463 3049 552 380
internal_count=8064 7512 4463 3049 552 380
is_linear=0
shrinkage=0.05


Tree=52
num_leaves=7
num_cat=0
split_feature=4 3 12 0 0 12
split_gain=2.43044e+06 2.16655e+06 1.53474e+06 2.59614e+06 1.47294e+06 1.08999e+06
threshold=-336.46675763888783 75.785324999999844 -0.32136297141497067 4810.332550000001 6444.2258000000011 0.44218343748786643
decision_type=2 2 2 2 2 2
left_child=1 5 4 -4 -2 -1
right_child=2 -3 3 -5 -6 -7
leaf_value=-3.0415590104474735 1.9148201669916478 -0.10316535710701352 0.28912704631871583 -2.9896552831786534 -0.70686009668772154 -8.1299904550021562
leaf_weight=318 2071 532 3536 727 722 158
leaf_count=318 2071 532 3536 727 722 158
internal_value=-0.00189611 -2.29724 0.326289 -0.270597 1.2371 -4.74408
internal_weight=8064 1008 7056 4263 2793 476
internal_count=8064 1008 7056 4263 2793 476
is_linear=0
shrinkage=0.05


Tree=53
num_leaves=7
num_cat=0
split_feature=3 11 12 4 3 11
split_gain=2.35261e+06 4.08907e+06 3.81781e+06 1.13355e+06 1.02267e+06 893166
threshold=183.69047500000036 -0.27976242230339682 -0.44218343748786698 -336.46675763888783 621.63671250000073 0.75166088996455116
decision_type=2 2 2 2 2 2
left_child=1 2 -1 -3 5 -2
right_child=4 3 -4 -5 -6 -7
leaf_value=0.36504601986199525 0.5181877445951284 -2.0708168794803199 -4.5391755517039982 0.65720799543059627 4.1892089984697458 3.3866542203478449
leaf_weight=643 2234 432 1035 3158 254 308
leaf_count=643 2234 432 1035 3158 254 308
internal_value=-0.00188045 -0.624035 -2.66081 0.328448 1.17014 0.866939
internal_weight=8064 5268 1678 3590 2796 2542
internal_count=8064 5268 1678 3590 2796 2542
is_linear=0
shrinkage=0.05


Tree=54
num_leaves=6
num_cat=0
split_feature=3 11 3 4 12
split_gain=2.22091e+06 1.97273e+06 3.05438e+06 784584 636247
threshold=-131.96850000000015 0.21643961393810304 276.67006250000037 -113.65335972222282 0.38268343236509
decision_type=2 2 2 2 2
left_child=3 2 -2 -1 -3
right_child=1 4 -4 -5 -6
leaf_value=-6.456518067200979 -1.4259725281036124 1.6242879962555539 1.3785863928131765 -1.9197325071109868 0.15032947468030677
leaf_weight=149 2941 2151 1448 265 1110
leaf_count=149 2941 2151 1448 265 1110
internal_value=-0.00177089 0.191458 -0.500601 -3.56416 1.12277
internal_weight=8064 7650 4389 414 3261
internal_count=8064 7650 4389 414 3261
is_linear=0
shrinkage=0.05


Tree=55
num_leaves=7
num_cat=0
split_feature=3 4 11 11 3 12
split_gain=2.13612e+06 2.3686e+06 1.68337e+06 1.19519e+06 2.1974e+06 1.44274e+06
threshold=46.747212500000167 -336.46675763888783 -0.6913484944011038 -0.36235178784537908 292.73868750000003 0.55543802234893513
decision_type=2 2 2 2 2 2
left_child=1 -1 -3 4 -2 -5
right_child=3 2 -4 5 -6 -7
leaf_value=-4.6373839453974766 -1.5981361013296602 -3.6486823321040216 0.013697292896689828 2.2560838190385408 1.5039335425180651 -0.058752658780713445
leaf_weight=401 1286 365 2198 1655 1025 1134
leaf_count=401 1286 365 2198 1655 1025 1134
internal_value=-0.00172356 -1.06898 -0.509086 0.618629 -0.222217 1.31519
internal_weight=8064 2964 2563 5100 2311 2789
internal_count=8064 2964 2563 5100 2311 2789
is_linear=0
shrinkage=0.05


Tree=56
num_leaves=5
num_cat=0
split_feature=0 12 0 10
split_gain=2.00488e+06 2.6434e+06 3.45975e+06 827954
threshold=6816.3294500000011 -0.1088409674838548 3645.0026500000008 1.0000000180025095e-35
decision_type=2 2 2 2
left_child=1 3 -3 -1
right_child=-2 2 -4 -5
leaf_value=0.85788808044946652 -4.3124137092824188 0.73273876746770228 -2.1002575552200571 3.1002226558183974
leaf_weight=3019 260 2151 2158 476
leaf_count=3019 260 2151 2158 476
internal_value=-0.00167564 0.142476 -0.686219 1.16408
internal_weight=8064 7804 4309 3495
internal_count=8064 7804 4309 3495
is_linear=0
shrinkage=0.05


Tree=57
num_leaves=7
num_cat=0
split_feature=3 11 4 12 3 0
split_gain=1.95298e+06 2.66468e+06 2.37269e+06 1.7701e+06 998566 1.15621e+06
threshold=122.26642500000004 -0.51864980417341167 -61.716315277777987 0.85470842479866249 621.63671250000073 2586.2950000000005
decision_type=2 2 2 2 2 2
left_child=1 2 -1 -3 5 -2
right_child=4 3 -4 -5 -6 -7
leaf_value=-5.5606749781738909 4.6412938193012687 0.4983863845672678 -0.67174024034539859 -2.4508562425772351 3.8641724270662552 0.41170450177077855
leaf_weight=471 169 2754 524 623 254 3269
leaf_count=471 169 2754 524 623 254 3269
internal_value=-0.00160253 -0.716575 -2.98926 -0.046264 0.84502 0.620905
internal_weight=8064 4372 995 3377 3692 3438
internal_count=8064 4372 995 3377 3692 3438
is_linear=0
shrinkage=0.05


Tree=58
num_leaves=6
num_cat=0
split_feature=3 4 0 12 12
split_gain=1.8328e+06 1.78906e+06 1.37157e+06 1.52738e+06 804138
threshold=-41.594987499999654 -336.46675763888783 6697.3600000000015 -0.065387565056497052 -0.36235178784537897
decision_type=2 2 2 2 2
left_child=1 -1 3 -2 -3
right_child=2 4 -4 -5 -6
leaf_value=-5.7501685261127671 1.3322816056378437 0.60925065168117964 -3.3309485148478837 -0.21540899542600381 -2.0422808952675773
leaf_weight=223 2896 513 244 3544 644
leaf_count=223 2896 513 244 3544 644
internal_value=-0.00151786 -1.65978 0.341049 0.48067 -0.867113
internal_weight=8064 1380 6684 6440 1157
internal_count=8064 1380 6684 6440 1157
is_linear=0
shrinkage=0.05


Tree=59
num_leaves=7
num_cat=0
split_feature=3 11 4 4 10 2
split_gain=1.70607e+06 1.4707e+06 2.36253e+06 589999 560228 140266
threshold=-113.54152500000031 0.21643961393810304 -61.716315277777987 -125.00994479166728 1.0000000180025095e-35 -47.871149999999936
decision_type=2 2 2 2 2 2
left_child=3 2 -2 -1 -3 -5
right_child=1 4 -4 5 -6 -7
leaf_value=-5.1043211949353964 -2.3238292388738984 0.74089160116037556 0.30660807909346627 -0.45617751980120425 2.6416697347223494 -2.4001432218644174
leaf_weight=172 1169 2736 3156 162 451 218
leaf_count=172 1169 2736 3156 162 451 218
internal_value=-0.00150023 0.195786 -0.404743 -2.6818 1.01062 -1.57477
internal_weight=8064 7512 4325 552 3187 380
internal_count=8064 7512 4325 552 3187 380
is_linear=0
shrinkage=0.05


Tree=60
num_leaves=7
num_cat=0
split_feature=3 11 4 4 12 1
split_gain=1.66075e+06 2.81398e+06 2.95212e+06 1.55761e+06 1.11904e+06 507582
threshold=310.02283749999975 -0.2376293295203116 -61.716315277777987 -19.234415972221992 0.44218343748786643 118.96870000000014
decision_type=2 2 2 2 2 2
left_child=1 2 -1 -2 -3 -5
right_child=3 4 -4 5 -6 -7
leaf_value=-4.0300629008395141 4.164348831176758 1.0108704002726474 -0.37848979714126241 -0.47646609957362912 -0.73552287748440737 1.6489082263524502
leaf_weight=873 399 2792 1510 592 1365 533
leaf_count=873 399 2792 1510 592 1365 533
internal_value=-0.00146611 -0.347888 -1.71735 1.4844 0.437383 0.531059
internal_weight=8064 6540 2383 1524 4157 1125
internal_count=8064 6540 2383 1524 4157 1125
is_linear=0
shrinkage=0.05


Tree=61
num_leaves=7
num_cat=0
split_feature=3 11 12 4 0 8
split_gain=1.58411e+06 2.07892e+06 1.85465e+06 1.54404e+06 885018 1.29083e+06
threshold=122.26642500000004 -0.6913484944011038 0.55543802234893513 -61.716315277777987 2586.2950000000005 1.0000000180025095e-35
decision_type=2 2 2 2 2 2
left_child=1 3 -3 -1 -2 -6
right_child=4 2 -4 -5 5 -7
leaf_value=-5.398953358370842 4.1128779613876096 0.57414263197735615 -1.9121739895080372 -0.84165318413988344 0.95088180707260506 -1.9120476399704947
leaf_weight=360 186 2570 1058 384 3055 451
leaf_count=360 186 2570 1058 384 3055 451
internal_value=-0.00138534 -0.645308 -0.151246 -3.05109 0.761104 0.582164
internal_weight=8064 4372 3628 744 3692 3506
internal_count=8064 4372 3628 744 3692 3506
is_linear=0
shrinkage=0.05


Tree=62
num_leaves=5
num_cat=0
split_feature=3 12 0 0
split_gain=1.51737e+06 1.31179e+06 2.17605e+06 1.56182e+06
threshold=-157.34750000000005 -0.23762932952031213 3645.0026500000008 6697.3600000000015
decision_type=2 2 2 2
left_child=-1 3 -3 -2
right_child=1 2 -4 -5
leaf_value=-3.6378796820237982 1.2340731411761303 0.69400777198506169 -1.5071715659345601 -2.5056226568562643
leaf_weight=276 2990 2202 2289 307
leaf_count=276 2990 2202 2289 307
internal_value=-0.00134352 0.127983 -0.427988 0.885197
internal_weight=8064 7788 4491 3297
internal_count=8064 7788 4491 3297
is_linear=0
shrinkage=0.05


Tree=63
num_leaves=5
num_cat=0
split_feature=4 1 10 8
split_gain=1.47468e+06 1.71998e+06 3.69809e+06 1.40419e+06
threshold=-556.88829201388887 -107.04889999999976 1.0000000180025095e-35 1.0000000180025095e-35
decision_type=2 2 2 2
left_child=-1 2 -2 -3
right_child=1 3 -4 -5
leaf_value=-4.998162674821657 -2.0337995472140786 1.1603913350589701 1.4936405765810217 -0.94813028892359774
leaf_weight=144 2109 3659 1146 1006
leaf_count=144 2109 3659 1146 1006
internal_value=-0.00131182 0.0901595 -0.791803 0.705586
internal_weight=8064 7920 3255 4665
internal_count=8064 7920 3255 4665
is_linear=0
shrinkage=0.05


Tree=64
num_leaves=7
num_cat=0
split_feature=3 11 4 4 12 1
split_gain=1.35921e+06 2.32167e+06 2.35517e+06 1.39285e+06 881780 490485
threshold=310.02283749999975 -0.2376293295203116 -61.716315277777987 -19.234415972221992 0.44218343748786643 -67.649350000000126
decision_type=2 2 2 2 2 2
left_child=1 2 -1 5 -3 -2
right_child=3 4 -4 -5 -6 -7
leaf_value=-3.62428621944867 2.1037665622755886 0.90767331128020334 -0.36271454261912961 0.44149172042180551 -0.64256807438165309 5.6224584273586231
leaf_weight=873 199 2792 1510 1125 1365 200
leaf_count=873 199 2792 1510 1125 1365 200
internal_value=-0.00127925 -0.314677 -1.55859 1.34294 0.398601 3.87717
internal_weight=8064 6540 2383 1524 4157 399
internal_count=8064 6540 2383 1524 4157 399
is_linear=0
shrinkage=0.05


Tree=65
num_leaves=7
num_cat=0
split_feature=3 4 11 10 1 12
split_gain=1.30912e+06 1.42511e+06 1.09854e+06 932753 2.57831e+06 683840
threshold=46.747212500000167 -336.46675763888783 -0.90630778703664994 1.0000000180025095e-35 -163.61065000000005 0.065387565056496968
decision_type=2 2 2 2 2 2
left_child=1 5 -3 4 -2 -1
right_child=3 2 -4 -5 -6 -7
leaf_value=-1.7100663545727732 -2.5093882618364525 -4.1576712160155145 -0.11710851419390485 2.1323424011489163 0.75020923381292648 -5.8625017066145206
leaf_weight=219 727 180 2383 734 3639 182
leaf_count=219 727 180 2383 734 3639 182
internal_value=-0.00118772 -0.836687 -0.402389 0.484454 0.20699 -3.60461
internal_weight=8064 2964 2563 5100 4366 401
internal_count=8064 2964 2563 5100 4366 401
is_linear=0
shrinkage=0.05


Tree=66
num_leaves=5
num_cat=0
split_feature=4 1 10 4
split_gain=1.26241e+06 1.36624e+06 3.02493e+06 1.33866e+06
threshold=-556.88829201388887 -107.04889999999976 1.0000000180025095e-35 -81.377279513888865
decision_type=2 2 2 2
left_child=-1 2 -2 -3
right_child=1 3 -4 -5
leaf_value=-4.6244397252181484 -1.8259074851708108 2.5021618419296345 1.3643647607724461 0.24835836108924961
leaf_weight=144 2109 793 1146 3872
leaf_count=144 2109 793 1146 3872
internal_value=-0.00119947 0.0834327 -0.702622 0.631935
internal_weight=8064 7920 3255 4665
internal_count=8064 7920 3255 4665
is_linear=0
shrinkage=0.05


Tree=67
num_leaves=5
num_cat=0
split_feature=0 12 0 0
split_gain=1.23759e+06 1.6687e+06 2.13122e+06 1.58245e+06
threshold=2586.2950000000005 -0.15208718494349094 4916.3398000000007 6697.3600000000015
decision_type=2 2 2 2
left_child=-1 3 -3 -2
right_child=1 2 -4 -5
leaf_value=3.3723624700715789 1.0175686624569653 -0.39920134810915875 -4.0044175673154978 -2.4325053947469275
leaf_weight=262 3270 3703 460 369
leaf_count=262 3270 3703 460 369
internal_value=-0.00115398 -0.114858 -0.798434 0.667154
internal_weight=8064 7802 4163 3639
internal_count=8064 7802 4163 3639
is_linear=0
shrinkage=0.05


Tree=68
num_leaves=4
num_cat=0
split_feature=3 3 11
split_gain=1.19208e+06 1.0927e+06 1.44474e+06
threshold=-157.34750000000005 621.63671250000073 0.21643961393810304
decision_type=2 2 2
left_child=-1 2 -2
right_child=1 -3 -4
leaf_value=-3.2243692310116785 -0.6099486892061885 3.3325334238129507 0.78449991055607493
leaf_weight=276 4214 254 3320
leaf_count=276 4214 254 3320
internal_value=-0.00111144 0.113517 0.0045641
internal_weight=8064 7788 7534
internal_count=8064 7788 7534
is_linear=0
shrinkage=0.05


Tree=69
num_leaves=4
num_cat=0
split_feature=4 0 12
split_gain=1.14424e+06 1.15561e+06 1.60876e+06
threshold=-556.88829201388887 6816.3294500000011 -0.065387565056497052
decision_type=2 2 2
left_child=-1 2 -2
right_child=1 -3 -4
leaf_value=-4.4026041365903001 0.97357552893727406 -3.192251160089997 -0.47976475583454409
leaf_weight=144 3535 260 4125
leaf_count=144 3535 260 4125
internal_value=-0.00105412 0.0795198 0.190974
internal_weight=8064 7920 7660
internal_count=8064 7920 7660
is_linear=0
shrinkage=0.05


Tree=70
num_leaves=7
num_cat=0
split_feature=3 11 12 4 1 2
split_gain=1.14351e+06 1.42883e+06 2.75912e+06 774067 911813 419170
threshold=122.26642500000004 0.21643961393810304 -0.44218343748786698 -15.112628472221784 79.232749999999456 176.1693999999998
decision_type=2 2 2 2 2 2
left_child=1 2 -1 4 -2 -5
right_child=3 -3 -4 5 -6 -7
leaf_value=0.48952825966646468 0.56909594724420465 0.26668930679538094 -3.2743348972332207 0.29174205785768198 2.9714288744471862 -1.6762341589747387
leaf_weight=898 1119 2412 1062 1640 610 323
leaf_count=898 1119 2412 1062 1640 610 323
internal_value=-0.00104544 -0.548139 -1.5505 0.646786 1.41788 -0.0327654
internal_weight=8064 4372 1960 3692 1729 1963
internal_count=8064 4372 1960 3692 1729 1963
is_linear=0
shrinkage=0.05


Tree=71
num_leaves=5
num_cat=0
split_feature=0 8 1 1
split_gain=1.11312e+06 1.65531e+06 2.60512e+06 1.17366e+06
threshold=2586.2950000000005 1.0000000180025095e-35 133.27900000000025 1563.90995
decision_type=2 2 2 2
left_child=-1 2 -2 -3
right_child=1 3 -4 -5
leaf_value=3.1983753734101814 -0.23646569885475199 -4.1208372652833232 2.5107648885404243 -0.64674217982606574
leaf_weight=262 5759 393 1014 636
leaf_count=262 5759 393 1014 636
internal_value=-0.000995411 -0.10883 0.175138 -1.9763
internal_weight=8064 7802 6773 1029
internal_count=8064 7802 6773 1029
is_linear=0
shrinkage=0.05


Tree=72
num_leaves=7
num_cat=0
split_feature=3 11 12 4 10 0
split_gain=1.03198e+06 1.70651e+06 2.19263e+06 1.18072e+06 526755 437592
threshold=310.02283749999975 0.065387565056497135 -0.44218343748786698 -19.234415972221992 1.0000000180025095e-35 6195.6100000000015
decision_type=2 2 2 2 2 2
left_child=1 2 -1 -2 -3 -5
right_child=3 4 -4 5 -6 -7
leaf_value=0.51211418043242884 3.5036117146238688 0.22103845873823574 -2.2445567022176829 0.72768665098692065 1.9598141204368156 -2.1648328332711531
leaf_weight=1197 399 3022 1813 975 508 150
leaf_count=1197 399 3022 1813 975 508 150
internal_value=-0.000941267 -0.274021 -1.14849 1.17035 0.471749 0.340437
internal_weight=8064 6540 3010 1524 3530 1125
internal_count=8064 6540 3010 1524 3530 1125
is_linear=0
shrinkage=0.05


Tree=73
num_leaves=5
num_cat=0
split_feature=0 8 1 1
split_gain=1.00624e+06 1.4792e+06 2.32365e+06 1.03951e+06
threshold=2586.2950000000005 1.0000000180025095e-35 133.27900000000025 1563.90995
decision_type=2 2 2 2
left_child=-1 2 -2 -3
right_child=1 3 -4 -5
leaf_value=3.0410154495119142 -0.22370054909854342 -3.8870044321540349 2.3708763278382166 -0.6174531441503549
leaf_weight=262 5759 393 1014 636
leaf_count=262 5759 393 1014 636
internal_value=-0.000878614 -0.103405 0.165032 -1.86874
internal_weight=8064 7802 6773 1029
internal_count=8064 7802 6773 1029
is_linear=0
shrinkage=0.05


Tree=74
num_leaves=6
num_cat=0
split_feature=0 12 0 4 4
split_gain=991002 1.40987e+06 2.35257e+06 854531 667559
threshold=6697.3600000000015 -0.065387565056497052 3645.0026500000008 -19.234415972221992 -61.716315277777987
decision_type=2 2 2 2 2
left_child=1 3 -3 -1 -2
right_child=4 2 -4 -5 -6
leaf_value=1.8324910256202043 -4.4041350735990319 0.67828128378813757 -1.6880659806032068 0.23091110558276229 -0.2634869413118105
leaf_weight=1384 206 2123 2077 2090 184
leaf_count=1384 206 2123 2077 2090 184
internal_value=-0.000830442 0.124261 -0.492057 0.869305 -2.45627
internal_weight=8064 7674 4200 3474 390
internal_count=8064 7674 4200 3474 390
is_linear=0
shrinkage=0.05


Tree=75
num_leaves=4
num_cat=0
split_feature=3 3 11
split_gain=956190 876907 1.08311e+06
threshold=-157.34750000000005 621.63671250000073 0.21643961393810304
decision_type=2 2 2
left_child=-1 2 -2
right_child=1 -3 -4
leaf_value=-2.8875928789699983 -0.52782724254471858 2.9855422460799126 0.67955387402011347
leaf_weight=276 4214 254 3320
leaf_count=276 4214 254 3320
internal_value=-0.000811329 0.101851 0.00424772
internal_weight=8064 7788 7534
internal_count=8064 7788 7534
is_linear=0
shrinkage=0.05


Tree=76
num_leaves=5
num_cat=0
split_feature=4 0 12 4
split_gain=929927 933782 1.33655e+06 601190
threshold=-556.88829201388887 6697.3600000000015 -0.065387565056497052 -61.716315277777987
decision_type=2 2 2 2
left_child=-1 2 -2 -3
right_child=1 3 -4 -5
leaf_value=-3.9687659653712966 0.92860597018726687 -4.1590338071187345 -0.40963280715282613 -0.22972777965906507
leaf_weight=144 3405 206 4125 184
leaf_count=144 3405 206 4125 184
internal_value=-0.000769216 0.0718681 0.19555 -2.31054
internal_weight=8064 7920 7530 390
internal_count=8064 7920 7530 390
is_linear=0
shrinkage=0.05


Tree=77
num_leaves=7
num_cat=0
split_feature=3 4 10 1 11 12
split_gain=918762 911512 818066 1.78511e+06 728405 590655
threshold=46.747212500000167 -336.46675763888783 1.0000000180025095e-35 -163.61065000000005 -0.90630778703664994 -0.48087430661751701
decision_type=2 2 2 2 2 2
left_child=1 5 3 -2 -3 -1
right_child=2 4 -4 -5 -6 -7
leaf_value=-0.38734809852935176 -2.1140032269050377 -3.4112590146163551 1.9493168135636112 0.59823594328648022 -0.12105671681616857 -4.3696202072676495
leaf_weight=147 727 180 734 3639 2383 254
leaf_count=147 727 180 734 3639 2383 254
internal_value=-0.000779346 -0.700714 0.406064 0.14623 -0.353369 -2.91438
internal_weight=8064 2964 5100 4366 2563 401
internal_count=8064 2964 5100 4366 2563 401
is_linear=0
shrinkage=0.05


Tree=78
num_leaves=5
num_cat=0
split_feature=0 8 1 1
split_gain=876114 1.35881e+06 1.98598e+06 881484
threshold=2586.2950000000005 1.0000000180025095e-35 64.786449999999618 1563.90995
decision_type=2 2 2 2
left_child=-1 2 -2 -3
right_child=1 3 -4 -5
leaf_value=2.8376149572347056 -0.3224042461558132 -3.64699558880426 1.6774185905322918 -0.63604650385385408
leaf_weight=262 5137 393 1636 636
leaf_count=262 5137 393 1636 636
internal_value=-0.000789081 -0.0964573 0.160824 -1.78843
internal_weight=8064 7802 6773 1029
internal_count=8064 7802 6773 1029
is_linear=0
shrinkage=0.05


Tree=79
num_leaves=7
num_cat=0
split_feature=0 12 8 0 3 9
split_gain=870904 5.03657e+06 1.11054e+06 875076 848919 746909
threshold=3645.0026500000008 0.87651811848133021 1.0000000180025095e-35 2654.4329500000003 247.24375000000012 1.0000000180025095e-35
decision_type=2 2 2 2 2 2
left_child=2 4 5 -4 -2 -1
right_child=1 -3 3 -5 -6 -7
leaf_value=2.2972692426788406 -0.28237493603936253 -5.865976526133851 2.1702219435849144 -1.6541607415867507 1.3211677561564783 0.29816225569388449
leaf_weight=1039 3898 386 193 653 1046 849
leaf_count=1039 3898 386 193 653 1046 849
internal_value=-0.000750191 -0.372885 0.724607 -0.780163 0.0570845 1.39894
internal_weight=8064 5330 2734 846 4944 1888
internal_count=8064 5330 2734 846 4944 1888
is_linear=0
shrinkage=0.05


Tree=80
num_leaves=7
num_cat=0
split_feature=10 1 2 12 0 12
split_gain=843283 2.84731e+06 1.14044e+06 981777 735111 1.2887e+06
threshold=1.0000000180025095e-35 -279.33000000000033 33.166699999999999 -0.15208718494349094 3597.7236500000004 0.55543802234893513
decision_type=2 2 2 2 2 2
left_child=1 3 -3 -1 -2 -6
right_child=4 2 -4 -5 5 -7
leaf_value=-0.54443274550594212 4.4082372866711523 0.74441583294781166 -0.67350327197379567 -3.9351037072280435 1.7051001869670808 -2.6236807728384051
leaf_weight=327 158 3652 2317 616 774 220
leaf_count=327 158 3652 2317 616 774 220
internal_value=-0.000723317 -0.209513 0.193998 -2.76116 1.25111 0.745346
internal_weight=8064 6912 5969 943 1152 994
internal_count=8064 6912 5969 943 1152 994
is_linear=0
shrinkage=0.05


Tree=81
num_leaves=7
num_cat=0
split_feature=0 12 8 0 9 0
split_gain=776360 3.58568e+06 1.0373e+06 899082 882135 854112
threshold=3572.5931000000005 0.85470842479866249 1.0000000180025095e-35 3729.4574500000003 1.0000000180025095e-35 6697.3600000000015
decision_type=2 2 2 2 2 2
left_child=2 5 4 -3 -1 -2
right_child=1 3 -4 -5 -6 -7
leaf_value=2.7330683404926868 0.26681090602941976 -1.6873667278743927 -0.69655535142635927 -5.9198341309321378 0.34361778098306839 -2.1633087897963841
leaf_weight=761 4804 209 799 317 784 390
leaf_count=761 4804 209 799 317 784 390
internal_value=-0.000692852 -0.314749 0.765498 -4.24451 1.52156 0.0839601
internal_weight=8064 5720 2344 526 1545 5194
internal_count=8064 5720 2344 526 1545 5194
is_linear=0
shrinkage=0.05


Tree=82
num_leaves=7
num_cat=0
split_feature=10 1 2 2 0 12
split_gain=763201 2.45984e+06 1.03557e+06 886860 609560 1.11151e+06
threshold=1.0000000180025095e-35 -279.33000000000033 25.436799999999952 -402.58014999999972 3597.7236500000004 0.55543802234893513
decision_type=2 2 2 2 2 2
left_child=1 3 -3 -1 -2 -6
right_child=4 2 -4 -5 5 -7
leaf_value=-1.0326605224634633 4.0651824164938306 0.71871713622062816 -0.62277996453445406 -4.1006760211129842 1.6208989948630332 -2.3993274190104925
leaf_weight=471 158 3553 2416 472 774 220
leaf_count=471 158 3553 2416 472 774 220
internal_value=-0.000702372 -0.199331 0.175722 -2.57101 1.19021 0.729593
internal_weight=8064 6912 5969 943 1152 994
internal_count=8064 6912 5969 943 1152 994
is_linear=0
shrinkage=0.05


Tree=83
num_leaves=5
num_cat=0
split_feature=4 12 0 0
split_gain=770801 732889 2.25008e+06 1.1276e+06
threshold=-556.88829201388887 0.38268343236509 3645.0026500000008 6481.1860000000006
decision_type=2 2 2 2
left_child=-1 3 -3 -2
right_child=1 2 -4 -5
leaf_value=-3.6132626377508559 0.78628123333674016 0.64396310965250059 -2.1603608040389508 -1.158681671215072
leaf_weight=144 4095 1659 1256 910
leaf_count=144 4095 1659 1256 910
internal_value=-0.000678106 0.0654531 -0.564676 0.432491
internal_weight=8064 7920 2915 5005
internal_count=8064 7920 2915 5005
is_linear=0
shrinkage=0.05


Tree=84
num_leaves=5
num_cat=0
split_feature=3 11 4 4
split_gain=740600 925787 1.50179e+06 604590
threshold=621.63671250000073 0.15208718494349097 -61.716315277777987 -101.53250902777789
decision_type=2 2 2 2
left_child=1 2 -1 -3
right_child=-2 3 -4 -5
leaf_value=-2.0578139970088123 2.6509694928865808 1.6168529659082502 0.017837594693635234 0.12507940721083763
leaf_weight=1233 254 906 2966 2705
leaf_count=1233 254 906 2966 2705
internal_value=-0.000678313 -0.0872446 -0.592004 0.499709
internal_weight=8064 7810 4199 3611
internal_count=8064 7810 4199 3611
is_linear=0
shrinkage=0.05


Tree=85
num_leaves=7
num_cat=0
split_feature=8 1 4 0 1 4
split_gain=737866 1.92442e+06 1.0197e+06 928206 436771 171423
threshold=1.0000000180025095e-35 266.30885000000018 7.7893246527783058 3597.7236500000004 940.28565000000015 -16.156527777777224
decision_type=2 2 2 2 2 2
left_child=1 3 4 -1 -2 -3
right_child=2 5 -4 -5 -6 -7
leaf_value=1.0924179055072825 -4.0672630879917362 5.3331559654806746 1.4014516892214548 -0.30973477952169248 -1.4070705780366728 2.9075283073461975
leaf_weight=1537 201 146 288 5074 663 155
leaf_count=1537 201 146 288 5074 663 155
internal_value=-0.000629807 0.194674 -1.17161 0.0163694 -2.02992 4.09784
internal_weight=8064 6912 1152 6611 864 301
internal_count=8064 6912 1152 6611 864 301
is_linear=0
shrinkage=0.05


Tree=86
num_leaves=5
num_cat=0
split_feature=0 8 1 1
split_gain=706937 1.08084e+06 1.62982e+06 731671
threshold=2586.2950000000005 1.0000000180025095e-35 166.16445000000024 1563.90995
decision_type=2 2 2 2
left_child=-1 2 -2 -3
right_child=1 3 -4 -5
leaf_value=2.5491040324190273 -0.13537313323629346 -3.2887873465185842 2.3038870644633973 -0.54569102690629723
leaf_weight=262 6001 393 772 636
leaf_count=262 6001 393 772 636
internal_value=-0.000567623 -0.0865042 0.142958 -1.59552
internal_weight=8064 7802 6773 1029
internal_count=8064 7802 6773 1029
is_linear=0
shrinkage=0.05


Tree=87
num_leaves=7
num_cat=0
split_feature=10 1 2 2 0 12
split_gain=713336 2.06175e+06 1.09173e+06 1.07559e+06 506659 924899
threshold=1.0000000180025095e-35 -311.08079999999967 -402.58014999999972 25.436799999999952 3572.5931000000005 0.65918890865109991
decision_type=2 2 2 2 2 2
left_child=1 2 -1 -3 -2 -6
right_child=4 3 -4 -5 5 -7
leaf_value=-0.91924204416080713 3.8933345771565726 0.66446773864373609 -4.6076877905308704 -0.69090557689339205 1.4667469220998655 -2.4462925293316715
leaf_weight=453 146 3662 360 2437 822 184
leaf_count=453 146 3662 360 2437 822 184
internal_value=-0.000533772 -0.192564 -2.55616 0.122872 1.15081 0.749323
internal_weight=8064 6912 813 6099 1152 1006
internal_count=8064 6912 813 6099 1152 1006
is_linear=0
shrinkage=0.05


Tree=88
num_leaves=7
num_cat=0
split_feature=12 0 12 0 0 8
split_gain=688439 2.24561e+06 1.55893e+06 872309 773698 761341
threshold=0.49999999999999978 3645.0026500000008 0.87651811848133021 6481.1860000000006 5651.3909500000009 1.0000000180025095e-35
decision_type=2 2 2 2 2 2
left_child=3 5 -3 4 -1 -2
right_child=1 2 -4 -5 -6 -7
leaf_value=0.13913609952209707 1.1254251942986355 -0.99984489613062255 -4.9512913343210245 -1.0840356884882034 1.5262731256360844 -1.4947013144817005
leaf_weight=2939 1241 705 386 910 1527 356
leaf_count=2939 1241 705 386 910 1527 356
internal_value=-0.000523443 -0.653726 -2.40114 0.326139 0.613657 0.540782
internal_weight=8064 2688 1091 5376 4466 1597
internal_count=8064 2688 1091 5376 4466 1597
is_linear=0
shrinkage=0.05


Tree=89
num_leaves=7
num_cat=0
split_feature=10 1 2 12 3 4
split_gain=645844 1.79017e+06 927218 853878 467722 535574
threshold=1.0000000180025095e-35 -279.33000000000033 33.166699999999999 -0.15208718494349094 202.31015000000028 10.264777777777683
decision_type=2 2 2 2 2 2
left_child=1 3 -3 -1 5 -2
right_child=4 2 -4 -5 -6 -7
leaf_value=-0.14044329047021342 1.0529433388262988 0.63300993104829628 -0.64550147841823546 -3.3012539414704039 2.5988437206398292 -2.2295711436829011
leaf_weight=327 643 3652 2317 616 356 153
leaf_count=327 643 3652 2317 616 356 153
internal_value=-0.000532854 -0.183253 0.136702 -2.2065 1.09499 0.420002
internal_weight=8064 6912 5969 943 1152 796
internal_count=8064 6912 5969 943 1152 796
is_linear=0
shrinkage=0.05


Tree=90
num_leaves=5
num_cat=0
split_feature=0 8 1 1
split_gain=635971 979645 1.4649e+06 644912
threshold=2586.2950000000005 1.0000000180025095e-35 166.16445000000024 1563.90995
decision_type=2 2 2 2
left_child=-1 2 -2 -3
right_child=1 3 -4 -5
leaf_value=2.4177948988945768 -0.12744541044794808 -3.1083835939351978 2.1851075587632738 -0.53300140797565554
leaf_weight=262 6001 393 772 636
leaf_count=262 6001 393 772 636
internal_value=-0.000518808 -0.082028 0.136428 -1.51867
internal_weight=8064 7802 6773 1029
internal_count=8064 7802 6773 1029
is_linear=0
shrinkage=0.05


Tree=91
num_leaves=7
num_cat=0
split_feature=12 0 12 0 4 8
split_gain=604967 1.96868e+06 1.385e+06 797486 891388 641526
threshold=0.49999999999999978 3645.0026500000008 0.87651811848133021 6697.3600000000015 -19.234415972221992 1.0000000180025095e-35
decision_type=2 2 2 2 2 2
left_child=3 5 -3 4 -1 -2
right_child=1 2 -4 -5 -6 -7
leaf_value=1.2729887008090002 1.0422880336696256 -0.9281473895350193 -4.6526133936004426 -1.8688408307712097 -0.084604492267231768 -1.3628559607626345
leaf_weight=2059 1241 705 386 390 2927 356
leaf_count=2059 1241 705 386 390 2927 356
internal_value=-0.000487697 -0.612812 -2.24893 0.305731 0.476165 0.505621
internal_weight=8064 2688 1091 5376 4986 1597
internal_count=8064 2688 1091 5376 4986 1597
is_linear=0
shrinkage=0.05


Tree=92
num_leaves=6
num_cat=0
split_feature=3 11 4 4 4
split_gain=604002 899840 1.19519e+06 568801 456726
threshold=524.04157500000031 0.15208718494349097 -61.716315277777987 -101.53250902777789 -13.841420138889132
decision_type=2 2 2 2 2
left_child=1 2 -1 -3 -2
right_child=4 3 -4 -5 -6
leaf_value=-1.9419503966067528 3.3427438383081318 1.545063302092764 -0.057642244918789678 0.095427638338234658 0.32698925688836566
leaf_weight=1208 225 905 2769 2674 283
leaf_count=1208 225 905 2769 2674 283
internal_value=-0.000504117 -0.112795 -0.630339 0.462317 1.66665
internal_weight=8064 7556 3977 3579 508
internal_count=8064 7556 3977 3579 508
is_linear=0
shrinkage=0.05


Tree=93
num_leaves=7
num_cat=0
split_feature=10 1 12 2 0 12
split_gain=583401 1.50367e+06 906814 896670 413121 766667
threshold=1.0000000180025095e-35 -248.93560000000022 -0.15208718494349094 124.96000000000005 3597.7236500000004 0.65918890865109991
decision_type=2 2 2 2 2 2
left_child=1 2 -1 -3 -2 -6
right_child=4 3 -4 -5 5 -7
leaf_value=0.035303611243215509 3.4076687921705489 0.46257073467729576 -2.9907023415884431 -1.0540881301098561 1.3102186135628524 -2.3031731660139627
leaf_weight=388 158 4606 683 1235 816 178
leaf_count=388 158 4606 683 1235 816 178
internal_value=-0.000458388 -0.174121 -1.89544 0.141768 1.04076 0.661488
internal_weight=8064 6912 1071 5841 1152 994
internal_count=8064 6912 1071 5841 1152 994
is_linear=0
shrinkage=0.05


Tree=94
num_leaves=4
num_cat=0
split_feature=4 0 12
split_gain=583807 562098 761011
threshold=-556.88829201388887 6816.3294500000011 -0.1088409674838548
decision_type=2 2 2
left_child=-1 2 -2
right_child=1 -3 -4
leaf_value=-3.1444360893153878 0.68847642151758914 -2.2247181213621436 -0.31366870016721626
leaf_weight=144 3428 260 4232
leaf_count=144 3428 260 4232
internal_value=-0.000442482 0.0571108 0.134842
internal_weight=8064 7920 7660
internal_count=8064 7920 7660
is_linear=0
shrinkage=0.05


Tree=95
num_leaves=5
num_cat=0
split_feature=0 8 1 4
split_gain=574670 860866 1.32732e+06 622090
threshold=2586.2950000000005 1.0000000180025095e-35 266.30885000000018 7.7893246527783058
decision_type=2 2 2 2
left_child=-1 2 -2 -3
right_child=1 3 -4 -5
leaf_value=2.2983591899502414 -0.018746566468942138 -2.0855290430769307 3.4912257139435128 0.85747892681894633
leaf_weight=262 6493 798 280 231
leaf_count=262 6493 798 280 231
internal_value=-0.000451321 -0.0779326 0.126852 -1.42466
internal_weight=8064 7802 6773 1029
internal_count=8064 7802 6773 1029
is_linear=0
shrinkage=0.05


Tree=96
num_leaves=5
num_cat=0
split_feature=3 10 1 3
split_gain=533808 496143 1.03287e+06 373692
threshold=-157.34750000000005 1.0000000180025095e-35 -180.95935000000006 202.31015000000028
decision_type=2 2 2 2
left_child=-1 2 -2 -3
right_child=1 3 -4 -5
leaf_value=-2.1573218216534555 -1.3433490315528767 0.42454880563393332 0.22096062419879048 2.3856308196188691
leaf_weight=276 1313 762 5357 356
leaf_count=276 1313 762 5357 356
internal_value=-0.000400596 0.076306 -0.0871314 1.05058
internal_weight=8064 7788 6670 1118
internal_count=8064 7788 6670 1118
is_linear=0
shrinkage=0.05


Tree=97
num_leaves=6
num_cat=0
split_feature=3 11 12 4 4
split_gain=519390 778855 970306 552756 394460
threshold=524.04157500000031 0.15208718494349097 -0.48087430661751701 -101.53250902777789 -13.841420138889132
decision_type=2 2 2 2 2
left_child=1 2 -1 -3 -2
right_child=4 3 -4 -5 -6
leaf_value=0.4331790604221169 3.1032497339807783 1.4979065397125206 -1.1841968035096941 0.068874033212592112 0.30061002988368274
leaf_weight=1471 225 905 2506 2674 283
leaf_count=1471 225 905 2506 2674 283
internal_value=-0.000383479 -0.104512 -0.586008 0.430542 1.54559
internal_weight=8064 7556 3977 3579 508
internal_count=8064 7556 3977 3579 508
is_linear=0
shrinkage=0.05


Tree=98
num_leaves=5
num_cat=0
split_feature=0 8 1 4
split_gain=519758 781680 1.20513e+06 564433
threshold=2586.2950000000005 1.0000000180025095e-35 133.27900000000025 7.7893246527783058
decision_type=2 2 2 2
left_child=-1 2 -2 -3
right_child=1 3 -4 -5
leaf_value=2.1858841927559207 -0.15883804426695053 -1.9868179427340946 1.7096883123034035 0.81649298566666539
leaf_weight=262 5759 798 1014 231
leaf_count=262 5759 798 1014 231
internal_value=-0.000338142 -0.0740247 0.121114 -1.35732
internal_weight=8064 7802 6773 1029
internal_count=8064 7802 6773 1029
is_linear=0
shrinkage=0.05


Tree=99
num_leaves=7
num_cat=0
split_feature=12 0 11 0 11 0
split_gain=482684 1.67299e+06 1.52708e+06 710485 650950 586814
threshold=0.55543802234893513 3729.4574500000003 -0.48087430661751701 6481.1860000000006 -0.6913484944011038 5651.3909500000009
decision_type=2 2 2 2 2 2
left_child=3 -2 -3 5 -5 -1
right_child=1 2 -4 4 -6 -7
leaf_value=0.11619463367204688 0.33232401406881579 -0.28820569127551487 -4.5656802257743934 -3.3707337788096421 -0.25702742549388308 1.3124176329195227
leaf_weight=3104 1686 422 412 221 689 1530
leaf_count=3104 1686 422 412 221 689 1530
internal_value=-0.000305321 -0.573941 -2.40424 0.260495 -1.01608 0.511348
internal_weight=8064 2520 834 5544 910 4634
internal_count=8064 2520 834 5544 910 4634
is_linear=0
shrinkage=0.05


end of trees

feature_importances:
Column_3=119
Column_4=109
Column_1=74
Column_11=71
Column_12=53
Column_0=50
Column_2=30
Column_8=18
Column_10=17
Column_9=2

parameters:
[boosting: gbdt]
[objective: regression]
[metric: l2]
[tree_learner: serial]
[device_type: cpu]
[data_sample_strategy: bagging]
[data: ]
[valid: ]
[num_iterations: 100]
[learning_rate: 0.05]
[num_leaves: 7]
[num_threads: 1]
[seed: 20250911]
[deterministic: 1]
[force_col_wise: 1]
[force_row_wise: 0]
[histogram_pool_size: -1]
[max_depth: 3]
[min_data_in_leaf: 144]
[min_sum_hessian_in_leaf: 0.001]
[bagging_fraction: 1]
[pos_bagging_fraction: 1]
[neg_bagging_fraction: 1]
[bagging_freq: 0]
[bagging_seed: 20250911]
[bagging_by_query: 0]
[feature_fraction: 1]
[feature_fraction_bynode: 1]
[feature_fraction_seed: 20250911]
[extra_trees: 0]
[extra_seed: 26685]
[early_stopping_round: 0]
[early_stopping_min_delta: 0]
[first_metric_only: 0]
[max_delta_step: 0]
[lambda_l1: 0]
[lambda_l2: 1]
[linear_lambda: 0]
[min_gain_to_split: 0]
[drop_rate: 0.1]
[max_drop: 50]
[skip_drop: 0.5]
[xgboost_dart_mode: 0]
[uniform_drop: 0]
[drop_seed: 2504]
[top_rate: 0.2]
[other_rate: 0.1]
[min_data_per_group: 100]
[max_cat_threshold: 32]
[cat_l2: 10]
[cat_smooth: 10]
[max_cat_to_onehot: 4]
[top_k: 20]
[monotone_constraints: ]
[monotone_constraints_method: basic]
[monotone_penalty: 0]
[feature_contri: ]
[forcedsplits_filename: ]
[refit_decay_rate: 0.9]
[cegb_tradeoff: 1]
[cegb_penalty_split: 0]
[cegb_penalty_feature_lazy: ]
[cegb_penalty_feature_coupled: ]
[path_smooth: 0]
[interaction_constraints: ]
[verbosity: -1]
[saved_feature_importance_type: 0]
[use_quantized_grad: 0]
[num_grad_quant_bins: 4]
[quant_train_renew_leaf: 0]
[stochastic_rounding: 1]
[linear_tree: 0]
[max_bin: 63]
[max_bin_by_feature: ]
[min_data_in_bin: 3]
[bin_construct_sample_cnt: 200000]
[data_random_seed: 20250911]
[is_enable_sparse: 1]
[enable_bundle: 1]
[use_missing: 1]
[zero_as_missing: 0]
[feature_pre_filter: 0]
[pre_partition: 0]
[two_round: 0]
[header: 0]
[label_column: ]
[weight_column: ]
[group_column: ]
[ignore_column: ]
[categorical_feature: ]
[forcedbins_filename: ]
[precise_float_parser: 0]
[parser_config_file: ]
[objective_seed: 19683]
[num_class: 1]
[is_unbalance: 0]
[scale_pos_weight: 1]
[sigmoid: 1]
[boost_from_average: 1]
[reg_sqrt: 0]
[alpha: 0.9]
[fair_c: 1]
[poisson_max_delta_step: 0.7]
[tweedie_variance_power: 1.5]
[lambdarank_truncation_level: 30]
[lambdarank_norm: 1]
[label_gain: ]
[lambdarank_position_bias_regularization: 0]
[eval_at: ]
[multi_error_top_k: 1]
[auc_mu_weights: ]
[num_machines: 1]
[local_listen_port: 12400]
[time_out: 120]
[machine_list_filename: ]
[machines: ]
[gpu_platform_id: -1]
[gpu_device_id: -1]
[gpu_device_id_list: ]
[gpu_use_dp: 0]
[num_gpu: 1]

end of parameters

pandas_categorical:null
