tree
version=v4
num_class=1
num_tree_per_iteration=1
label_index=0
max_feature_idx=14
objective=regression
feature_names=Column_0 Column_1 Column_2 Column_3 Column_4 Column_5 Column_6 Column_7 Column_8 Column_9 Column_10 Column_11 Column_12 Column_13 Column_14
feature_infos=[2118.6365999999998:7546.7527] [-3998.1497000000004:3851.9499999999998] [-745.96199999999953:553.97000000000025] [-274.21000000000049:569.23662499999955] [-204.93800347222259:31.102710416666923] [0:1] [0:1] [0:1] [0:1] [0:1] [0:1] [-1:1] [-1:1] [-1:1] [-1:1]
tree_sizes=762 766 765 770 766 775 763 773 767 765 761 775 765 765 761 776 762 765 766 749 766 761 749 750 770 769 754 771 756 752 753 758 769 760 757 756 762 757 745 736 756 749 755 741 741 753 752 743 741 751 745 754 747 743 736 755 591 743 743 665 749 581 754 580 746 750 586 746 747 744 587 750 752 748 669 740 587 585 750 587 744 746 750 585 744 749 743 740 752 745 591 585 742 581 740 743 580 664 751 744

Tree=0
num_leaves=7
num_cat=0
split_feature=3 1 4 3 3 3
split_gain=3.07861e+07 1.05178e+07 5.3634e+06 4.01137e+06 3.66564e+06 1.94611e+06
threshold=-10.683125000000016 20.13374999999974 -91.635957638889053 127.24124999999982 133.16166666666666 -80.222916666667047
decision_type=2 2 2 2 2 2
left_child=2 4 -1 -3 -2 -4
right_child=1 3 5 -5 -6 -7
leaf_value=-50.428215519073092 -40.237251285685403 -36.125438289440524 -45.948471714157414 -31.79189432864964 -35.496063344646913 -41.87731418614689
leaf_weight=351 1927 1446 475 848 516 773
leaf_count=351 1927 1446 475 848 516 773
internal_value=-38.9767 -36.9516 -44.9733 -34.5211 -39.2348 -43.4312
internal_weight=6336 4737 1599 2294 2443 1248
internal_count=6336 4737 1599 2294 2443 1248
is_linear=0
shrinkage=1


Tree=1
num_leaves=7
num_cat=0
split_feature=3 1 4 3 3 3
split_gain=2.77902e+07 9.49302e+06 4.84226e+06 3.62083e+06 3.33714e+06 1.75686e+06
threshold=-10.683125000000016 20.13374999999974 -91.635957638889053 127.24124999999982 121.78621250000016 -80.222916666667047
decision_type=2 2 2 2 2 2
left_child=2 4 -1 -3 -2 -4
right_child=1 3 5 -5 -6 -7
leaf_value=-10.880603467063471 -1.3054969420440825 2.7087596898737578 -6.623952685371667 6.825951245747226 2.9728012056824547 -2.7558082034825819
leaf_weight=351 1838 1446 475 848 605 773
leaf_count=351 1838 1446 475 848 605 773
internal_value=-7.14715e-05 1.92392 -5.69748 4.23303 -0.245209 -4.23218
internal_weight=6336 4737 1599 2294 2443 1248
internal_count=6336 4737 1599 2294 2443 1248
is_linear=0
shrinkage=0.05


Tree=2
num_leaves=7
num_cat=0
split_feature=3 1 4 3 3 3
split_gain=2.50859e+07 8.56815e+06 4.37176e+06 3.28922e+06 3.06316e+06 1.58601e+06
threshold=-10.683125000000016 20.13374999999974 -91.635957638889053 186.20406249999976 96.632750000000229 -80.222916666667047
decision_type=2 2 2 2 2 2
left_child=2 4 -1 -3 -2 -4
right_child=1 3 5 -5 -6 -7
leaf_value=-10.338119173989718 -1.5003931059105562 3.0664836956863191 -6.293451121524603 7.783935284889143 2.2381084854697724 -2.6181959507187944
leaf_weight=351 1615 1831 475 463 828 773
leaf_count=351 1615 1831 475 463 828 773
internal_value=-0.00013943 1.82784 -5.41324 4.02159 -0.232915 -4.02095
internal_weight=6336 4737 1599 2294 2443 1248
internal_count=6336 4737 1599 2294 2443 1248
is_linear=0
shrinkage=0.05


Tree=3
num_leaves=7
num_cat=0
split_feature=3 3 1 4 1 3
split_gain=2.26448e+07 7.93117e+06 4.84602e+06 3.94698e+06 2.45014e+06 1.4422e+06
threshold=-10.683125000000016 127.24124999999982 -39.790349999999982 -91.635957638889053 76.844949999999713 -126.55331666666642
decision_type=2 2 2 2 2 2
left_child=3 2 -2 -1 -3 -5
right_child=1 4 -4 5 -6 -7
leaf_value=-9.8226815425706189 -1.6462765048263437 2.7773467183516982 2.1781552644001416 -7.7049203387392105 6.9540651906891213 -3.0722732406550821
leaf_weight=351 1543 700 1786 200 708 1048
leaf_count=351 1543 700 1786 200 708 1048
internal_value=-0.000192949 1.73657 0.405559 -5.14318 4.88102 -3.82026
internal_weight=6336 4737 3329 1599 1408 1248
internal_count=6336 4737 3329 1599 1408 1248
is_linear=0
shrinkage=0.05


Tree=4
num_leaves=7
num_cat=0
split_feature=3 3 1 4 1 3
split_gain=2.04903e+07 7.3867e+06 4.47831e+06 3.37047e+06 2.21556e+06 1.19896e+06
threshold=-15.250416666666295 127.24124999999982 -39.790349999999982 -91.635957638889053 90.289350000000027 -126.55331666666642
decision_type=2 2 2 2 2 2
left_child=3 2 -2 -1 -3 -5
right_child=1 4 -4 5 -6 -7
leaf_value=-9.4577329719608496 -1.5981642715744449 2.7336684911962319 2.0288751005998615 -7.3215908518329789 6.7091857868547962 -3.06920251159511
leaf_weight=340 1596 735 1821 200 673 971
leaf_count=340 1596 735 1821 200 673 971
internal_value=-0.000264829 1.59103 0.334799 -5.07936 4.63731 -3.80111
internal_weight=6336 4825 3417 1511 1408 1171
internal_count=6336 4825 3417 1511 1408 1171
is_linear=0
shrinkage=0.05


Tree=5
num_leaves=7
num_cat=0
split_feature=3 1 4 8 4 3
split_gain=1.85505e+07 6.23599e+06 3.79111e+06 2.77492e+06 2.42113e+06 1.60203e+06
threshold=-1.0000000180025095e-35 65.09000000000016 -91.635957638889053 1.0000000180025095e-35 -91.635957638889053 -80.222916666667047
decision_type=2 2 2 2 2 2
left_child=2 4 -1 -3 -2 -4
right_child=1 3 5 -5 -6 -7
leaf_value=-8.7731741134598273 -3.2427102859351744 5.3570343041739115 -5.4863503839544752 1.4160537821692785 0.7988955895338653 -1.9108241202093799
leaf_weight=378 444 1185 475 718 2214 922
leaf_count=378 444 1185 475 718 2214 922
internal_value=-0.00033035 1.68745 -4.33571 3.87163 0.122808 -3.12961
internal_weight=6336 4561 1775 1903 2658 1397
internal_count=6336 4561 1775 1903 2658 1397
is_linear=0
shrinkage=0.05


Tree=6
num_leaves=7
num_cat=0
split_feature=3 3 4 4 1 3
split_gain=1.6784e+07 6.50994e+06 4.53084e+06 2.74541e+06 1.09124e+06 1.01615e+06
threshold=-15.250416666666295 161.62477916666651 -91.635957638889053 -91.635957638889053 76.844949999999713 -126.55331666666642
decision_type=2 2 2 2 2 2
left_child=3 2 -2 -1 -3 -5
right_child=1 4 -4 5 -6 -7
leaf_value=-8.5488604522170899 -3.8417778377096319 3.2944758198461992 1.1921742176016916 -6.6843800805694435 6.6723522819808778 -2.7698776183308795
leaf_weight=340 515 451 3342 200 517 971
leaf_count=340 515 451 3342 200 517 971
internal_value=-0.000407173 1.4398 0.519202 -4.59725 5.10359 -3.44358
internal_weight=6336 4825 3857 1511 968 1171
internal_count=6336 4825 3857 1511 968 1171
is_linear=0
shrinkage=0.05


Tree=7
num_leaves=7
num_cat=0
split_feature=3 1 4 3 3 3
split_gain=1.52218e+07 5.55216e+06 3.08858e+06 2.36181e+06 2.16772e+06 1.33722e+06
threshold=-1.0000000180025095e-35 -39.790349999999982 -91.635957638889053 206.72622499999991 116.61300416666656 -80.222916666667047
decision_type=2 2 2 2 2 2
left_child=2 4 -1 -3 -2 -4
right_child=1 3 5 -5 -6 -7
leaf_value=-7.9329548945881445 -1.5749541608832045 2.3596643390651559 -4.9921688960473833 6.5216504779484055 2.3126517506123885 -1.7255486918893823
leaf_weight=378 1383 2295 475 400 483 922
leaf_count=378 1383 2295 475 400 483 922
internal_value=-0.000471152 1.5284 -3.92767 2.97959 -0.567977 -2.83902
internal_weight=6336 4561 1775 2695 1866 1397
internal_count=6336 4561 1775 2695 1866 1397
is_linear=0
shrinkage=0.05


Tree=8
num_leaves=7
num_cat=0
split_feature=3 3 4 4 1 3
split_gain=1.37577e+07 5.20355e+06 3.39349e+06 2.52872e+06 1.61732e+06 1.07172e+06
threshold=-5.9339749999994629 127.24124999999982 -91.635957638889053 -91.635957638889053 90.289350000000027 -80.222916666667047
decision_type=2 2 2 2 2 2
left_child=3 2 -2 -1 -3 -5
right_child=1 4 -4 5 -6 -7
leaf_value=-7.540819956471875 -3.9397447880339422 2.3134163361812092 0.91706140290436522 -4.7430847881095755 5.7099823204452278 -1.7734680333831201
leaf_weight=366 411 735 2830 475 673 846
leaf_count=366 411 735 2830 475 673 846
internal_value=-0.000487332 1.40306 0.300131 -3.86689 3.93982 -2.84405
internal_weight=6336 4649 3241 1687 1408 1321
internal_count=6336 4649 3241 1687 1408 1321
is_linear=0
shrinkage=0.05


Tree=9
num_leaves=7
num_cat=0
split_feature=3 1 3 3 4 1
split_gain=1.24966e+07 5.42805e+06 2.17256e+06 2.05653e+06 1.91115e+06 812726
threshold=-24.931095833333298 -21.820500000000717 206.72622499999991 96.632750000000229 -91.635957638889053 -167.28594999999947
decision_type=2 2 2 2 2 2
left_child=4 3 -3 -2 -1 -6
right_child=1 2 -4 -5 5 -7
leaf_value=-7.7772545532320372 -1.6442326455678007 2.0770307149838412 6.1239913806819795 1.6249632519051649 -5.0257035270426194 -2.1403720198599974
leaf_weight=304 1588 2338 386 689 400 631
leaf_count=304 1588 2338 386 689 400 631
internal_value=-0.000534384 1.14688 2.65254 -0.654724 -4.29647 -3.26359
internal_weight=6336 5001 2724 2277 1335 1031
internal_count=6336 5001 2724 2277 1335 1031
is_linear=0
shrinkage=0.05


Tree=10
num_leaves=7
num_cat=0
split_feature=3 3 4 1 1 4
split_gain=1.13224e+07 5.08592e+06 3.32355e+06 1.80715e+06 1.66858e+06 483466
threshold=-31.357062499999753 106.90207499999998 -91.635957638889053 90.289350000000027 -214.54499999999959 -91.635957638889053
decision_type=2 2 2 2 2 2
left_child=4 2 -2 -3 5 -1
right_child=1 3 -4 -5 -6 -7
leaf_value=-8.6324704441542188 -4.2116689462206027 1.7413640795354646 0.50322340466287419 4.9586327930931979 -2.8211170099976006 -5.3072802728474748
leaf_weight=182 428 953 2902 807 768 296
leaf_count=182 428 953 2902 807 768 296
internal_value=-0.00056101 1.04535 -0.103857 3.21853 -4.2706 -6.58874
internal_weight=6336 5090 3330 1760 1246 478
internal_count=6336 5090 3330 1760 1246 478
is_linear=0
shrinkage=0.05


Tree=11
num_leaves=7
num_cat=0
split_feature=3 1 4 10 3 3
split_gain=1.03069e+07 4.15087e+06 2.12065e+06 1.70817e+06 1.63838e+06 967039
threshold=-1.0000000180025095e-35 -39.790349999999982 -91.635957638889053 1.0000000180025095e-35 206.72622499999991 -99.171662500000352
decision_type=2 2 2 2 2 2
left_child=2 3 -1 -2 -3 -4
right_child=1 4 5 -5 -6 -7
leaf_value=-6.5510304601494429 -1.642567763642796 1.9958421309184704 -4.6466128170490268 1.5470641973587791 5.4623596729594581 -1.5813508433738763
leaf_weight=378 1230 2295 340 636 400 1057
leaf_count=378 1230 2295 340 636 400 1057
internal_value=-0.000641624 1.25742 -3.23221 -0.55518 2.51219 -2.33016
internal_weight=6336 4561 1775 1866 2695 1397
internal_count=6336 4561 1775 1866 2695 1397
is_linear=0
shrinkage=0.05


Tree=12
num_leaves=7
num_cat=0
split_feature=3 1 4 3 1 3
split_gain=9.34128e+06 4.35998e+06 1.79844e+06 1.67322e+06 1.46136e+06 435677
threshold=-31.357062499999753 -21.820500000000717 -91.635957638889053 161.62477916666651 -214.54499999999959 -99.171662500000352
decision_type=2 2 2 2 2 2
left_child=4 2 -2 -3 5 -1
right_child=1 3 -4 -5 -6 -7
leaf_value=-7.8712864925413575 -3.5895608312485496 1.5919318343088737 0.011016139334530922 4.457213573366956 -2.5229344724484943 -4.7580961553031065
leaf_weight=196 423 2088 1905 674 768 282
leaf_count=196 423 2088 1905 674 768 282
internal_value=-0.000652285 0.949359 -0.644473 2.2925 -3.87917 -6.0484
internal_weight=6336 5090 2328 2762 1246 478
internal_count=6336 5090 2328 2762 1246 478
is_linear=0
shrinkage=0.05


Tree=13
num_leaves=7
num_cat=0
split_feature=3 4 1 3 4 11
split_gain=8.62208e+06 4.44683e+06 2.28272e+06 2.11382e+06 1.88228e+06 871097
threshold=46.806337500000616 -91.635957638889053 -84.013550000000109 206.72622499999991 -91.635957638889053 -0.2376293295203116
decision_type=2 2 2 2 2 2
left_child=1 5 -3 4 -2 -1
right_child=3 2 -4 -5 -6 -7
leaf_value=-3.3403750727188242 -1.6874866814503973 -2.4009167497628283 0.36645605206475756 4.9100417581786511 2.0667076086273495 -7.5472945726751908
leaf_weight=205 405 1380 1618 528 1883 317
leaf_count=205 405 1380 1618 528 1883 317
internal_value=-0.00071974 -1.65025 -0.90776 2.06105 1.40173 -5.9047
internal_weight=6336 3520 2998 2816 2288 522
internal_count=6336 3520 2998 2816 2288 522
is_linear=0
shrinkage=0.05


Tree=14
num_leaves=7
num_cat=0
split_feature=3 3 4 1 1 3
split_gain=7.91923e+06 3.73216e+06 2.59359e+06 1.2243e+06 1.03893e+06 394416
threshold=-31.357062499999753 127.24124999999982 -91.635957638889053 -214.54499999999959 90.289350000000027 -99.171662500000352
decision_type=2 2 2 2 2 2
left_child=3 2 -2 5 -3 -1
right_child=1 4 -4 -5 -6 -7
leaf_value=-7.2903192768847278 -3.3586181906647372 1.7590914401225746 0.5548996072997443 -2.3304457163803951 4.4810804559874073 -4.3314552348306199
leaf_weight=196 487 735 3195 768 673 282
leaf_count=196 487 735 3195 768 673 282
internal_value=-0.000743962 0.873972 0.0365065 -3.57186 3.06241 -5.5574
internal_weight=6336 5090 3682 1246 1408 478
internal_count=6336 5090 3682 1246 1408 478
is_linear=0
shrinkage=0.05


Tree=15
num_leaves=7
num_cat=0
split_feature=3 1 8 4 4 3
split_gain=7.22677e+06 3.18569e+06 2.1639e+06 1.52505e+06 1.22114e+06 740396
threshold=-1.0000000180025095e-35 65.09000000000016 1.0000000180025095e-35 -91.635957638889053 -91.635957638889053 -126.55331666666642
decision_type=2 2 2 2 2 2
left_child=3 4 -3 -1 -2 -5
right_child=1 2 -4 5 -6 -7
leaf_value=-5.5211433389256062 -2.4556931485888667 3.9253230217033854 0.44673105969051002 -4.7514739466840359 0.4146018923106593 -1.4688126052454589
leaf_weight=378 444 1185 718 200 2214 1197
leaf_count=378 444 1185 718 200 2214 1197
internal_value=-0.000789745 1.05265 2.61378 -2.70676 -0.0656037 -1.94183
internal_weight=6336 4561 1903 1775 2658 1397
internal_count=6336 4561 1903 1775 2658 1397
is_linear=0
shrinkage=0.05


Tree=16
num_leaves=7
num_cat=0
split_feature=3 4 1 1 11 1
split_gain=6.80069e+06 3.77559e+06 2.1628e+06 1.52077e+06 887178 721903
threshold=76.610750000000067 -91.635957638889053 -117.15755000000034 76.844949999999713 -0.2376293295203116 -446.37190000000004
decision_type=2 2 2 2 2 2
left_child=1 4 -3 5 -1 -2
right_child=3 2 -4 -5 -6 -7
leaf_value=-2.4710826802740296 2.9756432976639839 -2.1816308808588345 0.40192669119985952 3.5912801057874755 -6.3621629350644389 0.27043548224848457
leaf_weight=244 337 1309 2122 1038 373 913
leaf_count=244 337 1309 2122 1038 373 913
internal_value=-0.000824489 -1.23228 -0.584104 2.17749 -4.82988 1.00156
internal_weight=6336 4048 3431 2288 617 1250
internal_count=6336 4048 3431 2288 617 1250
is_linear=0
shrinkage=0.05


Tree=17
num_leaves=7
num_cat=0
split_feature=3 4 1 3 4 11
split_gain=6.212e+06 3.09227e+06 1.72779e+06 1.6844e+06 1.38907e+06 710578
threshold=46.806337500000616 -91.635957638889053 -84.013550000000109 206.72622499999991 -91.635957638889053 -0.2376293295203116
decision_type=2 2 2 2 2 2
left_child=1 5 -3 4 -2 -1
right_child=3 2 -4 -5 -6 -7
leaf_value=-2.6359566059216712 -1.4930062248678926 -2.0808228590964712 0.32678610683646614 4.2923679024452914 1.7319986723961298 -6.4313937537079244
leaf_weight=205 405 1380 1618 528 1883 317
leaf_count=205 405 1380 1618 528 1883 317
internal_value=-0.000813057 -1.40095 -0.781777 1.74923 1.16074 -4.94874
internal_weight=6336 3520 2998 2816 2288 522
internal_count=6336 3520 2998 2816 2288 522
is_linear=0
shrinkage=0.05


Tree=18
num_leaves=7
num_cat=0
split_feature=3 1 10 3 3 1
split_gain=5.81281e+06 2.80851e+06 1.79362e+06 1.1009e+06 933107 499706
threshold=-31.357062499999753 -62.395200000000379 1.0000000180025095e-35 206.72622499999991 -141.22181666666663 -214.54499999999959
decision_type=2 2 2 2 2 2
left_child=4 2 -2 -3 -1 -6
right_child=1 3 -4 -5 5 -7
leaf_value=-6.4057085143287757 -1.8339690771140014 1.3200255290149021 1.2894005587077706 4.0888662025996716 -3.9311166477111201 -1.6779586842982781
leaf_weight=178 1280 2680 716 414 387 681
leaf_count=178 1280 2680 716 414 387 681
internal_value=-0.000822026 0.748586 -0.713477 1.69172 -3.06036 -2.49733
internal_weight=6336 5090 1996 3094 1246 1068
internal_count=6336 5090 1996 3094 1246 1068
is_linear=0
shrinkage=0.05


Tree=19
num_leaves=7
num_cat=0
split_feature=3 3 4 1 3 3
split_gain=5.24759e+06 2.5671e+06 2.08786e+06 847336 542993 328063
threshold=-31.357062499999753 161.62477916666651 -91.635957638889053 -214.54499999999959 273.7262250000004 -99.171662500000352
decision_type=2 2 2 2 2 2
left_child=3 2 -2 5 -3 -1
right_child=1 4 -4 -5 -6 -7
leaf_value=-6.1364464050319603 -2.6539550054029402 2.4630108191351048 0.61546049700826655 -1.8751989621257288 5.5361963297182557 -3.4457333985887235
leaf_weight=196 565 792 3557 768 176 282
leaf_count=196 565 792 3557 768 176 282
internal_value=-0.000837344 0.711205 0.166789 -2.90782 3.02691 -4.55955
internal_weight=6336 5090 4122 1246 968 478
internal_count=6336 5090 4122 1246 968 478
is_linear=0
shrinkage=0.05


Tree=20
num_leaves=7
num_cat=0
split_feature=3 4 1 4 1 11
split_gain=4.89271e+06 2.50578e+06 1.37765e+06 1.28201e+06 977794 646876
threshold=46.806337500000616 -91.635957638889053 -117.15755000000034 -91.635957638889053 76.844949999999713 0.15208718494349097
decision_type=2 2 2 2 2 2
left_child=1 -1 -3 5 -5 -2
right_child=3 2 -4 4 -6 -7
leaf_value=-4.4371002134583879 0.74300090258337481 -1.9982038905553829 0.18906869663070475 1.0859723604164369 3.1408470850758374 -2.9564166778059153
leaf_weight=522 286 1199 1799 1250 1080 200
leaf_count=522 286 1199 1799 1250 1080 200
internal_value=-0.000838851 -1.24343 -0.686069 1.55229 2.03939 -0.782338
internal_weight=6336 3520 2998 2816 2330 486
internal_count=6336 3520 2998 2816 2330 486
is_linear=0
shrinkage=0.05


Tree=21
num_leaves=7
num_cat=0
split_feature=3 4 1 1 11 1
split_gain=4.473e+06 2.50121e+06 1.42292e+06 1.12282e+06 710906 670785
threshold=76.610750000000067 -91.635957638889053 -117.15755000000034 76.844949999999713 -0.2376293295203116 521.28360000000032
decision_type=2 2 2 2 2 2
left_child=1 4 -3 -2 -1 -5
right_child=3 2 -4 5 -6 -7
leaf_value=-1.8187632928058812 0.75547664152364513 -1.7677588062909724 0.32780181245208911 3.8844732955721732 -5.2987395964841797 1.1900480791351624
leaf_weight=244 1250 1309 2122 689 373 349
leaf_count=244 1250 1309 2122 689 373 349
internal_value=-0.000830318 -0.999547 -0.471982 1.76579 -3.92771 2.98056
internal_weight=6336 4048 3431 2288 617 1038
internal_count=6336 4048 3431 2288 617 1038
is_linear=0
shrinkage=0.05


Tree=22
num_leaves=7
num_cat=0
split_feature=3 3 1 3 4 3
split_gain=4.20756e+06 2.0663e+06 1.79063e+06 801402 348203 282588
threshold=-31.357062499999753 195.5675375000001 -62.395200000000379 -141.22181666666663 -91.635957638889053 273.7262250000004
decision_type=2 2 2 2 2 2
left_child=3 2 -2 -1 -5 -3
right_child=1 5 -4 4 -6 -7
leaf_value=-5.7033259456051129 -0.92289537247430486 2.6611739782249035 1.1062448950520722 -3.7309810838959963 -1.585089334186488 5.0448666036465752
leaf_weight=178 1860 440 2614 246 822 176
leaf_count=178 1860 440 2614 246 822 176
internal_value=-0.000810315 0.636779 0.262642 -2.60383 -2.0824 3.3493
internal_weight=6336 5090 4474 1246 1068 616
internal_count=6336 5090 4474 1246 1068 616
is_linear=0
shrinkage=0.05


Tree=23
num_leaves=7
num_cat=0
split_feature=3 3 4 3 4 4
split_gain=3.80005e+06 1.83135e+06 1.61619e+06 767666 378500 283934
threshold=-24.931095833333298 195.5675375000001 -91.635957638889053 -141.22181666666663 -91.635957638889053 -38.845727083333252
decision_type=2 2 2 2 2 2
left_child=3 2 -2 -1 -5 -3
right_child=1 5 -4 4 -6 -7
leaf_value=-5.4197527340337555 -2.1265574346536633 1.6111506702612393 0.65678048730024596 -3.5738103826383978 -1.4065583673195876 3.9211443212994674
leaf_weight=178 604 198 3781 260 897 418
leaf_count=178 604 198 3781 260 897 418
internal_value=-0.000794485 0.631938 0.273 -2.36975 -1.89625 3.18246
internal_weight=6336 5001 4385 1335 1157 616
internal_count=6336 5001 4385 1335 1157 616
is_linear=0
shrinkage=0.05


Tree=24
num_leaves=7
num_cat=0
split_feature=3 1 10 1 8 1
split_gain=3.5304e+06 2.01828e+06 1.03962e+06 930857 905891 612696
threshold=76.610750000000067 -140.92829999999978 1.0000000180025095e-35 76.844949999999713 1.0000000180025095e-35 -446.37190000000004
decision_type=2 2 2 2 2 2
left_child=1 2 -1 5 -3 -2
right_child=3 4 -4 -5 -6 -7
leaf_value=-3.208195702290551 2.4674255094915276 0.57772980337428426 -0.48334625540670917 2.6747290657218312 -1.5791239110397219 -0.024429865861698759
leaf_weight=1040 337 1816 528 1038 664 913
leaf_count=1040 337 1816 528 1038 664 913
internal_value=-0.000804769 -0.888072 -2.29154 1.56868 -0.00015411 0.64881
internal_weight=6336 4048 1568 2288 2480 1250
internal_count=6336 4048 1568 2288 2480 1250
is_linear=0
shrinkage=0.05


Tree=25
num_leaves=7
num_cat=0
split_feature=3 1 8 3 0 13
split_gain=3.23574e+06 1.58458e+06 1.71962e+06 841566 614230 335710
threshold=-1.0000000180025095e-35 76.844949999999713 1.0000000180025095e-35 -99.171662500000352 6406.5940500000006 0.38231920253318424
decision_type=2 2 2 2 2 2
left_child=3 4 -3 -1 -2 -5
right_child=1 2 -4 5 -6 -7
leaf_value=-3.6915799081926921 0.35160910992443833 3.0913570757101887 -0.054324764378047619 -0.58480278265856611 -1.431901822488308 -2.2410354515471376
leaf_weight=445 2120 1099 718 853 624 477
leaf_count=445 2120 1099 718 853 624 477
internal_value=-0.00076118 0.704134 1.84897 -1.81142 -0.0543445 -1.18004
internal_weight=6336 4561 1817 1775 2744 1330
internal_count=6336 4561 1817 1775 2744 1330
is_linear=0
shrinkage=0.05


Tree=26
num_leaves=7
num_cat=0
split_feature=3 4 4 1 3 11
split_gain=3.00984e+06 1.67047e+06 960605 909731 646692 564904
threshold=46.806337500000616 -91.635957638889053 -91.635957638889053 -21.820500000000717 206.72622499999991 -0.2376293295203116
decision_type=2 2 2 2 2 2
left_child=1 5 -2 -3 -4 -1
right_child=2 3 4 -5 -6 -7
leaf_value=-1.5271310454071727 -0.80331365808507993 -1.2820838781929915 1.2319900211856369 0.47493952363614939 3.3472517608498622 -4.9034008598365126
leaf_weight=205 486 1698 1883 1300 447 317
leaf_count=205 486 1698 1883 1300 447 317
internal_value=-0.000759101 -0.975358 1.2174 -0.520295 1.63906 -3.58293
internal_weight=6336 3520 2816 2998 2330 522
internal_count=6336 3520 2816 2998 2330 522
is_linear=0
shrinkage=0.05


Tree=27
num_leaves=7
num_cat=0
split_feature=3 1 8 10 3 12
split_gain=2.76229e+06 1.47798e+06 1.39168e+06 790564 599726 316932
threshold=-31.357062499999753 43.624499999999905 1.0000000180025095e-35 1.0000000180025095e-35 -141.22181666666663 -0.23762932952031213
decision_type=2 2 2 2 2 2
left_child=4 3 -3 -2 -1 -6
right_child=1 2 -4 -5 5 -7
leaf_value=-4.7906850977982893 -0.71633211147875109 2.4114539873317362 -0.19649045627713954 1.2003678382989176 -2.7049911392800925 -0.94810070983107941
leaf_weight=178 2145 1433 795 717 431 637
leaf_count=178 2145 1433 795 717 431 637
internal_value=-0.000748469 0.515858 1.48121 -0.235901 -2.10985 -1.65898
internal_weight=6336 5090 2228 2862 1246 1068
internal_count=6336 5090 2228 2862 1246 1068
is_linear=0
shrinkage=0.05


Tree=28
num_leaves=7
num_cat=0
split_feature=3 4 1 1 11 1
split_gain=2.57946e+06 1.63132e+06 872763 682462 572639 515140
threshold=76.610750000000067 -91.635957638889053 -117.15755000000034 76.844949999999713 -0.2376293295203116 -446.37190000000004
decision_type=2 2 2 2 2 2
left_child=1 4 -3 5 -1 -2
right_child=3 2 -4 -5 -6 -7
leaf_value=-1.2335470071495795 2.2207311719126959 -1.3479496604154413 0.29322762466507368 2.2878500043420806 -4.3539441000012795 -0.064103418949958857
leaf_weight=244 337 1309 2122 1038 373 913
leaf_count=244 337 1309 2122 1038 373 913
internal_value=-0.000756376 -0.759172 -0.333127 1.3408 -3.12394 0.553171
internal_weight=6336 4048 3431 2288 617 1250
internal_count=6336 4048 3431 2288 617 1250
is_linear=0
shrinkage=0.05


Tree=29
num_leaves=7
num_cat=0
split_feature=3 3 4 3 12 3
split_gain=2.35539e+06 1.28583e+06 1.24065e+06 538300 285146 240284
threshold=-31.357062499999753 195.5675375000001 -91.635957638889053 -141.22181666666663 -0.23762932952031213 273.7262250000004
decision_type=2 2 2 2 2 2
left_child=3 2 -2 -1 -5 -3
right_child=1 5 -4 4 -6 -7
leaf_value=-4.4880050711125632 -1.8967990633203993 1.9836996449727793 0.51461671742690074 -2.5133391691233826 -0.8470648152701159 4.176891887794107
leaf_weight=178 618 440 3856 431 637 176
leaf_count=178 618 440 3856 431 637 176
internal_value=-0.000735887 0.476307 0.181175 -1.94831 -1.52123 2.61608
internal_weight=6336 5090 4474 1246 1068 616
internal_count=6336 5090 4474 1246 1068 616
is_linear=0
shrinkage=0.05


Tree=30
num_leaves=7
num_cat=0
split_feature=3 4 4 1 11 3
split_gain=2.20145e+06 1.24768e+06 747239 691238 535092 515328
threshold=46.806337500000616 -91.635957638889053 -91.635957638889053 -21.820500000000717 0.15208718494349097 232.43088749999995
decision_type=2 2 2 2 2 2
left_child=1 -1 4 -3 -2 -4
right_child=2 3 5 -5 -6 -7
leaf_value=-3.0877740022500206 0.64628502246290964 -1.1049904599525977 1.127652483011139 0.42656769507738557 -2.7183968738981741 3.355722326990342
leaf_weight=522 286 1698 2033 1300 200 297
leaf_count=522 286 1698 2033 1300 200 297
internal_value=-0.000723306 -0.834229 1.04108 -0.440952 -0.741096 1.41298
internal_weight=6336 3520 2816 2998 486 2330
internal_count=6336 3520 2816 2998 486 2330
is_linear=0
shrinkage=0.05


Tree=31
num_leaves=7
num_cat=0
split_feature=3 1 10 8 4 1
split_gain=2.01439e+06 1.51007e+06 933109 866615 534374 713856
threshold=106.90207499999998 -129.1442999999999 1.0000000180025095e-35 1.0000000180025095e-35 -38.845727083333252 184.76784999999998
decision_type=2 2 2 2 2 2
left_child=1 2 -1 -3 -2 -6
right_child=4 3 -4 -5 5 -7
leaf_value=-2.4869367450923101 0.10516438169830913 0.71302469550341963 -0.08605098403119818 -1.2893264054887645 1.2365682823957289 3.891710948935744
leaf_weight=1198 528 2032 611 735 876 356
leaf_count=1198 528 2032 611 735 876 356
internal_value=-0.000697844 -0.553608 -1.67652 0.180865 1.43637 2.00634
internal_weight=6336 4576 1809 2767 1760 1232
internal_count=6336 4576 1809 2767 1760 1232
is_linear=0
shrinkage=0.05


Tree=32
num_leaves=7
num_cat=0
split_feature=3 1 10 8 3 14
split_gain=1.87638e+06 1.06716e+06 1.12371e+06 708865 473549 267075
threshold=-31.357062499999753 -62.395200000000379 1.0000000180025095e-35 1.0000000180025095e-35 -141.22181666666663 -0.90630778703664949
decision_type=2 2 2 2 2 2
left_child=4 2 -2 -3 -1 -6
right_child=1 3 -4 -5 5 -7
leaf_value=-4.1207450700871773 -1.3630203313421776 1.4528964138416192 1.1091504609464271 -0.27590599796921017 0.51526481833647597 -1.6749827908251167
leaf_weight=178 1280 2295 716 799 164 904
leaf_count=178 1280 2295 716 799 164 904
internal_value=-0.000646504 0.425134 -0.476098 1.0065 -1.73894 -1.33849
internal_weight=6336 5090 1996 3094 1246 1068
internal_count=6336 5090 1996 3094 1246 1068
is_linear=0
shrinkage=0.05


Tree=33
num_leaves=7
num_cat=0
split_feature=3 1 10 8 4 1
split_gain=1.72381e+06 1.28216e+06 768535 736562 474072 647802
threshold=106.90207499999998 -129.1442999999999 1.0000000180025095e-35 1.0000000180025095e-35 -38.845727083333252 184.76784999999998
decision_type=2 2 2 2 2 2
left_child=1 2 -1 -3 -2 -6
right_child=4 3 -4 -5 5 -7
leaf_value=-2.2823222569769421 0.074934892813078288 0.65526235121835086 -0.10337908756767029 -1.1907375613956348 1.1323642874448778 3.6615485210660377
leaf_weight=1198 528 2032 611 735 876 356
leaf_count=1198 528 2032 611 735 876 356
internal_value=-0.000648574 -0.512127 -1.54684 0.164655 1.32873 1.86558
internal_weight=6336 4576 1809 2767 1760 1232
internal_count=6336 4576 1809 2767 1760 1232
is_linear=0
shrinkage=0.05


Tree=34
num_leaves=7
num_cat=0
split_feature=3 1 8 10 4 0
split_gain=1.61781e+06 1.15968e+06 976040 677779 368776 328789
threshold=-62.057916666666635 20.13374999999974 1.0000000180025095e-35 1.0000000180025095e-35 -91.635957638889053 4197.673850000001
decision_type=2 2 2 2 2 2
left_child=4 3 -3 -2 -1 -6
right_child=1 2 -4 -5 5 -7
leaf_value=-4.0127811721972346 -0.80546045840357205 1.7968297132976845 -0.26672996287996897 0.91559109269411543 -2.8201987897225145 -0.47810060140335936
leaf_weight=191 2225 1669 872 769 264 346
leaf_count=191 2225 1669 872 769 264 346
internal_value=-0.000600765 0.30345 1.08885 -0.363255 -2.09939 -1.49469
internal_weight=6336 5535 2541 2994 801 610
internal_count=6336 5535 2541 2994 801 610
is_linear=0
shrinkage=0.05


Tree=35
num_leaves=7
num_cat=0
split_feature=3 4 11 12 4 1
split_gain=1.48331e+06 959648 683081 723398 616330 493693
threshold=46.806337500000616 -91.635957638889053 -0.10884096748385481 1.0000000180025095e-35 -91.635957638889053 -195.80464999999978
decision_type=2 2 2 2 2 2
left_child=1 -1 3 -2 -4 -3
right_child=2 5 4 -5 -6 -7
leaf_value=-2.661166241810609 0.63659913540295066 -1.3760965257013389 -2.1501262368068761 3.0149773130331923 0.57839699924406396 0.057242555500584824
leaf_weight=522 717 830 246 577 1276 2168
leaf_count=522 717 830 246 577 1276 2168
internal_value=-0.000615465 -0.684796 0.85455 1.69864 0.136265 -0.339906
internal_weight=6336 3520 2816 1294 1522 2998
internal_count=6336 3520 2816 1294 1522 2998
is_linear=0
shrinkage=0.05


Tree=36
num_leaves=7
num_cat=0
split_feature=3 1 8 10 4 4
split_gain=1.40326e+06 1.04896e+06 1.21001e+06 527114 268117 343713
threshold=-80.222916666667047 65.09000000000016 1.0000000180025095e-35 1.0000000180025095e-35 -91.635957638889053 -21.952754166666406
decision_type=2 2 2 2 2 2
left_child=4 3 -3 -2 -1 -6
right_child=1 2 -4 -5 5 -7
leaf_value=-4.106295078952841 -0.61959669107962634 2.0844769970228429 -0.30399277465459373 0.8414750178542949 0.26515685331243549 -2.6004187980544904
leaf_weight=148 2726 1291 899 797 155 320
leaf_count=148 2726 1291 899 797 155 320
internal_value=-0.000599694 0.245259 1.10431 -0.288917 -2.25194 -1.66674
internal_weight=6336 5713 2190 3523 623 475
internal_count=6336 5713 2190 3523 623 475
is_linear=0
shrinkage=0.05


Tree=37
num_leaves=7
num_cat=0
split_feature=3 1 10 8 3 11
split_gain=1.32058e+06 999448 647703 555695 440538 484288
threshold=106.90207499999998 -140.92829999999978 1.0000000180025095e-35 1.0000000180025095e-35 273.7262250000004 -0.90630778703664994
decision_type=2 2 2 2 2 2
left_child=1 2 -1 -3 5 -2
right_child=4 3 -4 -5 -6 -7
leaf_value=-2.1246480530129568 3.324881449014276 0.53361325238935986 -0.09579940646326815 -1.0603510706979054 3.5295905017078262 0.58268534927602411
leaf_weight=1104 181 2126 611 735 176 1403
leaf_count=1104 181 2126 611 735 176 1403
internal_value=-0.000604728 -0.448282 -1.40231 0.123891 1.16295 0.89793
internal_weight=6336 4576 1715 2861 1760 1584
internal_count=6336 4576 1715 2861 1760 1584
is_linear=0
shrinkage=0.05


Tree=38
num_leaves=7
num_cat=0
split_feature=4 3 11 1 0 1
split_gain=1.22555e+06 983605 975933 626850 563497 271164
threshold=-91.635957638889053 116.61300416666656 -0.8433914458128855 20.13374999999974 3688.9423500000007 148.86590000000027
decision_type=2 2 2 2 2 2
left_child=2 3 -1 -2 -4 -3
right_child=1 5 4 -5 -6 -7
leaf_value=1.6337443514560399 -0.6049314316484028 0.91815379034374323 -0.28832662375409063 0.66994858579393746 -3.1810696072243858 2.390838555763136
leaf_weight=189 2383 821 237 1618 582 506
leaf_count=189 2383 821 237 1618 582 506
internal_value=-0.000537494 0.302002 -1.59839 -0.0893328 -2.34535 1.48108
internal_weight=6336 5328 1008 4001 819 1327
internal_count=6336 5328 1008 4001 819 1327
is_linear=0
shrinkage=0.05


Tree=39
num_leaves=7
num_cat=0
split_feature=3 3 4 4 0 3
split_gain=1.16451e+06 836827 723898 219774 338355 144854
threshold=-80.222916666667047 206.72622499999991 -91.635957638889053 -91.635957638889053 4197.673850000001 273.7262250000004
decision_type=2 2 2 2 2 2
left_child=3 2 -2 -1 -5 -3
right_child=1 5 -4 4 -6 -7
leaf_value=-3.7303298945394938 -1.3738398922984609 1.5249111757231164 0.27868591552485728 -3.0219549859705426 -0.33572872260983072 3.288378728111669
leaf_weight=148 779 352 4406 209 266 176
leaf_count=148 779 352 4406 209 266 176
internal_value=-0.000498481 0.22347 0.0301916 -2.05139 -1.52153 2.11784
internal_weight=6336 5713 5185 623 475 528
internal_count=6336 5713 5185 623 475 528
is_linear=0
shrinkage=0.05


Tree=40
num_leaves=7
num_cat=0
split_feature=3 1 8 2 3 0
split_gain=1.05498e+06 782242 1.07884e+06 492792 228941 194700
threshold=-70.530950000000061 76.844949999999713 1.0000000180025095e-35 -182.43460000000002 -141.22181666666663 4274.5781500000003
decision_type=2 2 2 2 2 2
left_child=4 3 -3 -2 -1 -6
right_child=1 2 -4 -5 5 -7
leaf_value=-3.3621477654692846 0.74850269414597281 1.9854593016809288 -0.32176335236611797 -0.57824705118833941 -2.3684202609290472 -0.44462727509080074
leaf_weight=178 957 1187 883 2597 234 300
leaf_count=178 957 1187 883 2597 234 300
internal_value=-0.000500147 0.229167 1.00159 -0.220878 -1.81239 -1.29049
internal_weight=6336 5624 2070 3554 712 534
internal_count=6336 5624 2070 3554 712 534
is_linear=0
shrinkage=0.05


Tree=41
num_leaves=7
num_cat=0
split_feature=4 11 3 0 12 2
split_gain=1.00011e+06 879900 811134 494538 423758 396005
threshold=-91.635957638889053 -0.8433914458128855 46.806337500000616 3688.9423500000007 -0.4026508470528945 131.61395000000019
decision_type=2 2 2 2 2 2
left_child=1 -1 5 -3 -4 -2
right_child=2 3 4 -5 -6 -7
leaf_value=1.624833686445889 0.0045432007614585801 -0.22638204810640017 0.14181738602763047 -2.936138958748475 1.5196895779653377 -1.4688198159430543
leaf_weight=189 2438 237 926 582 1404 560
leaf_count=189 2438 237 926 582 1404 560
internal_value=-0.000509392 -1.44393 0.272791 -2.15323 0.972385 -0.271066
internal_weight=6336 1008 5328 819 2330 2998
internal_count=6336 1008 5328 819 2330 2998
is_linear=0
shrinkage=0.05


Tree=42
num_leaves=7
num_cat=0
split_feature=1 10 1 8 1 0
split_gain=952942 926442 776258 662179 1.45918e+06 697353
threshold=-84.013550000000109 1.0000000180025095e-35 -214.54499999999959 1.0000000180025095e-35 167.48785000000046 2813.2708500000003
decision_type=2 2 2 2 2 2
left_child=1 2 -1 4 -2 -5
right_child=3 -3 -4 5 -6 -7
leaf_value=-2.6862973967777002 0.30017480381773648 0.60323451336296241 -0.53076964283297312 1.4904640663660109 3.08809836932096 -1.4173683227412404
leaf_weight=700 2131 862 1035 288 601 719
leaf_count=700 2131 862 1035 288 601 719
internal_value=-0.000494495 -0.736097 -1.40148 0.510494 0.914383 -0.58508
internal_weight=6336 2597 1735 3739 2732 1007
internal_count=6336 2597 1735 3739 2732 1007
is_linear=0
shrinkage=0.05


Tree=43
num_leaves=7
num_cat=0
split_feature=3 3 12 12 0 4
split_gain=873212 694269 559568 213207 192008 127847
threshold=-89.293875000000057 206.72622499999991 -0.44218343748786698 -0.27976242230339682 4197.673850000001 -38.845727083333252
decision_type=2 2 2 2 2 2
left_child=3 2 -2 -1 -5 -3
right_child=1 5 -4 4 -6 -7
leaf_value=-3.2856573450502271 -0.70060177857142547 0.76452347224249562 0.38055459437970329 -2.2418355038437823 0.12470502458272442 2.437629210878578
leaf_weight=188 1834 169 3440 192 154 359
leaf_count=188 1834 169 3440 192 154 359
internal_value=-0.000463091 0.177736 0.00452779 -1.93333 -1.1912 1.90457
internal_weight=6336 5802 5274 534 346 528
internal_count=6336 5802 5274 534 346 528
is_linear=0
shrinkage=0.05


Tree=44
num_leaves=7
num_cat=0
split_feature=4 11 3 2 12 11
split_gain=856471 773697 674217 636909 339780 223758
threshold=-91.635957638889053 -0.75166088996455094 127.24124999999982 141.13474999999997 0.38268343236509 -0.6913484944011038
decision_type=2 2 2 2 2 2
left_child=1 -1 3 -2 -3 -4
right_child=2 4 5 -5 -6 -7
leaf_value=1.2004734457810691 0.24095941901154594 -2.969371531759144 2.7514403159759908 -1.3780005263322486 -0.84433115326306396 0.97757306110579523
leaf_weight=231 3413 455 218 738 322 959
leaf_count=231 3413 455 218 738 322 959
internal_value=-0.000459824 -1.33622 0.252454 -0.0471356 -2.09094 1.30818
internal_weight=6336 1008 5328 4151 777 1177
internal_count=6336 1008 5328 4151 777 1177
is_linear=0
shrinkage=0.05


Tree=45
num_leaves=7
num_cat=0
split_feature=1 10 1 8 1 4
split_gain=823366 726538 771304 632602 1.28492e+06 626286
threshold=-62.395200000000379 1.0000000180025095e-35 -232.3930500000001 1.0000000180025095e-35 272.0750000000001 -24.295867708333386
decision_type=2 2 2 2 2 2
left_child=1 2 -1 4 -2 -3
right_child=3 5 -4 -5 -6 -7
leaf_value=-2.6722447924113131 0.59781479233348378 -2.4313419561961602 -0.51218793541746543 -0.5520792583121904 4.7651568773485238 1.1712027148635067
leaf_weight=596 2326 144 1345 1007 200 718
leaf_count=596 2326 144 1345 1007 200 718
internal_value=-0.000437 -0.640223 -1.17649 0.507192 0.929526 0.567266
internal_weight=6336 2803 1941 3533 2526 862
internal_count=6336 2803 1941 3533 2526 862
is_linear=0
shrinkage=0.05


Tree=46
num_leaves=7
num_cat=0
split_feature=1 10 1 2 8 1
split_gain=746982 732007 658929 639775 851083 654721
threshold=-84.013550000000109 1.0000000180025095e-35 -364.58900000000057 92.819200000000151 1.0000000180025095e-35 167.48785000000046
decision_type=2 2 2 2 2 2
left_child=1 2 -1 4 -2 -5
right_child=3 -3 -4 5 -6 -7
leaf_value=-4.0816063232353477 1.47461060646605 0.53882928444320821 -0.90808345921292055 -1.7403703987125365 -0.5034536051216626 0.65325647524764974
leaf_weight=182 1824 862 1553 566 774 575
leaf_count=182 1824 862 1553 566 774 575
internal_value=-0.000412254 -0.651688 -1.24314 0.451998 0.885336 -0.534601
internal_weight=6336 2597 1735 3739 2598 1141
internal_count=6336 2597 1735 3739 2598 1141
is_linear=0
shrinkage=0.05


Tree=47
num_leaves=7
num_cat=0
split_feature=4 11 1 4 2 12
split_gain=700299 684049 607142 738647 531754 387535
threshold=-91.635957638889053 -0.8433914458128855 20.13374999999974 -16.646995138888538 92.819200000000151 0.38268343236509
decision_type=2 2 2 2 2 2
left_child=1 -1 3 -2 -4 -3
right_child=2 5 4 -5 -6 -7
leaf_value=1.4973022894365222 0.56276704620451723 -2.755586496445368 1.3878991957115769 -1.0295533186765995 -0.14538255229229685 -0.55007021134329404
leaf_weight=189 1413 476 1511 1501 903 343
leaf_count=189 1413 476 1511 1501 903 343
internal_value=-0.000427679 -1.20828 0.228268 -0.257508 0.814525 -1.83371
internal_weight=6336 1008 5328 2914 2414 819
internal_count=6336 1008 5328 2914 2414 819
is_linear=0
shrinkage=0.05


Tree=48
num_leaves=7
num_cat=0
split_feature=3 3 12 12 3 2
split_gain=684434 556819 464260 199713 124837 29214.1
threshold=-99.171662500000352 206.72622499999991 -0.44218343748786698 -0.27976242230339682 273.7262250000004 -47.091149999999963
decision_type=2 2 2 2 2 2
left_child=3 2 -2 -1 -3 -5
right_child=1 4 -4 5 -6 -7
leaf_value=-3.3191572494710551 -0.64807863113451369 1.1411411758332854 0.32899137373706328 -1.6026673715895621 2.775622118192878 -0.590724387970464
leaf_weight=157 1861 352 3502 144 176 144
leaf_count=157 1861 352 3502 144 176 144
internal_value=-0.000414444 0.142539 -0.0101166 -1.88894 1.69019 -1.10049
internal_weight=6336 5891 5363 445 528 288
internal_count=6336 5891 5363 445 528 288
is_linear=0
shrinkage=0.05


Tree=49
num_leaves=7
num_cat=0
split_feature=3 4 11 12 2 4
split_gain=627887 531905 447405 544958 377159 369468
threshold=67.20534999999974 -91.635957638889053 -0.10884096748385481 1.0000000180025095e-35 -154.29114999999999 -38.845727083333252
decision_type=2 2 2 2 2 2
left_child=1 -1 3 -2 -3 -4
right_child=2 4 5 -5 -6 -7
leaf_value=-1.8007616047314976 0.38395254982229421 0.86189773513349699 -1.2816811922557501 2.6134184779682936 -0.43430487583705057 0.53943203445233545
leaf_weight=574 623 716 391 489 2582 961
leaf_count=574 623 716 391 489 2582 961
internal_value=-0.000408822 -0.397435 0.623398 1.36582 -0.152722 0.0122059
internal_weight=6336 3872 2464 1112 3298 1352
internal_count=6336 3872 2464 1112 3298 1352
is_linear=0
shrinkage=0.05


Tree=50
num_leaves=7
num_cat=0
split_feature=3 1 2 10 3 4
split_gain=603465 564921 591906 562105 190162 162191
threshold=161.62477916666651 -154.89329999999993 92.819200000000151 1.0000000180025095e-35 273.7262250000004 -38.845727083333252
decision_type=2 2 2 2 2 2
left_child=1 3 -3 -1 5 -2
right_child=4 2 -4 -5 -6 -7
leaf_value=-1.6496135533186511 -0.28843076288700104 0.56333480444803385 -0.86568495683121705 0.14937719581623052 2.6307397577722198 1.2783541210675498
leaf_weight=1081 234 2551 1011 725 176 558
leaf_count=1081 234 2551 1011 725 176 558
internal_value=-0.000381429 -0.207651 0.157608 -0.927744 1.14805 0.81566
internal_weight=6336 5368 3562 1806 968 792
internal_count=6336 5368 3562 1806 968 792
is_linear=0
shrinkage=0.05


Tree=51
num_leaves=7
num_cat=0
split_feature=3 1 8 2 12 2
split_gain=576269 468560 1.15824e+06 625563 179874 25739.4
threshold=-99.171662500000352 133.0166499999996 1.0000000180025095e-35 -69.015349999999884 -0.27976242230339682 -47.091149999999963
decision_type=2 2 2 2 2 2
left_child=4 3 -3 -2 -1 -6
right_child=1 2 -4 -5 5 -7
leaf_value=-3.0903742311310167 0.4848006297200394 2.2218515939057024 -0.37718289761065416 -0.74126211665946862 -1.4564570224696194 -0.50729541741568462
leaf_weight=157 1990 796 927 2178 144 144
leaf_count=157 1990 796 927 2178 144 144
internal_value=-0.00034801 0.130824 0.824124 -0.155906 -1.73324 -0.985274
internal_weight=6336 5891 1723 4168 445 288
internal_count=6336 5891 1723 4168 445 288
is_linear=0
shrinkage=0.05


Tree=52
num_leaves=7
num_cat=0
split_feature=4 11 1 8 2 12
split_gain=560777 594346 477414 946981 737591 345101
threshold=-91.635957638889053 -0.8765181184813301 133.0166499999996 1.0000000180025095e-35 -69.015349999999884 0.38268343236509
decision_type=2 2 2 2 2 2
left_child=1 -1 4 -4 -2 -3
right_child=2 5 3 -5 -6 -7
leaf_value=1.6959910032649834 0.71503595851771484 -2.4706551940038106 2.2429101338208208 -0.20121008119174652 -0.70668261779122177 -0.42625588912870632
leaf_weight=161 1581 490 736 857 2154 357
leaf_count=161 1581 490 736 857 2154 357
internal_value=-0.000357962 -1.08121 0.204292 0.928724 -0.104849 -1.61049
internal_weight=6336 1008 5328 1593 3735 847
internal_count=6336 1008 5328 1593 3735 847
is_linear=0
shrinkage=0.05


Tree=53
num_leaves=7
num_cat=0
split_feature=3 0 12 4 14 1
split_gain=509136 437751 389625 367619 144471 151561
threshold=-89.293875000000057 2744.3182000000006 0.80625269229011354 -5.1422420138883345 0.57357643635104605 -232.3930500000001
decision_type=2 2 2 2 2 2
left_child=4 2 -2 -3 5 -1
right_child=1 3 -4 -5 -6 -7
leaf_value=-2.1997190990212823 3.6716900536968455 -0.18718138134064916 0.48127879885285491 0.84994322748196527 -2.7527286266682633 -0.14701008214715214
leaf_weight=146 156 4337 246 1063 156 232
leaf_count=146 156 4337 246 1063 156 232
internal_value=-0.000333358 0.135736 1.72539 0.0170981 -1.47624 -0.943567
internal_weight=6336 5802 402 5400 534 378
internal_count=6336 5802 402 5400 534 378
is_linear=0
shrinkage=0.05


Tree=54
num_leaves=7
num_cat=0
split_feature=3 4 11 2 2 1
split_gain=497591 496418 643083 473502 193253 198635
threshold=161.62477916666651 -91.635957638889053 -0.75166088996455094 92.819200000000151 -226.79500000000027 272.0750000000001
decision_type=2 2 2 2 2 2
left_child=1 2 -1 -3 -2 -6
right_child=4 3 -4 -5 5 -7
leaf_value=1.1687269111572227 2.7199406774076698 0.32594840764980665 -2.0544354057634417 -0.83848582223523804 0.30111119875510228 2.106401618518452
leaf_weight=202 145 3331 653 1182 622 201
leaf_count=202 145 3331 653 1182 622 201
internal_value=-0.000318934 -0.18853 -1.29246 0.0208532 1.04251 0.744036
internal_weight=6336 5368 855 4513 968 823
internal_count=6336 5368 855 4513 968 823
is_linear=0
shrinkage=0.05


Tree=55
num_leaves=7
num_cat=0
split_feature=1 10 2 2 8 4
split_gain=472753 533998 727244 485022 788996 483959
threshold=-62.395200000000379 1.0000000180025095e-35 -69.015349999999884 92.819200000000151 1.0000000180025095e-35 -24.295867708333386
decision_type=2 2 2 2 2 2
left_child=1 2 -1 4 -2 -3
right_child=3 5 -4 -5 -6 -7
leaf_value=-0.23116316574728565 1.4015507062837074 -2.0859852305774029 -2.2570358616806439 -0.47805068907211123 -0.53375048687717608 1.0809340069259574
leaf_weight=1258 1644 144 683 1115 774 718
leaf_count=1258 1644 144 683 1115 774 718
internal_value=-0.00027356 -0.485065 -0.944823 0.384377 0.782098 0.550085
internal_weight=6336 2803 1941 3533 2418 862
internal_count=6336 2803 1941 3533 2418 862
is_linear=0
shrinkage=0.05


Tree=56
num_leaves=5
num_cat=0
split_feature=3 12 13 4
split_gain=443936 438900 569551 309754
threshold=-126.55331666666642 -0.44218343748786698 -0.25881904510252163 -149.85932673611066
decision_type=2 2 2 2
left_child=-1 3 -3 -2
right_child=1 2 -4 -5
leaf_value=-1.9917876495687818 -2.1608078474178911 1.1511657613997923 -0.084239453131979156 -0.26960516146886332
leaf_weight=267 243 1543 2357 1926
leaf_count=267 243 1543 2357 1926
internal_value=-0.000284369 0.0876437 0.404707 -0.482381
internal_weight=6336 6069 3900 2169
internal_count=6336 6069 3900 2169
is_linear=0
shrinkage=0.05


Tree=57
num_leaves=7
num_cat=0
split_feature=3 1 10 2 3 12
split_gain=443795 433811 710936 606260 97020.3 133732
threshold=206.72622499999991 -195.80464999999978 1.0000000180025095e-35 -136.09904999999978 273.7262250000004 -0.48087430661751701
decision_type=2 2 2 2 2 2
left_child=1 2 -1 -3 5 -2
right_child=4 3 -4 -5 -6 -7
leaf_value=-1.8863351125246366 -0.22808346191778878 1.2211036973458838 0.22862109059810415 -0.19308668882701327 2.3426730775900482 1.7392556059463271
leaf_weight=795 150 989 793 3231 176 202
leaf_count=795 150 989 793 3231 176 202
internal_value=-0.000296623 -0.126556 -0.83071 0.138554 1.38617 0.90263
internal_weight=6336 5808 1588 4220 528 352
internal_count=6336 5808 1588 4220 528 352
is_linear=0
shrinkage=0.05


Tree=58
num_leaves=7
num_cat=0
split_feature=4 4 11 3 2 1
split_gain=412754 483290 471838 397816 331578 237553
threshold=-91.635957638889053 -47.520757291667444 -0.8765181184813301 -10.683125000000016 -272.32474999999994 -30.779950000000095
decision_type=2 2 2 2 2 2
left_child=2 5 -1 -3 -4 -2
right_child=1 3 4 -5 -6 -7
leaf_value=1.5468266979411798 0.66775997115218122 -0.79199386729239052 0.08736487184561989 0.27961557329026271 -2.0566073253142592 3.0177430636961673
leaf_weight=161 229 1123 260 3773 587 203
leaf_count=161 229 1123 260 3773 587 203
internal_value=-0.000256352 0.175319 -0.927549 0.033708 -1.39915 1.77645
internal_weight=6336 5328 1008 4896 847 432
internal_count=6336 5328 1008 4896 847 432
is_linear=0
shrinkage=0.05


Tree=59
num_leaves=6
num_cat=0
split_feature=0 9 4 4 12
split_gain=408890 405305 1.61526e+06 505812 359125
threshold=2744.3182000000006 1.0000000180025095e-35 -14.041602430556166 -91.635957638889053 0.80625269229011354
decision_type=2 2 2 2 2
left_child=4 3 -3 -2 -1
right_child=1 2 -4 -5 -6
leaf_value=3.4037777095843276 -1.0894237079767579 0.40093605477267352 -4.8272803683178847 0.25594364111858203 0.36475523670823662
leaf_weight=156 829 467 215 4413 256
leaf_count=156 829 467 215 4413 256
internal_value=-0.00022183 -0.106252 -1.25191 0.0430123 1.52091
internal_weight=6336 5924 682 5242 412
internal_count=6336 5924 682 5242 412
is_linear=0
shrinkage=0.05


Tree=60
num_leaves=7
num_cat=0
split_feature=3 12 11 4 3 12
split_gain=395170 388634 424871 291949 87140.4 117141
threshold=206.72622499999991 -0.44218343748786698 -0.27976242230339682 -91.635957638889053 273.7262250000004 -0.48087430661751701
decision_type=2 2 2 2 2 2
left_child=1 3 -3 -1 5 -2
right_child=4 2 -4 -5 -6 -7
leaf_value=-2.0714260896264949 -0.2084285525395381 0.76588603190838433 -0.29581618042668895 -0.4206766432338907 2.2145603214216942 1.6328622650850584
leaf_weight=318 150 1696 2118 1676 176 202
leaf_count=318 150 1696 2118 1676 176 202
internal_value=-0.000222509 -0.119364 0.176376 -0.684842 1.30808 0.849854
internal_weight=6336 5808 3814 1994 528 352
internal_count=6336 5808 3814 1994 528 352
is_linear=0
shrinkage=0.05


Tree=61
num_leaves=5
num_cat=0
split_feature=3 0 8 11
split_gain=369008 353217 388340 296754
threshold=-141.22181666666663 2744.3182000000006 1.0000000180025095e-35 -0.59116893267988335
decision_type=2 2 2 2
left_child=-1 3 -3 -2
right_child=1 2 -4 -5
leaf_value=-2.2380974185616611 3.217874215252988 0.12343889381296758 -1.0938727991156458 0.43609622273361315
leaf_weight=178 153 4997 753 255
leaf_count=178 153 4997 753 255
internal_value=-0.000198623 0.0648418 -0.0361385 1.48458
internal_weight=6336 6158 5750 408
internal_count=6336 6158 5750 408
is_linear=0
shrinkage=0.05


Tree=62
num_leaves=7
num_cat=0
split_feature=1 8 1 4 2 10
split_gain=369184 470511 940093 464237 373721 845500
threshold=-21.820500000000717 1.0000000180025095e-35 272.0750000000001 -25.021302083333918 -145.19919999999999 1.0000000180025095e-35
decision_type=2 2 2 2 2 2
left_child=4 2 -2 -3 -1 -6
right_child=1 3 -4 -5 5 -7
leaf_value=0.29914052064884633 0.4687037981953277 -2.1989785582241086 4.0635540447054224 0.1765196145243115 -1.5088604079483738 0.72397158260973282
leaf_weight=1251 1915 287 200 719 1346 618
leaf_count=1251 1915 287 200 719 1346 618
internal_value=-0.000185181 0.387123 0.810402 -0.502693 -0.376173 -0.806258
internal_weight=6336 3121 2115 1006 3215 1964
internal_count=6336 3121 2115 1006 3215 1964
is_linear=0
shrinkage=0.05


Tree=63
num_leaves=5
num_cat=0
split_feature=0 4 4 11
split_gain=348952 346171 472043 402788
threshold=2597.0019000000007 -91.635957638889053 -47.520757291667444 -0.1950438958025166
decision_type=2 2 2 2
left_child=-1 3 -3 -2
right_child=1 2 -4 -5
leaf_value=2.018938249954279 0.24976767991845797 1.6744050223242675 -0.050349254977487747 -1.8139433047057485
leaf_weight=206 411 432 4732 555
leaf_count=206 411 432 4732 555
internal_value=-0.000159953 -0.0683304 0.0942332 -0.936554
internal_weight=6336 6130 5164 966
internal_count=6336 6130 5164 966
is_linear=0
shrinkage=0.05


Tree=64
num_leaves=7
num_cat=0
split_feature=3 1 2 10 3 12
split_gain=339974 359031 589456 578564 77795 102228
threshold=206.72622499999991 -195.80464999999978 -55.039600000000512 1.0000000180025095e-35 273.7262250000004 -0.48087430661751701
decision_type=2 2 2 2 2 2
left_child=1 3 -3 -1 5 -2
right_child=4 2 -4 -5 -6 -7
leaf_value=-1.7035306873595595 -0.20804442473199983 0.86156158988102749 -0.34694411411732673 0.20439867453288374 2.0697780337374088 1.5119874314574773
leaf_weight=795 150 1667 2553 793 176 202
leaf_count=795 150 1667 2553 793 176 202
internal_value=-0.000135547 -0.110644 0.130535 -0.751238 1.21336 0.780506
internal_weight=6336 5808 4220 1588 528 352
internal_count=6336 5808 4220 1588 528 352
is_linear=0
shrinkage=0.05


Tree=65
num_leaves=7
num_cat=0
split_feature=12 13 3 2 1 4
split_gain=336186 372960 371487 255523 464685 268060
threshold=-0.44218343748786698 -0.46130913087034953 46.806337500000616 30.719899999999829 167.48785000000046 -91.635957638889053
decision_type=2 2 2 2 2 2
left_child=3 2 -2 5 -5 -1
right_child=1 -3 -4 4 -6 -7
leaf_value=-1.3806202663167282 0.27965189452228162 -0.059879788241305167 1.9934692222610826 -2.0711813767638172 0.49316317309114271 0.26173923715184982
leaf_weight=317 796 2772 524 527 265 1135
leaf_count=317 796 2772 524 527 265 1135
internal_value=-0.000109924 0.269584 0.960979 -0.491806 -1.21362 -0.0975234
internal_weight=6336 4092 1320 2244 792 1452
internal_count=6336 4092 1320 2244 792 1452
is_linear=0
shrinkage=0.05


Tree=66
num_leaves=5
num_cat=0
split_feature=3 13 11 3
split_gain=311212 313051 352110 236725
threshold=-141.22181666666663 0.8425887240367157 -0.27976242230339682 51.635712499999734
decision_type=2 2 2 2
left_child=-1 2 -2 -3
right_child=1 3 -4 -5
leaf_value=-2.0552920359972471 0.74993215629656629 -1.3920342316427547 -0.10656989974042329 0.066704421981523723
leaf_weight=178 1965 584 3079 530
leaf_count=178 1965 584 3079 530
internal_value=-0.000108241 0.0596219 0.227182 -0.698583
internal_weight=6336 6158 5044 1114
internal_count=6336 6158 5044 1114
is_linear=0
shrinkage=0.05


Tree=67
num_leaves=7
num_cat=0
split_feature=3 1 2 10 4 4
split_gain=303028 314321 437096 369799 74243.9 180002
threshold=206.72622499999991 -154.89329999999993 131.61395000000019 1.0000000180025095e-35 -38.845727083333252 -11.509612152777434
decision_type=2 2 2 2 2 2
left_child=1 3 -3 -1 -2 -6
right_child=4 2 -4 -5 5 -7
leaf_value=-1.2268392657661302 0.27917631241328578 0.42202355080697895 -0.87916402903162627 0.18886138393022356 2.7604932113584266 0.51430607641354587
leaf_weight=1099 169 3101 814 794 165 194
leaf_count=1099 169 3101 814 794 165 194
internal_value=-0.000124426 -0.104455 0.151327 -0.633252 1.14554 1.55148
internal_weight=6336 5808 3915 1893 528 359
internal_count=6336 5808 3915 1893 528 359
is_linear=0
shrinkage=0.05


Tree=68
num_leaves=7
num_cat=0
split_feature=12 13 3 2 1 4
split_gain=291112 318839 323972 228941 418773 235806
threshold=-0.44218343748786698 -0.46130913087034953 46.806337500000616 30.719899999999829 167.48785000000046 -91.635957638889053
decision_type=2 2 2 2 2 2
left_child=3 2 -2 5 -5 -1
right_child=1 -3 -4 4 -6 -7
leaf_value=-1.2878796726266075 0.25387361038743828 -0.053761405477906844 1.8543250253654664 -1.9549868127161805 0.47935353181415935 0.25250623376226761
leaf_weight=317 796 2772 524 527 265 1135
leaf_count=317 796 2772 524 527 265 1135
internal_value=-0.00010196 0.250862 0.890127 -0.45765 -1.14089 -0.084445
internal_weight=6336 4092 1320 2244 792 1452
internal_count=6336 4092 1320 2244 792 1452
is_linear=0
shrinkage=0.05


Tree=69
num_leaves=7
num_cat=0
split_feature=1 8 1 2 4 1
split_gain=279471 611101 700164 442383 416541 374969
threshold=43.624499999999905 1.0000000180025095e-35 272.0750000000001 -313.02914999999979 -25.021302083333918 -312.24275000000029
decision_type=2 2 2 2 2 2
left_child=3 2 -2 5 -3 -1
right_child=1 4 -4 -5 -6 -7
leaf_value=-0.4673619570295795 0.62296607960868178 -2.1559180429588212 3.7936163434638313 -0.44109115841981422 0.098015064536529001 2.8105656539692601
leaf_weight=152 1307 286 200 3471 717 203
leaf_count=152 1307 286 200 3471 717 203
internal_value=-0.000100463 0.40979 1.04599 -0.269041 -0.546189 1.40969
internal_weight=6336 2510 1507 3826 1003 355
internal_count=6336 2510 1507 3826 1003 355
is_linear=0
shrinkage=0.05


Tree=70
num_leaves=5
num_cat=0
split_feature=0 9 4 4
split_gain=279725 272791 1.51471e+06 371519
threshold=2597.0019000000007 1.0000000180025095e-35 -14.041602430556166 -91.635957638889053
decision_type=2 2 2 2
left_child=-1 3 -3 -2
right_child=1 2 -4 -5
leaf_value=1.8076961014509778 -0.89499170287845409 0.5936389340495779 -4.1228159091302325 0.24628874935961417
leaf_weight=206 846 524 251 4509
leaf_count=206 846 524 251 4509
internal_value=-6.18255e-05 -0.0610969 -0.937228 0.0658522
internal_weight=6336 6130 775 5355
internal_count=6336 6130 775 5355
is_linear=0
shrinkage=0.05


Tree=71
num_leaves=7
num_cat=0
split_feature=2 1 10 8 1 12
split_gain=278314 399297 461977 399157 279997 99658.3
threshold=153.28910000000045 -195.80464999999978 1.0000000180025095e-35 1.0000000180025095e-35 272.0750000000001 0.72219205899833583
decision_type=2 2 2 2 2 2
left_child=1 2 -1 -3 5 -2
right_child=4 3 -4 -5 -6 -7
leaf_value=-1.3939086390727677 -1.7259635765844388 0.66947124446711759 0.34063325280144335 -0.54674524805114944 0.62328726595321315 -0.27427926876499681
leaf_weight=788 483 3054 747 865 242 157
leaf_count=788 483 3054 747 865 242 157
internal_value=-7.74288e-05 0.133227 -0.55013 0.400957 -0.823606 -1.37083
internal_weight=6336 5454 1535 3919 882 640
internal_count=6336 5454 1535 3919 882 640
is_linear=0
shrinkage=0.05


Tree=72
num_leaves=7
num_cat=0
split_feature=13 1 1 10 3 2
split_gain=265211 322450 398000 343104 214418 149863
threshold=0.8425887240367157 -21.820500000000717 521.28360000000032 1.0000000180025095e-35 51.635712499999734 38.285950000000192
decision_type=2 2 2 2 2 2
left_child=1 3 -3 -1 5 -2
right_child=4 2 -4 -5 -6 -7
leaf_value=-0.57721032556874574 -0.76379301327956373 0.98634408206561508 -0.35015387665209119 0.70909491067981456 0.048065436332576018 -2.4167372355237604
leaf_weight=1943 407 1720 823 706 530 207
leaf_count=1943 407 1720 823 706 530 207
internal_value=-9.17702e-05 0.151782 0.553841 -0.234252 -0.688896 -1.32408
internal_weight=6336 5192 2543 2649 1144 614
internal_count=6336 5192 2543 2649 1144 614
is_linear=0
shrinkage=0.05


Tree=73
num_leaves=7
num_cat=0
split_feature=2 1 8 0 1 1
split_gain=257096 358189 512290 265209 255532 92096.6
threshold=153.28910000000045 -62.395200000000379 1.0000000180025095e-35 4488.1795500000007 272.0750000000001 -140.92829999999978
decision_type=2 2 2 2 2 2
left_child=1 3 -3 -1 5 -2
right_child=4 2 -4 -5 -6 -7
leaf_value=0.21652921057631114 -0.21415191638610653 0.96091024462144969 -0.49826444725160129 -0.79031834090893538 0.59062995234879945 -1.6413551483429623
leaf_weight=1289 147 1975 864 1326 242 493
leaf_count=1289 147 1975 864 1326 242 493
internal_value=-0.00010584 0.128017 0.516817 -0.294125 -0.79162 -1.31439
internal_weight=6336 5454 2839 2615 882 640
internal_count=6336 5454 2839 2615 882 640
is_linear=0
shrinkage=0.05


Tree=74
num_leaves=6
num_cat=0
split_feature=0 9 4 8 11
split_gain=253729 345265 1.3328e+06 390034 293801
threshold=2744.3182000000006 1.0000000180025095e-35 -14.041602430556166 1.0000000180025095e-35 -0.59116893267988335
decision_type=2 2 2 2 2
left_child=4 3 -3 -2 -1
right_child=1 2 -4 -5 -6
leaf_value=2.9276353337160952 0.23491025345884431 0.36036139264002315 -4.3887913692604617 -0.9743719000958514 0.16913790192741615
leaf_weight=153 4459 467 215 783 259
leaf_count=153 4459 467 215 783 259
internal_value=-0.000111401 -0.083635 -1.14104 0.0541278 1.19814
internal_weight=6336 5924 682 5242 412
internal_count=6336 5924 682 5242 412
is_linear=0
shrinkage=0.05


Tree=75
num_leaves=7
num_cat=0
split_feature=1 8 2 1 2 4
split_gain=259259 792526 510148 505265 445954 379679
threshold=133.0166499999996 1.0000000180025095e-35 -272.32474999999994 -195.80464999999978 153.28910000000045 -25.021302083333918
decision_type=2 2 2 2 2 2
left_child=2 4 3 -1 -2 -3
right_child=1 5 -4 -5 -6 -7
leaf_value=0.023803832548532605 2.5842060956098734 -1.9684036208154432 -0.3965577679875496 3.1657875389573675 0.14886319933341588 0.18467989296137871
leaf_weight=330 503 286 3995 208 300 714
leaf_count=330 503 286 3995 208 300 714
internal_value=-0.000119015 0.506853 -0.201834 1.24217 1.67568 -0.432453
internal_weight=6336 1803 4533 538 803 1000
internal_count=6336 1803 4533 538 803 1000
is_linear=0
shrinkage=0.05


Tree=76
num_leaves=5
num_cat=0
split_feature=0 9 4 4
split_gain=243371 243798 1.23239e+06 312972
threshold=2597.0019000000007 1.0000000180025095e-35 -14.041602430556166 -91.635957638889053
decision_type=2 2 2 2
left_child=-1 3 -3 -2
right_child=1 2 -4 -5
leaf_value=1.6861142363669217 -0.81889362160463897 0.49563931112204279 -3.7586842442907042 0.22860879680579591
leaf_weight=206 846 524 251 4509
leaf_count=206 846 524 251 4509
internal_value=-8.35361e-05 -0.0570144 -0.885281 0.062999
internal_weight=6336 6130 775 5355
internal_count=6336 6130 775 5355
is_linear=0
shrinkage=0.05


Tree=77
num_leaves=5
num_cat=0
split_feature=3 2 1 1
split_gain=233976 269376 473706 428795
threshold=-141.22181666666663 -145.19919999999999 117.24069999999985 -214.54499999999959
decision_type=2 2 2 2
left_child=-1 3 -3 -2
right_child=1 2 -4 -5
leaf_value=-1.7820985762849866 -0.44958556314122006 -0.53314221187335609 0.55010703600684008 1.1849293222650885
leaf_weight=178 635 2885 1551 1087
leaf_count=178 635 2885 1551 1087
internal_value=-9.64596e-05 0.0516942 -0.154357 0.582279
internal_weight=6336 6158 4436 1722
internal_count=6336 6158 4436 1722
is_linear=0
shrinkage=0.05


Tree=78
num_leaves=7
num_cat=0
split_feature=13 0 11 2 3 2
split_gain=233554 269093 486309 284659 182953 132928
threshold=0.8425887240367157 4404.6337000000012 -0.27976242230339682 8.3342500000003401 51.635712499999734 38.285950000000192
decision_type=2 2 2 2 2 2
left_child=1 2 -1 -3 5 -2
right_child=4 3 -4 -5 -6 -7
leaf_value=1.2019548223193759 -0.7055863729367654 0.18915527110187258 -0.096978170548729259 -0.95948347266211709 0.034273180696699358 -2.2622586061318333
leaf_weight=1255 407 1350 1690 897 530 207
leaf_count=1255 407 1350 1690 897 530 207
internal_value=-9.97614e-05 0.142422 0.456777 -0.269603 -0.646489 -1.23322
internal_weight=6336 5192 2945 2247 1144 614
internal_count=6336 5192 2945 2247 1144 614
is_linear=0
shrinkage=0.05


Tree=79
num_leaves=5
num_cat=0
split_feature=3 12 11 2
split_gain=218110 256222 260160 198305
threshold=273.7262250000004 -0.44218343748786698 -0.27976242230339682 -226.79500000000027
decision_type=2 2 2 2
left_child=1 3 -3 -1
right_child=-2 2 -4 -5
leaf_value=0.53722569792304631 1.730381025858013 0.64451512502084407 -0.16759507999880141 -0.71404745837586059
leaf_weight=385 176 1747 2262 1766
leaf_count=385 176 1747 2262 1766
internal_value=-0.000115279 -0.0498309 0.18637 -0.489941
internal_weight=6336 6160 4009 2151
internal_count=6336 6160 4009 2151
is_linear=0
shrinkage=0.05


Tree=80
num_leaves=7
num_cat=0
split_feature=2 1 10 4 1 4
split_gain=213196 287532 385549 337228 213503 84827.2
threshold=153.28910000000045 -195.80464999999978 1.0000000180025095e-35 -5.1422420138883345 272.0750000000001 -16.646995138888538
decision_type=2 2 2 2 2 2
left_child=1 2 -1 -3 5 -2
right_child=4 3 -4 -5 -6 -7
leaf_value=-1.2341467747991228 -0.51342139322213021 0.12938315861624083 0.35040152181477791 1.3471604156515737 0.54259325339776987 -1.6834542029460271
leaf_weight=788 266 3230 747 689 242 374
leaf_count=788 266 3230 747 689 242 374
internal_value=-9.34941e-05 0.116579 -0.463308 0.34377 -0.720871 -1.19872
internal_weight=6336 5454 1535 3919 882 640
internal_count=6336 5454 1535 3919 882 640
is_linear=0
shrinkage=0.05


Tree=81
num_leaves=7
num_cat=0
split_feature=4 4 4 11 4 12
split_gain=205924 390369 393314 317674 319316 234466
threshold=-91.635957638889053 -47.520757291667444 -38.845727083333252 -0.1950438958025166 -187.62362500000015 -0.065387565056497052
decision_type=2 2 2 2 2 2
left_child=3 -2 -3 5 -5 -1
right_child=1 2 -4 4 -6 -7
leaf_value=-0.85602404357980222 1.5629186813957778 -1.792652286140564 0.1088489582364254 0.43742997384875831 -2.1858198523759991 1.4473912305102266
leaf_weight=210 432 288 4608 162 405 231
leaf_count=210 432 288 4608 162 405 231
internal_value=-9.71998e-05 0.123917 -0.00334729 -0.655072 -1.43687 0.351072
internal_weight=6336 5328 4896 1008 567 441
internal_count=6336 5328 4896 1008 567 441
is_linear=0
shrinkage=0.05


Tree=82
num_leaves=7
num_cat=0
split_feature=3 13 12 3 0 11
split_gain=208686 211730 256387 108477 65625.6 91994.9
threshold=206.72622499999991 0.8425887240367157 -0.021809693682668031 42.349937500000586 3731.1620500000004 0.27976242230339698
decision_type=2 2 2 2 2 2
left_child=1 2 -1 -3 -2 -6
right_child=4 3 -4 -5 5 -7
leaf_value=-0.32641261064902327 1.6830702393018093 -1.1897588958841294 0.40710118670792883 -0.16103121063538961 1.4190695548442103 -0.23946455428888511
leaf_weight=2295 193 577 2475 461 154 181
leaf_count=2295 193 577 2475 461 154 181
internal_value=-0.000102417 -0.0866824 0.0541897 -0.733472 0.950641 0.52492
internal_weight=6336 5808 4770 1038 528 335
internal_count=6336 5808 4770 1038 528 335
is_linear=0
shrinkage=0.05


Tree=83
num_leaves=5
num_cat=0
split_feature=3 2 1 1
split_gain=203397 244337 415704 358751
threshold=-141.22181666666663 -145.19919999999999 117.24069999999985 -214.54499999999959
decision_type=2 2 2 2
left_child=-1 3 -3 -2
right_child=1 2 -4 -5
leaf_value=-1.6615640076345572 -0.39032772900478085 -0.50287576345170182 0.51189061817926118 1.1047579426523846
leaf_weight=178 635 2885 1551 1087
leaf_count=178 635 2885 1551 1087
internal_value=-8.47349e-05 0.0482031 -0.148038 0.553528
internal_weight=6336 6158 4436 1722
internal_count=6336 6158 4436 1722
is_linear=0
shrinkage=0.05


Tree=84
num_leaves=7
num_cat=0
split_feature=2 4 1 11 1 1
split_gain=196022 253137 304486 281889 186235 134837
threshold=153.28910000000045 -91.635957638889053 30.187000000000356 -0.1950438958025166 167.48785000000046 -140.92829999999978
decision_type=2 2 2 2 2 2
left_child=1 3 -3 -1 5 -2
right_child=4 2 -4 -5 -6 -7
leaf_value=0.35789713236450593 -0.07000935577057503 -0.059577747967519662 0.78546751767091805 -1.3521703798837015 0.12301835199171791 -1.8788777789343958
leaf_weight=423 147 2722 1751 558 391 344
leaf_count=423 147 2722 1751 558 391 344
internal_value=-8.78964e-05 0.111786 0.271325 -0.615188 -0.691224 -1.33857
internal_weight=6336 5454 4473 981 882 491
internal_count=6336 5454 4473 981 882 491
is_linear=0
shrinkage=0.05


Tree=85
num_leaves=7
num_cat=0
split_feature=13 0 1 4 8 2
split_gain=183473 468659 230892 354780 267433 200946
threshold=-0.38231920253318369 6686.7018500000004 20.13374999999974 -16.646995138888538 1.0000000180025095e-35 -272.32474999999994
decision_type=2 2 2 2 2 2
left_child=2 5 3 -1 -4 -2
right_child=1 -3 4 -5 -6 -7
leaf_value=0.60144098323036099 1.004269842196394 -2.6939421119610909 1.5329944679106391 -1.0394469103808945 -0.14155898811320203 -0.21088957464903568
leaf_weight=791 377 180 644 563 378 3403
leaf_count=791 377 180 644 563 378 3403
internal_value=-0.000100025 -0.208497 0.34717 -0.081112 0.914106 -0.0894615
internal_weight=6336 3960 2376 1354 1022 3780
internal_count=6336 3960 2376 1354 1022 3780
is_linear=0
shrinkage=0.05


Tree=86
num_leaves=7
num_cat=0
split_feature=4 4 4 1 3 11
split_gain=187903 568540 321012 411900 220327 164550
threshold=-5.1422420138883345 -7.5644951388894688 11.994161458332885 148.86590000000027 195.5675375000001 1.0000000180025095e-35
decision_type=2 2 2 2 2 2
left_child=1 4 3 -2 -1 -3
right_child=2 5 -4 -5 -6 -7
leaf_value=-0.10728832280027807 0.62230537653847418 -1.0770929317844327 -0.4995971400127262 3.6054698924771671 1.0595399086261064 -3.4741325194260173
leaf_weight=4452 576 144 432 144 444 144
leaf_count=4452 576 144 432 144 444 144
internal_value=-0.000102502 -0.128484 0.577223 1.22311 -0.00127826 -2.28349
internal_weight=6336 5184 1152 720 4896 288
internal_count=6336 5184 1152 720 4896 288
is_linear=0
shrinkage=0.05


Tree=87
num_leaves=7
num_cat=0
split_feature=2 4 4 1 1 1
split_gain=182450 241737 426977 362211 169514 84536.4
threshold=153.28910000000045 -5.1422420138883345 -7.5644951388894688 76.844949999999713 272.0750000000001 -140.92829999999978
decision_type=2 2 2 2 2 2
left_child=1 2 -1 -3 5 -2
right_child=4 3 -4 -5 -6 -7
leaf_value=0.076583297404262243 -0.039764859466939362 0.31731594543386665 -2.0217622400025914 2.7049984001353677 0.45900010682427833 -1.4058774546241231
leaf_weight=4276 147 719 256 203 242 493
leaf_count=4276 147 719 256 203 242 493
internal_value=-9.6357e-05 0.107835 -0.0423662 0.845382 -0.666876 -1.09265
internal_weight=6336 5454 4532 922 882 640
internal_count=6336 5454 4532 922 882 640
is_linear=0
shrinkage=0.05


Tree=88
num_leaves=7
num_cat=0
split_feature=13 0 11 0 3 2
split_gain=179167 196154 377477 267380 138814 93453.4
threshold=0.8425887240367157 4404.6337000000012 -0.27976242230339682 4754.7603500000014 139.79198749999981 -226.79500000000027
decision_type=2 2 2 2 2 2
left_child=1 2 -1 -3 5 -2
right_child=4 3 -4 -5 -6 -7
leaf_value=1.0496518553537169 0.30283326180013892 -1.3867971342066143 -0.094739020809681024 0.029334515814409552 0.47386359103409897 -1.0819943534066281
leaf_weight=1255 145 406 1690 1841 250 749
leaf_count=1255 145 406 1690 1841 250 749
internal_value=-9.08248e-05 0.124738 0.393129 -0.227043 -0.566238 -0.857298
internal_weight=6336 5192 2945 2247 1144 894
internal_count=6336 5192 2945 2247 1144 894
is_linear=0
shrinkage=0.05


Tree=89
num_leaves=7
num_cat=0
split_feature=4 4 4 11 2 1
split_gain=179543 362073 386963 275394 330480 145148
threshold=-91.635957638889053 -47.520757291667444 -38.845727083333252 -0.75166088996455094 -272.32474999999994 -30.779950000000095
decision_type=2 2 2 2 2 2
left_child=3 5 -3 -1 -5 -2
right_child=1 2 -4 4 -6 -7
leaf_value=0.90127387619095645 0.63429271469945503 -1.7816571197914006 0.10442927086620353 0.45174924984634651 -1.7628884956849866 2.4720294141301924
leaf_weight=231 229 288 4608 246 531 203
leaf_count=231 229 288 4608 246 531 203
internal_value=-9.18651e-05 0.115706 -0.00685816 -0.611674 -1.06205 1.50157
internal_weight=6336 5328 4896 1008 777 432
internal_count=6336 5328 4896 1008 777 432
is_linear=0
shrinkage=0.05


Tree=90
num_leaves=5
num_cat=0
split_feature=3 12 4 13
split_gain=175583 196989 199043 182982
threshold=273.7262250000004 -0.44218343748786698 -14.041602430556166 -0.46130913087034953
decision_type=2 2 2 2
left_child=1 2 -1 -3
right_child=-2 3 -4 -5
leaf_value=-0.032132285125932851 1.5525729995031479 0.64842235890500943 -1.0109430025506032 -0.072283946255604137
leaf_weight=1276 176 1305 875 2704
leaf_count=1276 176 1305 875 2704
internal_value=-7.92254e-05 -0.0446855 -0.430585 0.162422
internal_weight=6336 6160 2151 4009
internal_count=6336 6160 2151 4009
is_linear=0
shrinkage=0.05


Tree=91
num_leaves=5
num_cat=0
split_feature=3 2 1 1
split_gain=176231 219941 310124 309486
threshold=-141.22181666666663 -145.19919999999999 117.24069999999985 -214.54499999999959
decision_type=2 2 2 2
left_child=-1 3 -3 -2
right_child=1 2 -4 -5
leaf_value=-1.5466145758522289 -0.35235362227701539 -0.44778544322477187 0.42869596018110284 1.0362967538181693
leaf_weight=178 635 2885 1551 1087
leaf_count=178 635 2885 1551 1087
internal_value=-6.67041e-05 0.0448809 -0.141306 0.524315
internal_weight=6336 6158 4436 1722
internal_count=6336 6158 4436 1722
is_linear=0
shrinkage=0.05


Tree=92
num_leaves=7
num_cat=0
split_feature=4 4 4 11 2 1
split_gain=167127 323661 363910 249534 270850 128959
threshold=-91.635957638889053 -47.520757291667444 -38.845727083333252 -0.8433914458128855 -272.32474999999994 -30.779950000000095
decision_type=2 2 2 2 2 2
left_child=3 5 -3 -1 -5 -2
right_child=1 2 -4 4 -6 -7
leaf_value=1.0436021912725348 0.6044212262267652 -1.7253526875923251 0.10369228747143718 0.37570156934418425 -1.5819797517271914 2.336695189511075
leaf_weight=189 229 288 4608 257 562 203
leaf_count=189 229 288 4608 257 562 203
internal_value=-7.03254e-05 0.111652 -0.00422895 -0.590128 -0.967956 1.42195
internal_weight=6336 5328 4896 1008 819 432
internal_count=6336 5328 4896 1008 819 432
is_linear=0
shrinkage=0.05


Tree=93
num_leaves=5
num_cat=0
split_feature=0 8 1 1
split_gain=169051 241249 827237 332719
threshold=2597.0019000000007 1.0000000180025095e-35 272.0750000000001 981.91355000000033
decision_type=2 2 2 2
left_child=-1 2 -2 -3
right_child=1 3 -4 -5
leaf_value=1.4052877884524637 -0.040824776948136188 -2.8193330680538793 3.2946502794873531 -0.34381478532002524
leaf_weight=206 5045 166 192 727
leaf_count=206 5045 166 192 727
internal_value=-5.76826e-05 -0.0475061 0.0820668 -0.806628
internal_weight=6336 6130 5237 893
internal_count=6336 6130 5237 893
is_linear=0
shrinkage=0.05


Tree=94
num_leaves=7
num_cat=0
split_feature=2 4 4 1 3 12
split_gain=174992 228754 399417 322595 135729 130090
threshold=165.22655000000012 -5.1422420138883345 -14.041602430556166 76.844949999999713 127.24124999999982 0.69134849440110391
decision_type=2 2 2 2 2 2
left_child=1 2 -1 -3 5 -2
right_child=4 3 -4 -5 -6 -7
leaf_value=0.23495175168547255 -1.4858137794735038 0.31362106642392407 -0.81593261120457505 2.5424350792568839 0.56316898665612658 0.140895818064318
leaf_weight=3382 448 729 1233 208 167 169
leaf_count=3382 448 729 1233 208 167 169
internal_value=-4.29958e-05 0.0987382 -0.0459313 0.810567 -0.69881 -1.04074
internal_weight=6336 5552 4615 937 784 617
internal_count=6336 5552 4615 937 784 617
is_linear=0
shrinkage=0.05


Tree=95
num_leaves=7
num_cat=0
split_feature=2 9 4 11 4 0
split_gain=159738 296151 218041 220611 211031 151532
threshold=131.61395000000019 1.0000000180025095e-35 -91.635957638889053 -0.1950438958025166 -47.520757291667444 6406.5940500000006
decision_type=2 2 2 2 2 2
left_child=2 5 3 -1 -4 -2
right_child=1 -3 4 -5 -6 -7
leaf_value=0.30615114325599424 0.10887730548024339 -2.5843998899707548 1.4098930625512509 -1.2168305500558434 0.15910237490957957 -1.4748427382582114
leaf_weight=416 736 153 368 553 3921 189
leaf_count=416 736 153 368 553 3921 189
internal_value=-2.90631e-05 -0.554194 0.11367 -0.56336 0.266725 -0.215958
internal_weight=6336 1078 5258 969 4289 925
internal_count=6336 1078 5258 969 4289 925
is_linear=0
shrinkage=0.05


Tree=96
num_leaves=5
num_cat=0
split_feature=0 8 1 1
split_gain=154486 214878 751430 299769
threshold=2597.0019000000007 1.0000000180025095e-35 272.0750000000001 981.91355000000033
decision_type=2 2 2 2
left_child=-1 2 -2 -3
right_child=1 3 -4 -5
leaf_value=1.3433905259710581 -0.040250765986436426 -2.672286417527113 3.1387230918351854 -0.32255187066537994
leaf_weight=206 5045 166 192 727
leaf_count=206 5045 166 192 727
internal_value=-5.35842e-05 -0.0454121 0.0768744 -0.761845
internal_weight=6336 6130 5237 893
internal_count=6336 6130 5237 893
is_linear=0
shrinkage=0.05


Tree=97
num_leaves=6
num_cat=0
split_feature=2 3 13 3 12
split_gain=152125 205960 208911 117979 114008
threshold=165.22655000000012 -126.55331666666642 -0.25881904510252163 127.24124999999982 0.69134849440110391
decision_type=2 2 2 2 2
left_child=1 -1 -3 4 -2
right_child=3 2 -4 -5 -6
leaf_value=-1.3565367557520562 -1.3869995804997224 0.5347056415695336 -0.10323906228119689 0.52502122434477017 0.13582661072120947
leaf_weight=234 448 2161 3157 167 169
leaf_count=234 448 2161 3157 167 169
internal_value=-3.94858e-05 0.0920617 0.156045 -0.651553 -0.970344
internal_weight=6336 5552 5318 784 617
internal_count=6336 5552 5318 784 617
is_linear=0
shrinkage=0.05


Tree=98
num_leaves=7
num_cat=0
split_feature=12 4 4 4 3 13
split_gain=147038 172569 309419 300480 164610 237621
threshold=-0.44218343748786698 -14.041602430556166 7.4214770833336852 -91.635957638889053 42.349937500000586 -0.25881904510252163
decision_type=2 2 2 2 2 2
left_child=1 3 -3 -1 -2 -6
right_child=4 2 -4 -5 5 -7
leaf_value=-1.1983495975381502 -0.10412338000187422 -1.4205001594543638 0.62658763780200388 0.49657321964496193 1.2870095828009478 0.098395345935383849
leaf_weight=357 2282 663 255 969 663 1147
leaf_count=357 2282 663 255 969 663 1147
internal_value=-5.05381e-05 -0.325229 -0.851802 0.0396887 0.178309 0.534253
internal_weight=6336 2244 918 1326 4092 1810
internal_count=6336 2244 918 1326 4092 1810
is_linear=0
shrinkage=0.05


Tree=99
num_leaves=7
num_cat=0
split_feature=2 1 1 10 3 13
split_gain=149747 255825 444366 298244 246994 199946
threshold=-272.32474999999994 133.0166499999996 521.28360000000032 1.0000000180025095e-35 91.264600000000215 -0.53678821817552291
decision_type=2 2 2 2 2 2
left_child=4 3 -3 -2 5 -1
right_child=1 2 -4 -5 -6 -7
leaf_value=-1.391813335222686 -0.51154110319292612 1.2947238533874628 -0.32005866834631796 0.5815304087826294 2.3089842324595105 0.84167354738985023
leaf_weight=148 3222 795 916 773 177 305
leaf_count=148 3222 795 916 773 177 305
internal_value=-4.96984e-05 -0.0808632 0.430553 -0.299948 0.730858 0.110511
internal_weight=6336 5706 1711 3995 630 453
internal_count=6336 5706 1711 3995 630 453
is_linear=0
shrinkage=0.05


end of trees

feature_importances:
Column_3=139
Column_1=118
Column_4=109
Column_2=45
Column_11=34
Column_12=30
Column_8=28
Column_0=24
Column_10=23
Column_13=14
Column_9=5
Column_14=2

parameters:
[boosting: gbdt]
[objective: regression]
[metric: l2]
[tree_learner: serial]
[device_type: cpu]
[data_sample_strategy: bagging]
[data: ]
[valid: ]
[num_iterations: 100]
[learning_rate: 0.05]
[num_leaves: 7]
[num_threads: 1]
[seed: 20250911]
[deterministic: 1]
[force_col_wise: 1]
[force_row_wise: 0]
[histogram_pool_size: -1]
[max_depth: 3]
[min_data_in_leaf: 144]
[min_sum_hessian_in_leaf: 0.001]
[bagging_fraction: 1]
[pos_bagging_fraction: 1]
[neg_bagging_fraction: 1]
[bagging_freq: 0]
[bagging_seed: 20250911]
[bagging_by_query: 0]
[feature_fraction: 1]
[feature_fraction_bynode: 1]
[feature_fraction_seed: 20250911]
[extra_trees: 0]
[extra_seed: 26685]
[early_stopping_round: 0]
[early_stopping_min_delta: 0]
[first_metric_only: 0]
[max_delta_step: 0]
[lambda_l1: 0]
[lambda_l2: 1]
[linear_lambda: 0]
[min_gain_to_split: 0]
[drop_rate: 0.1]
[max_drop: 50]
[skip_drop: 0.5]
[xgboost_dart_mode: 0]
[uniform_drop: 0]
[drop_seed: 2504]
[top_rate: 0.2]
[other_rate: 0.1]
[min_data_per_group: 100]
[max_cat_threshold: 32]
[cat_l2: 10]
[cat_smooth: 10]
[max_cat_to_onehot: 4]
[top_k: 20]
[monotone_constraints: ]
[monotone_constraints_method: basic]
[monotone_penalty: 0]
[feature_contri: ]
[forcedsplits_filename: ]
[refit_decay_rate: 0.9]
[cegb_tradeoff: 1]
[cegb_penalty_split: 0]
[cegb_penalty_feature_lazy: ]
[cegb_penalty_feature_coupled: ]
[path_smooth: 0]
[interaction_constraints: ]
[verbosity: -1]
[saved_feature_importance_type: 0]
[use_quantized_grad: 0]
[num_grad_quant_bins: 4]
[quant_train_renew_leaf: 0]
[stochastic_rounding: 1]
[linear_tree: 0]
[max_bin: 63]
[max_bin_by_feature: ]
[min_data_in_bin: 3]
[bin_construct_sample_cnt: 200000]
[data_random_seed: 20250911]
[is_enable_sparse: 1]
[enable_bundle: 1]
[use_missing: 1]
[zero_as_missing: 0]
[feature_pre_filter: 0]
[pre_partition: 0]
[two_round: 0]
[header: 0]
[label_column: ]
[weight_column: ]
[group_column: ]
[ignore_column: ]
[categorical_feature: ]
[forcedbins_filename: ]
[precise_float_parser: 0]
[parser_config_file: ]
[objective_seed: 19683]
[num_class: 1]
[is_unbalance: 0]
[scale_pos_weight: 1]
[sigmoid: 1]
[boost_from_average: 1]
[reg_sqrt: 0]
[alpha: 0.9]
[fair_c: 1]
[poisson_max_delta_step: 0.7]
[tweedie_variance_power: 1.5]
[lambdarank_truncation_level: 30]
[lambdarank_norm: 1]
[label_gain: ]
[lambdarank_position_bias_regularization: 0]
[eval_at: ]
[multi_error_top_k: 1]
[auc_mu_weights: ]
[num_machines: 1]
[local_listen_port: 12400]
[time_out: 120]
[machine_list_filename: ]
[machines: ]
[gpu_platform_id: -1]
[gpu_device_id: -1]
[gpu_device_id_list: ]
[gpu_use_dp: 0]
[num_gpu: 1]

end of parameters

pandas_categorical:null
