tree
version=v4
num_class=1
num_tree_per_iteration=1
label_index=0
max_feature_idx=7
objective=regression
feature_names=Column_0 Column_1 Column_2 Column_3 Column_4 Column_5 Column_6 Column_7
feature_infos=[0:10076.8909] [-1796.0487000000003:2238.2599999999993] [-1776.6499857142862:1232.9571428571435] [-222.63616805555557:502.61053680555551] [-1:1] [-1:1] [-1:1] [-1:1]
tree_sizes=754 758 757 759 758 758 758 758 759 758 758 759 750 764 760 753 751 678 671 681 755 759 677 675 757 755 756 594 759 592 764 509 683 765 508 592 681 594 681 592 683 510 765 758 507 592 768 509 767 677 510 767 763 508 765 504 770 677 770 505 768 768 498 767 765 504 498 761 762 498 501 762 758 659 500 755 761 499 678 753 495 587 497 583 581 580 761 675 496 500 580 578 761 495 582 495 762 671 751 582

Tree=0
num_leaves=7
num_cat=0
split_feature=2 2 2 3 2 2
split_gain=1.01578e+08 6.90473e+07 1.66199e+07 1.54052e+07 6.24889e+06 3.07558e+06
threshold=321.11543571428598 -4.6427857142858304 -393.1117714285719 -115.88908020833331 225.05989999999977 459.95892857142832
decision_type=2 2 2 2 2 2
left_child=1 2 -1 -2 -3 -5
right_child=3 4 -4 5 -6 -7
leaf_value=-37.480991351426496 21.363413094231724 -11.899080259632722 -21.982847785710188 -1.6026057632388824 -5.033703283403832 6.5361128695524879
leaf_weight=213 149 5950 921 215 350 266
leaf_count=213 149 5950 921 215 350 266
internal_value=-11.9271 -13.5617 -24.9138 7.33335 -11.5166 2.92719
internal_weight=8064 7434 1134 630 6300 481
internal_count=8064 7434 1134 630 6300 481
is_linear=0
shrinkage=1


Tree=1
num_leaves=7
num_cat=0
split_feature=2 2 2 3 2 2
split_gain=9.17217e+07 6.23311e+07 1.50105e+07 1.39162e+07 5.64132e+06 2.77647e+06
threshold=321.11543571428598 -4.6427857142858304 -393.1117714285719 -115.88908020833331 225.05989999999977 459.95892857142832
decision_type=2 2 2 2 2 2
left_child=1 2 -1 -2 -3 -5
right_child=3 4 -4 5 -6 -7
leaf_value=-24.282136247314028 31.637114851474763 0.026649460019432653 -9.5534751787555461 9.8106898986079081 6.549739103133863 17.54354025493847
leaf_weight=213 149 5950 921 215 350 266
leaf_count=213 149 5950 921 215 350 266
internal_value=0.000207016 -1.55308 -12.3389 18.3024 0.390025 14.1146
internal_weight=8064 7434 1134 630 6300 481
internal_count=8064 7434 1134 630 6300 481
is_linear=0
shrinkage=0.05


Tree=2
num_leaves=7
num_cat=0
split_feature=2 2 2 3 2 2
split_gain=8.28214e+07 5.62681e+07 1.3557e+07 1.2571e+07 5.23368e+06 2.50644e+06
threshold=321.11543571428598 -4.6427857142858304 -393.1117714285719 -115.88908020833331 167.56619999999933 459.95892857142832
decision_type=2 2 2 2 2 2
left_child=1 2 -1 -2 -3 -5
right_child=3 4 -4 5 -6 -7
leaf_value=-23.07370307556937 30.065804690043134 -0.11012422202694967 -9.0763196784800932 9.3224263105060725 4.6901986115755259 16.669648641236265
leaf_weight=213 149 5670 921 215 630 266
leaf_count=213 149 5670 921 215 630 266
internal_value=0.000393383 -1.47561 -11.7235 17.3919 0.370576 13.4117
internal_weight=8064 7434 1134 630 6300 481
internal_count=8064 7434 1134 630 6300 481
is_linear=0
shrinkage=0.05


Tree=3
num_leaves=7
num_cat=0
split_feature=2 2 2 3 2 2
split_gain=7.47849e+07 5.07948e+07 1.22442e+07 1.13559e+07 4.72493e+06 2.30596e+06
threshold=321.11543571428598 -4.6427857142858304 -393.1117714285719 -115.88908020833331 225.05989999999977 549.61531428571391
decision_type=2 2 2 2 2 2
left_child=1 2 -1 -2 -3 -5
right_child=3 4 -4 5 -6 -7
leaf_value=-21.925408876499286 28.572536310831708 0.019529489328850947 -8.6229955331299148 10.33219347751502 5.9893434183592476 17.862052147723492
leaf_weight=213 149 5950 921 329 350 152
leaf_count=213 149 5950 921 329 350 152
internal_value=0.000550331 -1.40201 -11.1387 16.5268 0.352084 12.7438
internal_weight=8064 7434 1134 630 6300 481
internal_count=8064 7434 1134 630 6300 481
is_linear=0
shrinkage=0.05


Tree=4
num_leaves=7
num_cat=0
split_feature=2 2 2 3 2 2
split_gain=6.75304e+07 4.5854e+07 1.10586e+07 1.02577e+07 4.3874e+06 2.12795e+06
threshold=321.11543571428598 -4.6427857142858304 -393.1117714285719 -115.88908020833331 167.56619999999933 459.95892857142832
decision_type=2 2 2 2 2 2
left_child=1 2 -1 -2 -3 -5
right_child=3 4 -4 5 -6 -7
leaf_value=-20.834260965062082 27.153433739145598 -0.10559534538794113 -8.1923135738197619 8.3442451246634679 4.2895199817739629 15.110280309812854
leaf_weight=213 149 5670 921 215 630 266
leaf_count=213 149 5670 921 215 630 266
internal_value=0.000722603 -1.33208 -10.5831 15.7049 0.334527 12.1095
internal_weight=8064 7434 1134 630 6300 481
internal_count=8064 7434 1134 630 6300 481
is_linear=0
shrinkage=0.05


Tree=5
num_leaves=7
num_cat=0
split_feature=2 2 2 3 2 2
split_gain=6.09776e+07 4.13937e+07 9.98776e+06 9.2662e+06 3.96027e+06 1.96098e+06
threshold=321.11543571428598 -4.6427857142858304 -393.1117714285719 -115.88908020833331 167.56619999999933 549.61531428571391
decision_type=2 2 2 2 2 2
left_child=1 2 -1 -2 -3 -5
right_child=3 4 -4 5 -6 -7
leaf_value=-19.797415989999461 25.80481304375331 -0.10031647623040858 -7.7831420389696993 9.2843336529352438 4.0753836665922414 16.224210832282608
leaf_weight=213 149 5670 921 329 630 152
leaf_count=213 149 5670 921 329 630 152
internal_value=0.000846211 -1.26564 -10.0552 14.9237 0.317834 11.5065
internal_weight=8064 7434 1134 630 6300 481
internal_count=8064 7434 1134 630 6300 481
is_linear=0
shrinkage=0.05


Tree=6
num_leaves=7
num_cat=0
split_feature=2 2 2 2 3 3
split_gain=5.51758e+07 3.60616e+07 9.97059e+06 6.72452e+06 4.84499e+06 1.7775e+06
threshold=257.79693571428612 -166.07490714285629 549.61531428571391 -4.6427857142858304 55.872129166666817 -115.88908020833331
decision_type=2 2 2 2 2 2
left_child=1 4 5 -3 -1 -2
right_child=2 3 -4 -5 -6 -7
leaf_value=-9.4643332882576399 13.840898617464923 -5.5851371762193285 21.54426727249724 0.10782989145421254 -18.855300820904016 7.4779350364539159
leaf_weight=326 144 566 210 6090 242 486
leaf_count=326 144 566 210 6090 242 486
internal_value=0.000975705 -1.40992 12.1219 -0.377044 -13.4915 8.95196
internal_weight=8064 7224 840 6656 568 630
internal_count=8064 7224 840 6656 568 630
is_linear=0
shrinkage=0.05


Tree=7
num_leaves=7
num_cat=0
split_feature=2 2 2 3 2 2
split_gain=5.01062e+07 3.36969e+07 8.47173e+06 8.07972e+06 3.31064e+06 1.5888e+06
threshold=321.11543571428598 -4.6427857142858304 -393.1117714285719 -115.88908020833331 167.56619999999933 421.90650714285727
decision_type=2 2 2 2 2 2
left_child=1 2 -1 -2 -3 -5
right_child=3 4 -4 5 -6 -7
leaf_value=-18.049343320365264 23.686811546881994 -0.10069209056174121 -6.9852618073244575 6.320168180094508 3.7171918060789966 12.430020660690115
leaf_weight=213 149 5670 921 166 630 315
leaf_count=213 149 5670 921 166 630 315
internal_value=0.000983097 -1.14707 -9.07751 13.5283 0.281626 10.3389
internal_weight=8064 7434 1134 630 6300 481
internal_count=8064 7434 1134 630 6300 481
is_linear=0
shrinkage=0.05


Tree=8
num_leaves=7
num_cat=0
split_feature=2 2 3 2 3 1
split_gain=4.52436e+07 3.07719e+07 7.29882e+06 5.68125e+06 4.21585e+06 1.53565e+06
threshold=321.11543571428598 -166.07490714285629 -115.88908020833331 -4.6427857142858304 55.872129166666817 -292.02340000000021
decision_type=2 2 2 2 2 2
left_child=1 4 -2 -3 -1 -4
right_child=2 3 5 -5 -6 -7
leaf_value=-8.5090284618762659 22.510365927696228 -4.9577257513208233 11.803199575022782 0.2675730819493613 -17.265807201881959 5.7288537564892437
leaf_weight=326 149 566 323 6300 242 158
leaf_count=326 149 566 323 6300 242 158
internal_value=0.00106427 -1.08986 12.8553 -0.163835 -12.2637 9.82391
internal_weight=8064 7434 630 6866 568 481
internal_count=8064 7434 630 6866 568 481
is_linear=0
shrinkage=0.05


Tree=9
num_leaves=7
num_cat=0
split_feature=2 2 2 0 4 1
split_gain=4.12686e+07 2.68948e+07 8.13222e+06 5.56561e+06 4.17185e+06 1.22e+06
threshold=257.79693571428612 -166.07490714285629 549.61531428571391 2755.5187500000006 -0.36235178784537908 -219.31450000000038
decision_type=2 2 2 2 2 2
left_child=1 4 5 -3 -1 -2
right_child=2 3 -4 -5 -6 -7
leaf_value=-5.0005605391496744 9.2760222906966021 0.41582390607483383 18.99171557228712 -3.1401184348618489 -14.427270042019295 4.6581498228667071
leaf_weight=168 403 5266 210 1390 400 227
leaf_count=168 403 5266 210 1390 400 227
internal_value=0.00107042 -1.21913 10.4837 -0.327138 -11.6528 7.62214
internal_weight=8064 7224 840 6656 568 630
internal_count=8064 7224 840 6656 568 630
is_linear=0
shrinkage=0.05


Tree=10
num_leaves=7
num_cat=0
split_feature=2 2 2 0 0 4
split_gain=3.73417e+07 2.38015e+07 8.50481e+06 6.22253e+06 3.81331e+06 2.06661e+06
threshold=225.05989999999977 -166.07490714285629 549.61531428571391 2154.2637500000005 6509.784450000001 -0.10884096748385481
decision_type=2 2 2 2 2 2
left_child=1 4 5 -3 -1 -2
right_child=2 3 -4 -5 -6 -7
leaf_value=-5.8224884569371547 3.7271452982156053 0.41510115274262988 18.04662997592682 -3.3068403484997306 -14.29141319336539 8.9675928857621798
leaf_weight=217 335 5075 210 1441 351 435
leaf_count=217 335 5075 210 1441 351 435
internal_value=0.00108369 -1.26483 9.14376 -0.40838 -11.0718 6.69545
internal_weight=8064 7084 980 6516 568 770
internal_count=8064 7084 980 6516 568 770
is_linear=0
shrinkage=0.05


Tree=11
num_leaves=7
num_cat=0
split_feature=2 2 2 3 2 3
split_gain=3.39945e+07 2.33364e+07 6.24083e+06 4.69356e+06 3.26577e+06 1.10536e+06
threshold=350.7372142857144 -4.6427857142858304 -393.1117714285719 -112.5352604166669 167.56619999999933 -15.462160416666391
decision_type=2 2 2 2 2 2
left_child=1 2 -1 -2 -3 -5
right_child=3 4 -4 5 -6 -7
leaf_value=-15.191148557562697 19.505222136542301 -0.10755266388443029 -5.6963194766892995 7.1240432991070692 3.5099933118435866 12.602927629639503
leaf_weight=213 148 5670 921 266 700 146
leaf_count=213 148 5670 921 266 700 146
internal_value=0.00107747 -0.886388 -7.49155 11.8735 0.290468 9.0914
internal_weight=8064 7504 1134 560 6370 412
internal_count=8064 7504 1134 560 6370 412
is_linear=0
shrinkage=0.05


Tree=12
num_leaves=7
num_cat=0
split_feature=2 2 2 3 2 3
split_gain=3.06983e+07 2.10665e+07 5.63641e+06 4.23951e+06 2.94779e+06 998737
threshold=350.7372142857144 -4.6427857142858304 -393.1117714285719 -112.5352604166669 167.56619999999933 -15.462160416666391
decision_type=2 2 2 2 2 2
left_child=1 2 -1 -2 -3 -5
right_child=3 4 -4 5 -6 -7
leaf_value=-14.435141015024943 18.53650648417889 -0.10217602625817686 -5.4118123170352037 6.7691752535615413 3.3347440286216656 11.977067848371
leaf_weight=213 148 5670 921 266 700 146
leaf_count=213 148 5670 921 266 700 146
internal_value=0.00115839 -0.842185 -7.1179 11.2833 0.275972 8.63922
internal_weight=8064 7504 1134 560 6370 412
internal_count=8064 7504 1134 560 6370 412
is_linear=0
shrinkage=0.05


Tree=13
num_leaves=7
num_cat=0
split_feature=2 2 2 0 4 0
split_gain=2.77736e+07 1.83602e+07 6.10972e+06 5.27616e+06 3.34987e+06 1.03504e+06
threshold=257.79693571428612 -237.47176428571444 549.61531428571391 2755.5187500000006 1.0000000180025095e-35 7158.8921000000009
decision_type=2 2 2 2 2 2
left_child=1 4 5 -3 -1 -2
right_child=2 3 -4 -5 -6 -7
leaf_value=-6.2959454275185793 7.3184772102814968 0.38058053704262507 15.97382440041592 -2.9593764802269895 -15.223540462205589 2.6692696536459577
leaf_weight=200 467 5275 210 1523 226 163
leaf_count=200 467 5275 210 1523 226 163
internal_value=0.00122864 -0.999775 8.60081 -0.368017 -11.0567 6.12172
internal_weight=8064 7224 840 6798 426 630
internal_count=8064 7224 840 6798 426 630
is_linear=0
shrinkage=0.05


Tree=14
num_leaves=7
num_cat=0
split_feature=2 2 2 0 3 4
split_gain=2.53314e+07 1.63583e+07 6.27696e+06 4.74744e+06 3.42254e+06 1.83765e+06
threshold=225.05989999999977 -166.07490714285629 549.61531428571391 2154.2637500000005 55.872129166666817 -0.10884096748385481
decision_type=2 2 2 2 2 2
left_child=1 4 5 -3 -1 -2
right_child=2 3 -4 -5 -6 -7
leaf_value=-5.7993597200157447 2.6339177539306031 0.3878285458141173 15.178918462483239 -2.8631609363452988 -13.672089048067239 7.5700164695210548
leaf_weight=326 335 5075 210 1441 242 435
leaf_count=326 335 5075 210 1441 242 435
internal_value=0.00117876 -1.04146 7.53137 -0.33145 -9.17172 5.42869
internal_weight=8064 7084 980 6516 568 770
internal_count=8064 7084 980 6516 568 770
is_linear=0
shrinkage=0.05


Tree=15
num_leaves=7
num_cat=0
split_feature=2 2 3 3 2 3
split_gain=2.30513e+07 1.5934e+07 4.79626e+06 3.7747e+06 2.37478e+06 949704
threshold=350.7372142857144 -4.6427857142858304 55.872129166666817 -112.5352604166669 167.56619999999933 -15.462160416666391
decision_type=2 2 2 2 2 2
left_child=1 2 -1 -2 -3 -5
right_child=3 4 -4 5 -6 -7
leaf_value=-3.7414341103731354 16.616844451507468 -0.096609011493995076 -10.520552112996434 5.4723057469848397 2.9882357660441872 10.532194038637641
leaf_weight=726 148 5670 408 266 700 146
leaf_count=726 148 5670 408 266 700 146
internal_value=0.00114112 -0.729653 -6.1876 9.77763 0.242801 7.28653
internal_weight=8064 7504 1134 560 6370 412
internal_count=8064 7504 1134 560 6370 412
is_linear=0
shrinkage=0.05


Tree=16
num_leaves=7
num_cat=0
split_feature=2 1 2 3 2 3
split_gain=2.08163e+07 1.46808e+07 5.93809e+06 3.40947e+06 3.25949e+06 858030
threshold=350.7372142857144 171.24374999999966 -393.1117714285719 -112.5352604166669 167.56619999999933 -15.462160416666391
decision_type=2 2 2 2 2 2
left_child=1 4 -3 -2 -1 -5
right_child=3 2 -4 5 -6 -7
leaf_value=-0.23745587671935958 15.791578183398151 -14.914097903270951 -4.6673061856219213 5.1997151676858415 3.525318163361991 10.009166754508506
leaf_weight=5964 148 175 729 266 636 146
leaf_count=5964 148 175 729 266 636 146
internal_value=0.00121578 -0.693246 -6.66521 9.29165 0.125618 6.92414
internal_weight=8064 7504 904 560 6600 412
internal_count=8064 7504 904 560 6600 412
is_linear=0
shrinkage=0.05


Tree=17
num_leaves=6
num_cat=0
split_feature=2 2 3 2 4
split_gain=1.89788e+07 1.3802e+07 4.08147e+06 2.70745e+06 1.90722e+06
threshold=421.90650714285727 -4.6427857142858304 55.872129166666817 167.56619999999933 -0.10884096748385481
decision_type=2 2 2 2 2
left_child=1 2 -1 -3 -2
right_child=4 3 -4 -5 -6
leaf_value=-3.3994469518910329 6.2145298779010778 -0.073542408914548482 -9.6528692244609005 2.9665249306856967 13.131137518548966
leaf_weight=726 171 5670 408 840 249
leaf_count=726 171 5670 408 840 249
internal_value=0.00124619 -0.567905 -5.65588 0.31912 10.3365
internal_weight=8064 7644 1134 6510 420
internal_count=8064 7644 1134 6510 420
is_linear=0
shrinkage=0.05


Tree=18
num_leaves=6
num_cat=0
split_feature=2 1 2 2 1
split_gain=1.71362e+07 1.28783e+07 5.53387e+06 3.92156e+06 1.88539e+06
threshold=421.90650714285727 196.3600999999999 -393.1117714285719 225.05989999999977 -557.84920000000045
decision_type=2 2 2 2 2
left_child=1 3 -3 -1 -2
right_child=4 2 -4 -5 -6
leaf_value=-0.156341294110562 13.223091320464244 -14.317397026381741 -4.2902164406877814 4.3781639522129252 6.4703907441173758
leaf_weight=6276 207 172 681 515 213
leaf_count=6276 207 172 681 515 213
internal_value=0.00124087 -0.539576 -6.32651 0.18813 9.82201
internal_weight=8064 7644 853 6791 420
internal_count=8064 7644 853 6791 420
is_linear=0
shrinkage=0.05


Tree=19
num_leaves=6
num_cat=0
split_feature=2 2 1 4 4
split_gain=1.5473e+07 1.18374e+07 3.07191e+06 3.00101e+06 1.71382e+06
threshold=421.90650714285727 -237.47176428571444 171.24374999999966 1.0000000180025095e-35 -0.10884096748385481
decision_type=2 2 2 2 2
left_child=1 3 -3 -1 -2
right_child=4 2 -4 -5 -6
leaf_value=-4.1105738143274442 5.4308578583736757 0.27152506391233944 -3.5139707117710475 -12.540825011761704 11.980761834812164
leaf_weight=200 171 6636 582 226 249
leaf_count=200 171 6636 582 226 249
internal_value=0.0012117 -0.512691 -0.0341506 -8.60186 9.33325
internal_weight=8064 7644 7218 426 420
internal_count=8064 7644 7218 426 420
is_linear=0
shrinkage=0.05


Tree=20
num_leaves=7
num_cat=0
split_feature=2 0 3 2 3 2
split_gain=1.43638e+07 1.04867e+07 6.12043e+06 4.21461e+06 2.07884e+06 607102
threshold=225.05989999999977 3363.8437500000005 -112.5352604166669 549.61531428571391 -124.78350590277749 142.85726428571391
decision_type=2 2 2 2 2 2
left_child=1 5 -3 4 -2 -1
right_child=3 2 -4 -5 -6 -7
leaf_value=0.19596372512734864 -1.2610197254105824 5.4318938852945964 -5.1536507902762301 11.936765068854202 5.2415459730864349 3.181752325306562
leaf_weight=5218 153 149 1542 210 617 175
leaf_count=5218 153 149 1542 210 617 175
internal_value=0.00113575 -0.783991 -4.21826 5.67149 3.94952 0.293423
internal_weight=8064 7084 1691 980 770 5393
internal_count=8064 7084 1691 980 770 5393
is_linear=0
shrinkage=0.05


Tree=21
num_leaves=7
num_cat=0
split_feature=2 0 3 3 3 0
split_gain=1.29666e+07 9.46432e+06 5.52587e+06 4.29298e+06 2.37952e+06 556195
threshold=225.05989999999977 3363.8437500000005 -112.5352604166669 -115.88908020833331 -67.732559027778152 82.762300000000025
decision_type=2 2 2 2 2 2
left_child=1 5 -3 -2 -5 -1
right_child=3 2 -4 4 -6 -7
leaf_value=0.52312832441266 11.220051565990788 5.1621099227269491 -4.8961353776598635 -0.98296705816854846 5.2878601112872143 -0.77590762669963798
leaf_weight=4379 238 149 1542 211 531 1014
leaf_count=4379 238 149 1542 211 531 1014
internal_value=0.00120029 -0.744766 -4.00734 5.38873 3.50572 0.278783
internal_weight=8064 7084 1691 980 742 5393
internal_count=8064 7084 1691 980 742 5393
is_linear=0
shrinkage=0.05


Tree=22
num_leaves=6
num_cat=0
split_feature=2 2 4 2 1
split_gain=1.19615e+07 9.48106e+06 2.69985e+06 2.35628e+06 1.60196e+06
threshold=421.90650714285727 -237.47176428571444 -0.2376293295203116 155.08323571428562 -557.84920000000045
decision_type=2 2 2 2 2
left_child=1 2 -1 -3 -2
right_child=4 3 -4 -5 -6
leaf_value=-2.0999920780905366 11.337694864720106 -0.3655684929437325 -10.527013179349183 2.3547058994749932 5.1243496894000851
leaf_weight=144 207 6308 282 910 213
leaf_count=144 207 6308 282 910 213
internal_value=0.00123661 -0.450605 -7.69003 -0.0223347 8.2063
internal_weight=8064 7644 426 7218 420
internal_count=8064 7644 426 7218 420
is_linear=0
shrinkage=0.05


Tree=23
num_leaves=6
num_cat=0
split_feature=2 1 2 2 4
split_gain=1.08006e+07 8.82314e+06 4.36116e+06 2.66319e+06 1.53314e+06
threshold=421.90650714285727 196.3600999999999 -393.1117714285719 155.08323571428562 -0.10884096748385481
decision_type=2 2 2 2 2
left_child=1 3 -3 -1 -2
right_child=4 2 -4 -5 -6
leaf_value=-0.19646193538443851 4.1174415404713427 -12.311004519818965 -3.4112159516454792 2.8186911358215854 10.298927659755947
leaf_weight=5957 171 172 681 834 249
leaf_count=5957 171 172 681 834 249
internal_value=0.00121087 -0.428145 -5.21809 0.174188 7.79794
internal_weight=8064 7644 853 6791 420
internal_count=8064 7644 853 6791 420
is_linear=0
shrinkage=0.05


Tree=24
num_leaves=7
num_cat=0
split_feature=2 2 4 3 1 3
split_gain=9.78576e+06 7.72182e+06 2.76787e+06 2.68764e+06 1.90929e+06 853897
threshold=350.7372142857144 -166.07490714285629 -0.36235178784537908 -112.5352604166669 1.155999999999999 -15.462160416666391
decision_type=2 2 2 2 2 2
left_child=1 2 -1 -2 -3 -5
right_child=3 4 -4 5 -6 -7
leaf_value=-0.68257930117808074 12.133688514984694 0.33483875047156686 -8.3318103122294982 2.5741908789127508 -1.978687421591522 7.3396699508031205
leaf_weight=168 148 5886 400 266 1050 146
leaf_count=168 148 5886 400 266 1050 146
internal_value=0.00115852 -0.474992 -6.07454 6.37105 -0.015627 4.27661
internal_weight=8064 7504 568 560 6936 412
internal_count=8064 7504 568 560 6936 412
is_linear=0
shrinkage=0.05


Tree=25
num_leaves=7
num_cat=0
split_feature=1 2 2 2 0 0
split_gain=9.03457e+06 9.05996e+06 3.84721e+06 2.96598e+06 2.04662e+06 522883
threshold=128.40514999999985 225.05989999999977 -393.1117714285719 549.61531428571391 1750.0298500000001 7889.706000000001
decision_type=2 2 2 2 2 2
left_child=1 4 -2 -3 -1 -4
right_child=2 3 5 -5 -6 -7
leaf_value=0.39728094674255038 -10.991685985852888 3.740394829740008 -2.3489715592074796 10.545602458113663 -1.9420547443219918 -5.474633206804115
leaf_weight=4943 178 706 713 207 1152 165
leaf_count=4943 178 706 713 207 1152 165
internal_value=0.0011712 0.651008 -4.30792 5.29316 -0.0451168 -2.94193
internal_weight=8064 7008 1056 913 6095 878
internal_count=8064 7008 1056 913 6095 878
is_linear=0
shrinkage=0.05


Tree=26
num_leaves=7
num_cat=0
split_feature=1 2 2 3 0 3
split_gain=8.17114e+06 7.95524e+06 3.01783e+06 2.61804e+06 1.9381e+06 642518
threshold=171.24374999999966 225.05989999999977 -393.1117714285719 -115.88908020833331 1750.0298500000001 21.257735416666495
decision_type=2 2 2 2 2 2
left_child=1 4 -2 -3 -1 -4
right_child=2 3 5 -5 -6 -7
leaf_value=0.37575562234889004 -10.315802965347062 9.4231734857464033 -4.551745873524542 3.3281581372195896 -1.8183646921078016 -1.6162341239164846
leaf_weight=4954 175 237 360 687 1262 389
leaf_count=4954 175 237 360 687 1262 389
internal_value=0.00107498 0.573836 -4.42064 4.89999 -0.0699253 -3.03135
internal_weight=8064 7140 924 924 6216 749
internal_count=8064 7140 924 924 6216 749
is_linear=0
shrinkage=0.05


Tree=27
num_leaves=5
num_cat=0
split_feature=2 0 2 4
split_gain=7.54058e+06 6.12328e+06 4.10097e+06 1.35623e+06
threshold=421.90650714285727 8376.1321500000013 -77.298664285714935 -0.15208718494349127
decision_type=2 2 2 2
left_child=1 2 -1 -2
right_child=3 -3 -4 -5
leaf_value=-3.7317082788779561 2.7946725038965798 -8.9913452366590505 0.25599503625313058 8.6955480903499538
leaf_weight=712 156 199 6733 264
leaf_count=712 156 199 6733 264
internal_value=0.000989132 -0.357764 -0.125818 6.51564
internal_weight=8064 7644 7445 420
internal_count=8064 7644 7445 420
is_linear=0
shrinkage=0.05


Tree=28
num_leaves=7
num_cat=0
split_feature=1 2 2 3 0 0
split_gain=6.86627e+06 6.96451e+06 2.98425e+06 2.57047e+06 1.58081e+06 424497
threshold=128.40514999999985 225.05989999999977 -393.1117714285719 -135.92341701388861 1750.0298500000001 7889.706000000001
decision_type=2 2 2 2 2 2
left_child=1 4 -2 -3 -1 -4
right_child=2 3 5 -5 -6 -7
leaf_value=0.34592042194698597 -9.6421840585310363 -0.9855768249241893 -2.0185998112328498 5.8867328677983846 -1.7100388228124315 -4.834215204381799
leaf_weight=4943 178 166 713 747 1152 165
leaf_count=4943 178 166 713 747 1152 165
internal_value=0.00093363 0.567448 -3.75564 4.63751 -0.0428878 -2.55263
internal_weight=8064 7008 1056 913 6095 878
internal_count=8064 7008 1056 913 6095 878
is_linear=0
shrinkage=0.05


Tree=29
num_leaves=5
num_cat=0
split_feature=2 1 0 2
split_gain=6.38859e+06 5.39951e+06 2.79162e+06 2.6748e+06
threshold=549.61531428571391 196.3600999999999 8012.5956500000002 142.85726428571391
decision_type=2 2 2 2
left_child=1 3 -3 -1
right_child=-2 2 -4 -5
leaf_value=-0.19382860901533683 8.5864982746788669 -2.3095679950055956 -8.8755720718390378 2.4869117337126472
leaf_weight=5892 210 642 216 1104
leaf_count=5892 210 642 216 1104
internal_value=0.000806602 -0.229821 -3.97096 0.229499
internal_weight=8064 7854 858 6996
internal_count=8064 7854 858 6996
is_linear=0
shrinkage=0.05


Tree=30
num_leaves=7
num_cat=0
split_feature=3 3 2 6 0 2
split_gain=5.78799e+06 2.31852e+07 5.77085e+06 2.79778e+06 2.3259e+06 1.36934e+06
threshold=-115.88908020833331 -124.78350590277749 -95.025764285714544 -0.25881904510252018 6207.5233500000004 384.27053571428593
decision_type=2 2 2 2 2 2
left_child=1 3 4 -1 -2 -4
right_child=2 -3 5 -5 -6 -7
leaf_value=3.75085980289334 -1.2074470741741044 22.0442750404621 -0.18930697386430884 -2.0003350854590947 -6.8300454325129154 2.9580626134001919
leaf_weight=366 306 144 5922 498 462 366
leaf_count=366 306 144 5922 498 462 366
internal_value=0.000764378 3.54293 -0.50569 0.437455 -4.59427 -0.00566962
internal_weight=8064 1008 7056 864 768 6288
internal_count=8064 1008 7056 864 768 6288
is_linear=0
shrinkage=0.05


Tree=31
num_leaves=4
num_cat=0
split_feature=2 0 2
split_gain=5.52546e+06 4.68873e+06 2.9978e+06
threshold=549.61531428571391 8376.1321500000013 -77.298664285714935
decision_type=2 2 2
left_child=1 2 -1
right_child=-2 -3 -4
leaf_value=-3.1031216216546933 7.9855098940961744 -7.7518948247776693 0.30138224221463483
leaf_weight=712 210 200 6942
leaf_count=712 210 200 6942
internal_value=0.000841032 -0.213642 -0.0156798
internal_weight=8064 7854 7654
internal_count=8064 7854 7654
is_linear=0
shrinkage=0.05


Tree=32
num_leaves=6
num_cat=0
split_feature=3 3 0 2 4
split_gain=5.14534e+06 2.09488e+07 4.91964e+06 3.04995e+06 2.67285e+06
threshold=-115.88908020833331 -124.78350590277749 8376.1321500000013 -20.208185714285943 0.065387565056497135
decision_type=2 2 2 2 2
left_child=1 4 3 -2 -1
right_child=2 -3 -4 -5 -6
leaf_value=-2.2764472855564764 -2.9790634940824865 20.926955799727608 -8.6601009036908607 0.14446828174087922 3.2839899288494907
leaf_weight=450 898 144 178 5980 414
leaf_count=450 898 144 178 5980 414
internal_value=0.000783055 3.34052 -0.476728 -0.263718 0.388645
internal_weight=8064 1008 7056 6878 864
internal_count=8064 1008 7056 6878 864
is_linear=0
shrinkage=0.05


Tree=33
num_leaves=7
num_cat=0
split_feature=2 5 3 3 3 0
split_gain=4.95902e+06 4.60571e+06 4.28981e+06 2.96791e+06 2.86872e+06 251194
threshold=167.56619999999933 -0.36235178784537897 -115.88908020833331 55.872129166666817 -67.732559027778152 82.762300000000025
decision_type=2 2 2 2 2 2
left_child=1 3 -2 -1 -4 -3
right_child=2 5 4 -5 -6 -7
leaf_value=-1.2985383397690848 8.2902946773562327 0.39686621462133159 -3.0695881573916362 -5.5870539716094285 2.9804223230982068 -0.73961142347189146
leaf_weight=1293 283 4379 270 586 707 546
leaf_count=1293 283 4379 270 586 707 546
internal_value=0.000808628 -0.532873 2.88083 -2.63825 1.30704 0.270748
internal_weight=8064 6804 1260 1879 977 4925
internal_count=8064 6804 1260 1879 977 4925
is_linear=0
shrinkage=0.05


Tree=34
num_leaves=4
num_cat=0
split_feature=2 0 2
split_gain=4.7155e+06 3.68038e+06 2.19847e+06
threshold=549.61531428571391 8376.1321500000013 -77.298664285714935
decision_type=2 2 2
left_child=1 2 -1
right_child=-2 -3 -4
leaf_value=-2.6659508009027135 7.3770448126499124 -6.8760289941854147 0.2495451912815756
leaf_weight=712 210 200 6942
leaf_count=712 210 200 6942
internal_value=0.000774206 -0.197366 -0.0219766
internal_weight=8064 7854 7654
internal_count=8064 7854 7654
is_linear=0
shrinkage=0.05


Tree=35
num_leaves=5
num_cat=0
split_feature=2 0 2 4
split_gain=4.2884e+06 3.25117e+06 1.94432e+06 1.26107e+06
threshold=421.90650714285727 8376.1321500000013 -237.47176428571444 -0.15208718494349127
decision_type=2 2 2 2
left_child=1 2 -1 -2
right_child=3 -3 -4 -5
leaf_value=-4.0441443852220358 1.3373686670877374 -6.5608061277866376 0.064728402000687343 7.0138108924537335
leaf_weight=299 156 199 7146 264
leaf_count=299 156 199 7146 264
internal_value=0.000723635 -0.269822 -0.10081 4.9136
internal_weight=8064 7644 7445 420
internal_count=8064 7644 7445 420
is_linear=0
shrinkage=0.05


Tree=36
num_leaves=6
num_cat=0
split_feature=3 3 0 6 2
split_gain=4.17523e+06 1.89244e+07 3.59034e+06 2.4698e+06 2.15268e+06
threshold=-115.88908020833331 -124.78350590277749 8376.1321500000013 -0.81915204428899124 -20.208185714285943
decision_type=2 2 2 2 2
left_child=1 3 4 -1 -2
right_child=2 -3 -4 -5 -6
leaf_value=5.5094290864552775 -2.5287230537352761 19.72424289193647 -7.4203806195179185 -1.1402912839039536 0.095432368791718999
leaf_weight=174 898 144 178 690 5980
leaf_count=174 898 144 178 690 5980
internal_value=0.000673884 3.00914 -0.429473 0.20371 -0.247498
internal_weight=8064 1008 7056 864 6878
internal_count=8064 1008 7056 864 6878
is_linear=0
shrinkage=0.05


Tree=37
num_leaves=5
num_cat=0
split_feature=2 1 2 0
split_gain=3.90507e+06 2.82763e+06 1.84425e+06 1.65796e+06
threshold=549.61531428571391 171.24374999999966 142.85726428571391 7485.9753500000015
decision_type=2 2 2 2
left_child=1 2 -1 -3
right_child=-2 3 -4 -5
leaf_value=-0.18605235147543495 6.7132759033397766 -1.1064744902026047 2.0517674736215072 -5.4657209458997693
leaf_weight=5839 210 570 1092 353
leaf_count=5839 210 570 1092 353
internal_value=0.000728479 -0.179583 0.166768 -2.77777
internal_weight=8064 7854 6931 923
internal_count=8064 7854 6931 923
is_linear=0
shrinkage=0.05


Tree=38
num_leaves=6
num_cat=0
split_feature=3 3 0 4 2
split_gain=3.6833e+06 1.70995e+07 3.0635e+06 2.29081e+06 1.81781e+06
threshold=-115.88908020833331 -124.78350590277749 8376.1321500000013 0.065387565056497135 -20.208185714285943
decision_type=2 2 2 2 2
left_child=1 3 4 -1 -2
right_child=2 -3 -4 -5 -6
leaf_value=-2.307336818497884 -2.3315112641709006 18.715095122764851 -6.8609665332559775 2.8403545659708693 0.079919131931314266
leaf_weight=450 898 144 178 414 5980
leaf_count=450 898 144 178 414 5980
internal_value=0.000704492 2.82639 -0.403308 0.159697 -0.235213
internal_weight=8064 1008 7056 864 6878
internal_count=8064 1008 7056 864 6878
is_linear=0
shrinkage=0.05


Tree=39
num_leaves=5
num_cat=0
split_feature=2 1 2 2
split_gain=3.46336e+06 2.33437e+06 1.62367e+06 1.52116e+06
threshold=549.61531428571391 171.24374999999966 142.85726428571391 -393.1117714285719
decision_type=2 2 2 2
left_child=1 2 -1 -3
right_child=-2 3 -4 -5
leaf_value=-0.18542798707221814 6.3222548675763104 -6.7134101759303704 1.9143080510923338 -1.5433518849104366
leaf_weight=5839 210 175 1092 748
leaf_count=5839 210 175 1092 748
internal_value=0.000732087 -0.169076 0.14562 -2.5298
internal_weight=8064 7854 6931 923
internal_count=8064 7854 6931 923
is_linear=0
shrinkage=0.05


Tree=40
num_leaves=6
num_cat=0
split_feature=3 3 0 6 2
split_gain=3.24779e+06 1.54521e+07 2.63659e+06 2.19859e+06 1.51422e+06
threshold=-115.88908020833331 -124.78350590277749 8376.1321500000013 -0.76604444311897735 -20.208185714285943
decision_type=2 2 2 2 2
left_child=1 3 4 -1 -2
right_child=2 -3 -4 -5 -6
leaf_value=4.7313178252934218 -2.1359937336192245 17.75802772702842 -6.3695136097556393 -1.2571025122409463 0.064879014857500777
leaf_weight=198 898 144 178 666 5980
leaf_count=198 898 144 178 666 5980
internal_value=0.000694232 2.65407 -0.378682 0.119127 -0.222738
internal_weight=8064 1008 7056 864 6878
internal_count=8064 1008 7056 864 6878
is_linear=0
shrinkage=0.05


Tree=41
num_leaves=4
num_cat=0
split_feature=2 0 2
split_gain=3.07892e+06 1.95458e+06 1.54115e+06
threshold=549.61531428571391 8376.1321500000013 114.12512142857169
decision_type=2 2 2
left_child=1 2 -1
right_child=-2 -3 -4
leaf_value=-0.36316792377557289 5.9610961725891203 -5.0264603169403266 1.485994067721921
leaf_weight=6282 210 200 1372
leaf_count=6282 210 200 1372
internal_value=0.000738817 -0.159368 -0.0315499
internal_weight=8064 7854 7654
internal_count=8064 7854 7654
is_linear=0
shrinkage=0.05


Tree=42
num_leaves=7
num_cat=0
split_feature=3 3 0 4 6 2
split_gain=2.88919e+06 1.39528e+07 2.25774e+06 2.67188e+06 2.02905e+06 352626
threshold=-115.88908020833331 -124.78350590277749 3363.8437500000005 0.21643961393810304 -0.08715574274765843 180.02800000000028
decision_type=2 2 2 2 2 2
left_child=1 4 5 -4 -1 -2
right_child=2 -3 3 -5 -6 -7
leaf_value=2.6885620485464337 0.17021770869136843 16.855850284017365 -0.1952266671209254 -3.7047153692382739 -2.1635722907714658 2.5502531278947869
leaf_weight=402 4673 144 1286 937 462 160
leaf_count=402 4673 144 1286 937 462 160
internal_value=0.00071462 2.50332 -0.357105 -1.67549 0.0945162 0.249522
internal_weight=8064 1008 7056 2223 864 4833
internal_count=8064 1008 7056 2223 864 4833
is_linear=0
shrinkage=0.05


Tree=43
num_leaves=7
num_cat=0
split_feature=2 3 0 3 3 2
split_gain=2.7935e+06 2.41636e+06 1.61772e+06 2.81666e+06 1.13702e+06 489762
threshold=321.11543571428598 -115.88908020833331 4719.3461000000007 -112.5352604166669 3.6985500000001825 142.85726428571391
decision_type=2 2 2 2 2 2
left_child=2 -2 5 -4 -3 -1
right_child=1 4 3 -5 -6 -7
leaf_value=-0.0055555034974360306 8.7364941201210016 -0.1682138059769307 4.3987148878153635 -2.4132312301588339 5.0765058536529546 1.8646001645827039
leaf_weight=5474 149 332 169 1418 149 373
leaf_count=5474 149 332 169 1418 149 373
internal_value=0.00077933 3.19483 -0.270296 -1.68551 1.46361 0.114047
internal_weight=8064 630 7434 1587 481 5847
internal_count=8064 630 7434 1587 481 5847
is_linear=0
shrinkage=0.05


Tree=44
num_leaves=4
num_cat=0
split_feature=2 0 2
split_gain=2.61867e+06 1.6921e+06 1.2877e+06
threshold=549.61531428571391 8376.1321500000013 114.12512142857169
decision_type=2 2 2
left_child=1 2 -1
right_child=-2 -3 -4
leaf_value=-0.33100711037506375 5.497688818599376 -4.675318689192113 1.3592788851200635
leaf_weight=6282 210 200 1372
leaf_count=6282 210 200 1372
internal_value=0.000848793 -0.146807 -0.0278808
internal_weight=8064 7854 7654
internal_count=8064 7854 7654
is_linear=0
shrinkage=0.05


Tree=45
num_leaves=5
num_cat=0
split_feature=2 1 0 2
split_gain=2.36452e+06 1.58554e+06 1.22527e+06 1.09237e+06
threshold=549.61531428571391 171.24374999999966 7485.9753500000015 167.56619999999933
decision_type=2 2 2 2
left_child=1 3 -3 -1
right_child=-2 2 -4 -5
leaf_value=-0.13298139521236979 5.2241070557968321 -0.64894940591630923 -4.3956187179701471 1.6778330743743863
leaf_weight=5964 210 570 353 967
leaf_count=5964 210 570 353 967
internal_value=0.000817836 -0.13949 -2.08506 0.119866
internal_weight=8064 7854 923 6931
internal_count=8064 7854 923 6931
is_linear=0
shrinkage=0.05


Tree=46
num_leaves=7
num_cat=0
split_feature=3 3 4 0 2 2
split_gain=2.3011e+06 1.25946e+07 1.96316e+06 1.96065e+06 2.63021e+06 28656.3
threshold=-115.88908020833331 -124.78350590277749 0.065387565056497135 380.37360000000007 104.47767857142937 32.848185714285755
decision_type=2 2 2 2 2 2
left_child=1 2 -1 5 -5 -2
right_child=3 -3 -4 4 -6 -7
leaf_value=-2.3377467798354092 0.44638921162834477 15.870316810772337 2.4276046822588131 -2.5234787336703857 0.41985116836831982 -0.23147376398184549
leaf_weight=450 3797 144 414 1768 1329 162
leaf_count=450 3797 144 414 1768 1329 162
internal_value=0.000787633 2.23422 -0.0541825 -0.318546 -1.26069 0.4186
internal_weight=8064 1008 864 7056 3097 3959
internal_count=8064 1008 864 7056 3097 3959
is_linear=0
shrinkage=0.05


Tree=47
num_leaves=4
num_cat=0
split_feature=2 0 3
split_gain=2.08237e+06 1.3763e+06 1.07066e+06
threshold=549.61531428571391 8376.1321500000013 -181.02418715277767
decision_type=2 2 2
left_child=1 2 -1
right_child=-2 -3 -4
leaf_value=3.0630654867944682 4.9025896221540552 -4.2149729993212874 -0.13684350979442536
leaf_weight=270 210 200 7384
leaf_count=270 210 200 7384
internal_value=0.000835495 -0.130835 -0.0235792
internal_weight=8064 7854 7654
internal_count=8064 7854 7654
is_linear=0
shrinkage=0.05


Tree=48
num_leaves=7
num_cat=0
split_feature=3 3 0 4 6 2
split_gain=1.98941e+06 1.14528e+07 1.81423e+06 2.42168e+06 1.76257e+06 241653
threshold=-115.88908020833331 -124.78350590277749 3363.8437500000005 0.21643961393810304 -0.76604444311897735 180.02800000000028
decision_type=2 2 2 2 2 2
left_child=1 4 5 -4 -1 -2
right_child=2 -3 3 -5 -6 -7
leaf_value=4.0251910833707409 0.18202184628909251 15.080791502327756 -0.068765295699829268 -3.4097998839836801 -1.3366484061805073 2.152308717286735
leaf_weight=198 4673 144 1286 937 666 160
leaf_count=198 4673 144 1286 937 666 160
internal_value=0.000816106 2.07749 -0.296103 -1.47792 -0.104661 0.247681
internal_weight=8064 1008 7056 2223 864 4833
internal_count=8064 1008 7056 2223 864 4833
is_linear=0
shrinkage=0.05


Tree=49
num_leaves=6
num_cat=0
split_feature=2 3 3 3 2
split_gain=1.92152e+06 1.55935e+06 2.11639e+06 1.42202e+06 2.37069e+06
threshold=295.75378571428547 -115.88908020833331 -67.732559027778152 328.78225173611105 -237.47176428571444
decision_type=2 2 2 2 2
left_child=3 -2 -3 4 -1
right_child=1 2 -4 -5 -6
leaf_value=-4.201091416437734 6.7034822366067353 -3.8885802529402227 3.1278274163526576 4.6654050610805378 -0.12327156834144624
leaf_weight=375 167 148 385 144 6845
leaf_count=375 167 148 385 144 6845
internal_value=0.000878381 2.50232 1.17592 -0.237209 -0.335622
internal_weight=8064 700 533 7364 7220
internal_count=8064 700 533 7364 7220
is_linear=0
shrinkage=0.05


Tree=50
num_leaves=4
num_cat=0
split_feature=2 3 2
split_gain=1.78863e+06 1.22595e+06 2.26488e+06
threshold=549.61531428571391 328.78225173611105 -237.47176428571444
decision_type=2 2 2
left_child=1 2 -1
right_child=-2 -3 -4
leaf_value=-3.9915954747415605 4.5437693223569067 4.4337435571900725 -0.012778648334068974
leaf_weight=375 210 144 7335
leaf_count=375 210 144 7335
internal_value=0.000873414 -0.121157 -0.206793
internal_weight=8064 7854 7710
internal_count=8064 7854 7710
is_linear=0
shrinkage=0.05


Tree=51
num_leaves=7
num_cat=0
split_feature=3 3 0 0 3 2
split_gain=1.68789e+06 1.03634e+07 1.8172e+06 1.59984e+06 2.52999e+06 26070.3
threshold=-115.88908020833331 -124.78350590277749 6395.7823500000013 380.37360000000007 -87.089065972222429 32.848185714285755
decision_type=2 2 2 2 2 2
left_child=1 2 -1 5 -5 -2
right_child=3 -3 -4 4 -6 -7
leaf_value=0.91179278259545993 0.41974270002687919 14.283107566833497 -5.048122645341433 -6.6983005479368245 -0.75715847958777327 -0.22678688836535385
leaf_weight=709 3797 144 155 190 2907 162
leaf_count=709 3797 144 155 190 2907 162
internal_value=0.000860581 1.91369 -0.162005 -0.272634 -1.12369 0.393236
internal_weight=8064 1008 864 7056 3097 3959
internal_count=8064 1008 864 7056 3097 3959
is_linear=0
shrinkage=0.05


Tree=52
num_leaves=7
num_cat=0
split_feature=2 3 3 0 3 3
split_gain=1.72003e+06 2.13414e+06 2.46966e+06 1.60475e+06 2.18834e+06 252409
threshold=167.56619999999933 -115.88908020833331 -67.732559027778152 380.37360000000007 -115.88908020833331 -115.88908020833331
decision_type=2 2 2 2 2 2
left_child=3 -2 -3 5 -5 -1
right_child=1 2 -4 4 -6 -7
leaf_value=-0.76503561371887052 5.5122688027334892 -3.4724686268620832 2.1404779206645692 4.0348153955714654 -1.8302332592226183 0.37357710915363651
leaf_weight=554 283 270 707 171 2120 3959
leaf_count=554 283 270 707 171 2120 3959
internal_value=0.000835437 1.69699 0.587341 -0.31347 -1.3909 0.233667
internal_weight=8064 1260 977 6804 2291 4513
internal_count=8064 1260 977 6804 2291 4513
is_linear=0
shrinkage=0.05


Tree=53
num_leaves=4
num_cat=0
split_feature=2 3 3
split_gain=1.60139e+06 1.12731e+06 2.10298e+06
threshold=549.61531428571391 328.78225173611105 151.79005486111103
decision_type=2 2 2
left_child=1 2 -1
right_child=-2 -3 -4
leaf_value=-0.082434596969452267 4.299370097407798 4.2531906296055899 -6.1613558144816043
leaf_weight=7566 210 144 144
leaf_count=7566 210 144 144
internal_value=0.000830818 -0.114636 -0.196755
internal_weight=8064 7854 7710
internal_count=8064 7854 7710
is_linear=0
shrinkage=0.05


Tree=54
num_leaves=7
num_cat=0
split_feature=2 3 6 3 0 6
split_gain=1.50648e+06 2.02683e+06 9.13519e+06 2.724e+06 1.91825e+06 1.70283e+06
threshold=114.12512142857169 -115.88908020833331 -0.1736481776669305 -67.732559027778152 380.37360000000007 -0.42261826174069911
decision_type=2 2 2 2 2 2
left_child=4 2 -2 -3 -1 -6
right_child=1 3 -4 -5 5 -7
leaf_value=0.22605288959907399 13.212790066039924 -3.4614261808547568 -3.287037213085688 1.8183392142140953 -3.4169235499154724 -0.4132614140397175
leaf_weight=4507 164 328 170 948 802 1145
leaf_count=4507 164 328 170 948 802 1145
internal_value=0.000803588 1.3686 4.82993 0.45951 -0.340564 -1.65164
internal_weight=8064 1610 334 1276 6454 1947
internal_count=8064 1610 334 1276 6454 1947
is_linear=0
shrinkage=0.05


Tree=55
num_leaves=4
num_cat=0
split_feature=2 0 3
split_gain=1.38713e+06 1.0439e+06 851861
threshold=500.11337142857116 8376.1321500000013 -181.02418715277767
decision_type=2 2 2
left_child=1 2 -1
right_child=-2 -3 -4
leaf_value=2.7285415514751716 3.4520405981040088 -3.6802769087440339 -0.13130168045759957
leaf_weight=269 280 200 7315
leaf_count=269 280 200 7315
internal_value=0.000792421 -0.123781 -0.0295184
internal_weight=8064 7784 7584
internal_count=8064 7784 7584
is_linear=0
shrinkage=0.05


Tree=56
num_leaves=7
num_cat=0
split_feature=2 3 3 0 6 3
split_gain=1.30331e+06 2.18597e+06 6.49628e+06 1.36806e+06 1.97304e+06 245966
threshold=155.08323571428562 -135.92341701388861 -100.42767083333341 380.37360000000007 -0.42261826174069911 -115.88908020833331
decision_type=2 2 2 2 2 2
left_child=3 -2 -3 5 -5 -1
right_child=1 2 -4 4 -6 -7
leaf_value=-0.76765987741517594 -3.3207426922859216 12.172631626951285 0.8338472037840472 -3.1098880749096032 -0.072558935368384467 0.35632203932249196
leaf_weight=554 204 144 982 895 1326 3959
leaf_count=554 204 144 982 895 1326 3959
internal_value=0.000767484 1.43047 2.29344 -0.281776 -1.29737 0.218206
internal_weight=8064 1330 1126 6734 2221 4513
internal_count=8064 1330 1126 6734 2221 4513
is_linear=0
shrinkage=0.05


Tree=57
num_leaves=6
num_cat=0
split_feature=2 3 2 3 3
split_gain=1.21648e+06 1.10108e+06 1.6282e+06 1.07386e+06 1.63174e+06
threshold=295.75378571428547 328.78225173611105 -277.00742857142899 -115.88908020833331 -67.732559027778152
decision_type=2 2 2 2 2
left_child=1 2 -1 -2 -5
right_child=3 -3 -4 4 -6
leaf_value=-3.8383215671641824 5.4773241463161657 4.1253624758227119 -0.11704590622909417 -3.5560078537504149 2.6046609086076216
leaf_weight=306 167 144 6914 148 385
leaf_count=306 167 144 6914 148 385
internal_value=0.000766868 -0.188671 -0.275272 1.99108 0.89055
internal_weight=8064 7364 7220 700 533
internal_count=8064 7364 7220 700 533
is_linear=0
shrinkage=0.05


Tree=58
num_leaves=7
num_cat=0
split_feature=3 3 0 3 0 2
split_gain=1.13677e+06 9.09017e+06 1.89151e+06 1.50144e+06 1.95862e+06 1.33906e+06
threshold=-115.88908020833331 -124.78350590277749 6395.7823500000013 -100.42767083333341 0.020950000000000003 -393.1117714285719
decision_type=2 2 2 2 2 2
left_child=1 2 -1 4 -2 -5
right_child=3 -3 -4 5 -6 -7
leaf_value=0.72257726771311026 0.374877976877936 13.155243571708944 -5.3580432096352943 -4.0031950505574541 -7.8550918217311647 0.052854717843773671
leaf_weight=709 144 144 155 209 144 6559
leaf_count=709 144 144 155 209 144 6559
internal_value=0.000757646 1.57055 -0.373208 -0.223689 -3.75305 -0.0729715
internal_weight=8064 1008 864 7056 288 6768
internal_count=8064 1008 864 7056 288 6768
is_linear=0
shrinkage=0.05


Tree=59
num_leaves=4
num_cat=0
split_feature=2 3 3
split_gain=1.14684e+06 980577 1.88549e+06
threshold=549.61531428571391 328.78225173611105 151.79005486111103
decision_type=2 2 2
left_child=1 2 -1
right_child=-2 -3 -4
leaf_value=-0.065356687881255329 3.6383841682949338 3.9766351419070674 -5.8213644183093107
leaf_weight=7566 210 144 144
leaf_count=7566 210 144 144
internal_value=0.000701706 -0.0970133 -0.173603
internal_weight=8064 7854 7710
internal_count=8064 7854 7710
is_linear=0
shrinkage=0.05


Tree=60
num_leaves=7
num_cat=0
split_feature=2 3 6 3 0 3
split_gain=1.11281e+06 1.64947e+06 8.05915e+06 2.37543e+06 1.42943e+06 1.65459e+06
threshold=114.12512142857169 -115.88908020833331 -0.1736481776669305 -67.732559027778152 380.37360000000007 55.872129166666817
decision_type=2 2 2 2 2 2
left_child=4 2 -2 -3 -1 -6
right_child=1 3 -4 -5 5 -7
leaf_value=0.19640566677521043 12.17275460510543 -3.3052136930832385 -3.3240677923486945 1.6251614216255819 -0.43199080019174058 -3.5647877260360334
leaf_weight=4507 164 328 170 948 1331 616
leaf_count=4507 164 328 170 948 1331 616
internal_value=0.000677343 1.17626 4.29877 0.356196 -0.292717 -1.42448
internal_weight=8064 1610 334 1276 6454 1947
internal_count=8064 1610 334 1276 6454 1947
is_linear=0
shrinkage=0.05


Tree=61
num_leaves=7
num_cat=0
split_feature=2 3 3 0 3 3
split_gain=1.00468e+06 1.70836e+06 4.51887e+06 1.29024e+06 1.49354e+06 273226
threshold=114.12512142857169 -135.92341701388861 -100.42767083333341 380.37360000000007 55.872129166666817 -115.88908020833331
decision_type=2 2 2 2 2 2
left_child=3 -2 -3 5 -5 -1
right_child=1 2 -4 4 -6 -7
leaf_value=-0.8523532913021139 -2.8237241818930241 9.5260282694575302 0.72839690352430442 -0.41040746908839065 -3.3868372512911864 0.33237047916938695
leaf_weight=554 234 165 1211 1331 616 3953
leaf_count=554 234 165 1211 1331 616 3953
internal_value=0.000664355 1.11767 1.7895 -0.278111 -1.35336 0.186588
internal_weight=8064 1610 1376 6454 1947 4507
internal_count=8064 1610 1376 6454 1947 4507
is_linear=0
shrinkage=0.05


Tree=62
num_leaves=4
num_cat=0
split_feature=2 3 3
split_gain=941756 958759 1.65659e+06
threshold=500.11337142857116 328.78225173611105 151.79005486111103
decision_type=2 2 2
left_child=1 2 -1
right_child=-2 -3 -4
leaf_value=-0.076009371625624753 2.844367283566779 3.9257411659174952 -5.4718046935262352
leaf_weight=7496 280 144 144
leaf_count=7496 280 144 144
internal_value=0.000650432 -0.101994 -0.178413
internal_weight=8064 7784 7640
internal_count=8064 7784 7640
is_linear=0
shrinkage=0.05


Tree=63
num_leaves=7
num_cat=0
split_feature=3 3 0 3 5 2
split_gain=925546 7.95322e+06 1.78348e+06 1.43041e+06 1.84447e+06 1.10894e+06
threshold=-115.88908020833331 -124.78350590277749 6395.7823500000013 -100.42767083333341 1.0000000180025095e-35 -393.1117714285719
decision_type=2 2 2 2 2 2
left_child=1 2 -1 4 -2 -5
right_child=3 -3 -4 5 -6 -7
leaf_value=0.66308383307196728 -7.6274611895454347 12.253127752768583 -5.241368895463455 -3.6313922324563777 0.3590975883089263 0.059711929619732519
leaf_weight=709 144 144 155 209 144 6559
leaf_count=709 144 144 155 209 144 6559
internal_value=0.000625501 1.41709 -0.400999 -0.201898 -3.64676 -0.0547913
internal_weight=8064 1008 864 7056 288 6768
internal_count=8064 1008 864 7056 288 6768
is_linear=0
shrinkage=0.05


Tree=64
num_leaves=7
num_cat=0
split_feature=2 3 6 3 0 6
split_gain=894863 1.47254e+06 7.1763e+06 2.16816e+06 1.10221e+06 1.37536e+06
threshold=114.12512142857169 -115.88908020833331 -0.1736481776669305 -67.732559027778152 380.37360000000007 -0.42261826174069911
decision_type=2 2 2 2 2 2
left_child=4 2 -2 -3 -1 -6
right_child=1 3 -4 -5 5 -7
leaf_value=0.16698222239607655 11.435309296810267 -3.2179895352538233 -3.1879186500582781 1.4923652847115936 -2.8428053314814981 -0.14361001476255386
leaf_weight=4507 164 328 170 948 802 1145
leaf_count=4507 164 328 170 948 802 1145
internal_value=0.000574599 1.05477 4.00505 0.279981 -0.262524 -1.25634
internal_weight=8064 1610 334 1276 6454 1947
internal_count=8064 1610 334 1276 6454 1947
is_linear=0
shrinkage=0.05


Tree=65
num_leaves=4
num_cat=0
split_feature=3 3 2
split_gain=854565 1.55375e+06 1.17321e+06
threshold=328.78225173611105 151.79005486111103 -237.47176428571444
decision_type=2 2 2
left_child=1 2 -1
right_child=-2 -3 -4
leaf_value=-2.7290027543740432 3.8043841883231857 -5.1972522609398286 0.16340438287516657
leaf_weight=367 144 144 7409
leaf_count=367 144 144 7409
internal_value=0.000568827 -0.069063 0.0265595
internal_weight=8064 7920 7776
internal_count=8064 7920 7776
is_linear=0
shrinkage=0.05


Tree=66
num_leaves=4
num_cat=0
split_feature=2 3 3
split_gain=816299 807807 1.35498e+06
threshold=549.61531428571391 328.78225173611105 151.79005486111103
decision_type=2 2 2
left_child=1 2 -1
right_child=-2 -3 -4
leaf_value=-0.059676355572651968 3.0695191137213205 3.6154768340135441 -4.9391818044925557
leaf_weight=7566 210 144 144
leaf_count=7566 210 144 144
internal_value=0.00051585 -0.0819234 -0.15144
internal_weight=8064 7854 7710
internal_count=8064 7854 7710
is_linear=0
shrinkage=0.05


Tree=67
num_leaves=7
num_cat=0
split_feature=2 3 3 0 3 3
split_gain=778308 1.58515e+06 3.97762e+06 966132 1.27661e+06 295958
threshold=114.12512142857169 -135.92341701388861 -100.42767083333341 82.762300000000025 55.872129166666817 -115.88908020833331
decision_type=2 2 2 2 2 2
left_child=3 -2 -3 5 -5 -1
right_child=1 2 -4 4 -6 -7
leaf_value=-0.92214262456144991 -2.8128124480805501 8.8892506131206641 0.63535113169169266 -0.29782745274340383 -2.9739204008408167 0.33000125509126721
leaf_weight=537 234 165 1211 1428 647 3842
leaf_count=537 234 165 1211 1428 647 3842
internal_value=0.000500495 0.983644 1.63084 -0.244867 -1.13328 0.176274
internal_weight=8064 1610 1376 6454 2075 4379
internal_count=8064 1610 1376 6454 2075 4379
is_linear=0
shrinkage=0.05


Tree=68
num_leaves=7
num_cat=0
split_feature=3 3 0 3 5 2
split_gain=758950 6.95634e+06 1.65767e+06 1.35391e+06 1.69984e+06 894542
threshold=-115.88908020833331 -124.78350590277749 6395.7823500000013 -100.42767083333341 1.0000000180025095e-35 -393.1117714285719
decision_type=2 2 2 2 2 2
left_child=1 2 -1 4 -2 -5
right_child=3 -3 -4 5 -6 -7
leaf_value=0.60877425068956603 -7.3558112809967646 11.417365992644738 -5.0836221675078077 -3.2520953008656699 0.31143809269214501 0.063056175103851184
leaf_weight=709 144 144 155 209 144 6559
leaf_count=709 144 144 155 209 144 6559
internal_value=0.000493132 1.28315 -0.417128 -0.1829 -3.53437 -0.0397831
internal_weight=8064 1008 864 7056 288 6768
internal_count=8064 1008 864 7056 288 6768
is_linear=0
shrinkage=0.05


Tree=69
num_leaves=4
num_cat=0
split_feature=3 3 2
split_gain=741229 1.24897e+06 950328
threshold=328.78225173611105 151.79005486111103 -237.47176428571444
decision_type=2 2 2
left_child=1 2 -1
right_child=-2 -3 -4
leaf_value=-2.4587078172490813 3.543055399450763 -4.662197890487211 0.14449310622011211
leaf_weight=367 144 144 7409
leaf_count=367 144 144 7409
internal_value=0.000448082 -0.0644021 0.0213308
internal_weight=8064 7920 7776
internal_count=8064 7920 7776
is_linear=0
shrinkage=0.05


Tree=70
num_leaves=4
num_cat=0
split_feature=2 3 3
split_gain=720223 823697 2.05059e+06
threshold=500.11337142857116 -181.02418715277767 -135.92341701388861
decision_type=2 2 2
left_child=1 -1 -3
right_child=-2 2 -4
leaf_value=2.5684352639094792 2.4872589708912418 -3.6583981650306039 0.0080171340168116133
leaf_weight=280 280 402 7102
leaf_count=280 280 402 7102
internal_value=0.00040438 -0.0893588 -0.188859
internal_weight=8064 7784 7504
internal_count=8064 7784 7504
is_linear=0
shrinkage=0.05


Tree=71
num_leaves=7
num_cat=0
split_feature=3 3 0 3 6 0
split_gain=711022 6.23822e+06 1.52662e+06 1.22939e+06 1.58777e+06 823021
threshold=-115.88908020833331 -124.78350590277749 6395.7823500000013 -100.42767083333341 1.0000000180025095e-35 8376.1321500000013
decision_type=2 2 2 2 2 2
left_child=1 2 -1 4 -2 -5
right_child=3 -3 -4 5 -6 -7
leaf_value=0.61621023277843934 -7.0640944533512515 10.838757956110198 -4.8465296901189365 0.04827871372686543 0.3458159014274334 -3.4552006265711648
leaf_weight=709 144 144 155 6597 144 171
leaf_count=709 144 144 155 6597 144 171
internal_value=0.000392882 1.24189 -0.368265 -0.177115 -3.37076 -0.0407374
internal_weight=8064 1008 864 7056 288 6768
internal_count=8064 1008 864 7056 288 6768
is_linear=0
shrinkage=0.05


Tree=72
num_leaves=7
num_cat=0
split_feature=2 3 6 3 3 0
split_gain=697356 1.32155e+06 6.31153e+06 1.96785e+06 778690 1.31013e+06
threshold=114.12512142857169 -115.88908020833331 -0.1736481776669305 -67.732559027778152 328.78225173611105 380.37360000000007
decision_type=2 2 2 2 2 2
left_child=4 2 -2 -3 5 -1
right_child=1 3 -4 -5 -6 -7
leaf_value=0.15429061294784063 10.694133059617245 -3.1353737216439992 -3.019656392321949 1.3521062056244488 3.3909070905323691 -1.4206754447087242
leaf_weight=4430 164 328 170 948 144 1880
leaf_count=4430 164 328 170 948 144 1880
internal_value=0.000351428 0.930963 3.72588 0.197033 -0.231905 -0.315105
internal_weight=8064 1610 334 1276 6454 6310
internal_count=8064 1610 334 1276 6454 6310
is_linear=0
shrinkage=0.05


Tree=73
num_leaves=6
num_cat=0
split_feature=2 3 3 3 3
split_gain=634150 879667 1.43953e+06 673530 799664
threshold=257.79693571428612 -115.88908020833331 7.2777118055554419 328.78225173611105 55.872129166666817
decision_type=2 2 2 2 2
left_child=3 -2 -3 4 -1
right_child=1 2 -4 -5 -6
leaf_value=0.084948618257209924 4.1666994186457744 -1.1833402925118637 3.9687260982776302 3.2225310355424881 -1.1459150872300534
leaf_weight=5327 202 444 194 144 1753
leaf_count=5327 202 444 194 144 1753
internal_value=0.000383548 1.29983 0.387035 -0.150874 -0.219931
internal_weight=8064 840 638 7224 7080
internal_count=8064 840 638 7224 7080
is_linear=0
shrinkage=0.05


Tree=74
num_leaves=4
num_cat=0
split_feature=2 3 3
split_gain=594705 709097 1.92679e+06
threshold=500.11337142857116 -181.02418715277767 -135.92341701388861
decision_type=2 2 2
left_child=1 -1 -3
right_child=-2 2 -4
leaf_value=2.384839025134506 2.2602095464794663 -3.5366406874199665 0.017373215961494902
leaf_weight=280 280 402 7102
leaf_count=280 280 402 7102
internal_value=0.000420881 -0.0811464 -0.173466
internal_weight=8064 7784 7504
internal_count=8064 7784 7504
is_linear=0
shrinkage=0.05


Tree=75
num_leaves=7
num_cat=0
split_feature=2 3 3 2 1 6
split_gain=571337 1.28523e+06 3.25773e+06 814530 488048 478140
threshold=104.47767857142937 -135.92341701388861 -100.42767083333341 1.6068428571428572 -124.98030000000016 -0.46130913087034953
decision_type=2 2 2 2 2 2
left_child=3 -2 -3 5 -5 -1
right_child=1 2 -4 4 -6 -7
leaf_value=-0.6156405491808703 -2.5681532612442974 7.8632435922734221 0.51184573013754364 -4.0360733862120686 -1.0397354346995062 0.37123617182613877
leaf_weight=1886 239 170 1271 162 826 3510
leaf_count=1886 239 170 1271 162 826 3510
internal_value=0.000406814 0.820539 1.38397 -0.215512 -1.53462 0.0262547
internal_weight=8064 1680 1441 6384 988 5396
internal_count=8064 1680 1441 6384 988 5396
is_linear=0
shrinkage=0.05


Tree=76
num_leaves=7
num_cat=0
split_feature=3 3 0 3 4 0
split_gain=564236 5.39631e+06 1.4591e+06 1.14255e+06 1.57644e+06 737869
threshold=-115.88908020833331 -124.78350590277749 6509.784450000001 -100.42767083333341 1.0000000180025095e-35 8376.1321500000013
decision_type=2 2 2 2 2 2
left_child=1 2 -1 4 -2 -5
right_child=3 -3 -4 5 -6 -7
leaf_value=0.56002248397507148 0.46597127437591557 10.032158032779037 -4.821319658538096 0.058016860064605519 -6.9167015283683257 -3.2592741176139479
leaf_weight=712 144 144 152 6597 144 171
leaf_count=712 144 144 152 6597 144 171
internal_value=0.000389491 1.10634 -0.391174 -0.157738 -3.23653 -0.0262668
internal_weight=8064 1008 864 7056 288 6768
internal_count=8064 1008 864 7056 288 6768
is_linear=0
shrinkage=0.05


Tree=77
num_leaves=4
num_cat=0
split_feature=3 3 2
split_gain=563024 1.10583e+06 744880
threshold=328.78225173611105 151.79005486111103 -237.47176428571444
decision_type=2 2 2
left_child=1 2 -1
right_child=-2 -3 -4
leaf_value=-2.171163595603455 3.0878711257309752 -4.3824817427273457 0.13353535017466198
leaf_weight=367 144 144 7409
leaf_count=367 144 144 7409
internal_value=0.000345964 -0.0561736 0.0244964
internal_weight=8064 7920 7776
internal_count=8064 7920 7776
is_linear=0
shrinkage=0.05


Tree=78
num_leaves=6
num_cat=0
split_feature=3 3 3 3 5
split_gain=530799 1.67539e+06 1.21961e+06 3.57541e+06 3.12848e+06
threshold=-181.02418715277767 -203.1015222222222 -135.92341701388861 -115.88908020833331 -0.48087430661751701
decision_type=2 2 2 2 2
left_child=1 -1 4 -4 -2
right_child=2 -3 3 -5 -6
leaf_value=-1.7052632399674121 -8.5543377373669607 5.8995349422816581 5.5250407502106738 -0.14909066369396642 0.40472922838859626
leaf_weight=144 147 144 288 7056 285
leaf_count=144 147 144 288 7056 285
internal_value=0.000307989 2.10439 -0.0778816 0.0741462 -2.65656
internal_weight=8064 288 7776 7344 432
internal_count=8064 288 7776 7344 432
is_linear=0
shrinkage=0.05


Tree=79
num_leaves=7
num_cat=0
split_feature=2 3 6 3 2 2
split_gain=540549 1.1663e+06 5.56923e+06 1.78342e+06 659782 546871
threshold=114.12512142857169 -115.88908020833331 -0.1736481776669305 -67.732559027778152 1.6068428571428572 47.719507142857104
decision_type=2 2 2 2 2 2
left_child=4 2 -2 -3 -1 -6
right_child=1 3 -4 -5 5 -7
leaf_value=0.019755612089829643 9.9909921410589515 -3.0421500181264065 -2.8909625990697516 1.2298566487616811 -2.7276526828481877 -0.41059749718478883
leaf_weight=5396 164 328 170 948 426 632
leaf_count=5396 164 328 170 948 426 632
internal_value=0.000301405 0.819631 3.44525 0.130201 -0.204182 -1.34525
internal_weight=8064 1610 334 1276 6454 1058
internal_count=8064 1610 334 1276 6454 1058
is_linear=0
shrinkage=0.05


Tree=80
num_leaves=4
num_cat=0
split_feature=3 3 5
split_gain=514085 994911 687564
threshold=328.78225173611105 151.79005486111103 -0.94670478576706751
decision_type=2 2 2
left_child=1 2 -1
right_child=-2 -3 -4
leaf_value=1.4006675338590777 2.950586751486207 -4.1573196615021812 -0.13758395306357787
leaf_weight=810 144 144 6966
leaf_count=810 144 144 6966
internal_value=0.000299776 -0.0537075 0.0228101
internal_weight=8064 7920 7776
internal_count=8064 7920 7776
is_linear=0
shrinkage=0.05


Tree=81
num_leaves=5
num_cat=0
split_feature=0 5 1 1
split_gain=494756 744004 1.60223e+06 1.05381e+06
threshold=8376.1321500000013 -0.97111091670450067 -386.82789999999972 -453.62849999999986
decision_type=2 2 2 2
left_child=1 2 -1 -3
right_child=-2 3 -4 -5
leaf_value=-2.3570172006508403 -2.4430473302850633 2.6988547368712297 3.9850347917281725 -0.18763918468340962
leaf_weight=144 201 330 318 7071
leaf_count=144 201 330 318 7071
internal_value=0.000285139 0.0630462 2.00747 -0.0585873
internal_weight=8064 7863 462 7401
internal_count=8064 7863 462 7401
is_linear=0
shrinkage=0.05


Tree=82
num_leaves=4
num_cat=0
split_feature=2 3 3
split_gain=473469 597768 1.74264e+06
threshold=549.61531428571391 -181.02418715277767 -135.92341701388861
decision_type=2 2 2
left_child=1 -1 -3
right_child=-2 2 -4
leaf_value=2.19784771554859 2.337602924728563 -3.3251382573482617 0.034309851990982028
leaf_weight=281 210 407 7166
leaf_count=281 210 407 7166
internal_value=0.00028141 -0.0625035 -0.146654
internal_weight=8064 7854 7573
internal_count=8064 7854 7573
is_linear=0
shrinkage=0.05


Tree=83
num_leaves=5
num_cat=0
split_feature=3 1 3 5
split_gain=472526 962826 1.21346e+06 657763
threshold=328.78225173611105 318.70599999999973 55.872129166666817 -0.97111091670450067
decision_type=2 2 2 2
left_child=1 3 -3 -1
right_child=-2 2 -4 -5
leaf_value=1.9673611869673113 2.8287984635090009 0.024813992758783571 -4.7597143787546319 -0.021912921745690071
leaf_weight=441 144 299 237 6943
leaf_count=441 144 299 237 6943
internal_value=0.000275049 -0.0515033 -2.09566 0.0971443
internal_weight=8064 7920 536 7384
internal_count=8064 7920 536 7384
is_linear=0
shrinkage=0.05


Tree=84
num_leaves=5
num_cat=0
split_feature=0 5 1 1
split_gain=445517 625544 1.50533e+06 928530
threshold=8376.1321500000013 -0.97111091670450067 -386.82789999999972 -453.62849999999986
decision_type=2 2 2 2
left_child=1 2 -1 -3
right_child=-2 3 -4 -5
leaf_value=-2.3872689497573623 -2.3183036448931928 2.5366350657270034 3.759694241337642 -0.17285180744113601
leaf_weight=144 201 330 318 7071
leaf_count=144 201 330 318 7071
internal_value=0.000261544 0.0598177 1.84274 -0.0517133
internal_weight=8064 7863 462 7401
internal_count=8064 7863 462 7401
is_linear=0
shrinkage=0.05


Tree=85
num_leaves=5
num_cat=0
split_feature=3 1 3 2
split_gain=434696 890573 1.72459e+06 629699
threshold=328.78225173611105 171.24374999999966 55.872129166666817 194.85896428571485
decision_type=2 2 2 2
left_child=1 3 -3 -1
right_child=-2 2 -4 -5
leaf_value=-0.061341726893946881 2.7131928314011677 0.25183397786917022 -4.3111153150886992 1.2657927851563411
leaf_weight=6008 144 520 343 1049
leaf_count=6008 144 520 343 1049
internal_value=0.000257258 -0.0494051 -1.5646 0.136084
internal_weight=8064 7920 863 7057
internal_count=8064 7920 863 7057
is_linear=0
shrinkage=0.05


Tree=86
num_leaves=7
num_cat=0
split_feature=3 3 0 3 0 2
split_gain=412850 4.54291e+06 1.33611e+06 1.00871e+06 1.5494e+06 609727
threshold=-115.88908020833331 -124.78350590277749 6509.784450000001 -100.42767083333341 0.020950000000000003 -393.1117714285719
decision_type=2 2 2 2 2 2
left_child=1 2 -1 4 -2 -5
right_child=3 -3 -4 5 -6 -7
leaf_value=0.48262327558610479 0.64159526693409896 9.1359638943343331 -4.6669455304449681 -2.6635608154961044 -6.6764351703380713 0.073411744761255157
leaf_weight=712 144 144 152 209 144 6559
leaf_count=712 144 144 152 209 144 6559
internal_value=0.000243519 0.946266 -0.427667 -0.135018 -3.02786 -0.0114887
internal_weight=8064 1008 864 7056 288 6768
internal_count=8064 1008 864 7056 288 6768
is_linear=0
shrinkage=0.05


Tree=87
num_leaves=6
num_cat=0
split_feature=3 3 3 5 3
split_gain=411458 1.54055e+06 1.0138e+06 2.93931e+06 2.8213e+06
threshold=-181.02418715277767 -203.1015222222222 -135.92341701388861 -0.48087430661751701 -115.88908020833331
decision_type=2 2 2 2 2
left_child=1 -1 3 -2 -4
right_child=2 -3 4 -5 -6
leaf_value=-1.7995471306504875 -8.1364365781481194 5.4922098551330905 4.9120321450555204 0.5470983189302725 -0.12832773703254577
leaf_weight=144 147 144 288 285 7056
leaf_count=144 147 144 288 285 7056
internal_value=0.000208562 1.85272 -0.0686324 -2.41968 0.0699753
internal_weight=8064 288 7776 432 7344
internal_count=8064 288 7776 432 7344
is_linear=0
shrinkage=0.05


Tree=88
num_leaves=4
num_cat=0
split_feature=3 3 5
split_gain=405619 858928 585618
threshold=328.78225173611105 151.79005486111103 -0.94670478576706751
decision_type=2 2 2
left_child=1 2 -1
right_child=-2 -3 -4
leaf_value=1.2949395158733488 2.6208344775232777 -3.8606444781813134 -0.12469946633353429
leaf_weight=810 144 144 6966
leaf_count=810 144 144 6966
internal_value=0.000203635 -0.0477691 0.0233271
internal_weight=8064 7920 7776
internal_count=8064 7920 7776
is_linear=0
shrinkage=0.05


Tree=89
num_leaves=4
num_cat=0
split_feature=2 3 3
split_gain=391409 496481 1.4783e+06
threshold=549.61531428571391 -181.02418715277767 -135.92341701388861
decision_type=2 2 2
left_child=1 -1 -3
right_child=-2 2 -4
leaf_value=2.0030772129271894 2.1253369478817801 -3.0610844474139753 0.033091299118830436
leaf_weight=281 210 407 7166
leaf_count=281 210 407 7166
internal_value=0.000193026 -0.0568923 -0.133583
internal_weight=8064 7854 7573
internal_count=8064 7854 7573
is_linear=0
shrinkage=0.05


Tree=90
num_leaves=5
num_cat=0
split_feature=0 5 1 1
split_gain=380521 551030 1.3548e+06 812975
threshold=8376.1321500000013 -0.97111091670450067 -386.82789999999972 -453.62849999999986
decision_type=2 2 2 2
left_child=1 2 -1 -3
right_child=-2 3 -4 -5
leaf_value=-2.2842666476348352 -2.1425825367469602 2.3724923470209487 3.5472076254204894 -0.16279694092062863
leaf_weight=144 201 330 318 7071
leaf_count=144 201 330 318 7071
internal_value=0.000190192 0.0552309 1.7286 -0.0494468
internal_weight=8064 7863 462 7401
internal_count=8064 7863 462 7401
is_linear=0
shrinkage=0.05


Tree=91
num_leaves=5
num_cat=0
split_feature=3 1 3 2
split_gain=372678 794832 1.54351e+06 553359
threshold=328.78225173611105 171.24374999999966 55.872129166666817 194.85896428571485
decision_type=2 2 2 2
left_child=1 3 -3 -1
right_child=-2 2 -4 -5
leaf_value=-0.055631690529523985 2.512156208630266 0.24119461714334772 -4.0755578322812571 1.1884584750391187
leaf_weight=6008 144 520 343 1049
leaf_count=6008 144 520 343 1049
internal_value=0.00018893 -0.0457946 -1.47723 0.12944
internal_weight=8064 7920 863 7057
internal_count=8064 7920 863 7057
is_linear=0
shrinkage=0.05


Tree=92
num_leaves=7
num_cat=0
split_feature=3 0 4 3 0 4
split_gain=344995 4.00142e+06 6.20829e+06 1.66218e+06 949611 1.66177e+06
threshold=-115.88908020833331 3565.0551500000006 1.0000000180025095e-35 -135.92341701388861 3363.8437500000005 0.34202014332566882
decision_type=2 2 2 2 2 2
left_child=1 3 -3 -1 -2 -6
right_child=4 2 -4 -5 5 -7
leaf_value=0.30880338952574937 0.269933672205246 -2.0062517618479796 12.10353526281459 -5.0806015390217008 0.036914730920992803 -2.8180942415437569
leaf_weight=496 4833 145 167 200 1433 790
leaf_count=496 4833 145 167 200 1433 790
internal_value=0.000178313 0.864971 5.56064 -1.24494 -0.123469 -0.978497
internal_weight=8064 1008 312 696 7056 2223
internal_count=8064 1008 312 696 7056 2223
is_linear=0
shrinkage=0.05


Tree=93
num_leaves=4
num_cat=0
split_feature=3 3 2
split_gain=339217 756178 490131
threshold=328.78225173611105 151.79005486111103 -237.47176428571444
decision_type=2 2 2
left_child=1 2 -1
right_child=-2 -3 -4
leaf_value=-1.7580340617154118 2.3967338502818141 -3.6212366753611072 0.11147318765846573
leaf_weight=367 144 144 7409
leaf_count=367 144 144 7409
internal_value=0.000186841 -0.0436838 0.0230243
internal_weight=8064 7920 7776
internal_count=8064 7920 7776
is_linear=0
shrinkage=0.05


Tree=94
num_leaves=5
num_cat=0
split_feature=0 5 1 1
split_gain=325623 479368 1.30833e+06 659029
threshold=8376.1321500000013 -0.97111091670450067 -386.82789999999972 -453.62849999999986
decision_type=2 2 2 2
left_child=1 2 -1 -3
right_child=-2 3 -4 -5
leaf_value=-2.3312454504802314 -1.9820261921475428 2.1340473659359076 3.3991021133235257 -0.14861359835456955
leaf_weight=144 201 330 318 7071
leaf_count=144 201 330 318 7071
internal_value=0.000159703 0.0510754 1.61184 -0.0465585
internal_weight=8064 7863 462 7401
internal_count=8064 7863 462 7401
is_linear=0
shrinkage=0.05


Tree=95
num_leaves=4
num_cat=0
split_feature=3 3 3
split_gain=312125 685225 472059
threshold=328.78225173611105 151.79005486111103 69.995581944444453
decision_type=2 2 2
left_child=1 2 -1
right_child=-2 -3 -4
leaf_value=-0.088687275108649669 2.2990116967826055 -3.4475009410134678 1.3976518685446868
leaf_weight=7200 144 144 576
leaf_count=7200 144 144 576
internal_value=0.000158353 -0.0419239 0.0215775
internal_weight=8064 7920 7776
internal_count=8064 7920 7776
is_linear=0
shrinkage=0.05


Tree=96
num_leaves=7
num_cat=0
split_feature=3 3 0 3 5 3
split_gain=310163 3.97085e+06 1.30158e+06 904560 1.40206e+06 544671
threshold=-115.88908020833331 -124.78350590277749 6509.784450000001 -100.42767083333341 1.0000000180025095e-35 -83.891253472222147
decision_type=2 2 2 2 2 2
left_child=1 2 -1 4 -2 -5
right_child=3 -3 -4 5 -6 -7
leaf_value=0.43418570802890577 -6.3272867337588607 8.4768670568795041 -4.6484499728367998 2.1236948065691754 0.63395679901386126 -0.094815752848056239
leaf_weight=712 144 144 152 288 144 6480
leaf_count=712 144 144 152 288 144 6480
internal_value=0.000151439 0.820126 -0.464322 -0.117087 -2.85652 -0.000111256
internal_weight=8064 1008 864 7056 288 6768
internal_count=8064 1008 864 7056 288 6768
is_linear=0
shrinkage=0.05


Tree=97
num_leaves=6
num_cat=0
split_feature=3 3 3 0 3
split_gain=301228 1.39277e+06 883856 2.82675e+06 2.37447e+06
threshold=-181.02418715277767 -203.1015222222222 -135.92341701388861 2755.5187500000006 -115.88908020833331
decision_type=2 2 2 2 2
left_child=1 -1 3 -2 -4
right_child=2 -3 4 -5 -6
leaf_value=-1.8865608075762106 0.66995859714976536 5.0460450927296598 4.5127681848190235 -7.8315996796892797 -0.11125901882373462
leaf_weight=144 284 144 288 148 7056
leaf_count=144 284 144 288 148 7056
internal_value=0.000147573 1.58521 -0.0587547 -2.25397 0.0706651
internal_weight=8064 288 7776 432 7344
internal_count=8064 288 7776 432 7344
is_linear=0
shrinkage=0.05


Tree=98
num_leaves=7
num_cat=0
split_feature=2 3 6 3 2 1
split_gain=307906 958275 4.67518e+06 1.70556e+06 664006 454297
threshold=104.47767857142937 -115.88908020833331 -0.1736481776669305 -67.732559027778152 1.6068428571428572 -124.98030000000016
decision_type=2 2 2 2 2 2
left_child=4 2 -2 -3 -1 -6
right_child=1 3 -4 -5 5 -7
leaf_value=0.059914914007256029 8.9157684015376244 -3.0308811963900277 -2.7659170978335399 1.0483525062376358 -3.7625165437285339 -0.87211449394112928
leaf_weight=5396 167 344 174 995 162 826
leaf_count=5396 167 344 174 995 162 826
internal_value=0.000142665 0.602212 2.96437 -0.00111561 -0.158366 -1.34937
internal_weight=8064 1680 341 1339 6384 988
internal_count=8064 1680 341 1339 6384 988
is_linear=0
shrinkage=0.05


Tree=99
num_leaves=5
num_cat=0
split_feature=0 5 1 1
split_gain=286793 468374 1.12139e+06 586326
threshold=8376.1321500000013 -0.97111091670450067 -386.82789999999972 -453.62849999999986
decision_type=2 2 2 2
left_child=1 2 -1 -3
right_child=-2 3 -4 -5
leaf_value=-2.0602526559089793 -1.8601160536603172 2.0082210450464149 3.2452114649700898 -0.14485164628098721
leaf_weight=144 201 330 318 7071
leaf_count=144 201 330 318 7071
internal_value=0.000133007 0.0479166 1.59068 -0.0485909
internal_weight=8064 7863 462 7401
internal_count=8064 7863 462 7401
is_linear=0
shrinkage=0.05


end of trees

feature_importances:
Column_3=174
Column_2=172
Column_0=64
Column_1=31
Column_4=20
Column_6=16
Column_5=14

parameters:
[boosting: gbdt]
[objective: regression]
[metric: l2]
[tree_learner: serial]
[device_type: cpu]
[data_sample_strategy: bagging]
[data: ]
[valid: ]
[num_iterations: 100]
[learning_rate: 0.05]
[num_leaves: 7]
[num_threads: 1]
[seed: 20250911]
[deterministic: 1]
[force_col_wise: 1]
[force_row_wise: 0]
[histogram_pool_size: -1]
[max_depth: 3]
[min_data_in_leaf: 144]
[min_sum_hessian_in_leaf: 0.001]
[bagging_fraction: 1]
[pos_bagging_fraction: 1]
[neg_bagging_fraction: 1]
[bagging_freq: 0]
[bagging_seed: 20250911]
[bagging_by_query: 0]
[feature_fraction: 1]
[feature_fraction_bynode: 1]
[feature_fraction_seed: 20250911]
[extra_trees: 0]
[extra_seed: 26685]
[early_stopping_round: 0]
[early_stopping_min_delta: 0]
[first_metric_only: 0]
[max_delta_step: 0]
[lambda_l1: 0]
[lambda_l2: 1]
[linear_lambda: 0]
[min_gain_to_split: 0]
[drop_rate: 0.1]
[max_drop: 50]
[skip_drop: 0.5]
[xgboost_dart_mode: 0]
[uniform_drop: 0]
[drop_seed: 2504]
[top_rate: 0.2]
[other_rate: 0.1]
[min_data_per_group: 100]
[max_cat_threshold: 32]
[cat_l2: 10]
[cat_smooth: 10]
[max_cat_to_onehot: 4]
[top_k: 20]
[monotone_constraints: ]
[monotone_constraints_method: basic]
[monotone_penalty: 0]
[feature_contri: ]
[forcedsplits_filename: ]
[refit_decay_rate: 0.9]
[cegb_tradeoff: 1]
[cegb_penalty_split: 0]
[cegb_penalty_feature_lazy: ]
[cegb_penalty_feature_coupled: ]
[path_smooth: 0]
[interaction_constraints: ]
[verbosity: -1]
[saved_feature_importance_type: 0]
[use_quantized_grad: 0]
[num_grad_quant_bins: 4]
[quant_train_renew_leaf: 0]
[stochastic_rounding: 1]
[linear_tree: 0]
[max_bin: 63]
[max_bin_by_feature: ]
[min_data_in_bin: 3]
[bin_construct_sample_cnt: 200000]
[data_random_seed: 20250911]
[is_enable_sparse: 1]
[enable_bundle: 1]
[use_missing: 1]
[zero_as_missing: 0]
[feature_pre_filter: 0]
[pre_partition: 0]
[two_round: 0]
[header: 0]
[label_column: ]
[weight_column: ]
[group_column: ]
[ignore_column: ]
[categorical_feature: ]
[forcedbins_filename: ]
[precise_float_parser: 0]
[parser_config_file: ]
[objective_seed: 19683]
[num_class: 1]
[is_unbalance: 0]
[scale_pos_weight: 1]
[sigmoid: 1]
[boost_from_average: 1]
[reg_sqrt: 0]
[alpha: 0.9]
[fair_c: 1]
[poisson_max_delta_step: 0.7]
[tweedie_variance_power: 1.5]
[lambdarank_truncation_level: 30]
[lambdarank_norm: 1]
[label_gain: ]
[lambdarank_position_bias_regularization: 0]
[eval_at: ]
[multi_error_top_k: 1]
[auc_mu_weights: ]
[num_machines: 1]
[local_listen_port: 12400]
[time_out: 120]
[machine_list_filename: ]
[machines: ]
[gpu_platform_id: -1]
[gpu_device_id: -1]
[gpu_device_id_list: ]
[gpu_use_dp: 0]
[num_gpu: 1]

end of parameters

pandas_categorical:null
