tree
version=v4
num_class=1
num_tree_per_iteration=1
label_index=0
max_feature_idx=7
objective=regression
feature_names=Column_0 Column_1 Column_2 Column_3 Column_4 Column_5 Column_6 Column_7
feature_infos=[0:10076.8909] [-1796.0487000000003:2238.2599999999993] [-1776.6499857142862:1232.9571428571435] [-222.63616805555557:502.61053680555551] [-1:1] [-1:1] [-1:1] [-1:1]
tree_sizes=752 761 761 757 760 757 758 753 760 758 758 758 762 755 755 760 754 762 762 757 671 768 592 679 672 589 764 590 762 511 765 510 758 681 750 679 684 753 510 679 766 675 763 594 763 591 587 764 591 760 508 765 506 770 763 508 674 765 768 509 762 769 772 504 761 665 766 759 671 500 770 764 505 756 505 499 766 764 501 585 586 500 767 581 499 765 500 755 676 499 759 496 760 763 500 495 581 501 759 756

Tree=0
num_leaves=7
num_cat=0
split_feature=2 2 2 3 2 2
split_gain=1.20333e+08 7.28974e+07 1.60212e+07 1.15208e+07 7.5079e+06 5.44231e+06
threshold=335.12870714285788 -3.2253999999999996 -277.00742857142899 -115.88908020833331 233.69979285714365 512.52300714285604
decision_type=2 2 2 2 2 2
left_child=1 2 -1 -2 -3 -5
right_child=3 4 -4 5 -6 -7
leaf_value=-32.725036599289574 22.41351963489684 -10.868590932959929 -20.07794084038613 1.5118399314510924 -3.3916865046037108 12.157198367217099
leaf_weight=365 145 5902 803 273 355 221
leaf_count=365 145 5902 803 273 355 221
internal_value=-10.7916 -12.5845 -24.0455 10.0111 -10.4433 6.31098
internal_weight=8064 7425 1168 639 6257 494
internal_count=8064 7425 1168 639 6257 494
is_linear=0
shrinkage=1


Tree=1
num_leaves=7
num_cat=0
split_feature=2 2 2 3 2 2
split_gain=1.08656e+08 6.58041e+07 1.44649e+07 1.04082e+07 6.77787e+06 4.91454e+06
threshold=335.12870714285788 -3.2253999999999996 -277.00742857142899 -115.88908020833331 233.69979285714365 512.52300714285604
decision_type=2 2 2 2 2 2
left_child=1 2 -1 -2 -3 -5
right_child=3 4 -4 5 -6 -7
leaf_value=-20.839732902558126 31.556263131143091 -0.073113697928973029 -8.8225728779716146 11.690541479448333 7.0309855236012613 21.806555096200995
leaf_weight=365 145 5902 803 273 355 221
leaf_count=365 145 5902 803 273 355 221
internal_value=0.000276239 -1.70337 -12.5925 19.7679 0.331007 16.251
internal_weight=8064 7425 1168 639 6257 494
internal_count=8064 7425 1168 639 6257 494
is_linear=0
shrinkage=0.05


Tree=2
num_leaves=7
num_cat=0
split_feature=2 2 2 3 2 2
split_gain=9.81124e+07 5.9401e+07 1.33065e+07 9.40307e+06 6.11882e+06 4.43795e+06
threshold=335.12870714285788 -3.2253999999999996 -420.10735714285732 -115.88908020833331 233.69979285714365 512.52300714285604
decision_type=2 2 2 2 2 2
left_child=1 2 -1 -2 -3 -5
right_child=3 4 -4 5 -6 -7
leaf_value=-23.058272484866055 29.989257573428223 -0.069458606047043056 -9.3824415356140403 11.108147497662772 6.6804236434839588 20.721139427401997
leaf_weight=219 145 5902 949 273 355 221
leaf_count=219 145 5902 949 273 355 221
internal_value=0.000525013 -1.61836 -11.9642 18.7846 0.314512 15.4419
internal_weight=8064 7425 1168 639 6257 494
internal_count=8064 7425 1168 639 6257 494
is_linear=0
shrinkage=0.05


Tree=3
num_leaves=7
num_cat=0
split_feature=2 2 2 2 0 2
split_gain=8.86829e+07 5.14336e+07 1.3379e+07 8.97198e+06 4.54931e+06 3.45789e+06
threshold=265.1459357142856 -74.315885714285727 567.89327142857121 -420.10735714285732 2621.5835500000007 396.94606428571461
decision_type=2 2 2 2 2 2
left_child=1 3 5 -1 -3 -2
right_child=2 4 -4 -5 -6 -7
leaf_value=-21.910599021911622 8.2677490117488794 0.41008268236838313 26.088648531704308 -10.202049004551489 -3.0290946050343783 15.715145123465019
leaf_weight=219 355 5155 213 657 1181 284
leaf_count=219 355 5155 213 657 1181 284
internal_value=0.000721916 -1.8022 15.2463 -13.1508 -0.23134 11.5971
internal_weight=8064 7212 852 876 6336 639
internal_count=8064 7212 852 876 6336 639
is_linear=0
shrinkage=0.05


Tree=4
num_leaves=7
num_cat=0
split_feature=2 2 2 3 2 2
split_gain=8.01232e+07 4.88984e+07 1.10738e+07 8.46993e+06 5.17247e+06 3.55471e+06
threshold=335.12870714285788 -3.2253999999999996 -277.00742857142899 -115.88908020833331 233.69979285714365 512.52300714285604
decision_type=2 2 2 2 2 2
left_child=1 2 -1 -2 -3 -5
right_child=3 4 -4 5 -6 -7
leaf_value=-18.064593365849529 27.603818477118672 -0.061521878276621714 -7.5507101941825967 9.9281643754809448 6.1444768043632587 18.531375010751258
leaf_weight=365 145 5902 803 273 355 221
leaf_count=365 145 5902 803 273 355 221
internal_value=0.00078087 -1.46218 -10.8489 16.9757 0.29151 13.8066
internal_weight=8064 7425 1168 639 6257 494
internal_count=8064 7425 1168 639 6257 494
is_linear=0
shrinkage=0.05


Tree=5
num_leaves=7
num_cat=0
split_feature=2 2 2 2 1 2
split_gain=7.24067e+07 4.21302e+07 1.13403e+07 7.52484e+06 4.10286e+06 2.82907e+06
threshold=265.1459357142856 -74.315885714285727 567.89327142857121 -420.10735714285732 6.9602500000000882 396.94606428571461
decision_type=2 2 2 2 2 2
left_child=1 3 5 -1 -3 -2
right_child=2 4 -4 -5 -6 -7
leaf_value=-19.920925314155493 7.406672394091494 0.26319150921737383 23.757846308200158 -9.1991167115811887 -3.6528251055343768 14.142252822507892
leaf_weight=219 355 5577 213 657 759 284
leaf_count=219 355 5577 213 657 759 284
internal_value=0.000968299 -1.62813 13.7767 -11.8992 -0.206417 10.4177
internal_weight=8064 7212 852 876 6336 639
internal_count=8064 7212 852 876 6336 639
is_linear=0
shrinkage=0.05


Tree=6
num_leaves=7
num_cat=0
split_feature=2 2 2 3 2 2
split_gain=6.54239e+07 4.02407e+07 9.11955e+06 7.62939e+06 4.49546e+06 2.83715e+06
threshold=335.12870714285788 -3.2253999999999996 -277.00742857142899 -115.88908020833331 158.84601428571389 512.52300714285604
decision_type=2 2 2 2 2 2
left_child=1 2 -1 -2 -3 -5
right_child=3 4 -4 5 -6 -7
leaf_value=-16.384356776091572 25.421856271730711 -0.20983684664958432 -6.8432266930915162 8.8703850853508417 4.0130376444566265 16.556379161332107
leaf_weight=365 145 5547 803 273 710 221
leaf_count=365 145 5547 803 273 710 221
internal_value=0.000999231 -1.32097 -9.83629 15.34 0.26991 12.3354
internal_weight=8064 7425 1168 639 6257 494
internal_count=8064 7425 1168 639 6257 494
is_linear=0
shrinkage=0.05


Tree=7
num_leaves=7
num_cat=0
split_feature=2 2 2 2 0 2
split_gain=5.93004e+07 3.45837e+07 9.58584e+06 8.31305e+06 3.263e+06 2.27881e+06
threshold=265.1459357142856 -3.2253999999999996 567.89327142857121 -420.10735714285732 7782.923850000001 396.94606428571461
decision_type=2 2 2 2 2 2
left_child=1 3 5 -1 -3 -2
right_child=2 4 -4 -5 -6 -7
leaf_value=-18.113912177952852 6.6776509422892607 0.24522221726606974 21.64384307763844 -7.3050504787179991 -6.8424345526152752 12.723104660029998
leaf_weight=219 355 5878 213 949 166 284
leaf_count=219 355 5878 213 949 166 284
internal_value=0.0011441 -1.47316 12.4679 -9.34547 0.0494582 9.3802
internal_weight=8064 7212 852 1168 6044 639
internal_count=8064 7212 852 1168 6044 639
is_linear=0
shrinkage=0.05


Tree=8
num_leaves=7
num_cat=0
split_feature=2 2 2 2 0 3
split_gain=5.35793e+07 3.09771e+07 9.47819e+06 5.6431e+06 4.18391e+06 2.39193e+06
threshold=249.72337857142819 -74.315885714285727 512.52300714285604 -420.10735714285732 2621.5835500000007 -115.88908020833331
decision_type=2 2 2 2 2 2
left_child=1 3 5 -1 -3 -2
right_child=2 4 -4 -5 -6 -7
leaf_value=-17.212332541075622 13.498698855516494 0.37176007322330595 18.923506457324617 -7.9276696727189346 -2.9945187714530364 6.2298270739190951
leaf_weight=219 148 5141 284 657 1124 491
leaf_count=219 148 5141 284 657 1124 491
internal_value=0.00114287 -1.46463 11.3307 -10.2658 -0.232564 7.93185
internal_weight=8064 7141 923 876 6265 639
internal_count=8064 7141 923 876 6265 639
is_linear=0
shrinkage=0.05


Tree=9
num_leaves=7
num_cat=0
split_feature=2 2 2 3 2 3
split_gain=4.8597e+07 2.98238e+07 7.00271e+06 6.6648e+06 3.69794e+06 2.92902e+06
threshold=335.12870714285788 -3.2253999999999996 -277.00742857142899 -115.88908020833331 158.84601428571389 -67.732559027778152
decision_type=2 2 2 2 2 2
left_child=1 2 -1 -2 -3 -5
right_child=3 4 -4 5 -6 -7
leaf_value=-14.206663838175476 22.637354533231424 -0.20373666450359795 -5.8465036511124673 4.4609794215576066 3.6262816005492513 12.920387266567728
leaf_weight=365 145 5547 803 147 710 347
leaf_count=365 145 5547 803 147 710 347
internal_value=0.00115323 -1.1382 -8.46897 13.2212 0.231377 10.4172
internal_weight=8064 7425 1168 639 6257 494
internal_count=8064 7425 1168 639 6257 494
is_linear=0
shrinkage=0.05


Tree=10
num_leaves=7
num_cat=0
split_feature=2 2 0 2 3 3
split_gain=4.39386e+07 2.78855e+07 6.47546e+06 5.03901e+06 4.151e+06 1.96818e+06
threshold=396.94606428571461 -3.2253999999999996 8300.5566000000017 186.55440000000036 -99.719994791666736 -25.42499618055535
decision_type=2 2 2 2 2 2
left_child=1 2 -1 -3 -2 -6
right_child=4 3 -4 -5 5 -7
leaf_value=-6.3983773199480254 21.450892040415393 -0.14418277788858189 -16.50426037487231 4.3203687849741446 8.0718087106795604 15.730697721819084
leaf_weight=979 147 5689 189 710 201 149
leaf_count=979 147 5689 189 710 201 149
internal_value=0.00124054 -0.945407 -8.04638 0.351778 14.3872 11.3678
internal_weight=8064 7567 1168 6399 497 350
internal_count=8064 7567 1168 6399 497 350
is_linear=0
shrinkage=0.05


Tree=11
num_leaves=7
num_cat=0
split_feature=2 2 2 0 3 1
split_gain=3.98613e+07 2.38544e+07 7.36854e+06 5.20794e+06 3.9816e+06 1.74359e+06
threshold=265.1459357142856 -162.59811428571399 567.89327142857121 3031.1182000000003 55.872129166666817 -251.34880000000018
decision_type=2 2 2 2 2 2
left_child=1 4 5 -3 -1 -2
right_child=2 3 -4 -5 -6 -7
leaf_value=-7.0087076413451106 9.5631318522040143 0.35225315063948864 18.265090835141454 -3.1373942564400057 -15.321829737547567 4.1577836884582631
leaf_weight=313 396 5289 213 1339 271 243
leaf_count=313 396 5289 213 1339 271 243
internal_value=0.00134296 -1.2074 10.2225 -0.353098 -10.8859 7.51729
internal_weight=8064 7212 852 6628 584 639
internal_count=8064 7212 852 6628 584 639
is_linear=0
shrinkage=0.05


Tree=12
num_leaves=7
num_cat=0
split_feature=2 2 2 0 4 1
split_gain=3.61583e+07 2.12957e+07 7.19579e+06 5.21997e+06 3.89844e+06 2.22343e+06
threshold=249.72337857142819 -162.59811428571399 567.89327142857121 2621.5835500000007 -0.36235178784537908 -251.34880000000018
decision_type=2 2 2 2 2 2
left_child=1 4 5 -3 -1 -2
right_child=2 3 -4 -5 -6 -7
leaf_value=-4.2409003393246172 9.1761117934477792 0.34228670861237293 17.356103880828787 -3.1147342511232017 -13.089057108019444 3.4589889615528393
leaf_weight=182 423 5174 213 1383 402 287
leaf_count=182 423 5174 213 1383 402 287
internal_value=0.00131844 -1.2028 9.30851 -0.387231 -10.3435 6.87322
internal_weight=8064 7141 923 6557 584 710
internal_count=8064 7141 923 6557 584 710
is_linear=0
shrinkage=0.05


Tree=13
num_leaves=7
num_cat=0
split_feature=2 1 2 2 3 3
split_gain=3.29014e+07 2.19519e+07 7.68792e+06 6.00814e+06 3.64024e+06 1.86903e+06
threshold=396.94606428571461 174.58124999999998 -420.10735714285732 186.55440000000036 -99.719994791666736 -25.42499618055535
decision_type=2 2 2 2 2 2
left_child=1 3 -3 -1 -2 -6
right_child=4 2 -4 -5 5 -7
leaf_value=-0.29471335461890136 19.057405570552156 -17.16674300334493 -5.7323816476409375 4.8021244137338366 6.4306365614480319 13.870794372558596
leaf_weight=5987 147 182 759 639 201 149
leaf_count=5987 147 182 759 639 201 149
internal_value=0.0013138 -0.817853 -7.95979 0.197467 12.45 9.62851
internal_weight=8064 7567 941 6626 497 350
internal_count=8064 7567 941 6626 497 350
is_linear=0
shrinkage=0.05


Tree=14
num_leaves=7
num_cat=0
split_feature=2 1 0 2 3 3
split_gain=2.97127e+07 1.9818e+07 7.12207e+06 5.42319e+06 3.28792e+06 1.68825e+06
threshold=396.94606428571461 174.58124999999998 8300.5566000000017 186.55440000000036 -99.719994791666736 -25.42499618055535
decision_type=2 2 2 2 2 2
left_child=1 3 -3 -1 -2 -6
right_child=4 2 -4 -5 5 -7
leaf_value=-0.27998014369675589 18.110973430857868 -5.477448249949763 -16.672471417052403 4.5623933346336711 6.1106964542576589 13.181878072102865
leaf_weight=5987 147 767 174 639 201 149
leaf_count=5987 147 767 174 639 201 149
internal_value=0.0013781 -0.777081 -7.56302 0.187628 11.8315 9.14998
internal_weight=8064 7567 941 6626 497 350
internal_count=8064 7567 941 6626 497 350
is_linear=0
shrinkage=0.05


Tree=15
num_leaves=7
num_cat=0
split_feature=2 2 3 3 3 2
split_gain=2.69147e+07 1.7698e+07 4.88612e+06 4.81945e+06 2.76139e+06 2.34871e+06
threshold=335.12870714285788 -3.2253999999999996 55.872129166666817 -115.88908020833331 -67.732559027778152 158.84601428571389
decision_type=2 2 2 2 2 2
left_child=1 2 -1 -2 -5 -3
right_child=3 5 -4 4 -6 -7
leaf_value=-3.9568800917218541 17.839412669612937 -0.13821527398745856 -10.626991126558803 1.7017110560391402 9.8881326837786325 2.914142615931782
leaf_weight=725 145 5547 443 147 347 710
leaf_count=725 145 5547 443 147 347 710
internal_value=0.00143034 -0.846478 -6.49365 9.83981 7.46045 0.208555
internal_weight=8064 7425 1168 639 494 6257
internal_count=8064 7425 1168 639 494 6257
is_linear=0
shrinkage=0.05


Tree=16
num_leaves=7
num_cat=0
split_feature=2 1 2 2 4 1
split_gain=2.45569e+07 1.6712e+07 6.41317e+06 4.39772e+06 2.78578e+06 956652
threshold=396.94606428571461 174.58124999999998 -420.10735714285732 186.55440000000036 -0.10884096748385481 -577.3814000000001
decision_type=2 2 2 2 2 2
left_child=1 3 -3 -1 -2 -6
right_child=4 2 -4 -5 5 -7
leaf_value=-0.24143130496023293 5.9717281679312393 -15.345939146723254 -4.9040254258501683 4.1191542001138446 16.677796201931464 10.885951284831391
leaf_weight=5987 191 182 759 639 147 159
leaf_count=5987 191 182 759 639 147 159
internal_value=0.00146803 -0.706237 -6.93776 0.179654 10.7563 13.7136
internal_weight=8064 7567 941 6626 497 306
internal_count=8064 7567 941 6626 497 306
is_linear=0
shrinkage=0.05


Tree=17
num_leaves=7
num_cat=0
split_feature=2 2 0 2 3 3
split_gain=2.21768e+07 1.53428e+07 4.32859e+06 2.71303e+06 2.65764e+06 1.46892e+06
threshold=396.94606428571461 -3.2253999999999996 8465.6652000000013 158.84601428571389 -99.719994791666736 -25.42499618055535
decision_type=2 2 2 2 2 2
left_child=1 2 -1 -3 -2 -6
right_child=4 3 -4 -5 5 -7
leaf_value=-4.7472105699672005 15.864697945681778 -0.11251310122433698 -13.75741318084977 2.9163581684284168 4.9848894457371982 11.570398797353109
leaf_weight=1015 147 5547 153 852 201 149
leaf_count=1015 147 5547 153 852 201 149
internal_value=0.00150106 -0.671033 -5.93824 0.291161 10.2219 7.81341
internal_weight=8064 7567 1168 6399 497 350
internal_count=8064 7567 1168 6399 497 350
is_linear=0
shrinkage=0.05


Tree=18
num_leaves=7
num_cat=0
split_feature=2 2 2 0 6 1
split_gain=2.01108e+07 1.31171e+07 5.09673e+06 3.95022e+06 3.6078e+06 1.45868e+06
threshold=249.72337857142819 -162.59811428571399 567.89327142857121 3031.1182000000003 -0.043577871373828972 -251.34880000000018
decision_type=2 2 2 2 2 2
left_child=1 4 5 -3 -1 -2
right_child=2 3 -4 -5 -6 -7
leaf_value=-11.90095170544088 6.759550007868488 0.34990050319973692 13.712997102291787 -2.7398538446191356 -4.0240379598642981 2.1332743732310422
leaf_weight=299 423 5271 213 1286 285 287
leaf_count=299 423 5271 213 1286 285 287
internal_value=0.00152967 -0.896482 6.94266 -0.256407 -8.07036 4.89512
internal_weight=8064 7141 923 6557 584 710
internal_count=8064 7141 923 6557 584 710
is_linear=0
shrinkage=0.05


Tree=19
num_leaves=7
num_cat=0
split_feature=2 0 3 2 3 2
split_gain=1.82087e+07 1.17371e+07 6.28086e+06 4.88165e+06 1.91873e+06 658208
threshold=233.69979285714365 3443.4370000000004 -112.5352604166669 567.89327142857121 -124.78350590277749 146.63619999999983
decision_type=2 2 2 2 2 2
left_child=1 5 -3 4 -2 -1
right_child=3 2 -4 -5 -6 -7
leaf_value=0.15423241010598737 -0.60701551198959347 5.1330594951456243 -5.4611535759856622 13.030551244273225 5.6956137061966539 3.2216028494729523
leaf_weight=5188 149 153 1549 213 632 180
leaf_count=5188 149 153 1549 213 632 180
internal_value=0.00147977 -0.889673 -4.50634 6.33448 4.49395 0.257668
internal_weight=8064 7070 1702 994 781 5368
internal_count=8064 7070 1702 994 781 5368
is_linear=0
shrinkage=0.05


Tree=20
num_leaves=6
num_cat=0
split_feature=2 0 2 4 1
split_gain=1.66246e+07 1.25578e+07 6.90372e+06 2.46944e+06 751825
threshold=396.94606428571461 8465.6652000000013 -3.2253999999999996 -0.10884096748385481 -577.3814000000001
decision_type=2 2 2 2 2
left_child=1 2 -1 -2 -5
right_child=3 -3 -4 4 -6
leaf_value=-4.0711943855846497 4.3569727623835206 -12.911358522775755 0.36775719461167738 14.253263918984985 9.1345576164871467
leaf_weight=1015 191 200 6352 147 159
leaf_count=1015 191 200 6352 147 159
internal_value=0.00153701 -0.580755 -0.244296 8.8505 11.632
internal_weight=8064 7567 7367 497 306
internal_count=8064 7567 7367 497 306
is_linear=0
shrinkage=0.05


Tree=21
num_leaves=7
num_cat=0
split_feature=2 2 3 0 6 3
split_gain=1.52475e+07 1.01215e+07 4.62264e+06 3.26746e+06 3.23573e+06 3.06696e+06
threshold=233.69979285714365 -162.59811428571399 -115.88908020833331 1973.2312500000003 -0.043577871373828972 -67.732559027778152
decision_type=2 2 2 2 2 2
left_child=1 4 -2 -3 -1 -4
right_child=2 3 5 -5 -6 -7
leaf_value=-10.739667505383492 11.981299395602326 0.36797415291663738 -0.88254784235626849 -2.2972446280709873 -3.2835502794624625 6.0032353350990704
leaf_weight=299 231 4993 232 1493 285 531
leaf_count=299 231 4993 232 1493 285 531
internal_value=0.00152918 -0.813947 5.79673 -0.245787 -7.11281 3.91111
internal_weight=8064 7070 994 6486 584 763
internal_count=8064 7070 994 6486 584 763
is_linear=0
shrinkage=0.05


Tree=22
num_leaves=5
num_cat=0
split_feature=2 0 2 4
split_gain=1.41391e+07 1.11118e+07 5.6924e+06 1.79537e+06
threshold=438.32330000000007 8465.6652000000013 -3.2253999999999996 -0.15208718494349127
decision_type=2 2 2 2
left_child=1 2 -1 -2
right_child=3 -3 -4 -5
leaf_value=-3.6567711534345246 4.3882391682962583 -12.06437527960775 0.37095291433638689 11.234498163221552
leaf_weight=1015 149 201 6422 277
leaf_count=1015 149 201 6422 277
internal_value=0.00145984 -0.493475 -0.179168 8.8558
internal_weight=8064 7638 7437 426
internal_count=8064 7638 7437 426
is_linear=0
shrinkage=0.05


Tree=23
num_leaves=6
num_cat=0
split_feature=2 0 0 3 3
split_gain=1.28207e+07 8.51726e+06 4.56174e+06 4.14685e+06 2.81123e+06
threshold=233.69979285714365 8465.6652000000013 1973.2312500000003 -115.88908020833331 1.0000000180025095e-35
decision_type=2 2 2 2 2
left_child=1 2 -1 -2 -5
right_child=3 -3 -4 4 -6
leaf_value=0.33377731752460305 11.172721682874293 -11.189508769888628 -2.5508372402318562 1.2266472504501051 7.5291421572794626
leaf_weight=4993 231 189 1888 485 278
leaf_count=4993 231 189 1888 485 278
internal_value=0.00138851 -0.74638 -0.457955 5.31543 3.52982
internal_weight=8064 7070 6881 994 763
internal_count=8064 7070 6881 994 763
is_linear=0
shrinkage=0.05


Tree=24
num_leaves=6
num_cat=0
split_feature=2 1 2 2 1
split_gain=1.20036e+07 9.55797e+06 4.46287e+06 3.01308e+06 1.63639e+06
threshold=438.32330000000007 174.58124999999998 -420.10735714285732 158.84601428571389 -577.3814000000001
decision_type=2 2 2 2 2
left_child=1 3 -3 -1 -2
right_child=4 2 -4 -5 -6
leaf_value=-0.18850543184147445 11.406497744317441 -12.173289770637055 -3.4708456435663253 3.030216002539698 5.1663597051054246
leaf_weight=5863 203 182 764 829 223
leaf_count=5863 203 182 764 829 223
internal_value=0.00135953 -0.45467 -5.15619 0.210621 8.1597
internal_weight=8064 7638 946 6692 426
internal_count=8064 7638 946 6692 426
is_linear=0
shrinkage=0.05


Tree=25
num_leaves=5
num_cat=0
split_feature=2 0 2 4
split_gain=1.08386e+07 8.7205e+06 4.4315e+06 1.58944e+06
threshold=438.32330000000007 8465.6652000000013 -74.315885714285727 -0.15208718494349127
decision_type=2 2 2 2
left_child=1 2 -1 -2
right_child=3 -3 -4 -5
leaf_value=-3.8475628818940026 3.5562701825300858 -10.682543078743585 0.24960272305554654 9.9905349687706657
leaf_weight=731 149 201 6706 277
leaf_count=731 149 201 6706 277
internal_value=0.00131494 -0.43202 -0.15358 7.75365
internal_weight=8064 7638 7437 426
internal_count=8064 7638 7437 426
is_linear=0
shrinkage=0.05


Tree=26
num_leaves=7
num_cat=0
split_feature=2 0 3 6 3 3
split_gain=9.83433e+06 8.26433e+06 4.88074e+06 1.15882e+07 4.14469e+06 2.82557e+06
threshold=158.84601428571389 1785.7138500000003 -115.88908020833331 -0.1736481776669305 -112.5352604166669 -67.732559027778152
decision_type=2 2 2 2 2 2
left_child=1 -1 3 -2 -3 -4
right_child=2 4 5 -5 -6 -7
leaf_value=0.29668528102277181 19.382107828647499 4.4563523552189137 -1.5664762830258878 -0.50457387887198357 -4.328568810594648 4.0307660324430401
leaf_weight=4874 148 145 325 144 1696 732
leaf_count=4874 148 145 325 144 1696 732
internal_value=0.00124464 -0.781509 3.8953 9.60673 -3.63461 2.30991
internal_weight=8064 6715 1349 292 1841 1057
internal_count=8064 6715 1349 292 1841 1057
is_linear=0
shrinkage=0.05


Tree=27
num_leaves=5
num_cat=0
split_feature=2 0 2 1
split_gain=9.19411e+06 7.65059e+06 3.56706e+06 1.40153e+06
threshold=438.32330000000007 8465.6652000000013 -74.315885714285727 -577.3814000000001
decision_type=2 2 2 2
left_child=1 2 -1 -2
right_child=3 -3 -4 -5
leaf_value=-3.451159139356164 10.144531690899065 -9.9989302099341231 0.22473559215624941 4.3744231294907099
leaf_weight=731 203 201 6706 223
leaf_count=731 203 201 6706 223
internal_value=0.00131736 -0.397792 -0.136992 7.14135
internal_weight=8064 7638 7437 426
internal_count=8064 7638 7437 426
is_linear=0
shrinkage=0.05


Tree=28
num_leaves=7
num_cat=0
split_feature=1 2 2 3 0 3
split_gain=8.52606e+06 8.33263e+06 3.59362e+06 2.33978e+06 1.23388e+06 1.19588e+06
threshold=174.58124999999998 249.72337857142819 -420.10735714285732 -115.88908020833331 7782.923850000001 -115.88908020833331
decision_type=2 2 2 2 2 2
left_child=1 5 -2 -3 -4 -1
right_child=2 3 4 -5 -6 -7
leaf_value=1.7969947270413702 -10.741010014085823 9.7684241682149793 -1.7311015955026292 3.7059984945460709 -6.2637639030596111 -0.30279682010713183
leaf_weight=773 182 210 566 659 204 5470
leaf_count=773 182 210 566 659 204 5470
internal_value=0.00125951 0.596284 -4.43989 5.18057 -2.93853 -0.0425573
internal_weight=8064 7112 952 869 770 6243
internal_count=8064 7112 952 869 770 6243
is_linear=0
shrinkage=0.05


Tree=29
num_leaves=4
num_cat=0
split_feature=2 0 2
split_gain=7.82481e+06 6.59455e+06 3.12498e+06
threshold=512.52300714285604 8465.6652000000013 -3.2253999999999996
decision_type=2 2 2
left_child=1 2 -1
right_child=-2 -3 -4
leaf_value=-2.6397041830256232 8.1383377595742541 -9.2129785504966684 0.34013654912304864
leaf_weight=1015 284 201 6564
leaf_count=1015 284 201 6564
internal_value=0.00117317 -0.296872 -0.0592273
internal_weight=8064 7780 7579
internal_count=8064 7780 7579
is_linear=0
shrinkage=0.05


Tree=30
num_leaves=7
num_cat=0
split_feature=2 5 3 6 3 3
split_gain=7.21212e+06 6.1359e+06 4.01164e+06 1.02751e+07 3.37143e+06 2.60215e+06
threshold=158.84601428571389 -0.32136297141497067 -115.88908020833331 -0.1736481776669305 -112.5352604166669 -67.732559027778152
decision_type=2 2 2 2 2 2
left_child=1 4 3 -2 -1 -4
right_child=2 -3 5 -5 -6 -7
leaf_value=4.1171840970516209 17.718694889785461 0.27754242846754434 -1.8205550217738182 -1.004076078636893 -3.6989601483526897 3.5503007558000363
leaf_weight=149 148 4823 325 144 1743 732
leaf_count=149 148 4823 325 144 1743 732
internal_value=0.00109359 -0.669229 3.33583 8.51363 -3.08157 1.89874
internal_weight=8064 6715 1349 292 1892 1057
internal_count=8064 6715 1349 292 1892 1057
is_linear=0
shrinkage=0.05


Tree=31
num_leaves=4
num_cat=0
split_feature=2 0 2
split_gain=6.72049e+06 5.78463e+06 2.54443e+06
threshold=512.52300714285604 8465.6652000000013 158.84601428571389
decision_type=2 2 2
left_child=1 2 -1
right_child=-2 -3 -4
leaf_value=-0.41996714716505157 7.5422908142365914 -8.6257124472372606 2.2307919667672178
leaf_weight=6529 284 201 1050
leaf_count=6529 284 201 1050
internal_value=0.00115758 -0.275057 -0.0524833
internal_weight=8064 7780 7579
internal_count=8064 7780 7579
is_linear=0
shrinkage=0.05


Tree=32
num_leaves=7
num_cat=0
split_feature=1 2 2 3 0 0
split_gain=6.47027e+06 6.00206e+06 2.96874e+06 1.88354e+06 1.03349e+06 987855
threshold=174.58124999999998 249.72337857142819 -420.10735714285732 -115.88908020833331 99.984150000000014 7709.8231000000005
decision_type=2 2 2 2 2 2
left_child=1 4 -2 -3 -1 -4
right_child=2 3 5 -5 -6 -7
leaf_value=0.40373305943826754 -9.5945571610836389 8.525834856722593 -1.3696303768110449 3.0877361615995564 -0.99285941761539886 -5.3369218703833496
leaf_weight=4337 182 210 551 659 1906 219
leaf_count=4337 182 210 551 659 1906 219
internal_value=0.0011042 0.519453 -3.86775 4.41018 -0.0227401 -2.50345
internal_weight=8064 7112 952 869 6243 770
internal_count=8064 7112 952 869 6243 770
is_linear=0
shrinkage=0.05


Tree=33
num_leaves=6
num_cat=0
split_feature=1 2 0 6 2
split_gain=5.85577e+06 6.19196e+06 2.90426e+06 1.95951e+06 1.92636e+06
threshold=72.559750000000136 512.52300714285604 8465.6652000000013 -0.95280922353748843 158.84601428571389
decision_type=2 2 2 2 2
left_child=1 4 3 -2 -1
right_child=2 -3 -4 -5 -6
leaf_value=-0.067856510367989009 -7.4984288486995201 7.938471896564419 -9.5529031887747884 -1.3980964051781581 2.4174135353280519
leaf_weight=5593 151 274 152 989 905
leaf_count=5593 151 274 152 989 905
internal_value=0.00101628 0.589645 -3.08234 -2.21199 0.278595
internal_weight=8064 6772 1292 1140 6498
internal_count=8064 6772 1292 1140 6498
is_linear=0
shrinkage=0.05


Tree=34
num_leaves=7
num_cat=0
split_feature=1 2 2 3 3 0
split_gain=5.31599e+06 4.92174e+06 2.58891e+06 1.69597e+06 964184 855191
threshold=174.58124999999998 249.72337857142819 -420.10735714285732 -115.88908020833331 -115.88908020833331 7709.8231000000005
decision_type=2 2 2 2 2 2
left_child=1 4 -2 -3 -1 -4
right_child=2 3 5 -5 -6 -7
leaf_value=1.631541545746622 -8.8536263398459703 7.8988421137299021 -1.177343249893275 2.7395557303213036 -0.25389745577256034 -4.8682593581893236
leaf_weight=773 182 210 551 659 5470 219
leaf_count=773 182 210 551 659 5470 219
internal_value=0.000914878 0.470758 -3.5059 3.99398 -0.020221 -2.23205
internal_weight=8064 7112 952 869 6243 770
internal_count=8064 7112 952 869 6243 770
is_linear=0
shrinkage=0.05


Tree=35
num_leaves=6
num_cat=0
split_feature=1 2 0 6 2
split_gain=4.8415e+06 5.31932e+06 2.46267e+06 1.76923e+06 1.55293e+06
threshold=72.559750000000136 512.52300714285604 8465.6652000000013 -0.95280922353748843 158.84601428571389
decision_type=2 2 2 2 2
left_child=1 4 3 -2 -1
right_child=2 -3 -4 -5 -6
leaf_value=-0.063281841755637877 -7.02443805403309 7.3474147719903433 -8.7610852185807211 -1.2281246348402719 2.1681334257816638
leaf_weight=5593 151 274 152 989 905
leaf_count=5593 151 274 152 989 905
internal_value=0.000851248 0.53608 -2.80279 -2.00137 0.247781
internal_weight=8064 6772 1292 1140 6498
internal_count=8064 6772 1292 1140 6498
is_linear=0
shrinkage=0.05


Tree=36
num_leaves=6
num_cat=0
split_feature=1 2 0 6 3
split_gain=4.40332e+06 4.83212e+06 2.66748e+06 1.33987e+06 1.05567e+06
threshold=17.782099999999904 512.52300714285604 8465.6652000000013 -0.95280922353748843 -115.88908020833331
decision_type=2 2 2 2 2
left_child=1 4 3 -2 -1
right_child=2 -3 -4 -5 -6
leaf_value=1.8768955389486555 -5.9918195161922476 7.0590714187952734 -8.6559464048570209 -1.1416061874130106 0.01406095230586539
leaf_weight=884 161 273 154 1184 5408
leaf_count=884 161 273 154 1184 5408
internal_value=0.000761813 0.559137 -2.44343 -1.72621 0.276038
internal_weight=8064 6565 1499 1345 6292
internal_count=8064 6565 1499 1345 6292
is_linear=0
shrinkage=0.05


Tree=37
num_leaves=7
num_cat=0
split_feature=1 2 2 3 1 0
split_gain=3.97918e+06 3.77962e+06 2.1805e+06 1.48798e+06 974569 707277
threshold=174.58124999999998 249.72337857142819 -420.10735714285732 -115.88908020833331 -335.70015000000006 7709.8231000000005
decision_type=2 2 2 2 2 2
left_child=1 4 -2 -3 -1 -4
right_child=2 3 5 -5 -6 -7
leaf_value=-3.1888164168749102 -7.9408305734233124 7.151658236084427 -0.90580360292308582 2.3202373893558979 0.10016432412680176 -4.2617763033780189
leaf_weight=233 182 210 551 659 6010 219
leaf_count=233 182 210 551 659 6010 219
internal_value=0.000681327 0.407179 -3.03333 3.49466 -0.0230774 -1.86458
internal_weight=8064 7112 952 869 6243 770
internal_count=8064 7112 952 869 6243 770
is_linear=0
shrinkage=0.05


Tree=38
num_leaves=4
num_cat=0
split_feature=2 0 2
split_gain=3.75617e+06 3.30997e+06 1.70702e+06
threshold=567.89327142857121 8300.5566000000017 158.84601428571389
decision_type=2 2 2
left_child=1 2 -1
right_child=-2 -3 -4
leaf_value=-0.29474206888402732 6.5363797041369942 -5.6597521861693023 1.8321559947267501
leaf_weight=6483 213 265 1103
leaf_count=6483 213 265 1103
internal_value=0.000605557 -0.177522 0.0147084
internal_weight=8064 7851 7586
internal_count=8064 7851 7586
is_linear=0
shrinkage=0.05


Tree=39
num_leaves=6
num_cat=0
split_feature=1 2 0 6 3
split_gain=3.56102e+06 3.79836e+06 2.06747e+06 1.21036e+06 893141
threshold=17.782099999999904 512.52300714285604 8465.6652000000013 -0.95280922353748843 -115.88908020833331
decision_type=2 2 2 2 2
left_child=1 4 3 -2 -1
right_child=2 -3 -4 -5 -6
leaf_value=1.7242053915551829 -5.6200805931179616 6.2655873542773897 -7.666874992001441 -1.0104089990145044 0.010763734679467347
leaf_weight=884 161 273 154 1184 5408
leaf_count=884 161 273 154 1184 5408
internal_value=0.000590255 0.502728 -2.19744 -1.56596 0.251731
internal_weight=8064 6565 1499 1345 6292
internal_count=8064 6565 1499 1345 6292
is_linear=0
shrinkage=0.05


Tree=40
num_leaves=7
num_cat=0
split_feature=3 3 0 6 6 3
split_gain=3.27588e+06 2.33764e+07 3.79423e+06 2.01373e+06 1.70661e+06 177869
threshold=-115.88908020833331 -124.78350590277749 8181.517600000001 -0.76604444311897735 -0.76604444311897735 26.249189930555534
decision_type=2 2 2 2 2 2
left_child=1 3 4 -1 -2 -4
right_child=2 -3 5 -5 -6 -7
leaf_value=3.9628966686114597 -1.5571230033021872 21.242812790634304 -7.1470080774657578 -1.7683461771790911 0.30842964289929509 -4.6271806796135442
leaf_weight=198 1608 144 146 666 5148 154
leaf_count=198 1608 144 146 666 5148 154
internal_value=0.000521701 2.66535 -0.380492 -0.451873 -0.135757 -5.87317
internal_weight=8064 1008 7056 864 6756 300
internal_count=8064 1008 7056 864 6756 300
is_linear=0
shrinkage=0.05


Tree=41
num_leaves=6
num_cat=0
split_feature=1 2 0 6 2
split_gain=3.06652e+06 3.4137e+06 1.73e+06 1.06789e+06 682687
threshold=17.782099999999904 512.52300714285604 8465.6652000000013 -0.95280922353748843 158.84601428571389
decision_type=2 2 2 2 2
left_child=1 4 3 -2 -1
right_child=2 -3 -4 -5 -6
leaf_value=0.019712810815513453 -5.2695250561207905 5.929799864283444 -7.0423755847254119 -0.93965730064717534 1.5270585407426052
leaf_weight=5421 161 273 154 1184 871
leaf_count=5421 161 273 154 1184 871
internal_value=0.000560185 0.466531 -2.03915 -1.46148 0.228584
internal_weight=8064 6565 1499 1345 6292
internal_count=8064 6565 1499 1345 6292
is_linear=0
shrinkage=0.05


Tree=42
num_leaves=7
num_cat=0
split_feature=3 3 0 4 6 3
split_gain=2.88681e+06 2.11184e+07 3.2044e+06 1.90349e+06 1.50626e+06 179194
threshold=-115.88908020833331 -124.78350590277749 8181.517600000001 0.065387565056497135 -0.76604444311897735 26.249189930555534
decision_type=2 2 2 2 2 2
left_child=1 3 4 -1 -2 -4
right_child=2 -3 5 -5 -6 -7
leaf_value=-2.7089118497747675 -1.4675981684366208 20.159567023556811 -6.6776530385828341 1.9835589167008916 0.2850356210488374 -4.1629652367099643
leaf_weight=450 1608 144 146 414 5148 154
leaf_count=450 1608 144 146 414 5148 154
internal_value=0.000496376 2.50208 -0.357176 -0.460743 -0.132265 -5.4049
internal_weight=8064 1008 7056 864 6756 300
internal_count=8064 1008 7056 864 6756 300
is_linear=0
shrinkage=0.05


Tree=43
num_leaves=5
num_cat=0
split_feature=2 1 2 2
split_gain=2.74377e+06 2.21329e+06 1.75275e+06 1.12373e+06
threshold=567.89327142857121 174.58124999999998 -420.10735714285732 186.55440000000036
decision_type=2 2 2 2
left_child=1 3 -3 -1
right_child=-2 2 -4 -5
leaf_value=-0.089214494768278182 5.5864768217935747 -6.8105848890836134 -1.3631309375766811 1.7930325900410311
leaf_weight=5987 213 182 769 913
leaf_count=5987 213 182 769 913
internal_value=0.000517492 -0.151723 -2.41171 0.160066
internal_weight=8064 7851 951 6900
internal_count=8064 7851 951 6900
is_linear=0
shrinkage=0.05


Tree=44
num_leaves=7
num_cat=0
split_feature=3 3 0 0 6 3
split_gain=2.54733e+06 1.90881e+07 2.76636e+06 1.79444e+06 1.35697e+06 181470
threshold=-115.88908020833331 -124.78350590277749 8181.517600000001 6526.0626000000002 -0.76604444311897735 26.249189930555534
decision_type=2 2 2 2 2 2
left_child=1 3 4 -1 -2 -4
right_child=2 -3 5 -5 -6 -7
leaf_value=0.5843196949845243 -1.3939554099620981 19.137650271448596 -6.301908578191485 -5.3988776437546084 0.26955677345156331 -3.7826215924755218
leaf_weight=713 1608 144 146 151 5148 154
leaf_count=713 1608 144 146 151 5148 154
internal_value=0.000486152 2.35038 -0.335499 -0.466387 -0.126525 -5.02554
internal_weight=8064 1008 7056 864 6756 300
internal_count=8064 1008 7056 864 6756 300
is_linear=0
shrinkage=0.05


Tree=45
num_leaves=5
num_cat=0
split_feature=2 1 2 2
split_gain=2.50445e+06 1.88662e+06 1.5606e+06 1.02099e+06
threshold=567.89327142857121 174.58124999999998 -420.10735714285732 186.55440000000036
decision_type=2 2 2 2
left_child=1 3 -3 -1
right_child=-2 2 -4 -5
leaf_value=-0.094715472634909106 5.3372707519275533 -6.382218354219785 -1.2421601128500779 1.6994201643687941
leaf_weight=5987 213 182 769 913
leaf_count=5987 213 182 769 913
internal_value=0.00048115 -0.144969 -2.23152 0.142894
internal_weight=8064 7851 951 6900
internal_count=8064 7851 951 6900
is_linear=0
shrinkage=0.05


Tree=46
num_leaves=5
num_cat=0
split_feature=2 1 2 2
split_gain=2.26138e+06 1.7033e+06 1.4094e+06 924217
threshold=567.89327142857121 174.58124999999998 -420.10735714285732 158.84601428571389
decision_type=2 2 2 2
left_child=1 3 -3 -1
right_child=-2 2 -4 -5
leaf_value=-0.10768778795112938 5.0716542221675418 -6.0648512909321184 -1.1801328244660194 1.510953280555088
leaf_weight=5863 213 182 769 1037
leaf_count=5863 213 182 769 1037
internal_value=0.000452853 -0.137759 -2.12035 0.135761
internal_weight=8064 7851 951 6900
internal_count=8064 7851 951 6900
is_linear=0
shrinkage=0.05


Tree=47
num_leaves=7
num_cat=0
split_feature=3 3 0 6 3 3
split_gain=2.19725e+06 1.72634e+07 2.28522e+06 1.74044e+06 1.30856e+06 200636
threshold=-115.88908020833331 -124.78350590277749 8181.517600000001 -0.76604444311897735 -67.732559027778152 26.249189930555534
decision_type=2 2 2 2 2 2
left_child=1 3 4 -1 -2 -4
right_child=2 -3 5 -5 -6 -7
leaf_value=3.6085883743199876 -1.3361013454198838 18.147605566485176 -5.9097762638006088 -1.7196175189233616 0.27693932689206513 -3.2783014885840878
leaf_weight=198 1669 144 146 666 5087 154
leaf_count=198 1669 144 146 666 5087 154
internal_value=0.000425445 2.18288 -0.311619 -0.49581 -0.121684 -4.57433
internal_weight=8064 1008 7056 864 6756 300
internal_count=8064 1008 7056 864 6756 300
is_linear=0
shrinkage=0.05


Tree=48
num_leaves=5
num_cat=0
split_feature=2 1 3 2
split_gain=2.03674e+06 1.50607e+06 1.22452e+06 680978
threshold=567.89327142857121 17.782099999999904 34.629392708333405 285.17104999999998
decision_type=2 2 2 2
left_child=1 3 -3 -1
right_child=-2 2 -4 -5
leaf_value=0.056481996497612534 4.8132000836535038 -0.030523586511611939 -2.8977184605979862 2.0058837190055359
leaf_weight=5872 213 699 796 484
leaf_count=5872 213 699 796 484
internal_value=0.000464856 -0.130702 -1.55805 0.205218
internal_weight=8064 7851 1495 6356
internal_count=8064 7851 1495 6356
is_linear=0
shrinkage=0.05


Tree=49
num_leaves=7
num_cat=0
split_feature=3 3 0 0 3 3
split_gain=1.93459e+06 1.55982e+07 2.0175e+06 1.72438e+06 1.239e+06 200962
threshold=-115.88908020833331 -124.78350590277749 8181.517600000001 6526.0626000000002 -111.63647187500008 26.249189930555534
decision_type=2 2 2 2 2 2
left_child=1 3 4 -1 -2 -4
right_child=2 -3 5 -5 -6 -7
leaf_value=0.53216576009300076 -3.3947871625423431 17.223587376084822 -5.6318224608898166 -5.3330872300620147 0.025845802069975846 -3.0044624251704062
leaf_weight=713 275 144 146 151 6481 154
leaf_count=713 275 144 146 151 6481 154
internal_value=0.000466078 2.04832 -0.292334 -0.497876 -0.113871 -4.29757
internal_weight=8064 1008 7056 864 6756 300
internal_count=8064 1008 7056 864 6756 300
is_linear=0
shrinkage=0.05


Tree=50
num_leaves=4
num_cat=0
split_feature=2 3 1
split_gain=1.86144e+06 1.36094e+06 2.92609e+06
threshold=567.89327142857121 328.78225173611105 702.22895000000028
decision_type=2 2 2
left_child=1 2 -1
right_child=-2 -3 -4
leaf_value=-0.074274964553123088 4.6014134913404412 4.6741545400948361 -6.9494475758952809
leaf_weight=7550 213 144 157
leaf_count=7550 213 144 157
internal_value=0.000445371 -0.12495 -0.215213
internal_weight=8064 7851 7707
internal_count=8064 7851 7707
is_linear=0
shrinkage=0.05


Tree=51
num_leaves=7
num_cat=0
split_feature=3 3 0 4 4 2
split_gain=1.73336e+06 1.41035e+07 1.85952e+06 2.75258e+06 1.63859e+06 574986
threshold=-115.88908020833331 -124.78350590277749 4047.4541000000004 0.34202014332566882 0.065387565056497135 218.30065714285686
decision_type=2 2 2 2 2 2
left_child=1 4 5 -4 -1 -2
right_child=2 -3 3 -5 -6 -7
leaf_value=-2.5680836045160529 0.142278676578694 16.368715214030498 -0.21057486438051154 -4.0407070724722232 1.7856788612291756 3.0054579792933152
leaf_weight=450 4802 144 1357 716 414 181
leaf_count=450 4802 144 1357 716 414 181
internal_value=0.000437065 1.93886 -0.276717 -1.53479 -0.482253 0.246862
internal_weight=8064 1008 7056 2073 864 4983
internal_count=8064 1008 7056 2073 864 4983
is_linear=0
shrinkage=0.05


Tree=52
num_leaves=4
num_cat=0
split_feature=2 0 2
split_gain=1.69085e+06 1.26074e+06 851292
threshold=567.89327142857121 8465.6652000000013 158.84601428571389
decision_type=2 2 2
left_child=1 2 -1
right_child=-2 -3 -4
leaf_value=-0.23465531720013244 4.3855743268939937 -4.0179644669636643 1.2562280677750364
leaf_weight=6529 213 201 1121
leaf_count=6529 213 201 1121
internal_value=0.000504991 -0.119007 -0.0160517
internal_weight=8064 7851 7650
internal_count=8064 7851 7650
is_linear=0
shrinkage=0.05


Tree=53
num_leaves=7
num_cat=0
split_feature=3 3 0 3 0 6
split_gain=1.54099e+06 1.27384e+07 1.72606e+06 2.63621e+06 1.60711e+06 16531.6
threshold=-115.88908020833331 -124.78350590277749 99.984150000000014 -99.719994791666736 6526.0626000000002 -0.76604444311897735
decision_type=2 2 2 2 2 2
left_child=1 4 5 -4 -1 -2
right_child=2 -3 3 -5 -6 -7
leaf_value=0.52162819551369199 0.66800962606053449 15.541931619459186 -6.6085324066526754 -0.73740338136626438 -5.1406672308319497 0.40975392675434863
leaf_weight=713 784 144 203 3054 151 3015
leaf_count=713 784 144 203 3054 151 3015
internal_value=0.000488364 1.82819 -0.260834 -1.10525 -0.472762 0.463212
internal_weight=8064 1008 7056 3257 864 3799
internal_count=8064 1008 7056 3257 864 3799
is_linear=0
shrinkage=0.05


Tree=54
num_leaves=7
num_cat=0
split_feature=2 3 3 0 3 3
split_gain=1.59614e+06 2.34552e+06 4.44636e+06 1.76849e+06 2.3099e+06 290623
threshold=158.84601428571389 -135.92341701388861 -99.719994791666736 99.984150000000014 -115.88908020833331 -115.88908020833331
decision_type=2 2 2 2 2 2
left_child=3 -2 -3 5 -5 -1
right_child=1 2 -4 4 -6 -7
leaf_value=-0.80063737720693418 -3.3729329966154751 9.478338072972095 1.0673751547156523 4.0532951501494683 -1.8540664820067807 0.4400655222595915
leaf_weight=538 203 187 959 178 2200 3799
leaf_count=538 203 187 959 178 2200 3799
internal_value=0.000492786 1.56928 2.44691 -0.314853 -1.41037 0.286009
internal_weight=8064 1349 1146 6715 2378 4337
internal_count=8064 1349 1146 6715 2378 4337
is_linear=0
shrinkage=0.05


Tree=55
num_leaves=4
num_cat=0
split_feature=2 3 1
split_gain=1.50057e+06 1.27979e+06 2.4559e+06
threshold=567.89327142857121 328.78225173611105 702.22895000000028
decision_type=2 2 2
left_child=1 2 -1
right_child=-2 -3 -4
leaf_value=-0.070474798588614759 4.1314922878118319 4.5417738993003454 -6.3690827896323388
leaf_weight=7550 213 144 157
leaf_count=7550 213 144 157
internal_value=0.000524027 -0.112062 -0.199594
internal_weight=8064 7851 7707
internal_count=8064 7851 7707
is_linear=0
shrinkage=0.05


Tree=56
num_leaves=6
num_cat=0
split_feature=2 4 3 1 3
split_gain=1.39624e+06 1.44665e+06 1.20258e+06 2.15098e+06 501557
threshold=335.12870714285788 -0.10884096748385481 328.78225173611105 702.22895000000028 -73.682649999999953
decision_type=2 2 2 2 2
left_child=2 -2 3 -1 -3
right_child=1 4 -4 -5 -6
leaf_value=-0.15436784069931561 -0.82443870427202881 6.1370450662939176 4.3162511859680048 -6.0526442118083379 2.5378862626332306
leaf_weight=7124 240 170 144 157 229
leaf_count=7124 240 170 144 157 229
internal_value=0.000511667 2.24134 -0.192611 -0.282366 4.08287
internal_weight=8064 639 7425 7281 399
internal_count=8064 639 7425 7281 399
is_linear=0
shrinkage=0.05


Tree=57
num_leaves=7
num_cat=0
split_feature=3 3 6 0 3 2
split_gain=1.31146e+06 1.12986e+07 1.54539e+06 1.52049e+06 2.63805e+06 406935
threshold=-115.88908020833331 -124.78350590277749 -0.08715574274765843 3838.1920500000006 -87.089065972222429 218.30065714285686
decision_type=2 2 2 2 2 2
left_child=1 2 -1 5 -5 -2
right_child=3 -3 -4 4 -6 -7
leaf_value=1.7842308922234009 0.15793865078379316 14.602115787637644 -2.450427487102985 -7.2191993954168128 -0.82777700277921074 2.6837612094335035
leaf_weight=402 4759 144 462 175 1958 164
leaf_count=402 4759 144 462 175 1958 164
internal_value=0.000523031 1.68662 -0.48035 -0.240553 -1.35529 0.242609
internal_weight=8064 1008 864 7056 2133 4923
internal_count=8064 1008 864 7056 2133 4923
is_linear=0
shrinkage=0.05


Tree=58
num_leaves=7
num_cat=0
split_feature=2 3 3 0 6 3
split_gain=1.31369e+06 2.15313e+06 3.86669e+06 1.44995e+06 2.17466e+06 290097
threshold=158.84601428571389 -135.92341701388861 -99.719994791666736 99.984150000000014 -0.42261826174069911 -115.88908020833331
decision_type=2 2 2 2 2 2
left_child=3 -2 -3 5 -5 -1
right_child=1 2 -4 4 -6 -7
leaf_value=-0.82711941913903753 -3.3112452749528138 8.8217647363213789 0.97824002159487766 -3.272024092719835 -0.13163758604516271 0.4124490085234131
leaf_weight=538 203 187 959 867 1511 3799
leaf_count=538 203 187 959 867 1511 3799
internal_value=0.000551033 1.42378 2.26469 -0.285537 -1.27749 0.258527
internal_weight=8064 1349 1146 6715 2378 4337
internal_count=8064 1349 1146 6715 2378 4337
is_linear=0
shrinkage=0.05


Tree=59
num_leaves=4
num_cat=0
split_feature=2 3 3
split_gain=1.22618e+06 1.05843e+06 2.09186e+06
threshold=567.89327142857121 328.78225173611105 151.79005486111103
decision_type=2 2 2
left_child=1 2 -1
right_child=-2 -3 -4
leaf_value=-0.066775227766158976 3.7347731845401158 4.1310202396327051 -6.1296301413404528
leaf_weight=7563 213 144 144
leaf_count=7563 213 144 144
internal_value=0.000540013 -0.101234 -0.180836
internal_weight=8064 7851 7707
internal_count=8064 7851 7707
is_linear=0
shrinkage=0.05


Tree=60
num_leaves=7
num_cat=0
split_feature=3 3 0 0 3 3
split_gain=1.21227e+06 9.97229e+06 1.52612e+06 1.461e+06 1.2104e+06 206555
threshold=-115.88908020833331 -124.78350590277749 6526.0626000000002 8181.517600000001 -67.732559027778152 26.249189930555534
decision_type=2 2 2 2 2 2
left_child=1 2 -1 4 -2 -5
right_child=3 -3 -4 5 -6 -7
leaf_value=0.55469972019498592 -1.2473759133997793 13.755388834065407 -4.9630572243740687 -4.9873743511381612 0.30398294541812004 -2.3379663048444259
leaf_weight=713 1669 144 151 146 5087 154
leaf_count=713 1669 144 151 146 5087 154
internal_value=0.000523364 1.62161 -0.414253 -0.231257 -0.0793921 -3.63963
internal_weight=8064 1008 864 7056 6756 300
internal_count=8064 1008 864 7056 6756 300
is_linear=0
shrinkage=0.05


Tree=61
num_leaves=7
num_cat=0
split_feature=2 3 3 0 6 3
split_gain=1.15557e+06 1.86428e+06 3.36103e+06 1.26264e+06 1.97235e+06 313096
threshold=158.84601428571389 -135.92341701388861 -99.719994791666736 11.090300000000001 -0.42261826174069911 -115.88908020833331
decision_type=2 2 2 2 2 2
left_child=3 -2 -3 5 -5 -1
right_child=1 2 -4 4 -6 -7
leaf_value=-0.88629033674608992 -3.0706672229895404 8.2311244211456884 0.91840940229594714 -3.0879421177279411 -0.12079079914086535 0.41226212486527136
leaf_weight=529 203 187 959 867 1579 3740
leaf_count=529 203 187 959 867 1579 3740
internal_value=0.000503883 1.33534 2.11781 -0.267815 -1.17335 0.25118
internal_weight=8064 1349 1146 6715 2446 4269
internal_count=8064 1349 1146 6715 2446 4269
is_linear=0
shrinkage=0.05


Tree=62
num_leaves=7
num_cat=0
split_feature=3 3 3 3 5 2
split_gain=1.132e+06 8.79851e+06 1.54846e+06 1.32451e+06 2.06513e+06 1.2514e+06
threshold=-115.88908020833331 -124.78350590277749 -181.02418715277767 -111.63647187500008 1.0000000180025095e-35 -277.00742857142899
decision_type=2 2 2 2 2 2
left_child=1 2 -1 4 -2 -5
right_child=3 -3 -4 5 -6 -7
leaf_value=2.6425297085182891 -7.7506060174415854 12.964317664771244 -1.8412927510710742 -2.9420132704202642 0.69826393061670766 0.079664111401533746
leaf_weight=288 144 144 576 361 144 6407
leaf_count=288 144 144 576 361 144 6407
internal_value=0.000493546 1.56699 -0.345358 -0.223482 -3.53837 -0.0819207
internal_weight=8064 1008 864 7056 288 6768
internal_count=8064 1008 864 7056 288 6768
is_linear=0
shrinkage=0.05


Tree=63
num_leaves=4
num_cat=0
split_feature=2 3 3
split_gain=1.07919e+06 990373 1.8917e+06
threshold=567.89327142857121 328.78225173611105 151.79005486111103
decision_type=2 2 2
left_child=1 2 -1
right_child=-2 -3 -4
leaf_value=-0.063520638214494191 3.5037614638560286 3.9989457617134883 -5.8290205666320078
leaf_weight=7563 213 144 144
leaf_count=7563 213 144 144
internal_value=0.000492746 -0.0949861 -0.171987
internal_weight=8064 7851 7707
internal_count=8064 7851 7707
is_linear=0
shrinkage=0.05


Tree=64
num_leaves=7
num_cat=0
split_feature=3 3 4 0 3 3
split_gain=1.0143e+06 7.95065e+06 1.41157e+06 1.25171e+06 1.0979e+06 188925
threshold=-115.88908020833331 -124.78350590277749 0.065387565056497135 8181.517600000001 -67.732559027778152 26.249189930555534
decision_type=2 2 2 2 2 2
left_child=1 2 -1 4 -2 -5
right_child=3 -3 -4 5 -6 -7
leaf_value=-2.2706212857213623 -1.1833475771303217 12.317575766793613 1.7702485668515586 -4.654620564551581 0.29415582584309813 -2.122843766327827
leaf_weight=450 1669 144 414 146 5087 154
leaf_count=450 1669 144 414 146 5087 154
internal_value=0.000478093 1.4833 -0.334563 -0.211534 -0.0709672 -3.36635
internal_weight=8064 1008 864 7056 6756 300
internal_count=8064 1008 864 7056 6756 300
is_linear=0
shrinkage=0.05


Tree=65
num_leaves=6
num_cat=0
split_feature=2 4 3 3 3
split_gain=999366 1.34463e+06 962601 1.13139e+06 422638
threshold=335.12870714285788 -0.10884096748385481 -181.02418715277767 -135.92341701388861 -73.682649999999953
decision_type=2 2 2 2 2
left_child=2 -2 -1 -4 -3
right_child=1 4 3 -5 -6
leaf_value=2.8498348954068207 -1.0585404870421067 5.5571484189284481 -2.9668880786090526 -0.12413929916408194 2.2541304166938949
leaf_weight=255 240 170 368 6802 229
leaf_count=255 240 170 368 6802 229
internal_value=0.000479913 1.89627 -0.162906 -0.270437 3.67181
internal_weight=8064 639 7425 7170 399
internal_count=8064 639 7425 7170 399
is_linear=0
shrinkage=0.05


Tree=66
num_leaves=7
num_cat=0
split_feature=3 3 0 3 5 3
split_gain=928290 2.54234e+06 5.04802e+06 1.80357e+06 4.26264e+06 1.49797e+06
threshold=55.872129166666817 61.785570138888723 2401.3145500000005 15.821868402777911 -0.5554380223489348 10.283499999999778
decision_type=2 2 2 2 2 2
left_child=3 2 -2 5 -5 -1
right_child=1 -3 -4 4 -6 -7
leaf_value=0.081049975898514981 -0.17627249272382878 0.14879858438266377 -9.8871531768997709 7.0625361995559333 0.055253271190561982 -5.0779283526025978
leaf_weight=4752 366 1584 210 315 693 144
leaf_count=4752 366 1584 210 315 693 144
internal_value=0.000496288 -0.88618 -3.7277 0.324985 2.24986 -0.0716906
internal_weight=8064 2160 576 5904 1008 4896
internal_count=8064 2160 576 5904 1008 4896
is_linear=0
shrinkage=0.05


Tree=67
num_leaves=7
num_cat=0
split_feature=3 3 0 0 3 2
split_gain=903275 7.17828e+06 1.44026e+06 1.23157e+06 2.4538e+06 383676
threshold=-115.88908020833331 -124.78350590277749 6526.0626000000002 4047.4541000000004 -87.089065972222429 218.30065714285686
decision_type=2 2 2 2 2 2
left_child=1 2 -1 5 -5 -2
right_child=3 -3 -4 4 -6 -7
leaf_value=0.61364638737627208 0.14100930477321294 11.694318756235058 -4.7466102104437979 -6.942804059871408 -0.70591912048952521 2.4798704221353427
leaf_weight=713 4802 144 151 171 1902 181
leaf_count=713 4802 144 151 171 1902 181
internal_value=0.000423151 1.39974 -0.327562 -0.199649 -1.22349 0.226445
internal_weight=8064 1008 864 7056 2073 4983
internal_count=8064 1008 864 7056 2073 4983
is_linear=0
shrinkage=0.05


Tree=68
num_leaves=6
num_cat=0
split_feature=2 3 3 3 0
split_gain=928953 1.60913e+06 2.84053e+06 972982 1.4802e+06
threshold=158.84601428571389 -135.92341701388861 -99.719994791666736 328.78225173611105 424.91780000000006
decision_type=2 2 2 2 2
left_child=3 -2 -3 4 -1
right_child=1 2 -4 -5 -6
leaf_value=0.19838726610506166 -2.896093219869277 7.5442447999967861 0.82161066095965607 3.8112735962045607 -1.3960642959467164
leaf_weight=4396 203 187 959 144 2175
leaf_count=4396 203 187 959 144 2175
internal_value=0.000417708 1.19723 1.92421 -0.240157 -0.329508
internal_weight=8064 1349 1146 6715 6571
internal_count=8064 1349 1146 6715 6571
is_linear=0
shrinkage=0.05


Tree=69
num_leaves=4
num_cat=0
split_feature=2 3 3
split_gain=877514 812467 2.01636e+06
threshold=567.89327142857121 -181.02418715277767 -135.92341701388861
decision_type=2 2 2
left_child=1 -1 -3
right_child=-2 2 -4
leaf_value=2.5398852913732259 3.1594588830092243 -3.5986705485066461 0.01089361401935739
leaf_weight=283 213 408 7160
leaf_count=283 213 408 7160
internal_value=0.000446936 -0.0856495 -0.184152
internal_weight=8064 7851 7568
internal_count=8064 7851 7568
is_linear=0
shrinkage=0.05


Tree=70
num_leaves=7
num_cat=0
split_feature=3 3 6 3 5 1
split_gain=853240 6.2805e+06 1.34706e+06 1.14023e+06 1.82275e+06 1.01829e+06
threshold=-115.88908020833331 -124.78350590277749 -0.1736481776669305 -111.63647187500008 1.0000000180025095e-35 0.66010000000000002
decision_type=2 2 2 2 2 2
left_child=1 2 -1 4 -2 -5
right_child=3 -3 -4 5 -6 -7
leaf_value=1.9803951998145413 -7.2270327856622902 10.989757747249357 -1.9946549133009428 0.26869078712665856 0.71025086534434356 -1.1974929027015866
leaf_weight=378 144 144 486 5239 144 1529
leaf_count=378 144 144 486 5239 144 1529
internal_value=0.000437683 1.36044 -0.255292 -0.194014 -3.26967 -0.0626717
internal_weight=8064 1008 864 7056 288 6768
internal_count=8064 1008 864 7056 288 6768
is_linear=0
shrinkage=0.05


Tree=71
num_leaves=7
num_cat=0
split_feature=2 3 6 3 0 3
split_gain=837751 1.67307e+06 7.21203e+06 2.94727e+06 1.00341e+06 1.67326e+06
threshold=116.79655714285742 -115.88908020833331 -0.1736481776669305 -67.732559027778152 11.090300000000001 55.872129166666817
decision_type=2 2 2 2 2 2
left_child=4 2 -2 -3 -1 -6
right_child=1 3 -4 -5 5 -7
leaf_value=0.18809263777642116 11.685518659185048 -3.5452250009034092 -3.0414115916981417 1.7106257127882334 -0.15028819426144224 -3.1004537948726285
leaf_weight=4269 162 373 169 929 1442 720
leaf_count=4269 162 373 169 929 1442 720
internal_value=0.000437675 1.01142 4.17982 0.203352 -0.256396 -1.13375
internal_weight=8064 1633 331 1302 6431 2162
internal_count=8064 1633 331 1302 6431 2162
is_linear=0
shrinkage=0.05


Tree=72
num_leaves=4
num_cat=0
split_feature=3 3 2
split_gain=814580 1.74587e+06 1.33494e+06
threshold=328.78225173611105 151.79005486111103 -277.00742857142899
decision_type=2 2 2
left_child=1 2 -1
right_child=-2 -3 -4
leaf_value=-3.1812354384266563 3.7141994403970653 -5.5035590148794249 0.16727113927055817
leaf_weight=309 144 144 7467
leaf_count=309 144 144 7467
internal_value=0.000439026 -0.0675443 0.0338174
internal_weight=8064 7920 7776
internal_count=8064 7920 7776
is_linear=0
shrinkage=0.05


Tree=73
num_leaves=7
num_cat=0
split_feature=2 3 6 3 0 3
split_gain=749309 1.50723e+06 6.51305e+06 2.66766e+06 874909 1.49408e+06
threshold=116.79655714285742 -115.88908020833331 -0.1736481776669305 -67.732559027778152 11.090300000000001 55.872129166666817
decision_type=2 2 2 2 2 2
left_child=4 2 -2 -3 -1 -6
right_child=1 3 -4 -5 5 -7
leaf_value=0.17254254583380593 11.09651500824039 -3.3767789107353927 -2.89854992458049 1.623539211855781 -0.13245658153023929 -2.9201844329208182
leaf_weight=4269 162 373 169 929 1442 720
leaf_count=4269 162 373 169 929 1442 720
internal_value=0.000387286 0.956521 3.96379 0.189544 -0.242511 -1.06176
internal_weight=8064 1633 331 1302 6431 2162
internal_count=8064 1633 331 1302 6431 2162
is_linear=0
shrinkage=0.05


Tree=74
num_leaves=4
num_cat=0
split_feature=3 3 2
split_gain=763966 1.56003e+06 1.14681e+06
threshold=328.78225173611105 151.79005486111103 -277.00742857142899
decision_type=2 2 2
left_child=1 2 -1
right_child=-2 -3 -4
leaf_value=-2.9495396530820481 3.5969209713771431 -5.2039963951193053 0.15406115743153029
leaf_weight=309 144 144 7467
leaf_count=309 144 144 7467
internal_value=0.000390018 -0.0654473 0.0303679
internal_weight=8064 7920 7776
internal_count=8064 7920 7776
is_linear=0
shrinkage=0.05


Tree=75
num_leaves=4
num_cat=0
split_feature=2 3 1
split_gain=697850 721690 1.37894e+06
threshold=567.89327142857121 328.78225173611105 702.22895000000028
decision_type=2 2 2
left_child=1 2 -1
right_child=-2 -3 -4
leaf_value=-0.045416557020085326 2.8174631168352113 3.4183152849920866 -4.7650901825744896
leaf_weight=7550 213 144 157
leaf_count=7550 213 144 157
internal_value=0.00034323 -0.0764352 -0.142167
internal_weight=8064 7851 7707
internal_count=8064 7851 7707
is_linear=0
shrinkage=0.05


Tree=76
num_leaves=7
num_cat=0
split_feature=3 3 0 3 5 3
split_gain=653238 2.24187e+06 4.1845e+06 1.65402e+06 3.98243e+06 1.32748e+06
threshold=55.872129166666817 61.785570138888723 1553.2419500000003 15.821868402777911 -0.5554380223489348 10.283499999999778
decision_type=2 2 2 2 2 2
left_child=3 2 -2 5 -5 -1
right_child=1 -3 -4 4 -6 -7
leaf_value=0.036465932049939608 0.042155888890127058 0.22837242321819301 -8.6607951268358523 6.7676869314494015 -0.0052771124183616305 -4.8200616034146018
leaf_weight=4752 348 1584 228 315 693 144
leaf_count=4752 348 1584 228 315 693 144
internal_value=0.000334905 -0.74347 -3.4118 0.272539 2.11588 -0.107328
internal_weight=8064 2160 576 5904 1008 4896
internal_count=8064 2160 576 5904 1008 4896
is_linear=0
shrinkage=0.05


Tree=77
num_leaves=7
num_cat=0
split_feature=2 3 6 3 0 6
split_gain=630358 1.36317e+06 5.86431e+06 2.40594e+06 736100 1.33473e+06
threshold=116.79655714285742 -115.88908020833331 -0.1736481776669305 -67.732559027778152 11.090300000000001 -0.42261826174069911
decision_type=2 2 2 2 2 2
left_child=4 2 -2 -3 -1 -6
right_child=1 3 -4 -5 5 -7
leaf_value=0.15819991396918931 10.505389197408423 -3.2389745255364453 -2.7743180365948117 1.5097259209244962 -2.6411860218763814 -0.048624738611296979
leaf_weight=4269 162 373 169 929 771 1391
leaf_count=4269 162 373 169 929 771 1391
internal_value=0.000278412 0.877242 3.73718 0.147865 -0.222507 -0.973963
internal_weight=8064 1633 331 1302 6431 2162
internal_count=8064 1633 331 1302 6431 2162
is_linear=0
shrinkage=0.05


Tree=78
num_leaves=4
num_cat=0
split_feature=3 3 5
split_gain=626685 1.40125e+06 943496
threshold=328.78225173611105 151.79005486111103 -0.97111091670450067
decision_type=2 2 2
left_child=1 2 -1
right_child=-2 -3 -4
leaf_value=1.9448383110961995 3.2576902558885772 -4.9293740319383552 -0.12703299869753532
leaf_weight=594 144 144 7182
leaf_count=594 144 144 7182
internal_value=0.000286003 -0.0593433 0.0314647
internal_weight=8064 7920 7776
internal_count=8064 7920 7776
is_linear=0
shrinkage=0.05


Tree=79
num_leaves=5
num_cat=0
split_feature=0 5 1 0
split_gain=644118 1.11432e+06 2.1788e+06 946623
threshold=8465.6652000000013 -0.97111091670450067 -403.81874999999985 7782.923850000001
decision_type=2 2 2 2
left_child=1 2 -1 -3
right_child=-2 3 -4 -5
leaf_value=-2.4307097976674248 -2.7875786509844338 0.005491888640095032 4.8691571996025864 -3.9686838719190334
leaf_weight=152 201 7251 308 152
leaf_count=152 201 7251 308 152
internal_value=0.000272614 0.0718832 2.45699 -0.0766317
internal_weight=8064 7863 460 7403
internal_count=8064 7863 460 7403
is_linear=0
shrinkage=0.05


Tree=80
num_leaves=5
num_cat=0
split_feature=0 5 1 3
split_gain=582583 1.11877e+06 1.73153e+06 738549
threshold=8300.5566000000017 -0.97111091670450067 -367.89384999999987 -181.02418715277767
decision_type=2 2 2 2
left_child=1 2 -1 -3
right_child=-2 3 -4 -5
leaf_value=-1.6504434220790865 -2.2875113994215499 2.5254094952283275 5.1104726209890012 -0.1579400383229016
leaf_weight=149 268 265 257 7125
leaf_count=149 268 265 257 7125
internal_value=0.000232247 0.0791604 2.63129 -0.0613884
internal_weight=8064 7796 406 7390
internal_count=8064 7796 406 7390
is_linear=0
shrinkage=0.05


Tree=81
num_leaves=4
num_cat=0
split_feature=2 3 3
split_gain=587860 611642 1.24103e+06
threshold=567.89327142857121 328.78225173611105 151.79005486111103
decision_type=2 2 2
left_child=1 2 -1
right_child=-2 -3 -4
leaf_value=-0.042886247652280433 2.5858401025288575 3.1470590654734907 -4.7127265335362534
leaf_weight=7563 213 144 144
leaf_count=7563 213 144 144
internal_value=0.000242582 -0.0702258 -0.130739
internal_weight=8064 7851 7707
internal_count=8064 7851 7707
is_linear=0
shrinkage=0.05


Tree=82
num_leaves=7
num_cat=0
split_feature=3 3 0 3 5 3
split_gain=564990 2.00874e+06 3.74039e+06 1.51142e+06 3.59151e+06 1.1941e+06
threshold=55.872129166666817 61.785570138888723 1785.7138500000003 15.821868402777911 -0.5554380223489348 10.283499999999778
decision_type=2 2 2 2 2 2
left_child=3 2 -2 5 -5 -1
right_child=1 -3 -4 4 -6 -7
leaf_value=0.026646374514635654 0.024684253402924607 0.22841334912502897 -8.2160423940236349 6.4330778930383392 0.0011051898237092351 -4.5794492142775969
leaf_weight=4752 350 1584 226 315 693 144
leaf_count=4752 350 1584 226 315 693 144
internal_value=0.000236504 -0.691505 -3.21729 0.253387 2.01548 -0.109735
internal_weight=8064 2160 576 5904 1008 4896
internal_count=8064 2160 576 5904 1008 4896
is_linear=0
shrinkage=0.05


Tree=83
num_leaves=5
num_cat=0
split_feature=0 5 1 0
split_gain=531416 895451 1.86112e+06 866114
threshold=8465.6652000000013 -0.97111091670450067 -403.81874999999985 7782.923850000001
decision_type=2 2 2 2
left_child=1 2 -1 -3
right_child=-2 3 -4 -5
leaf_value=-2.3137401401607041 -2.5320487646478238 0.010651571067410711 4.4327720671409931 -3.7907689817785442
leaf_weight=152 201 7251 308 152
leaf_count=152 201 7251 308 152
internal_value=0.000186983 0.0652317 2.20331 -0.0679015
internal_weight=8064 7863 460 7403
internal_count=8064 7863 460 7403
is_linear=0
shrinkage=0.05


Tree=84
num_leaves=4
num_cat=0
split_feature=3 1 0
split_gain=532726 1.23435e+06 745849
threshold=328.78225173611105 702.22895000000028 8300.5566000000017
decision_type=2 2 2
left_child=1 2 -1
right_child=-2 -3 -4
leaf_value=0.11202854869126339 3.0034532674838759 -4.4299016323270681 -3.0516102664133644
leaf_weight=7573 144 157 190
leaf_count=7573 144 157 190
internal_value=0.000151635 -0.0548261 0.0342152
internal_weight=8064 7920 7763
internal_count=8064 7920 7763
is_linear=0
shrinkage=0.05


Tree=85
num_leaves=7
num_cat=0
split_feature=3 3 5 2 3 3
split_gain=526399 3.76768e+06 6.3893e+06 1.9845e+06 1.38927e+06 1.07786e+06
threshold=34.629392708333405 15.821868402777911 -0.48087430661751701 -420.10735714285732 36.847733680555628 10.283499999999778
decision_type=2 2 2 2 2 2
left_child=1 5 -3 -2 -5 -1
right_child=3 2 -4 4 -6 -7
leaf_value=0.023814679205679416 -6.2352658147528155 13.188566833855333 0.38194127993567006 -4.9991153651270377 0.037958027342611354 -4.3523550647291644
leaf_weight=4752 145 147 285 144 2447 144
leaf_count=4752 145 147 285 144 2447 144
internal_value=0.000116987 0.289593 4.76015 -0.5635 -0.243808 -0.105759
internal_weight=8064 5328 432 2736 2591 4896
internal_count=8064 5328 432 2736 2591 4896
is_linear=0
shrinkage=0.05


Tree=86
num_leaves=4
num_cat=0
split_feature=3 3 5
split_gain=511613 1.15783e+06 735649
threshold=328.78225173611105 151.79005486111103 -0.97111091670450067
decision_type=2 2 2
left_child=1 2 -1
right_child=-2 -3 -4
leaf_value=1.7182929033942582 2.9432850219463482 -4.4806371152812039 -0.1111888659700101
leaf_weight=594 144 144 7182
leaf_count=594 144 144 7182
internal_value=9.90204e-05 -0.0537783 0.0287662
internal_weight=8064 7920 7776
internal_count=8064 7920 7776
is_linear=0
shrinkage=0.05


Tree=87
num_leaves=7
num_cat=0
split_feature=3 3 0 3 0 1
split_gain=503434 5.60744e+06 1.3942e+06 965759 1.52853e+06 776584
threshold=-115.88908020833331 -124.78350590277749 6526.0626000000002 -111.63647187500008 0.022900000000000004 -434.79330000000022
decision_type=2 2 2 2 2 2
left_child=1 2 -1 4 -2 -5
right_child=3 -3 -4 5 -6 -7
leaf_value=0.44455847497455547 0.66463349112148951 10.143535751145462 -4.8293825873418861 2.2446588997425656 -6.6037866484502263 -0.15455573180694474
leaf_weight=713 144 144 151 355 144 6413
leaf_count=713 144 144 151 355 144 6413
internal_value=9.45045e-05 1.04476 -0.481678 -0.14927 -2.97985 -0.0283974
internal_weight=8064 1008 864 7056 288 6768
internal_count=8064 1008 864 7056 288 6768
is_linear=0
shrinkage=0.05


Tree=88
num_leaves=6
num_cat=0
split_feature=3 3 3 3 5
split_gain=505613 1.67089e+06 1.33937e+06 3.63013e+06 3.06552e+06
threshold=-181.02418715277767 -203.1015222222222 -135.92341701388861 -115.88908020833331 -0.48087430661751701
decision_type=2 2 2 2 2
left_child=1 -1 4 -4 -2
right_child=2 -3 3 -5 -6
leaf_value=-1.750616475960304 -8.6166316382083536 5.8437751622857723 5.5755577276992554 -0.1418338668151965 0.25230220276992638
leaf_weight=144 147 144 288 7056 285
leaf_count=144 147 144 288 7056 285
internal_value=0.000101617 2.05366 -0.0762104 0.0831061 -2.77853
internal_weight=8064 288 7776 7344 432
internal_count=8064 288 7776 7344 432
is_linear=0
shrinkage=0.05


Tree=89
num_leaves=4
num_cat=0
split_feature=2 3 3
split_gain=498698 534942 1.82511e+06
threshold=567.89327142857121 -181.02418715277767 -135.92341701388861
decision_type=2 2 2
left_child=1 -1 -3
right_child=-2 2 -4
leaf_value=2.0656326802683549 2.3815619278316187 -3.3932817017536587 0.040831591363519229
leaf_weight=283 213 408 7160
leaf_count=283 213 408 7160
internal_value=0.00010375 -0.064801 -0.144729
internal_weight=8064 7851 7568
internal_count=8064 7851 7568
is_linear=0
shrinkage=0.05


Tree=90
num_leaves=7
num_cat=0
split_feature=2 3 6 3 0 3
split_gain=474288 1.3478e+06 5.20382e+06 2.09686e+06 634042 1.1182e+06
threshold=116.79655714285742 -115.88908020833331 -0.1736481776669305 -67.732559027778152 11.090300000000001 -115.88908020833331
decision_type=2 2 2 2 2 2
left_child=4 2 -2 -3 -1 -6
right_child=1 3 -4 -5 5 -7
leaf_value=0.16018586828990622 9.9801340979301134 -3.1261015982128044 -2.5296856466198672 1.3070853563598408 3.2901414797460071 -1.1992644174551885
leaf_weight=4269 162 373 169 929 148 2014
leaf_count=4269 162 373 169 929 148 2014
internal_value=0.000105346 0.760797 3.60456 0.0356311 -0.193143 -0.890563
internal_weight=8064 1633 331 1302 6431 2162
internal_count=8064 1633 331 1302 6431 2162
is_linear=0
shrinkage=0.05


Tree=91
num_leaves=4
num_cat=0
split_feature=3 1 0
split_gain=474694 1.0522e+06 667322
threshold=328.78225173611105 702.22895000000028 8300.5566000000017
decision_type=2 2 2
left_child=1 2 -1
right_child=-2 -3 -4
leaf_value=0.10406484681551176 2.8351545235206341 -4.091130663775191 -2.8884014764381334
leaf_weight=7573 144 157 190
leaf_count=7573 144 157 190
internal_value=0.000148943 -0.051748 0.0304614
internal_weight=8064 7920 7763
internal_count=8064 7920 7763
is_linear=0
shrinkage=0.05


Tree=92
num_leaves=7
num_cat=0
split_feature=3 3 0 3 5 3
split_gain=456158 1.76454e+06 3.24375e+06 1.3104e+06 3.0356e+06 959166
threshold=55.872129166666817 61.785570138888723 1375.8351000000002 15.821868402777911 -0.59116893267988335 10.283499999999778
decision_type=2 2 2 2 2 2
left_child=3 2 -2 5 -5 -1
right_child=1 -3 -4 4 -6 -7
leaf_value=0.011705133410367795 0.11853410791030083 0.24073435265371101 -7.5112985526500866 6.0644848983611492 0.075782662976827841 -4.1164824488964582
leaf_weight=4752 342 1584 234 301 707 144
leaf_count=4752 342 1584 234 301 707 144
internal_value=0.000116441 -0.621441 -2.98873 0.227582 1.86831 -0.110528
internal_weight=8064 2160 576 5904 1008 4896
internal_count=8064 2160 576 5904 1008 4896
is_linear=0
shrinkage=0.05


Tree=93
num_leaves=7
num_cat=0
split_feature=3 3 5 2 3 3
split_gain=437395 3.28207e+06 5.53034e+06 1.67684e+06 1.30591e+06 866274
threshold=34.629392708333405 15.821868402777911 -0.48087430661751701 -420.10735714285732 36.847733680555628 10.283499999999778
decision_type=2 2 2 2 2 2
left_child=1 5 -3 -2 -5 -1
right_child=3 2 -4 4 -6 -7
leaf_value=0.011120007016656651 -5.7272970083641681 12.277899236534093 0.36314748534476843 -4.8302657836881178 0.053357393586733443 -3.9120778673270653
leaf_weight=4752 145 147 285 144 2447 144
leaf_count=4752 145 147 285 144 2447 144
internal_value=7.89049e-05 0.26395 4.43646 -0.513685 -0.219819 -0.105043
internal_weight=8064 5328 432 2736 2591 4896
internal_count=8064 5328 432 2736 2591 4896
is_linear=0
shrinkage=0.05


Tree=94
num_leaves=4
num_cat=0
split_feature=3 3 5
split_gain=451027 1.03332e+06 728376
threshold=328.78225173611105 151.79005486111103 -0.97111091670450067
decision_type=2 2 2
left_child=1 2 -1
right_child=-2 -3 -4
leaf_value=1.7086110731533595 2.7634911310261696 -4.232602480033349 -0.11180372296092295
leaf_weight=594 144 144 7182
leaf_count=594 144 144 7182
internal_value=6.40175e-05 -0.0505227 0.0274576
internal_weight=8064 7920 7776
internal_count=8064 7920 7776
is_linear=0
shrinkage=0.05


Tree=95
num_leaves=4
num_cat=0
split_feature=3 3 5
split_gain=407347 933252 658461
threshold=328.78225173611105 151.79005486111103 -0.94670478576706751
decision_type=2 2 2
left_child=1 2 -1
right_child=-2 -3 -4
leaf_value=1.3744759396967994 2.6262694625196787 -4.0224319075921491 -0.13086830816330991
leaf_weight=810 144 144 6966
leaf_count=810 144 144 6966
internal_value=6.16156e-05 -0.0480131 0.026095
internal_weight=8064 7920 7776
internal_count=8064 7920 7776
is_linear=0
shrinkage=0.05


Tree=96
num_leaves=5
num_cat=0
split_feature=0 5 1 0
split_gain=422323 685960 1.71429e+06 751609
threshold=8465.6652000000013 -0.97111091670450067 -403.81874999999985 7782.923850000001
decision_type=2 2 2 2
left_child=1 2 -1 -3
right_child=-2 3 -4 -5
leaf_value=-2.4050447320705586 -2.2573472146350557 0.014694603096762592 4.0693045076790559 -3.5265356800525023
leaf_weight=152 201 7251 308 152
leaf_count=152 201 7251 308 152
internal_value=5.75839e-05 0.0580428 1.92938 -0.0584812
internal_weight=8064 7863 460 7403
internal_count=8064 7863 460 7403
is_linear=0
shrinkage=0.05


Tree=97
num_leaves=4
num_cat=0
split_feature=2 3 3
split_gain=388849 445578 1.72427e+06
threshold=567.89327142857121 -181.02418715277767 -135.92341701388861
decision_type=2 2 2
left_child=1 -1 -3
right_child=-2 2 -4
leaf_value=1.8870757818851673 2.1029099223769712 -3.2877673251704658 0.050129949461617751
leaf_weight=283 213 408 7160
leaf_count=283 213 408 7160
internal_value=2.92595e-05 -0.0572831 -0.130231
internal_weight=8064 7851 7568
internal_count=8064 7851 7568
is_linear=0
shrinkage=0.05


Tree=98
num_leaves=7
num_cat=0
split_feature=3 3 0 0 6 2
split_gain=393139 4.67863e+06 1.25041e+06 1.02374e+06 2.04978e+06 306766
threshold=-115.88908020833331 -124.78350590277749 6526.0626000000002 4047.4541000000004 -0.70710678118654746 218.30065714285686
decision_type=2 2 2 2 2 2
left_child=1 2 -1 5 -5 -2
right_child=3 -3 -4 4 -6 -7
leaf_value=0.4061207331654404 0.18010724397465763 9.2343402454770835 -4.5884584480210355 -3.345897798858092 0.018018663203834894 2.2714850856134525
leaf_weight=713 4802 144 151 667 1406 181
leaf_count=713 4802 144 151 667 1406 181
internal_value=3.24566e-05 0.923195 -0.47107 -0.13196 -1.06543 0.256514
internal_weight=8064 1008 864 7056 2073 4983
internal_count=8064 1008 864 7056 2073 4983
is_linear=0
shrinkage=0.05


Tree=99
num_leaves=7
num_cat=0
split_feature=3 3 5 0 3 3
split_gain=379699 2.96822e+06 4.99886e+06 1.61752e+06 780250 512312
threshold=34.629392708333405 15.821868402777911 -0.48087430661751701 7984.0923000000012 10.283499999999778 69.995581944444453
decision_type=2 2 2 2 2 2
left_child=1 4 -3 5 -1 -2
right_child=3 2 -4 -5 -6 -7
leaf_value=0.0052484987508572209 -0.68909414253081192 11.669041894899834 0.34128474122160801 -4.8916658113348674 -3.718064853610664 0.77869688527418379
leaf_weight=4752 1599 147 285 192 144 945
leaf_count=4752 1599 147 285 192 144 945
internal_value=5.6723e-05 0.24591 4.21392 -0.478624 -0.104998 -0.143773
internal_weight=8064 5328 432 2736 4896 2544
internal_count=8064 5328 432 2736 4896 2544
is_linear=0
shrinkage=0.05


end of trees

feature_importances:
Column_3=180
Column_2=156
Column_0=74
Column_1=38
Column_6=25
Column_5=19
Column_4=11

parameters:
[boosting: gbdt]
[objective: regression]
[metric: l2]
[tree_learner: serial]
[device_type: cpu]
[data_sample_strategy: bagging]
[data: ]
[valid: ]
[num_iterations: 100]
[learning_rate: 0.05]
[num_leaves: 7]
[num_threads: 1]
[seed: 20250911]
[deterministic: 1]
[force_col_wise: 1]
[force_row_wise: 0]
[histogram_pool_size: -1]
[max_depth: 3]
[min_data_in_leaf: 144]
[min_sum_hessian_in_leaf: 0.001]
[bagging_fraction: 1]
[pos_bagging_fraction: 1]
[neg_bagging_fraction: 1]
[bagging_freq: 0]
[bagging_seed: 20250911]
[bagging_by_query: 0]
[feature_fraction: 1]
[feature_fraction_bynode: 1]
[feature_fraction_seed: 20250911]
[extra_trees: 0]
[extra_seed: 26685]
[early_stopping_round: 0]
[early_stopping_min_delta: 0]
[first_metric_only: 0]
[max_delta_step: 0]
[lambda_l1: 0]
[lambda_l2: 1]
[linear_lambda: 0]
[min_gain_to_split: 0]
[drop_rate: 0.1]
[max_drop: 50]
[skip_drop: 0.5]
[xgboost_dart_mode: 0]
[uniform_drop: 0]
[drop_seed: 2504]
[top_rate: 0.2]
[other_rate: 0.1]
[min_data_per_group: 100]
[max_cat_threshold: 32]
[cat_l2: 10]
[cat_smooth: 10]
[max_cat_to_onehot: 4]
[top_k: 20]
[monotone_constraints: ]
[monotone_constraints_method: basic]
[monotone_penalty: 0]
[feature_contri: ]
[forcedsplits_filename: ]
[refit_decay_rate: 0.9]
[cegb_tradeoff: 1]
[cegb_penalty_split: 0]
[cegb_penalty_feature_lazy: ]
[cegb_penalty_feature_coupled: ]
[path_smooth: 0]
[interaction_constraints: ]
[verbosity: -1]
[saved_feature_importance_type: 0]
[use_quantized_grad: 0]
[num_grad_quant_bins: 4]
[quant_train_renew_leaf: 0]
[stochastic_rounding: 1]
[linear_tree: 0]
[max_bin: 63]
[max_bin_by_feature: ]
[min_data_in_bin: 3]
[bin_construct_sample_cnt: 200000]
[data_random_seed: 20250911]
[is_enable_sparse: 1]
[enable_bundle: 1]
[use_missing: 1]
[zero_as_missing: 0]
[feature_pre_filter: 0]
[pre_partition: 0]
[two_round: 0]
[header: 0]
[label_column: ]
[weight_column: ]
[group_column: ]
[ignore_column: ]
[categorical_feature: ]
[forcedbins_filename: ]
[precise_float_parser: 0]
[parser_config_file: ]
[objective_seed: 19683]
[num_class: 1]
[is_unbalance: 0]
[scale_pos_weight: 1]
[sigmoid: 1]
[boost_from_average: 1]
[reg_sqrt: 0]
[alpha: 0.9]
[fair_c: 1]
[poisson_max_delta_step: 0.7]
[tweedie_variance_power: 1.5]
[lambdarank_truncation_level: 30]
[lambdarank_norm: 1]
[label_gain: ]
[lambdarank_position_bias_regularization: 0]
[eval_at: ]
[multi_error_top_k: 1]
[auc_mu_weights: ]
[num_machines: 1]
[local_listen_port: 12400]
[time_out: 120]
[machine_list_filename: ]
[machines: ]
[gpu_platform_id: -1]
[gpu_device_id: -1]
[gpu_device_id_list: ]
[gpu_use_dp: 0]
[num_gpu: 1]

end of parameters

pandas_categorical:null
