tree
version=v4
num_class=1
num_tree_per_iteration=1
label_index=0
max_feature_idx=7
objective=regression
feature_names=Column_0 Column_1 Column_2 Column_3 Column_4 Column_5 Column_6 Column_7
feature_infos=[0:10076.8909] [-1796.0487000000003:2238.2599999999993] [-1776.6499857142862:1232.9571428571435] [-222.63616805555557:502.61053680555551] [-1:1] [-1:1] [-1:1] [-1:1]
tree_sizes=751 757 758 756 762 758 758 760 760 759 760 760 761 760 764 757 757 758 762 677 677 675 679 763 673 677 677 757 507 508 757 508 757 508 757 506 685 591 683 506 685 757 590 507 686 592 766 509 760 585 765 507 763 678 507 762 682 676 502 766 768 676 767 774 500 766 752 760 501 764 756 501 661 764 501 764 759 500 761 753 759 502 764 499 754 757 501 758 667 755 678 750 752 501 757 759 753 755 500 579

Tree=0
num_leaves=7
num_cat=0
split_feature=2 2 2 2 2 2
split_gain=1.15248e+08 7.0646e+07 1.67681e+07 1.65292e+07 3.88542e+06 2.03304e+06
threshold=263.28752142857189 -3.4038428571428567 561.92948571428599 -417.11844999999988 359.46862142857077 159.4228999999996
decision_type=2 2 2 2 2 2
left_child=1 3 4 -1 -2 -3
right_child=2 5 -4 -5 -6 -7
leaf_value=-36.70434524048288 -2.2363676109846278 -11.323504290567262 18.548246058211642 -21.556645755961338 5.7254668961290633 -7.9669880187452282
leaf_weight=222 280 5556 210 956 350 490
leaf_count=222 280 5556 210 956 350 490
internal_value=-11.1952 -13.2343 6.32258 -24.4305 2.20668 -11.051
internal_weight=8064 7224 840 1178 630 6046
internal_count=8064 7224 840 1178 630 6046
is_linear=0
shrinkage=1


Tree=1
num_leaves=7
num_cat=0
split_feature=2 2 2 2 2 2
split_gain=1.04051e+08 6.37735e+07 1.5143e+07 1.49284e+07 3.50734e+06 1.8352e+06
threshold=263.28752142857189 -3.4038428571428567 561.92948571428599 -417.11844999999988 359.46862142857077 159.4228999999996
decision_type=2 2 2 2 2 2
left_child=1 3 4 -1 -2 -3
right_child=2 5 -4 -5 -6 -7
leaf_value=-24.239416354760998 8.5124760111455817 -0.12189908105540143 28.263313578937858 -9.8439238370959661 16.077035077752551 3.0671211906338907
leaf_weight=222 280 5556 210 956 350 490
leaf_count=222 280 5556 210 956 350 490
internal_value=0.000141672 -1.93736 16.6452 -12.5751 12.7338 0.137021
internal_weight=8064 7224 840 1178 630 6046
internal_count=8064 7224 840 1178 630 6046
is_linear=0
shrinkage=0.05


Tree=2
num_leaves=7
num_cat=0
split_feature=2 2 2 2 2 2
split_gain=9.39418e+07 5.75696e+07 1.37128e+07 1.36753e+07 3.16605e+06 1.65661e+06
threshold=263.28752142857189 -3.4038428571428567 -278.08972857142857 561.92948571428599 359.46862142857077 159.4228999999996
decision_type=2 2 2 2 2 2
left_child=1 2 -1 4 -2 -3
right_child=3 5 -4 -5 -6 -7
leaf_value=-19.913580763701482 8.088366476743353 -0.11580525076594816 -8.2799618567686597 26.856844755597589 15.275473692707529 2.9140774962873546
leaf_weight=370 280 5556 808 210 350 490
leaf_count=370 280 5556 808 210 350 490
internal_value=0.000269207 -1.84071 -11.9478 15.8161 12.0991 0.130194
internal_weight=8064 7224 1178 840 630 6046
internal_count=8064 7224 1178 840 630 6046
is_linear=0
shrinkage=0.05


Tree=3
num_leaves=7
num_cat=0
split_feature=2 2 2 2 3 5
split_gain=8.48144e+07 5.19676e+07 1.254e+07 1.235e+07 3.14192e+06 1.71178e+06
threshold=263.28752142857189 -3.4038428571428567 -417.11844999999988 561.92948571428599 -112.5352604166669 -0.51864980417341189
decision_type=2 2 2 2 2 2
left_child=1 2 -1 4 -2 -3
right_child=3 5 -4 -5 -6 -7
leaf_value=-22.041666258397125 17.934910550449981 -1.9579012057376486 -8.8487192130995034 25.52036658689309 9.5206852386400254 0.46361153397820554
leaf_weight=222 146 848 956 210 484 5198
leaf_count=222 146 848 956 210 484 5198
internal_value=0.000409662 -1.74885 -11.3516 15.0283 11.496 0.123707
internal_weight=8064 7224 1178 840 630 6046
internal_count=8064 7224 1178 840 630 6046
is_linear=0
shrinkage=0.05


Tree=4
num_leaves=7
num_cat=0
split_feature=2 2 2 3 2 3
split_gain=7.67749e+07 4.99867e+07 1.15151e+07 8.56636e+06 6.46246e+06 2.61435e+06
threshold=359.46862142857077 -3.4038428571428567 -278.08972857142857 -99.719994791666736 231.92600714285712 -15.462160416666391
decision_type=2 2 2 2 2 2
left_child=1 2 -1 -2 -3 -5
right_child=3 4 -4 5 -6 -7
leaf_value=-18.084620908537325 27.293931128428536 0.0017402001157899951 -7.424586749242839 10.493698233559849 6.4135408250548638 19.023978516716209
leaf_weight=370 168 5906 808 245 420 147
leaf_count=370 168 5906 808 245 420 147
internal_value=0.000516796 -1.33318 -10.7853 17.8426 0.428383 13.7328
internal_weight=8064 7504 1178 560 6326 392
internal_count=8064 7504 1178 560 6326 392
is_linear=0
shrinkage=0.05


Tree=5
num_leaves=7
num_cat=0
split_feature=2 2 2 3 2 3
split_gain=6.93288e+07 4.5189e+07 8.65723e+06 7.73633e+06 6.21066e+06 2.36199e+06
threshold=359.46862142857077 -57.480464285714781 -417.11844999999988 -99.719994791666736 231.92600714285712 -15.462160416666391
decision_type=2 2 2 2 2 2
left_child=1 2 -1 -2 -3 -5
right_child=3 4 -4 5 -6 -7
leaf_value=-20.044348355152149 25.937309673834132 -0.18451699853597747 -8.7687795429331512 9.971146145026859 6.0936253417132873 18.079206130633484
leaf_weight=222 168 6125 737 245 420 147
leaf_count=222 168 6125 737 245 420 147
internal_value=0.000724854 -1.26665 -11.3971 16.9555 0.219228 13.0499
internal_weight=8064 7504 959 560 6545 392
internal_count=8064 7504 959 560 6545 392
is_linear=0
shrinkage=0.05


Tree=6
num_leaves=7
num_cat=0
split_feature=2 2 2 2 0 3
split_gain=6.26601e+07 3.90991e+07 1.02563e+07 7.23974e+06 4.26178e+06 2.35484e+06
threshold=263.28752142857189 -167.80757142857144 561.92948571428599 -3.4038428571428567 7148.3892500000011 -112.5352604166669
decision_type=2 2 2 2 2 2
left_child=1 4 5 -3 -1 -2
right_child=2 3 -4 -5 -6 -7
leaf_value=-9.4347478451181761 15.273467928536085 -5.7041452088753033 22.476302654907037 0.11195706969684552 -17.98160326420669 7.9920149586925806
leaf_weight=291 146 586 210 6046 301 484
leaf_count=291 146 586 210 6046 301 484
internal_value=0.000881278 -1.50266 12.9177 -0.402733 -13.8034 9.70099
internal_weight=8064 7224 840 6632 592 630
internal_count=8064 7224 840 6632 592 630
is_linear=0
shrinkage=0.05


Tree=7
num_leaves=7
num_cat=0
split_feature=2 2 2 3 2 3
split_gain=5.71059e+07 3.71227e+07 8.82624e+06 6.70228e+06 4.69013e+06 2.1782e+06
threshold=359.46862142857077 -3.4038428571428567 -417.11844999999988 -99.719994791666736 231.92600714285712 -15.462160416666391
decision_type=2 2 2 2 2 2
left_child=1 2 -1 -2 -3 -5
right_child=3 4 -4 5 -6 -7
leaf_value=-18.262724929860891 23.746394650153157 0.0052806014647896228 -7.1955129759345313 8.805794531264441 5.4675574340899598 16.57893296480179
leaf_weight=222 168 5906 956 245 420 147
leaf_count=222 168 5906 956 245 420 147
internal_value=0.000916162 -1.14932 -9.29491 15.3887 0.368743 11.7555
internal_weight=8064 7504 1178 560 6326 392
internal_count=8064 7504 1178 560 6326 392
is_linear=0
shrinkage=0.05


Tree=8
num_leaves=7
num_cat=0
split_feature=2 2 2 3 3 3
split_gain=5.15677e+07 3.38078e+07 6.29012e+06 6.05285e+06 4.08118e+06 1.96787e+06
threshold=359.46862142857077 -167.80757142857144 -3.4038428571428567 -99.719994791666736 55.872129166666817 -15.462160416666391
decision_type=2 2 2 2 2 2
left_child=1 4 -3 -2 -1 -5
right_child=3 2 -4 5 -6 -7
leaf_value=-8.7156377185825953 22.566100678711955 -5.0602610735359148 0.35034868755076515 8.3672945903084148 -17.102933184747343 15.755587340367809
leaf_weight=323 168 586 6326 245 269 147
leaf_count=323 168 586 6326 245 269 147
internal_value=0.00105105 -1.09199 -0.109029 14.6236 -12.5492 11.1709
internal_weight=8064 7504 6912 560 592 392
internal_count=8064 7504 6912 560 592 392
is_linear=0
shrinkage=0.05


Tree=9
num_leaves=7
num_cat=0
split_feature=2 2 2 0 4 3
split_gain=4.69529e+07 2.91635e+07 8.39312e+06 5.27684e+06 3.86252e+06 1.75431e+06
threshold=263.28752142857189 -167.80757142857144 561.92948571428599 3017.0058500000005 -0.36235178784537908 -112.5352604166669
decision_type=2 2 2 2 2 2
left_child=1 4 5 -3 -1 -2
right_child=2 3 -4 -5 -6 -7
leaf_value=-5.793077648930498 13.082858982134837 0.35539457480847997 19.827547289353411 -3.1678395165888729 -14.603219520589969 6.799227232957624
leaf_weight=181 146 5304 210 1328 411 484
leaf_count=181 146 5304 210 1328 411 484
internal_value=0.00109868 -1.30042 11.1824 -0.350473 -11.9239 8.27386
internal_weight=8064 7224 840 6632 592 630
internal_count=8064 7224 840 6632 592 630
is_linear=0
shrinkage=0.05


Tree=10
num_leaves=7
num_cat=0
split_feature=2 2 3 2 2 3
split_gain=4.25343e+07 2.72795e+07 8.13653e+06 7.01405e+06 3.13914e+06 2.86222e+06
threshold=331.2974642857144 -3.4038428571428567 -115.88908020833331 -417.11844999999988 186.55440000000036 6.1574243055554243
decision_type=2 2 2 2 2 2
left_child=1 3 -2 -1 -3 -4
right_child=2 4 5 -5 -6 -7
leaf_value=-16.026767826093685 22.788924567391273 -0.093314515909793741 6.5734758016512949 -6.1620617700337803 3.8267259282649309 14.774990094226339
leaf_weight=222 146 5696 324 956 560 160
leaf_count=222 146 5696 324 956 560 160
internal_value=0.00114607 -1.05661 12.4645 -8.03313 0.25814 9.30959
internal_weight=8064 7434 630 1178 6256 484
internal_count=8064 7434 630 1178 6256 484
is_linear=0
shrinkage=0.05


Tree=11
num_leaves=7
num_cat=0
split_feature=2 2 1 3 3 3
split_gain=3.85598e+07 2.52081e+07 4.82918e+06 4.76329e+06 3.5552e+06 1.62568e+06
threshold=359.46862142857077 -167.80757142857144 173.80614999999992 -99.719994791666736 55.872129166666817 -15.462160416666391
decision_type=2 2 2 2 2 2
left_child=1 4 -3 -2 -1 -5
right_child=3 2 -4 5 -6 -7
leaf_value=-7.2645551422127967 19.689685037150184 0.26941819349128449 -4.8850086288858048 7.0410944399310331 -15.08419188362581 13.747325740633784
leaf_weight=323 168 6424 488 245 269 147
leaf_count=323 168 6424 488 245 269 147
internal_value=0.00124801 -0.943931 -0.0951479 12.6458 -10.8372 9.58451
internal_weight=8064 7504 6912 560 592 392
internal_count=8064 7504 6912 560 592 392
is_linear=0
shrinkage=0.05


Tree=12
num_leaves=7
num_cat=0
split_feature=2 2 2 0 4 0
split_gain=3.53052e+07 2.17287e+07 6.98097e+06 4.37735e+06 3.43166e+06 1.33603e+06
threshold=263.28752142857189 -167.80757142857144 561.92948571428599 3017.0058500000005 -0.36235178784537908 7148.3892500000011
decision_type=2 2 2 2 2 2
left_child=1 4 5 -3 -1 -2
right_child=2 3 -4 -5 -6 -7
leaf_value=-4.5267367245404273 8.5130924136309414 0.33553732551149779 17.579748947685363 -2.8733913132353237 -12.821302690812686 3.407029330274447
leaf_weight=181 448 5304 210 1328 411 182
leaf_count=181 448 5304 210 1328 411 182
internal_value=0.00126938 -1.12733 9.69702 -0.307359 -10.2972 7.04574
internal_weight=8064 7224 840 6632 592 630
internal_count=8064 7224 840 6632 592 630
is_linear=0
shrinkage=0.05


Tree=13
num_leaves=7
num_cat=0
split_feature=2 2 2 0 3 1
split_gain=3.21488e+07 1.94449e+07 7.25083e+06 5.9517e+06 3.09975e+06 1.91264e+06
threshold=231.92600714285712 -237.77079285714305 561.92948571428599 1961.8039000000001 55.872129166666817 -251.28079999999997
decision_type=2 2 2 2 2 2
left_child=1 4 5 -3 -1 -2
right_child=2 3 -4 -5 -6 -7
leaf_value=-7.0450048005527215 8.3633637840784072 0.36022408761311753 16.704927116448847 -3.1143031597253654 -15.449974733750736 3.3084209373811397
leaf_weight=221 443 5006 210 1634 223 327
leaf_count=221 443 5006 210 1634 223 327
internal_value=0.00126549 -1.17333 8.48444 -0.495143 -11.2917 6.22373
internal_weight=8064 7084 980 6640 444 770
internal_count=8064 7084 980 6640 444 770
is_linear=0
shrinkage=0.05


Tree=14
num_leaves=7
num_cat=0
split_feature=2 2 2 2 1 3
split_gain=2.90245e+07 1.76424e+07 6.54809e+06 5.01052e+06 2.00882e+06 1.79632e+06
threshold=231.92600714285712 -3.4038428571428567 561.92948571428599 -417.11844999999988 -301.30520000000018 -115.88908020833331
decision_type=2 2 2 2 2 2
left_child=1 3 5 -1 -3 -2
right_child=2 4 -4 -5 -6 -7
leaf_value=-13.455064841289692 10.312574522388715 -5.3727888348539912 15.873639380536373 -5.1178710465121888 0.15815355918047413 4.575385561639453
leaf_weight=222 178 168 210 956 5738 592
leaf_count=222 178 168 210 956 5738 592
internal_value=0.00122161 -1.11484 8.06166 -6.69914 -6.06123e-05 5.9133
internal_weight=8064 7084 980 1178 5906 770
internal_count=8064 7084 980 1178 5906 770
is_linear=0
shrinkage=0.05


Tree=15
num_leaves=7
num_cat=0
split_feature=2 2 3 4 2 1
split_gain=2.6486e+07 1.7746e+07 4.57883e+06 3.71594e+06 3.41337e+06 1.24829e+06
threshold=391.60190714285733 -3.4038428571428567 55.872129166666817 -0.10884096748385481 159.4228999999996 -571.6004499999998
decision_type=2 2 2 2 2 2
left_child=1 2 -1 -2 -3 -5
right_child=3 4 -4 5 -6 -7
leaf_value=-3.9361708721510418 5.923731794668802 -0.13859309801000239 -10.376745251425215 18.180646957885731 3.2793764298221415 11.439284951380783
leaf_weight=735 198 5556 443 145 840 147
leaf_count=735 198 5556 443 145 840 147
internal_value=0.00120376 -0.728251 -6.36497 11.255 0.310738 14.8375
internal_weight=8064 7574 1178 490 6396 292
internal_count=8064 7574 1178 490 6396 292
is_linear=0
shrinkage=0.05


Tree=16
num_leaves=7
num_cat=0
split_feature=2 1 2 2 3 3
split_gain=2.39191e+07 1.6514e+07 6.88505e+06 4.46961e+06 3.57984e+06 1.60589e+06
threshold=391.60190714285733 173.80614999999992 -417.11844999999988 186.55440000000036 -99.719994791666736 -25.42499618055535
decision_type=2 2 2 2 2 2
left_child=1 3 -3 -1 -2 -6
right_child=4 2 -4 -5 5 -7
leaf_value=-0.23883440558194791 17.155105387846628 -15.531561754724033 -4.7685450863316952 4.1659557633908992 4.8056263236510448 11.765641343110318
leaf_weight=6005 149 185 748 636 194 147
leaf_count=6005 149 185 748 636 194 147
internal_value=0.00129467 -0.691912 -6.91704 0.18357 10.6959 7.83161
internal_weight=8064 7574 933 6641 490 341
internal_count=8064 7574 933 6641 490 341
is_linear=0
shrinkage=0.05


Tree=17
num_leaves=7
num_cat=0
split_feature=2 1 2 2 4 1
split_gain=2.16011e+07 1.49088e+07 6.21845e+06 4.03446e+06 3.29623e+06 1.10697e+06
threshold=391.60190714285733 173.80614999999992 -417.11844999999988 186.55440000000036 -0.10884096748385481 -571.6004499999998
decision_type=2 2 2 2 2 2
left_child=1 3 -3 -1 -2 -6
right_child=4 2 -4 -5 5 -7
leaf_value=-0.22689466990218499 5.1469293819375377 -14.759158636645607 -4.5304361429627491 3.9579850187259065 16.680951432332602 10.3454217901101
leaf_weight=6005 198 185 748 636 145 147
leaf_count=6005 198 185 748 636 145 147
internal_value=0.00133753 -0.657425 -6.57227 0.174421 10.1645 13.5377
internal_weight=8064 7574 933 6641 490 292
internal_count=8064 7574 933 6641 490 292
is_linear=0
shrinkage=0.05


Tree=18
num_leaves=7
num_cat=0
split_feature=2 2 3 0 3 4
split_gain=1.95454e+07 1.27338e+07 5.54692e+06 4.37367e+06 3.71242e+06 2.92574e+06
threshold=231.92600714285712 -237.77079285714305 -115.88908020833331 1961.8039000000001 6.1574243055554243 -0.27976242230339682
decision_type=2 2 2 2 2 2
left_child=1 5 -2 -3 -4 -1
right_child=2 3 4 -5 -6 -7
leaf_value=-3.244459442641229 13.338411867109119 0.36756890060356667 1.8980697475696351 -2.6109294999114008 9.2743997407230463 -11.923239335020384
leaf_weight=145 233 5006 484 1634 263 299
leaf_count=145 233 5006 484 1634 263 299
internal_value=0.00137367 -0.914483 6.6159 -0.365676 4.50402 -9.10261
internal_weight=8064 7084 980 6640 747 444
internal_count=8064 7084 980 6640 747 444
is_linear=0
shrinkage=0.05


Tree=19
num_leaves=6
num_cat=0
split_feature=2 1 2 2 4
split_gain=1.83735e+07 1.30629e+07 5.18178e+06 3.99579e+06 2.65493e+06
threshold=431.25970714285751 173.80614999999992 -417.11844999999988 186.55440000000036 -0.10884096748385481
decision_type=2 2 2 2 2
left_child=1 3 -3 -1 -2
right_child=4 2 -4 -5 -6
leaf_value=-0.20252687399035404 5.2564149231600341 -13.560526480726018 -4.2290671999341454 3.7841166652983156 13.412832349839185
leaf_weight=6005 168 185 753 701 252
leaf_count=6005 168 185 753 701 252
internal_value=0.00134899 -0.558653 -6.08198 0.214712 10.1705
internal_weight=8064 7644 938 6706 420
internal_count=8064 7644 938 6706 420
is_linear=0
shrinkage=0.05


Tree=20
num_leaves=6
num_cat=0
split_feature=2 2 3 2 4
split_gain=1.65896e+07 1.18907e+07 3.30652e+06 2.42468e+06 2.39675e+06
threshold=431.25970714285751 -3.4038428571428567 55.872129166666817 159.4228999999996 -0.10884096748385481
decision_type=2 2 2 2 2
left_child=1 2 -1 -3 -2
right_child=4 3 -4 -5 -6
leaf_value=-3.085344120273974 4.9951493723505358 -0.080857071664740085 -8.5575269165876744 2.7020981550903667 12.74484149401367
leaf_weight=735 168 5556 443 910 252
leaf_count=735 168 5556 443 910 252
internal_value=0.00130919 -0.530813 -5.14873 0.311163 9.66419
internal_weight=8064 7644 1178 6466 420
internal_count=8064 7644 1178 6466 420
is_linear=0
shrinkage=0.05


Tree=21
num_leaves=6
num_cat=0
split_feature=2 1 0 2 4
split_gain=1.49788e+07 1.10101e+07 4.53594e+06 3.32204e+06 2.16367e+06
threshold=431.25970714285751 173.80614999999992 8263.3865500000011 186.55440000000036 -0.10884096748385481
decision_type=2 2 2 2 2
left_child=1 3 -3 -1 -2
right_child=4 2 -4 -5 -6
leaf_value=-0.17477139842957309 4.7468695910371972 -3.9057016534178084 -12.841049149308887 3.4602679337913496 12.110118238987189
leaf_weight=6005 168 764 174 701 252
leaf_count=6005 168 764 174 701 252
internal_value=0.00129778 -0.504331 -5.57513 0.20567 9.18309
internal_weight=8064 7644 938 6706 420
internal_count=8064 7644 938 6706 420
is_linear=0
shrinkage=0.05


Tree=22
num_leaves=6
num_cat=0
split_feature=2 2 3 2 4
split_gain=1.35245e+07 1.00103e+07 2.88505e+06 1.98897e+06 1.95326e+06
threshold=431.25970714285751 -3.4038428571428567 55.872129166666817 159.4228999999996 -0.10884096748385481
decision_type=2 2 2 2 2
left_child=1 2 -1 -3 -2
right_child=4 3 -4 -5 -6
leaf_value=-2.7890762617892548 4.5109307212589762 -0.061722554958618031 -7.9003040844524239 2.4588153580074845 11.507005672139142
leaf_weight=735 168 5556 443 910 252
leaf_count=735 168 5556 443 910 252
internal_value=0.00125395 -0.479203 -4.71628 0.293334 8.72594
internal_weight=8064 7644 1178 6466 420
internal_count=8064 7644 1178 6466 420
is_linear=0
shrinkage=0.05


Tree=23
num_leaves=7
num_cat=0
split_feature=2 2 3 3 4 1
split_gain=1.22423e+07 9.00437e+06 5.11386e+06 2.9909e+06 2.52065e+06 2.30073e+06
threshold=331.2974642857144 -237.77079285714305 -115.88908020833331 -67.732559027778152 -0.27976242230339682 18.706050000000122
decision_type=2 2 2 2 2 2
left_child=1 4 -2 -4 -1 -3
right_child=2 5 3 -5 -6 -7
leaf_value=-2.0338910193884212 14.86094824537939 0.25453028500566155 -1.6611407750094962 6.8245611849471706 -10.079572732289634 -2.2823681698775649
leaf_weight=145 146 5939 150 334 299 1051
leaf_count=145 146 5939 150 334 299 1051
internal_value=0.00123916 -0.566236 6.68773 4.19669 -7.46252 -0.127184
internal_weight=8064 7434 630 484 444 6990
internal_count=8064 7434 630 484 444 6990
is_linear=0
shrinkage=0.05


Tree=24
num_leaves=6
num_cat=0
split_feature=2 1 2 2 1
split_gain=1.12702e+07 8.56102e+06 3.94387e+06 2.60388e+06 1.81715e+06
threshold=431.25970714285751 173.80614999999992 -417.11844999999988 174.78715714285684 -571.6004499999998
decision_type=2 2 2 2 2
left_child=1 3 -3 -1 -2
right_child=4 2 -4 -5 -6
leaf_value=-0.16476822878844785 11.297876032542151 -11.432243092462262 -3.2930275187766505 2.934394607923779 4.689605987963275
leaf_weight=5942 207 185 753 764 213
leaf_count=5942 207 185 753 764 213
internal_value=0.00121367 -0.437377 -4.90878 0.188698 7.96564
internal_weight=8064 7644 938 6706 420
internal_count=8064 7644 938 6706 420
is_linear=0
shrinkage=0.05


Tree=25
num_leaves=6
num_cat=0
split_feature=2 1 0 2 4
split_gain=1.01764e+07 7.72889e+06 3.78026e+06 2.35893e+06 1.73372e+06
threshold=431.25970714285751 173.80614999999992 8263.3865500000011 186.55440000000036 -0.065387565056497052
decision_type=2 2 2 2 2
left_child=1 3 -3 -1 -2
right_child=4 2 -4 -5 -6
leaf_value=-0.14130247048890207 3.8109007930093344 -3.1408705913553052 -11.296246903436526 2.9218170960277234 10.333448112897637
leaf_weight=6005 179 764 174 701 241
leaf_count=6005 179 764 174 701 241
internal_value=0.00117797 -0.415586 -4.66412 0.179283 7.56926
internal_weight=8064 7644 938 6706 420
internal_count=8064 7644 938 6706 420
is_linear=0
shrinkage=0.05


Tree=26
num_leaves=6
num_cat=0
split_feature=2 2 4 3 1
split_gain=9.18845e+06 7.1953e+06 2.41329e+06 2.16197e+06 1.62311e+06
threshold=431.25970714285751 -167.80757142857144 -0.1950438958025166 -115.88908020833331 -571.6004499999998
decision_type=2 2 2 2 2
left_child=1 2 -1 -3 -2
right_child=4 3 -4 -5 -6
leaf_value=-1.5828139575984743 10.340671672360399 2.3388585148602727 -8.1703266404993169 -0.28483428062340027 4.0989311400975019
leaf_weight=224 207 899 368 6153 213
leaf_count=224 207 899 368 6153 213
internal_value=0.00113451 -0.394883 -5.68463 0.0499224 7.19247
internal_weight=8064 7644 592 7052 420
internal_count=8064 7644 592 7052 420
is_linear=0
shrinkage=0.05


Tree=27
num_leaves=7
num_cat=0
split_feature=2 0 3 3 3 2
split_gain=8.38399e+06 6.52573e+06 4.03395e+06 3.49421e+06 3.34907e+06 1.18961e+06
threshold=263.28752142857189 4800.5761500000017 -115.88908020833331 55.872129166666817 6.1574243055554243 159.4228999999996
decision_type=2 2 2 2 2 2
left_child=1 5 -2 -3 -4 -1
right_child=2 3 4 -5 -6 -7
leaf_value=0.052725729695919078 10.98945650868307 -1.803157059609342 0.16813828177803203 -6.9895432493708718 7.7281079740193155 3.5138348265106867
leaf_weight=5501 196 978 420 486 224 259
leaf_count=5501 196 978 420 486 224 259
internal_value=0.00111955 -0.548859 4.72596 -3.52846 2.8056 0.208938
internal_weight=8064 7224 840 1464 644 5760
internal_count=8064 7224 840 1464 644 5760
is_linear=0
shrinkage=0.05


Tree=28
num_leaves=4
num_cat=0
split_feature=2 0 2
split_gain=7.95202e+06 6.55535e+06 4.18458e+06
threshold=506.40817142857128 8400.595800000001 -76.484107142857269
decision_type=2 2 2
left_child=1 2 -1
right_child=-2 -3 -4
leaf_value=-3.624111765199924 8.2644920680859197 -9.1867432587955271 0.32671377148315339
leaf_weight=742 280 201 6841
leaf_count=742 280 201 6841
internal_value=0.00114826 -0.297118 -0.0603032
internal_weight=8064 7784 7583
internal_count=8064 7784 7583
is_linear=0
shrinkage=0.05


Tree=29
num_leaves=4
num_cat=0
split_feature=2 0 2
split_gain=7.17944e+06 5.91928e+06 3.77708e+06
threshold=506.40817142857128 8400.595800000001 -76.484107142857269
decision_type=2 2 2
left_child=1 2 -1
right_child=-2 -3 -4
leaf_value=-3.4431500822646619 7.8527380612397115 -8.7296800899033506 0.31038047870140861
leaf_weight=742 280 201 6841
leaf_count=742 280 201 6841
internal_value=0.00106469 -0.282342 -0.0573098
internal_weight=8064 7784 7583
internal_count=8064 7784 7583
is_linear=0
shrinkage=0.05


Tree=30
num_leaves=7
num_cat=0
split_feature=2 5 3 3 3 0
split_gain=6.74337e+06 5.46497e+06 4.47359e+06 3.75914e+06 3.33502e+06 457147
threshold=231.92600714285712 -0.51864980417341189 -112.5352604166669 -115.88908020833331 6.1574243055554243 97.204150000000013
decision_type=2 2 2 2 2 2
left_child=1 2 -1 -2 -5 -3
right_child=3 5 -4 4 -6 -7
leaf_value=5.2369413199393371 9.4176484325502674 0.4773825167569446 -3.7435648423425834 -0.31452992412540104 6.671128368874391 -0.71542153715491674
leaf_weight=151 233 4354 1595 484 263 984
leaf_count=151 233 4354 1595 484 263 984
internal_value=0.00098659 -0.536966 -2.96435 3.8862 2.15058 0.25741
internal_weight=8064 7084 1746 980 747 5338
internal_count=8064 7084 1746 980 747 5338
is_linear=0
shrinkage=0.05


Tree=31
num_leaves=4
num_cat=0
split_feature=2 0 2
split_gain=6.19151e+06 5.19514e+06 3.08299e+06
threshold=506.40817142857128 8400.595800000001 -76.484107142857269
decision_type=2 2 2
left_child=1 2 -1
right_child=-2 -3 -4
leaf_value=-3.1102906655334692 7.2925141824097821 -8.1759305449827391 0.28086787720837814
leaf_weight=742 280 201 6841
leaf_count=742 280 201 6841
internal_value=0.00104285 -0.262143 -0.0513249
internal_weight=8064 7784 7583
internal_count=8064 7784 7583
is_linear=0
shrinkage=0.05


Tree=32
num_leaves=7
num_cat=0
split_feature=2 0 3 3 3 2
split_gain=5.82642e+06 5.81281e+06 4.66093e+06 3.44406e+06 3.05857e+06 990741
threshold=159.4228999999996 1779.3552000000002 -115.88908020833331 -112.5352604166669 -67.732559027778152 331.2974642857144
decision_type=2 2 2 2 2 2
left_child=1 -1 5 -3 -4 -2
right_child=2 3 4 -5 -6 -7
leaf_value=0.30578558715344073 5.6124378822589742 4.3060545543296227 -2.5683493429697482 -3.6264834673582422 3.2798447421664889 11.523868869437653
leaf_weight=4890 144 148 324 1696 716 146
leaf_count=4890 144 148 324 1696 716 146
internal_value=0.000967682 -0.596428 3.02385 -2.98783 1.45719 8.61791
internal_weight=8064 6734 1330 1844 1040 290
internal_count=8064 6734 1330 1844 1040 290
is_linear=0
shrinkage=0.05


Tree=33
num_leaves=4
num_cat=0
split_feature=2 0 2
split_gain=5.39659e+06 4.59229e+06 2.59416e+06
threshold=561.92948571428599 8400.595800000001 -237.77079285714305
decision_type=2 2 2
left_child=1 2 -1
right_child=-2 -3 -4
leaf_value=-4.4429955019600902 7.8920421316301663 -7.6522805589260443 0.17679548548678184
leaf_weight=316 210 201 7337
leaf_count=316 210 201 7337
internal_value=0.00103607 -0.210931 -0.0145158
internal_weight=8064 7854 7653
internal_count=8064 7854 7653
is_linear=0
shrinkage=0.05


Tree=34
num_leaves=7
num_cat=0
split_feature=2 0 3 3 3 2
split_gain=5.02845e+06 4.98713e+06 4.19506e+06 3.08252e+06 2.78629e+06 845051
threshold=159.4228999999996 1779.3552000000002 -115.88908020833331 -112.5352604166669 -67.732559027778152 331.2974642857144
decision_type=2 2 2 2 2 2
left_child=1 -1 5 -3 -4 -2
right_child=2 3 4 -5 -6 -7
leaf_value=0.28166145998759884 5.3384708644809393 4.1311793835771162 -2.5190827680505241 -3.3732990114089669 3.0626613580623081 10.801145726969454
leaf_weight=4890 144 148 324 1696 716 146
leaf_count=4890 144 148 324 1696 716 146
internal_value=0.000959268 -0.554022 2.80922 -2.76907 1.32298 8.11631
internal_weight=8064 6734 1330 1844 1040 290
internal_count=8064 6734 1330 1844 1040 290
is_linear=0
shrinkage=0.05


Tree=35
num_leaves=4
num_cat=0
split_feature=2 0 2
split_gain=4.65612e+06 4.02609e+06 2.16383e+06
threshold=561.92948571428599 8400.595800000001 159.4228999999996
decision_type=2 2 2
left_child=1 2 -1
right_child=-2 -3 -4
leaf_value=-0.3566883083216888 7.3306978755652628 -7.1634010484589652 2.0379712359158293
leaf_weight=6552 210 201 1101
leaf_count=6552 210 201 1101
internal_value=0.00102121 -0.195868 -0.011959
internal_weight=8064 7854 7653
internal_count=8064 7854 7653
is_linear=0
shrinkage=0.05


Tree=36
num_leaves=6
num_cat=0
split_feature=3 3 0 6 2
split_gain=4.47092e+06 2.36979e+07 4.38112e+06 2.47822e+06 2.20715e+06
threshold=-115.88908020833331 -124.78350590277749 8263.3865500000011 -0.81915204428899124 -18.077364285714108
decision_type=2 2 2 2 2
left_child=1 3 4 -1 -2
right_child=2 -3 -4 -5 -6
leaf_value=5.2900752330507554 -2.5152210881619341 21.818916580409841 -7.0694965042019291 -1.3709423595962591 0.14123621438119169
leaf_weight=174 900 144 240 690 5916
leaf_count=174 900 144 240 690 5916
internal_value=0.000981615 3.11416 -0.444136 -0.0249225 -0.209846
internal_weight=8064 1008 7056 864 6816
internal_count=8064 1008 7056 864 6816
is_linear=0
shrinkage=0.05


Tree=37
num_leaves=5
num_cat=0
split_feature=2 1 2 2
split_gain=4.14513e+06 3.40664e+06 2.33249e+06 1.70946e+06
threshold=561.92948571428599 173.80614999999992 -417.11844999999988 186.55440000000036
decision_type=2 2 2 2
left_child=1 3 -3 -1
right_child=-2 2 -4 -5
leaf_value=-0.10550672137752222 6.9168278347259449 -8.0207912261768062 -1.7682928925289312 2.2233293232147591
leaf_weight=6005 210 185 758 906
leaf_count=6005 210 185 758 906
internal_value=0.00103354 -0.184738 -3.00212 0.20007
internal_weight=8064 7854 943 6911
internal_count=8064 7854 943 6911
is_linear=0
shrinkage=0.05


Tree=38
num_leaves=6
num_cat=0
split_feature=3 3 0 4 2
split_gain=3.94339e+06 2.14152e+07 3.7753e+06 2.39551e+06 1.82884e+06
threshold=-115.88908020833331 -124.78350590277749 8263.3865500000011 0.065387565056497135 -18.077364285714108
decision_type=2 2 2 2 2
left_child=1 3 4 -1 -2
right_child=2 -3 -4 -5 -6
leaf_value=-2.581815798134603 -2.2980915705054237 20.705814533726922 -6.5673100453689388 2.6821795722016368 0.12001599795193292
leaf_weight=450 900 144 240 414 5916
leaf_count=450 900 144 240 414 5916
internal_value=0.000977203 2.92473 -0.417056 -0.0592999 -0.199567
internal_weight=8064 1008 7056 864 6816
internal_count=8064 1008 7056 864 6816
is_linear=0
shrinkage=0.05


Tree=39
num_leaves=4
num_cat=0
split_feature=2 0 2
split_gain=3.68379e+06 2.87041e+06 1.6936e+06
threshold=561.92948571428599 8400.595800000001 -237.77079285714305
decision_type=2 2 2
left_child=1 2 -1
right_child=-2 -3 -4
leaf_value=-3.5970139031906614 6.5205909971942262 -6.0572627780461081 0.1357407930316292
leaf_weight=316 210 201 7337
leaf_count=316 210 201 7337
internal_value=0.00100312 -0.174125 -0.0188382
internal_weight=8064 7854 7653
internal_count=8064 7854 7653
is_linear=0
shrinkage=0.05


Tree=40
num_leaves=6
num_cat=0
split_feature=3 3 0 6 3
split_gain=3.51715e+06 1.93479e+07 3.14424e+06 2.28038e+06 1.57424e+06
threshold=-115.88908020833331 -124.78350590277749 8263.3865500000011 -0.1736481776669305 -111.63647187500008
decision_type=2 2 2 2 2
left_child=1 3 4 -1 -2
right_child=2 -3 -4 -5 -6
leaf_value=2.8343592022272874 -3.8598555227403537 19.663205578892399 -6.0066005909591302 -2.3375237896495351 -0.037825764585853405
leaf_weight=378 280 144 240 486 6536
leaf_count=378 280 144 240 486 6536
internal_value=0.00093437 2.76215 -0.393861 -0.0741641 -0.195377
internal_weight=8064 1008 7056 864 6816
internal_count=8064 1008 7056 864 6816
is_linear=0
shrinkage=0.05


Tree=41
num_leaves=7
num_cat=0
split_feature=2 3 3 0 3 2
split_gain=3.34409e+06 2.49124e+06 2.40156e+06 2.11323e+06 5.36971e+06 589364
threshold=331.2974642857144 -115.88908020833331 -67.732559027778152 4042.8039500000004 -115.88908020833331 159.4228999999996
decision_type=2 2 2 2 2 2
left_child=3 -2 -3 5 -5 -1
right_child=1 2 -4 4 -6 -7
leaf_value=0.066526188760131097 9.1977193860805979 -3.4800156705821585 4.1168711021942874 6.903620432114896 -2.6382945056363809 2.4523215993704714
leaf_weight=5358 146 150 334 161 1644 271
leaf_count=5358 146 150 334 161 1644 271
internal_value=0.000951218 3.49562 1.76014 -0.295637 -1.78384 0.181802
internal_weight=8064 630 484 7434 1805 5629
internal_count=8064 630 484 7434 1805 5629
is_linear=0
shrinkage=0.05


Tree=42
num_leaves=5
num_cat=0
split_feature=2 1 2 2
split_gain=3.12333e+06 2.34412e+06 1.86424e+06 1.3446e+06
threshold=561.92948571428599 173.80614999999992 -417.11844999999988 231.92600714285712
decision_type=2 2 2 2
left_child=1 3 -3 -1
right_child=-2 2 -4 -5
leaf_value=-0.078279008973826378 6.0041869226225186 -6.9837812174191729 -1.3945870980600752 2.2088246054521332
leaf_weight=6195 210 185 758 716
leaf_count=6195 210 185 758 716
internal_value=0.0010067 -0.16025 -2.49733 0.158957
internal_weight=8064 7854 943 6911
internal_count=8064 7854 943 6911
is_linear=0
shrinkage=0.05


Tree=43
num_leaves=4
num_cat=0
split_feature=2 0 2
split_gain=2.82383e+06 2.16125e+06 1.25722e+06
threshold=506.40817142857128 8400.595800000001 -237.77079285714305
decision_type=2 2 2
left_child=1 2 -1
right_child=-2 -3 -4
leaf_value=-3.1231122036461576 4.9251584751657429 -5.28111209734758 0.093635463348887643
leaf_weight=316 280 201 7267
leaf_count=316 280 201 7267
internal_value=0.00095485 -0.176785 -0.0408075
internal_weight=8064 7784 7583
internal_count=8064 7784 7583
is_linear=0
shrinkage=0.05


Tree=44
num_leaves=6
num_cat=0
split_feature=3 3 0 4 3
split_gain=2.76729e+06 1.74782e+07 2.40108e+06 2.08654e+06 1.42204e+06
threshold=-115.88908020833331 -124.78350590277749 8263.3865500000011 0.065387565056497135 -111.63647187500008
decision_type=2 2 2 2 2
left_child=1 3 4 -1 -2
right_child=2 -3 -4 -5 -6
leaf_value=-2.5994863574229958 -3.6586809458810956 18.513856414268755 -5.2540947509009817 2.3133573858278345 -0.026114651149445691
leaf_weight=450 280 144 240 414 6536
leaf_count=450 280 144 240 414 6536
internal_value=0.000886112 2.45013 -0.349304 -0.245462 -0.175855
internal_weight=8064 1008 7056 864 6816
internal_count=8064 1008 7056 864 6816
is_linear=0
shrinkage=0.05


Tree=45
num_leaves=5
num_cat=0
split_feature=2 1 2 2
split_gain=2.55122e+06 1.89897e+06 1.55622e+06 1.17568e+06
threshold=561.92948571428599 173.80614999999992 -417.11844999999988 186.55440000000036
decision_type=2 2 2 2
left_child=1 3 -3 -1
right_child=-2 2 -4 -5
leaf_value=-0.11095180274844477 5.4264904361509529 -6.3473904926850597 -1.2408611814588388 1.8203626184509667
leaf_weight=6005 210 185 758 906
leaf_count=6005 210 185 758 906
internal_value=0.00089939 -0.144842 -2.24834 0.142461
internal_weight=8064 7854 943 6911
internal_count=8064 7854 943 6911
is_linear=0
shrinkage=0.05


Tree=46
num_leaves=7
num_cat=0
split_feature=3 3 0 6 6 2
split_gain=2.44091e+06 1.5794e+07 2.26019e+06 2.00524e+06 1.98032e+06 995898
threshold=-115.88908020833331 -124.78350590277749 4993.9469500000005 -0.70710678118654746 -0.1736481776669305 263.28752142857189
decision_type=2 2 2 2 2 2
left_child=1 4 5 -4 -1 -2
right_child=2 -3 3 -5 -6 -7
leaf_value=2.4493980229294081 0.057236124664566956 17.571278620752796 -4.4957944323177266 -0.79219969270616775 -2.3702480376286919 3.7628024745177719
leaf_weight=378 5104 144 516 1249 486 187
leaf_count=378 5104 144 516 1249 486 187
internal_value=0.000851631 2.30114 -0.32804 -1.87688 -0.261259 0.188888
internal_weight=8064 1008 7056 1765 864 5291
internal_count=8064 1008 7056 1765 864 5291
is_linear=0
shrinkage=0.05


Tree=47
num_leaves=4
num_cat=0
split_feature=2 0 2
split_gain=2.27435e+06 1.67345e+06 1.13249e+06
threshold=561.92948571428599 8400.595800000001 159.4228999999996
decision_type=2 2 2
left_child=1 2 -1
right_child=-2 -3 -4
leaf_value=-0.26751880561485242 5.1236374502074664 -4.6287369044700473 1.4648839532872646
leaf_weight=6552 210 201 1101
leaf_count=6552 210 201 1101
internal_value=0.000909365 -0.136697 -0.0181276
internal_weight=8064 7854 7653
internal_count=8064 7854 7653
is_linear=0
shrinkage=0.05


Tree=48
num_leaves=7
num_cat=0
split_feature=3 3 0 3 0 2
split_gain=2.1715e+06 1.4259e+07 2.0665e+06 2.04679e+06 1.88085e+06 842709
threshold=-115.88908020833331 -124.78350590277749 4993.9469500000005 6.1574243055554243 6486.3523000000014 304.56299285714346
decision_type=2 2 2 2 2 2
left_child=1 4 5 -4 -1 -2
right_child=2 -3 3 -5 -6 -7
leaf_value=0.81555111973140226 0.077535169681318364 16.67966064255813 -3.4431251093523927 -0.037197122090910771 -5.2941278072354061 3.8918770814902035
leaf_weight=712 5143 144 908 857 152 148
leaf_count=712 5143 144 908 857 152 148
internal_value=0.000874387 2.1705 -0.309336 -1.79033 -0.264178 0.184945
internal_weight=8064 1008 7056 1765 864 5291
internal_count=8064 1008 7056 1765 864 5291
is_linear=0
shrinkage=0.05


Tree=49
num_leaves=5
num_cat=0
split_feature=2 1 2 2
split_gain=2.0966e+06 1.50863e+06 1.3737e+06 980303
threshold=561.92948571428599 173.80614999999992 -417.11844999999988 231.92600714285712
decision_type=2 2 2 2
left_child=1 3 -3 -1
right_child=-2 2 -4 -5
leaf_value=-0.07769454231705103 4.9193906529254825 -5.8571462918593689 -1.0597117953935002 1.8751581347594233
leaf_weight=6195 210 185 758 716
leaf_count=6195 210 185 758 716
internal_value=0.000909357 -0.13121 -2.00609 0.124869
internal_weight=8064 7854 943 6911
internal_count=8064 7854 943 6911
is_linear=0
shrinkage=0.05


Tree=50
num_leaves=7
num_cat=0
split_feature=3 3 0 3 4 2
split_gain=1.91372e+06 1.28868e+07 1.84741e+06 1.94435e+06 1.82887e+06 710572
threshold=-115.88908020833331 -124.78350590277749 4993.9469500000005 6.1574243055554243 0.065387565056497135 263.28752142857189
decision_type=2 2 2 2 2 2
left_child=1 4 5 -4 -1 -2
right_child=2 -3 3 -5 -6 -7
leaf_value=-2.4807327615679502 0.065782909667325529 15.831026171898021 -3.3015428854654596 0.017991463673715687 2.1187838058586581 3.1958383891652242
leaf_weight=450 5104 144 908 857 414 187
leaf_count=450 5104 144 908 857 414 187
internal_value=0.000862636 2.03764 -0.290354 -1.69064 -0.276896 0.176992
internal_weight=8064 1008 7056 1765 864 5291
internal_count=8064 1008 7056 1765 864 5291
is_linear=0
shrinkage=0.05


Tree=51
num_leaves=4
num_cat=0
split_feature=2 3 1
split_gain=1.89792e+06 1.45264e+06 2.55938e+06
threshold=561.92948571428599 328.78225173611105 294.46049999999997
decision_type=2 2 2
left_child=1 2 -1
right_child=-2 -3 -4
leaf_value=0.049920354875709436 4.680545221968285 4.8333849254147765 -3.3149656477502583
leaf_weight=7097 210 144 613
leaf_count=7097 210 144 613
internal_value=0.000915267 -0.124788 -0.218007
internal_weight=8064 7854 7710
internal_count=8064 7854 7710
is_linear=0
shrinkage=0.05


Tree=52
num_leaves=7
num_cat=0
split_feature=2 6 3 0 0 3
split_gain=1.78988e+06 2.26642e+06 6.85488e+06 2.30608e+06 2.06305e+06 2.32609e+06
threshold=159.4228999999996 -0.25881904510252163 -112.5352604166669 7250.4516000000012 414.09375000000006 -115.88908020833331
decision_type=2 2 2 2 2 2
left_child=4 2 -2 -3 -1 -6
right_child=1 3 -4 -5 5 -7
leaf_value=0.28852555731664398 13.298148973648615 1.543404847446864 0.88097669616607688 -4.7156945532839289 4.1673180168721737 -2.0187908325126034
leaf_weight=4490 147 534 447 202 163 2081
leaf_count=4490 147 534 447 202 163 2081
internal_value=0.000908261 1.67636 3.9711 -0.178513 -0.330203 -1.56779
internal_weight=8064 1330 594 736 6734 2244
internal_count=8064 1330 594 736 6734 2244
is_linear=0
shrinkage=0.05


Tree=53
num_leaves=6
num_cat=0
split_feature=2 1 3 2 6
split_gain=1.65904e+06 1.81487e+06 1.40029e+06 2.15275e+06 1.38512e+06
threshold=282.16875000000033 -251.28079999999997 328.78225173611105 -278.08972857142857 -0.76604444311897835
decision_type=2 2 2 2 2
left_child=2 4 3 -1 -2
right_child=1 -3 -4 -5 -6
leaf_value=-4.3259487359420117 7.8848832123944552 -1.6752880522183009 4.6323625611436778 -0.14238120629077186 2.2147119159548381
leaf_weight=321 146 216 144 6829 408
leaf_count=321 146 216 144 6829 408
internal_value=0.00094618 2.20669 -0.232176 -0.330782 3.72053
internal_weight=8064 770 7294 7150 554
internal_count=8064 770 7294 7150 554
is_linear=0
shrinkage=0.05


Tree=54
num_leaves=4
num_cat=0
split_feature=2 3 3
split_gain=1.51863e+06 1.21371e+06 2.12108e+06
threshold=506.40817142857128 328.78225173611105 151.79005486111103
decision_type=2 2 2
left_child=1 2 -1
right_child=-2 -3 -4
leaf_value=-0.09949579563866906 3.6120762421991479 4.402341770722435 -6.2050639467403812
leaf_weight=7496 280 144 144
leaf_count=7496 280 144 144
internal_value=0.000952105 -0.129392 -0.215372
internal_weight=8064 7784 7640
internal_count=8064 7784 7640
is_linear=0
shrinkage=0.05


Tree=55
num_leaves=7
num_cat=0
split_feature=2 3 3 0 3 3
split_gain=1.43444e+06 2.33737e+06 4.0891e+06 1.81619e+06 1.85829e+06 193712
threshold=159.4228999999996 -135.92341701388861 -99.719994791666736 97.204150000000013 -115.88908020833331 -115.88908020833331
decision_type=2 2 2 2 2 2
left_child=3 -2 -3 5 -5 -1
right_child=1 2 -4 4 -6 -7
leaf_value=-0.57678867970700609 -3.4551416907903261 9.140063678644557 1.0448377231072825 3.4512641730810425 -1.8070036137129115 0.43671829327478084
leaf_weight=537 201 186 943 181 2199 3817
leaf_count=537 201 186 943 181 2199 3817
internal_value=0.00091511 1.50081 2.38541 -0.295501 -1.40583 0.311614
internal_weight=8064 1330 1129 6734 2380 4354
internal_count=8064 1330 1129 6734 2380 4354
is_linear=0
shrinkage=0.05


Tree=56
num_leaves=6
num_cat=0
split_feature=3 3 0 0 3
split_gain=1.39111e+06 1.13618e+07 1.8575e+06 1.5117e+06 1.35933e+06
threshold=-115.88908020833331 -124.78350590277749 6486.3523000000014 8263.3865500000011 -99.719994791666736
decision_type=2 2 2 2 2
left_child=1 2 -1 4 -2
right_child=3 -3 -4 -5 -6
leaf_value=0.63760286962501134 -2.8513560413453236 14.689055886104189 -5.4341190972359357 -4.1391600183060557 0.072072562437768467
leaf_weight=712 423 144 152 240 6393
leaf_count=712 423 144 152 240 6393
internal_value=0.000920417 1.73747 -0.435618 -0.247369 -0.109747
internal_weight=8064 1008 864 7056 6816
internal_count=8064 1008 864 7056 6816
is_linear=0
shrinkage=0.05


Tree=57
num_leaves=6
num_cat=0
split_feature=2 1 4 3 2
split_gain=1.33437e+06 1.6055e+06 2.08363e+06 1.17361e+06 1.80099e+06
threshold=282.16875000000033 -210.30689999999956 0.15208718494349097 328.78225173611105 -278.08972857142857
decision_type=2 2 2 2 2
left_child=3 2 -2 4 -1
right_child=1 -3 -4 -5 -6
leaf_value=-3.952663939689165 0.6303282448133074 -2.0442298943375019 6.6515558232553307 4.2452631698805714 -0.12612971314974949
leaf_weight=321 328 187 255 144 6829
leaf_count=321 328 187 255 144 6829
internal_value=0.000892808 1.97907 3.27085 -0.208178 -0.298451
internal_weight=8064 770 583 7294 7150
internal_count=8064 770 583 7294 7150
is_linear=0
shrinkage=0.05


Tree=58
num_leaves=4
num_cat=0
split_feature=2 0 3
split_gain=1.23946e+06 1.03682e+06 882649
threshold=561.92948571428599 8400.595800000001 -181.02418715277767
decision_type=2 2 2
left_child=1 2 -1
right_child=-2 -3 -4
leaf_value=2.789825331603232 3.782600922345833 -3.6365118325494303 -0.11042598766489131
leaf_weight=271 210 201 7382
leaf_count=271 210 201 7382
internal_value=0.00088169 -0.100702 -0.00737426
internal_weight=8064 7854 7653
internal_count=8064 7854 7653
is_linear=0
shrinkage=0.05


Tree=59
num_leaves=7
num_cat=0
split_feature=3 3 0 0 3 3
split_gain=1.16131e+06 1.0342e+07 1.7177e+06 1.42081e+06 2.97816e+06 17718.5
threshold=-115.88908020833331 -124.78350590277749 6486.3523000000014 97.204150000000013 -99.719994791666736 -111.63647187500008
decision_type=2 2 2 2 2 2
left_child=1 2 -1 5 -5 -2
right_child=3 -3 -4 4 -6 -7
leaf_value=0.5464410237058851 0.95038184049801944 13.944180910176243 -5.2923649603245302 -6.8289651949667345 -0.60188445190080642 0.40516221639223515
leaf_weight=712 155 144 152 204 3035 3662
leaf_count=712 155 144 152 204 3035 3662
internal_value=0.000855121 1.5875 -0.485687 -0.226001 -0.996068 0.427546
internal_weight=8064 1008 864 7056 3239 3817
internal_count=8064 1008 864 7056 3239 3817
is_linear=0
shrinkage=0.05


Tree=60
num_leaves=7
num_cat=0
split_feature=2 3 3 0 6 3
split_gain=1.22753e+06 2.02843e+06 3.55625e+06 1.36971e+06 1.82854e+06 287093
threshold=159.4228999999996 -135.92341701388861 -99.719994791666736 97.204150000000013 -0.42261826174069911 -115.88908020833331
decision_type=2 2 2 2 2 2
left_child=3 -2 -3 5 -5 -1
right_child=1 2 -4 4 -6 -7
leaf_value=-0.82758730841613615 -3.2284604093539393 8.5116052110405533 0.96225040963716746 -3.0198439631897673 -0.16023826198251009 0.40618598386606292
leaf_weight=537 201 186 943 896 1484 3817
leaf_count=537 201 186 943 896 1484 3817
internal_value=0.00083172 1.38834 2.21242 -0.273375 -1.23761 0.253864
internal_weight=8064 1330 1129 6734 2380 4354
internal_count=8064 1330 1129 6734 2380 4354
is_linear=0
shrinkage=0.05


Tree=61
num_leaves=6
num_cat=0
split_feature=2 1 3 3 2
split_gain=1.11655e+06 1.41747e+06 1.3561e+06 1.08394e+06 1.49904e+06
threshold=282.16875000000033 -251.28079999999997 -115.88908020833331 328.78225173611105 -278.08972857142857
decision_type=2 2 2 2 2
left_child=3 2 -2 4 -1
right_child=1 -3 -4 -5 -6
leaf_value=-3.6110331165263001 7.1201890549352091 -1.6199668144644133 1.6051614564404524 4.0894847531154239 -0.11998303882160673
leaf_weight=321 154 216 400 144 6829
leaf_count=321 154 216 400 144 6829
internal_value=0.000806537 1.81033 3.14829 -0.19044 -0.277197
internal_weight=8064 770 554 7294 7150
internal_count=8064 770 554 7294 7150
is_linear=0
shrinkage=0.05


Tree=62
num_leaves=7
num_cat=0
split_feature=2 3 3 0 6 3
split_gain=1.02632e+06 1.94791e+06 3.14092e+06 1.1998e+06 1.64854e+06 257316
threshold=159.4228999999996 -135.92341701388861 -99.719994791666736 97.204150000000013 -0.42261826174069911 -115.88908020833331
decision_type=2 2 2 2 2 2
left_child=3 -2 -3 5 -5 -1
right_child=1 2 -4 4 -6 -7
leaf_value=-0.78029685412086969 -3.2545450362238557 7.9970554801869529 0.90222322249161557 -2.8446091932125199 -0.12941006319641266 0.38774508943056424
leaf_weight=537 201 186 943 896 1484 3817
leaf_count=537 201 186 943 896 1484 3817
internal_value=0.00081248 1.26952 2.07712 -0.249915 -1.15237 0.243539
internal_weight=8064 1330 1129 6734 2380 4354
internal_count=8064 1330 1129 6734 2380 4354
is_linear=0
shrinkage=0.05


Tree=63
num_leaves=7
num_cat=0
split_feature=3 3 0 3 5 1
split_gain=1.05398e+06 8.92019e+06 1.60021e+06 1.29085e+06 2.18827e+06 1.04594e+06
threshold=-115.88908020833331 -124.78350590277749 6486.3523000000014 -111.63647187500008 1.0000000180025095e-35 0.81804999999999994
decision_type=2 2 2 2 2 2
left_child=1 2 -1 4 -2 -5
right_child=3 -3 -4 5 -6 -7
leaf_value=0.58301712815423834 -7.823936667226512 12.988215962936138 -5.0525306209240091 0.2584061533133899 0.87231789556042905 -1.2320561959108014
leaf_weight=712 144 144 152 5252 144 1516
leaf_count=712 144 144 152 5252 144 1516
internal_value=0.000785976 1.51233 -0.413117 -0.215333 -3.48784 -0.0755831
internal_weight=8064 1008 864 7056 288 6768
internal_count=8064 1008 864 7056 288 6768
is_linear=0
shrinkage=0.05


Tree=64
num_leaves=4
num_cat=0
split_feature=2 3 3
split_gain=973760 952895 1.88931e+06
threshold=561.92948571428599 328.78225173611105 151.79005486111103
decision_type=2 2 2
left_child=1 2 -1
right_child=-2 -3 -4
leaf_value=-0.056436520665209558 3.3527088630820909 3.9264464976869782 -5.8182724913235369
leaf_weight=7566 210 144 144
leaf_count=7566 210 144 144
internal_value=0.000750359 -0.0892896 -0.164791
internal_weight=8064 7854 7710
internal_count=8064 7854 7710
is_linear=0
shrinkage=0.05


Tree=65
num_leaves=7
num_cat=0
split_feature=3 3 3 3 5 2
split_gain=943253 8.05801e+06 1.51584e+06 1.16884e+06 1.98198e+06 1.03434e+06
threshold=-115.88908020833331 -124.78350590277749 -181.02418715277767 -111.63647187500008 1.0000000180025095e-35 -417.11844999999988
decision_type=2 2 2 2 2 2
left_child=1 2 -1 4 -2 -5
right_child=3 -3 -4 5 -6 -7
leaf_value=2.5569738011871657 -7.4443910315118984 12.337857050402413 -1.8793959296555411 -3.450908974928943 0.8318051499333875 0.042260720982126597
leaf_weight=288 144 144 576 218 144 6550
leaf_count=288 144 144 576 218 144 6550
internal_value=0.000721539 1.43067 -0.39936 -0.20373 -3.31773 -0.0707489
internal_weight=8064 1008 864 7056 288 6768
internal_count=8064 1008 864 7056 288 6768
is_linear=0
shrinkage=0.05


Tree=66
num_leaves=7
num_cat=0
split_feature=2 6 3 0 3 0
split_gain=905591 1.75492e+06 5.53871e+06 1.8715e+06 955402 1.46642e+06
threshold=159.4228999999996 -0.25881904510252163 -112.5352604166669 7250.4516000000012 328.78225173611105 414.09375000000006
decision_type=2 2 2 2 2 2
left_child=4 2 -2 -3 5 -1
right_child=1 3 -4 -5 -6 -7
leaf_value=0.20079798932142109 11.59556446824525 1.1122224546324844 0.43492909483777897 -4.5264472717350452 3.7799704204756637 -1.3847116731079869
leaf_weight=4413 147 534 447 202 144 2177
leaf_count=4413 147 534 447 202 144 2177
internal_value=0.00070403 1.19246 3.21175 -0.439389 -0.234816 -0.323104
internal_weight=8064 1330 594 736 6734 6590
internal_count=8064 1330 594 736 6734 6590
is_linear=0
shrinkage=0.05


Tree=67
num_leaves=7
num_cat=0
split_feature=3 3 0 3 0 3
split_gain=845692 3.26398e+06 6.72463e+06 2.4955e+06 4.97681e+06 1.49801e+06
threshold=55.872129166666817 15.821868402777911 4415.1562500000009 61.785570138888723 2388.1007000000004 10.283499999999778
decision_type=2 2 2 2 2 2
left_child=1 5 -3 4 -2 -1
right_child=3 2 -4 -5 -6 -7
leaf_value=-0.02817192113408102 -0.13461224062403801 0.36819833549280323 10.141191245772974 0.17980691196884643 -9.7766467538066379 -5.1849808181565393
leaf_weight=4896 366 619 245 1584 210 144
leaf_count=4896 366 619 245 1584 210 144
internal_value=0.000738338 0.310455 3.148 -0.845572 -3.66079 -0.176509
internal_weight=8064 5904 864 2160 576 5040
internal_count=8064 5904 864 2160 576 5040
is_linear=0
shrinkage=0.05


Tree=68
num_leaves=4
num_cat=0
split_feature=2 3 3
split_gain=821078 795366 2.35514e+06
threshold=561.92948571428599 -181.02418715277767 -135.92341701388861
decision_type=2 2 2
left_child=1 -1 -3
right_child=-2 2 -4
leaf_value=2.5205257790248723 3.0786484138660524 -3.8695398304342756 0.031426862047274198
leaf_weight=282 210 408 7164
leaf_count=282 210 408 7164
internal_value=0.000673935 -0.0820063 -0.179251
internal_weight=8064 7854 7572
internal_count=8064 7854 7572
is_linear=0
shrinkage=0.05


Tree=69
num_leaves=7
num_cat=0
split_feature=3 3 0 3 0 0
split_gain=805334 7.17176e+06 1.52363e+06 1.07735e+06 3.42594e+06 1.02098e+06
threshold=-115.88908020833331 -124.78350590277749 6486.3523000000014 -99.719994791666736 3243.9042000000004 8263.3865500000011
decision_type=2 2 2 2 2 2
left_child=1 2 -1 4 -2 -5
right_child=3 -3 -4 5 -6 -7
leaf_value=0.56750626789737724 0.54932244275680464 11.611850263661353 -4.9315429690616588 0.087922390645779475 -8.8726866583988588 -3.2886338084422309
leaf_weight=712 288 144 152 6393 144 231
leaf_count=712 288 144 152 6393 144 231
internal_value=0.00065115 1.32193 -0.404502 -0.188263 -2.60459 -0.0303075
internal_weight=8064 1008 864 7056 432 6624
internal_count=8064 1008 864 7056 432 6624
is_linear=0
shrinkage=0.05


Tree=70
num_leaves=7
num_cat=0
split_feature=2 3 6 3 0 3
split_gain=821814 1.59169e+06 7.45077e+06 2.86095e+06 976239 1.31191e+06
threshold=117.76064285714325 -115.88908020833331 -0.1736481776669305 -67.732559027778152 97.204150000000013 55.872129166666817
decision_type=2 2 2 2 2 2
left_child=4 2 -2 -3 -1 -6
right_child=1 3 -4 -5 5 -7
leaf_value=0.17556125981559983 11.719491155930093 -3.4760201786782083 -3.2703793469970748 1.7243524567555018 -0.24959155156494295 -2.896773970160972
leaf_weight=4354 162 372 168 908 1397 703
leaf_count=4354 162 372 168 908 1397 703
internal_value=0.000592093 1.01084 4.10146 0.21146 -0.25154 -1.13672
internal_weight=8064 1610 330 1280 6454 2100
internal_count=8064 1610 330 1280 6454 2100
is_linear=0
shrinkage=0.05


Tree=71
num_leaves=4
num_cat=0
split_feature=3 3 2
split_gain=794629 1.7398e+06 1.0788e+06
threshold=328.78225173611105 151.79005486111103 -237.77079285714305
decision_type=2 2 2
left_child=1 2 -1
right_child=-2 -3 -4
leaf_value=-2.5422604014218781 3.6685830819195715 -5.4931099423046774 0.16918176284829889
leaf_weight=385 144 144 7391
leaf_count=385 144 144 7391
internal_value=0.000585577 -0.06656 0.0346251
internal_weight=8064 7920 7776
internal_count=8064 7920 7776
is_linear=0
shrinkage=0.05


Tree=72
num_leaves=6
num_cat=0
split_feature=2 3 3 3 1
split_gain=739163 1.23198e+06 2.02019e+06 784684 990716
threshold=282.16875000000033 6.1574243055554243 -115.88908020833331 328.78225173611105 696.82690000000014
decision_type=2 2 2 2 2
left_child=3 2 -2 4 -1
right_child=1 -3 -4 -5 -6
leaf_value=-0.14127186104377482 4.7182015487029734 4.8273580215059892 -1.7124247879319385 3.4864188986913911 -4.1827577960106641
leaf_weight=6996 176 201 393 144 154
leaf_count=6996 176 201 393 144 154
internal_value=0.000530279 1.47283 0.28145 -0.155076 -0.228892
internal_weight=8064 770 569 7294 7150
internal_count=8064 770 569 7294 7150
is_linear=0
shrinkage=0.05


Tree=73
num_leaves=7
num_cat=0
split_feature=3 3 0 3 0 3
split_gain=703392 2.90705e+06 6.09217e+06 2.21436e+06 4.32654e+06 1.35225e+06
threshold=55.872129166666817 15.821868402777911 4415.1562500000009 61.785570138888723 1552.5917000000002 10.283499999999778
decision_type=2 2 2 2 2 2
left_child=1 5 -3 4 -2 -1
right_child=3 2 -4 -5 -6 -7
leaf_value=-0.035620285486443255 0.088770895222879759 0.31511712185437646 9.6171200513355135 0.19459574340140501 -8.7605253467132957 -4.9351309025698704
leaf_weight=4896 348 619 245 1584 228 144
leaf_count=4896 348 619 245 1584 228 144
internal_value=0.000547132 0.283007 2.96091 -0.771284 -3.42319 -0.176558
internal_weight=8064 5904 864 2160 576 5040
internal_count=8064 5904 864 2160 576 5040
is_linear=0
shrinkage=0.05


Tree=74
num_leaves=4
num_cat=0
split_feature=2 3 3
split_gain=678623 676366 2.21266e+06
threshold=561.92948571428599 -181.02418715277767 -135.92341701388861
decision_type=2 2 2
left_child=1 -1 -3
right_child=-2 2 -4
leaf_value=2.3252872119654406 2.7987517976224141 -3.7412644125940164 0.039860503560702913
leaf_weight=282 210 408 7164
leaf_count=282 210 408 7164
internal_value=0.000497988 -0.0746684 -0.164344
internal_weight=8064 7854 7572
internal_count=8064 7854 7572
is_linear=0
shrinkage=0.05


Tree=75
num_leaves=7
num_cat=0
split_feature=2 3 3 0 6 3
split_gain=657679 1.38715e+06 3.87842e+06 834874 1.24253e+06 308146
threshold=117.76064285714325 -135.92341701388861 -111.63647187500008 97.204150000000013 -0.42261826174069911 -115.88908020833331
decision_type=2 2 2 2 2 2
left_child=3 -2 -3 5 -5 -1
right_child=1 2 -4 4 -6 -7
leaf_value=-0.95045388948075393 -2.6649843751584772 8.7241546161291073 0.53198751394334787 -2.5942801174264751 -0.090097948309025525 0.32772277293407504
leaf_weight=537 232 163 1215 799 1301 3817
leaf_count=537 232 163 1215 799 1301 3817
internal_value=0.000481903 0.904231 1.50664 -0.225071 -1.04366 0.169897
internal_weight=8064 1610 1378 6454 2100 4354
internal_count=8064 1610 1378 6454 2100 4354
is_linear=0
shrinkage=0.05


Tree=76
num_leaves=7
num_cat=0
split_feature=3 3 0 3 0 0
split_gain=662940 6.21495e+06 1.48773e+06 1.0181e+06 1.68144e+06 753716
threshold=-115.88908020833331 -124.78350590277749 6486.3523000000014 -111.63647187500008 0.022750000000000003 8263.3865500000011
decision_type=2 2 2 2 2 2
left_child=1 2 -1 4 -2 -5
right_child=3 -3 -4 5 -6 -7
leaf_value=0.55265771480274573 0.74493787535305689 10.778227220979231 -4.8812326080658863 0.052793647009764383 -6.8781066878088595 -2.8412251462752218
leaf_weight=712 144 144 152 6536 144 232
leaf_count=712 144 144 152 6536 144 232
internal_value=0.00047817 1.19927 -0.407842 -0.170923 -3.0772 -0.0468154
internal_weight=8064 1008 864 7056 288 6768
internal_count=8064 1008 864 7056 288 6768
is_linear=0
shrinkage=0.05


Tree=77
num_leaves=4
num_cat=0
split_feature=3 3 2
split_gain=657950 1.56661e+06 845863
threshold=328.78225173611105 151.79005486111103 -237.77079285714305
decision_type=2 2 2
left_child=1 2 -1
right_child=-2 -3 -4
leaf_value=-2.2464264571975554 3.3381088570890753 -5.2100376208075163 0.15450354971069286
leaf_weight=385 144 144 7391
leaf_count=385 144 144 7391
internal_value=0.000438928 -0.0606597 0.0353568
internal_weight=8064 7920 7776
internal_count=8064 7920 7776
is_linear=0
shrinkage=0.05


Tree=78
num_leaves=7
num_cat=0
split_feature=3 3 0 3 0 3
split_gain=608780 2.62715e+06 5.59773e+06 1.99054e+06 3.8186e+06 1.21079e+06
threshold=55.872129166666817 15.821868402777911 4415.1562500000009 61.785570138888723 2388.1007000000004 10.283499999999778
decision_type=2 2 2 2 2 2
left_child=1 5 -3 4 -2 -1
right_child=3 2 -4 -5 -6 -7
leaf_value=-0.040346679915855659 -0.14316693748212966 0.27278911139215195 9.1892782371703206 0.19810333140123906 -8.5891278748828661 -4.6765148974698167
leaf_weight=4896 366 619 245 1584 210 144
leaf_count=4896 366 619 245 1584 210 144
internal_value=0.000392421 0.26317 2.80889 -0.717656 -3.23197 -0.17371
internal_weight=8064 5904 864 2160 576 5040
internal_count=8064 5904 864 2160 576 5040
is_linear=0
shrinkage=0.05


Tree=79
num_leaves=7
num_cat=0
split_feature=3 3 0 3 0 0
split_gain=593393 5.61657e+06 1.3436e+06 926378 2.96381e+06 724464
threshold=-115.88908020833331 -124.78350590277749 6486.3523000000014 -99.719994791666736 3243.9042000000004 8263.3865500000011
decision_type=2 2 2 2 2 2
left_child=1 2 -1 4 -2 -5
right_child=3 -3 -4 5 -6 -7
leaf_value=0.5195321044676936 0.53097693634486942 10.240675739748724 -4.6444366649949762 0.084247615460328551 -8.2324836617502672 -2.7600425278575256
leaf_weight=712 288 144 152 6393 144 231
leaf_count=712 288 144 152 6393 144 231
internal_value=0.000349306 1.13451 -0.393263 -0.161812 -2.40244 -0.0153435
internal_weight=8064 1008 864 7056 432 6624
internal_count=8064 1008 864 7056 432 6624
is_linear=0
shrinkage=0.05


Tree=80
num_leaves=7
num_cat=0
split_feature=2 3 6 3 3 0
split_gain=618950 1.35567e+06 6.54489e+06 2.40386e+06 685609 1.11492e+06
threshold=117.76064285714325 -115.88908020833331 -0.1736481776669305 -67.732559027778152 328.78225173611105 414.09375000000006
decision_type=2 2 2 2 2 2
left_child=4 2 -2 -3 5 -1
right_child=1 3 -4 -5 -6 -7
leaf_value=0.14021680831635361 10.869397879012524 -3.2406975256314072 -3.1793269170811898 1.5261699391309709 3.1808924870655453 -1.3076448649144536
leaf_weight=4407 162 372 168 908 144 1903
leaf_count=4407 162 372 168 908 144 1903
internal_value=0.000305416 0.877042 3.72932 0.139351 -0.218505 -0.296574
internal_weight=8064 1610 330 1280 6454 6310
internal_count=8064 1610 330 1280 6454 6310
is_linear=0
shrinkage=0.05


Tree=81
num_leaves=4
num_cat=0
split_feature=2 3 3
split_gain=575352 696365 1.72708e+06
threshold=506.40817142857128 -181.02418715277767 -135.92341701388861
decision_type=2 2 2
left_child=1 -1 -3
right_child=-2 2 -4
leaf_value=2.3638562373472278 2.2230556103894723 -3.3554882237971961 0.0093029672511243978
leaf_weight=280 280 402 7102
leaf_count=280 280 402 7102
internal_value=0.000339672 -0.0798894 -0.171377
internal_weight=8064 7784 7504
internal_count=8064 7784 7504
is_linear=0
shrinkage=0.05


Tree=82
num_leaves=7
num_cat=0
split_feature=3 3 0 3 0 3
split_gain=558905 2.36037e+06 5.09671e+06 1.76792e+06 3.39594e+06 1.09007e+06
threshold=55.872129166666817 15.821868402777911 4415.1562500000009 61.785570138888723 1552.5917000000002 10.283499999999778
decision_type=2 2 2 2 2 2
left_child=1 5 -3 4 -2 -1
right_child=3 2 -4 -5 -6 -7
leaf_value=-0.035451642001169063 0.054272133291280035 0.24520068552465207 8.7532753105282914 0.17536219737883246 -7.7858406526553061 -4.4344238442388075
leaf_weight=4896 348 619 245 1584 228 144
leaf_count=4896 348 619 245 1584 228 144
internal_value=0.000330385 0.252114 2.66512 -0.687676 -3.05722 -0.161991
internal_weight=8064 5904 864 2160 576 5040
internal_count=8064 5904 864 2160 576 5040
is_linear=0
shrinkage=0.05


Tree=83
num_leaves=4
num_cat=0
split_feature=3 3 2
split_gain=536343 1.42822e+06 676770
threshold=328.78225173611105 151.79005486111103 -237.77079285714305
decision_type=2 2 2
left_child=1 2 -1
right_child=-2 -3 -4
leaf_value=-2.0042016116260442 3.0137750133152665 -4.9715501779523388 0.14338191821563936
leaf_weight=385 144 144 7391
leaf_count=385 144 144 7391
internal_value=0.000295092 -0.054869 0.0368082
internal_weight=8064 7920 7776
internal_count=8064 7920 7776
is_linear=0
shrinkage=0.05


Tree=84
num_leaves=7
num_cat=0
split_feature=2 3 6 3 3 0
split_gain=524660 1.24965e+06 5.87991e+06 2.16488e+06 557474 978602
threshold=117.76064285714325 -115.88908020833331 -0.1736481776669305 -67.732559027778152 328.78225173611105 97.204150000000013
decision_type=2 2 2 2 2 2
left_child=4 2 -2 -3 5 -1
right_child=1 3 -4 -5 -6 -7
leaf_value=0.15742678863666604 10.313547339724618 -3.1083861832604334 -3.0024043140150387 1.4153311278964436 2.8641255234233265 -1.1751105554445875
leaf_weight=4279 162 372 168 908 144 2031
leaf_count=4279 162 372 168 908 144 2031
internal_value=0.00025667 0.807455 3.54593 0.0992256 -0.201199 -0.271595
internal_weight=8064 1610 330 1280 6454 6310
internal_count=8064 1610 330 1280 6454 6310
is_linear=0
shrinkage=0.05


Tree=85
num_leaves=7
num_cat=0
split_feature=3 3 0 3 0 3
split_gain=500422 2.12675e+06 4.64665e+06 1.58365e+06 3.02864e+06 979921
threshold=55.872129166666817 15.821868402777911 4415.1562500000009 61.785570138888723 2388.1007000000004 10.283499999999778
decision_type=2 2 2 2 2 2
left_child=1 5 -3 4 -2 -1
right_child=3 2 -4 -5 -6 -7
leaf_value=-0.034564022541526164 -0.14252828226427292 0.2184317660812409 8.3421531972058904 0.16609844184824346 -7.664346785087722 -4.2053701552029317
leaf_weight=4896 366 619 245 1584 210 144
leaf_count=4896 366 619 245 1584 210 144
internal_value=0.000290102 0.238537 2.52901 -0.650726 -2.89339 -0.154541
internal_weight=8064 5904 864 2160 576 5040
internal_count=8064 5904 864 2160 576 5040
is_linear=0
shrinkage=0.05


Tree=86
num_leaves=4
num_cat=0
split_feature=2 3 3
split_gain=464409 551336 1.79859e+06
threshold=561.92948571428599 -181.02418715277767 -135.92341701388861
decision_type=2 2 2
left_child=1 -1 -3
right_child=-2 2 -4
leaf_value=2.1048813392332502 2.3151055821310287 -3.3678091288195846 0.041217306164708784
leaf_weight=282 210 408 7164
leaf_count=282 210 408 7164
internal_value=0.000255023 -0.0619262 -0.142891
internal_weight=8064 7854 7572
internal_count=8064 7854 7572
is_linear=0
shrinkage=0.05


Tree=87
num_leaves=7
num_cat=0
split_feature=3 3 0 3 6 2
split_gain=482630 4.94535e+06 1.31566e+06 808302 1.56039e+06 594727
threshold=-115.88908020833331 -124.78350590277749 6486.3523000000014 -111.63647187500008 1.0000000180025095e-35 -548.37579999999969
decision_type=2 2 2 2 2 2
left_child=1 2 -1 4 -2 -5
right_child=3 -3 -4 5 -6 -7
leaf_value=0.49284348936934069 -6.3972887550551318 9.5678411958546477 -4.6171625579007314 -3.1920018846041538 0.94501623794950285 0.03416543613069304
leaf_weight=712 144 144 152 145 144 6623
leaf_count=712 144 144 152 145 144 6623
internal_value=0.000249048 1.0231 -0.410438 -0.145997 -2.73557 -0.0354145
internal_weight=8064 1008 864 7056 288 6768
internal_count=8064 1008 864 7056 288 6768
is_linear=0
shrinkage=0.05


Tree=88
num_leaves=6
num_cat=0
split_feature=2 3 3 3 0
split_gain=454989 1.18475e+06 3.32968e+06 512675 863833
threshold=117.76064285714325 -135.92341701388861 -111.63647187500008 328.78225173611105 414.09375000000006
decision_type=2 2 2 2 2
left_child=3 -2 -3 4 -1
right_child=1 2 -4 -5 -6
leaf_value=0.12957740517023839 -2.5465229810371421 7.996112673747831 0.40568073788890618 2.7521899637682683 -1.14486622030161
leaf_weight=4407 232 163 1215 144 1903
leaf_count=4407 232 163 1215 144 1903
internal_value=0.00021697 0.751912 1.30868 -0.187387 -0.254896
internal_weight=8064 1610 1378 6454 6310
internal_count=8064 1610 1378 6454 6310
is_linear=0
shrinkage=0.05


Tree=89
num_leaves=7
num_cat=0
split_feature=3 3 0 3 0 3
split_gain=447692 1.92646e+06 4.22827e+06 1.4117e+06 2.70466e+06 879882
threshold=55.872129166666817 15.821868402777911 4415.1562500000009 61.785570138888723 1371.7035500000002 10.283499999999778
decision_type=2 2 2 2 2 2
left_child=1 5 -3 4 -2 -1
right_child=3 2 -4 -5 -6 -7
leaf_value=-0.034824388067920597 0.10443063556018446 0.20146196128139571 7.9508222013651348 0.15569658865687974 -6.8626166813931562 -3.9870043901739454
leaf_weight=4896 342 619 245 1584 234 144
leaf_count=4896 342 619 245 1584 234 144
internal_value=0.00025318 0.225598 2.40556 -0.61551 -2.73292 -0.148512
internal_weight=8064 5904 864 2160 576 5040
internal_count=8064 5904 864 2160 576 5040
is_linear=0
shrinkage=0.05


Tree=90
num_leaves=6
num_cat=0
split_feature=3 3 3 5 3
split_gain=435566 1.66127e+06 1.02864e+06 3.23826e+06 3.07822e+06
threshold=-181.02418715277767 -203.1015222222222 -135.92341701388861 -0.48087430661751701 -115.88908020833331
decision_type=2 2 2 2 2
left_child=1 -1 3 -2 -4
right_child=2 -3 4 -5 -6
leaf_value=-1.8863388625506698 -8.4392813196053389 5.6856597110320788 5.1267364392024843 0.67485868820360495 -0.13811931062792757
leaf_weight=144 147 144 288 285 7056
leaf_count=144 147 144 288 285 7056
internal_value=0.000225211 1.90623 -0.0706037 -2.43881 0.0690155
internal_weight=8064 288 7776 432 7344
internal_count=8064 288 7776 432 7344
is_linear=0
shrinkage=0.05


Tree=91
num_leaves=7
num_cat=0
split_feature=2 3 6 3 3 0
split_gain=424537 1.21324e+06 5.19483e+06 1.9891e+06 463702 766540
threshold=117.76064285714325 -115.88908020833331 -0.1736481776669305 -9.9149104166667694 328.78225173611105 97.204150000000013
decision_type=2 2 2 2 2 2
left_child=4 2 -2 -3 5 -1
right_child=1 3 -4 -5 -6 -7
leaf_value=0.13450396062823658 9.7856385556101078 -1.6328892693284141 -2.7308622095006458 2.3632250459628845 2.6146568712694891 -1.0448493145493101
leaf_weight=4279 162 748 168 532 144 2031
leaf_count=4279 162 748 168 532 144 2031
internal_value=0.000220291 0.726324 3.4246 0.028544 -0.180996 -0.2452
internal_weight=8064 1610 330 1280 6454 6310
internal_count=8064 1610 330 1280 6454 6310
is_linear=0
shrinkage=0.05


Tree=92
num_leaves=7
num_cat=0
split_feature=3 3 0 3 0 3
split_gain=412114 1.7255e+06 3.81961e+06 1.2599e+06 2.43374e+06 875573
threshold=55.872129166666817 15.821868402777911 4415.1562500000009 61.785570138888723 2388.1007000000004 62.965228819444413
decision_type=2 2 2 2 2 2
left_child=1 -1 -3 4 -2 -5
right_child=3 2 -4 5 -6 -7
leaf_value=-0.13758671311223744 -0.1249232052579238 0.18473084564891554 7.5500768871811346 3.8414786507908638 -6.8676471658510057 -0.2347045033601404
leaf_weight=5040 366 619 245 144 210 1440
leaf_count=5040 366 619 245 144 210 1440
internal_value=0.000268105 0.216474 2.2796 -0.590521 -2.59085 0.138047
internal_weight=8064 5904 864 2160 576 1584
internal_count=8064 5904 864 2160 576 1584
is_linear=0
shrinkage=0.05


Tree=93
num_leaves=4
num_cat=0
split_feature=2 3 3
split_gain=382649 509059 1.31975e+06
threshold=506.40817142857128 -181.02418715277767 -135.92341701388861
decision_type=2 2 2
left_child=1 -1 -3
right_child=-2 2 -4
leaf_value=2.0242524673605464 1.8129441709917211 -2.9267916945828398 0.014572639379969755
leaf_weight=280 280 402 7102
leaf_count=280 280 402 7102
internal_value=0.000280801 -0.0651474 -0.143369
internal_weight=8064 7784 7504
internal_count=8064 7784 7504
is_linear=0
shrinkage=0.05


Tree=94
num_leaves=7
num_cat=0
split_feature=3 3 5 0 3 1
split_gain=374685 1.55129e+06 3.44978e+06 1.16027e+06 843982 816456
threshold=55.872129166666817 15.821868402777911 -0.5554380223489348 7567.5003000000006 69.995581944444453 329.56629999999956
decision_type=2 2 2 2 2 2
left_child=1 5 -3 4 -2 -1
right_child=3 2 -4 -5 -6 -7
leaf_value=-0.005084107381702797 -1.1386062563626183 6.8374676234607765 0.029789967270834106 -3.8641027601962352 0.95895242817749482 -3.3893914438260566
leaf_weight=4856 1023 270 594 236 901 184
leaf_count=4856 1023 270 594 236 901 184
internal_value=0.000272506 0.206426 2.16263 -0.56305 -0.156342 -0.129286
internal_weight=8064 5904 864 2160 1924 5040
internal_count=8064 5904 864 2160 1924 5040
is_linear=0
shrinkage=0.05


Tree=95
num_leaves=7
num_cat=0
split_feature=3 3 0 0 6 2
split_gain=373616 4.05396e+06 1.12265e+06 770684 1.69635e+06 366558
threshold=-115.88908020833331 -124.78350590277749 6486.3523000000014 4993.9469500000005 -0.76604444311897835 -116.60057857142827
decision_type=2 2 2 2 2 2
left_child=1 2 -1 5 -5 -2
right_child=3 -3 -4 4 -6 -7
leaf_value=0.43673000786333316 2.6098567774426193 8.6366273596368988 -4.2836123857622832 -3.8113517702621609 -0.16843723391719739 0.10233011617906169
leaf_weight=712 149 144 152 418 1347 5142
leaf_count=712 149 144 152 418 1347 5142
internal_value=0.000255336 0.900205 -0.397693 -0.128418 -1.03285 0.173424
internal_weight=8064 1008 864 7056 1765 5291
internal_count=8064 1008 864 7056 1765 5291
is_linear=0
shrinkage=0.05


Tree=96
num_leaves=7
num_cat=0
split_feature=2 3 6 3 3 0
split_gain=368844 1.12243e+06 4.63772e+06 1.82403e+06 420131 661454
threshold=117.76064285714325 -115.88908020833331 -0.1736481776669305 -67.732559027778152 328.78225173611105 7.8059000000000012
decision_type=2 2 2 2 2 2
left_child=4 2 -2 -3 5 -1
right_child=1 3 -4 -5 -6 -7
leaf_value=0.13143418963395651 9.2826275910336555 -2.9382899969756284 -2.5438073516950102 1.2140517240265187 2.492418042791301 -0.95514185200671753
leaf_weight=4213 162 372 168 908 144 2097
leaf_count=4213 162 372 168 908 144 2097
internal_value=0.0002644 0.677067 3.2724 0.00592572 -0.168648 -0.229761
internal_weight=8064 1610 330 1280 6454 6310
internal_count=8064 1610 330 1280 6454 6310
is_linear=0
shrinkage=0.05


Tree=97
num_leaves=7
num_cat=0
split_feature=3 3 0 3 0 3
split_gain=336543 1.41074e+06 3.19098e+06 1.06572e+06 2.1463e+06 824483
threshold=55.872129166666817 15.821868402777911 4415.1562500000009 61.785570138888723 1371.7035500000002 62.965228819444413
decision_type=2 2 2 2 2 2
left_child=1 -1 -3 4 -2 -5
right_child=3 2 -4 5 -6 -7
leaf_value=-0.12447056614714765 0.15406699251416126 0.14645587890739403 6.8784398797081741 3.7302389887078058 -6.0521308087034429 -0.22523360771956252
leaf_weight=5040 342 619 245 144 234 1440
leaf_count=5040 342 619 245 144 234 1440
internal_value=0.000292622 0.195672 2.06115 -0.533588 -2.37332 0.136481
internal_weight=8064 5904 864 2160 576 1584
internal_count=8064 5904 864 2160 576 1584
is_linear=0
shrinkage=0.05


Tree=98
num_leaves=4
num_cat=0
split_feature=3 3 5
split_gain=334419 1.29275e+06 452855
threshold=328.78225173611105 151.79005486111103 -0.94670478576706751
decision_type=2 2 2
left_child=1 2 -1
right_child=-2 -3 -4
leaf_value=1.162184068751688 2.3798408357028307 -4.720950676572734 -0.086206842417471424
leaf_weight=810 144 144 6966
leaf_count=810 144 144 6966
internal_value=0.000305925 -0.0432533 0.0439666
internal_weight=8064 7920 7776
internal_count=8064 7920 7776
is_linear=0
shrinkage=0.05


Tree=99
num_leaves=5
num_cat=0
split_feature=0 5 1 0
split_gain=345006 432692 1.94918e+06 854818
threshold=8400.595800000001 -0.97111091670450067 -395.98109999999946 7758.4109000000017
decision_type=2 2 2 2
left_child=1 2 -1 -3
right_child=-2 3 -4 -5
leaf_value=-3.0224357368090216 -2.0400459981329813 0.03824938827603213 3.8391182138935314 -3.7262872023096723
leaf_weight=155 201 7248 307 153
leaf_count=155 201 7248 307 153
internal_value=0.000282794 0.052692 1.53553 -0.0400673
internal_weight=8064 7863 462 7401
internal_count=8064 7863 462 7401
is_linear=0
shrinkage=0.05


end of trees

feature_importances:
Column_3=195
Column_2=167
Column_0=80
Column_1=26
Column_6=17
Column_4=16
Column_5=8

parameters:
[boosting: gbdt]
[objective: regression]
[metric: l2]
[tree_learner: serial]
[device_type: cpu]
[data_sample_strategy: bagging]
[data: ]
[valid: ]
[num_iterations: 100]
[learning_rate: 0.05]
[num_leaves: 7]
[num_threads: 1]
[seed: 20250911]
[deterministic: 1]
[force_col_wise: 1]
[force_row_wise: 0]
[histogram_pool_size: -1]
[max_depth: 3]
[min_data_in_leaf: 144]
[min_sum_hessian_in_leaf: 0.001]
[bagging_fraction: 1]
[pos_bagging_fraction: 1]
[neg_bagging_fraction: 1]
[bagging_freq: 0]
[bagging_seed: 20250911]
[bagging_by_query: 0]
[feature_fraction: 1]
[feature_fraction_bynode: 1]
[feature_fraction_seed: 20250911]
[extra_trees: 0]
[extra_seed: 26685]
[early_stopping_round: 0]
[early_stopping_min_delta: 0]
[first_metric_only: 0]
[max_delta_step: 0]
[lambda_l1: 0]
[lambda_l2: 1]
[linear_lambda: 0]
[min_gain_to_split: 0]
[drop_rate: 0.1]
[max_drop: 50]
[skip_drop: 0.5]
[xgboost_dart_mode: 0]
[uniform_drop: 0]
[drop_seed: 2504]
[top_rate: 0.2]
[other_rate: 0.1]
[min_data_per_group: 100]
[max_cat_threshold: 32]
[cat_l2: 10]
[cat_smooth: 10]
[max_cat_to_onehot: 4]
[top_k: 20]
[monotone_constraints: ]
[monotone_constraints_method: basic]
[monotone_penalty: 0]
[feature_contri: ]
[forcedsplits_filename: ]
[refit_decay_rate: 0.9]
[cegb_tradeoff: 1]
[cegb_penalty_split: 0]
[cegb_penalty_feature_lazy: ]
[cegb_penalty_feature_coupled: ]
[path_smooth: 0]
[interaction_constraints: ]
[verbosity: -1]
[saved_feature_importance_type: 0]
[use_quantized_grad: 0]
[num_grad_quant_bins: 4]
[quant_train_renew_leaf: 0]
[stochastic_rounding: 1]
[linear_tree: 0]
[max_bin: 63]
[max_bin_by_feature: ]
[min_data_in_bin: 3]
[bin_construct_sample_cnt: 200000]
[data_random_seed: 20250911]
[is_enable_sparse: 1]
[enable_bundle: 1]
[use_missing: 1]
[zero_as_missing: 0]
[feature_pre_filter: 0]
[pre_partition: 0]
[two_round: 0]
[header: 0]
[label_column: ]
[weight_column: ]
[group_column: ]
[ignore_column: ]
[categorical_feature: ]
[forcedbins_filename: ]
[precise_float_parser: 0]
[parser_config_file: ]
[objective_seed: 19683]
[num_class: 1]
[is_unbalance: 0]
[scale_pos_weight: 1]
[sigmoid: 1]
[boost_from_average: 1]
[reg_sqrt: 0]
[alpha: 0.9]
[fair_c: 1]
[poisson_max_delta_step: 0.7]
[tweedie_variance_power: 1.5]
[lambdarank_truncation_level: 30]
[lambdarank_norm: 1]
[label_gain: ]
[lambdarank_position_bias_regularization: 0]
[eval_at: ]
[multi_error_top_k: 1]
[auc_mu_weights: ]
[num_machines: 1]
[local_listen_port: 12400]
[time_out: 120]
[machine_list_filename: ]
[machines: ]
[gpu_platform_id: -1]
[gpu_device_id: -1]
[gpu_device_id_list: ]
[gpu_use_dp: 0]
[num_gpu: 1]

end of parameters

pandas_categorical:null
