tree
version=v4
num_class=1
num_tree_per_iteration=1
label_index=0
max_feature_idx=7
objective=regression
feature_names=Column_0 Column_1 Column_2 Column_3 Column_4 Column_5 Column_6 Column_7
feature_infos=[0:9923.7032999999992] [-3228.8724999999995:2919.1198999999997] [-1969.118657142857:1921.3442857142854] [-390.22572083333262:460.49069999999983] [-1:1] [-1:1] [-1:1] [-1:1]
tree_sizes=755 762 760 763 755 759 762 760 762 761 758 757 759 761 766 760 671 763 765 678 673 763 762 678 680 760 590 763 762 679 590 766 757 592 763 676 591 679 676 675 597 674 760 594 765 507 597 598 509 593 601 508 594 755 598 596 768 762 595 769 592 772 596 595 773 767 769 599 766 509 771 761 509 764 594 594 764 510 595 774 764 595 767 762 757 774 510 592 767 766 765 509 763 599 593 768 767 593 597 767

Tree=0
num_leaves=7
num_cat=0
split_feature=2 2 2 2 2 3
split_gain=2.45884e+08 1.65648e+08 4.54782e+07 2.43176e+07 1.56848e+07 7.86906e+06
threshold=363.04439999999983 -495.08222142857079 -91.202550000000187 640.41230000000053 -760.61392857142789 -56.036128819444222
decision_type=2 2 2 2 2 2
left_child=1 4 -3 5 -1 -2
right_child=3 2 -4 -5 -6 -7
leaf_value=-44.294754071011603 12.936488207096284 -9.1328283246812987 1.6865276975019445 39.359202842477437 -24.35023741425389 28.487097082936199
leaf_weight=168 180 1165 5815 332 252 152
leaf_count=168 180 1165 5815 332 252 152
internal_value=0.659173 -1.95763 -0.120426 29.7824 -32.4159 20.1182
internal_weight=8064 7400 6980 664 420 332
internal_count=8064 7400 6980 664 420 332
is_linear=0
shrinkage=1


Tree=1
num_leaves=7
num_cat=0
split_feature=2 2 2 2 2 3
split_gain=2.22065e+08 1.46438e+08 3.83844e+07 3.34748e+07 1.41682e+07 8.00702e+06
threshold=282.70886428571424 -495.08222142857079 -91.202550000000187 640.41230000000053 -760.61392857142789 -56.036128819444222
decision_type=2 2 2 2 2 2
left_child=1 4 -3 5 -1 -2
right_child=3 2 -4 -5 -6 -7
leaf_value=-42.719530459973946 10.027215215309646 -9.3028214254239199 0.66134762901095656 36.770838774364812 -23.763882972035013 22.771206458479412
leaf_weight=168 257 1165 5649 332 252 241
leaf_count=168 257 1165 5649 332 252 241
internal_value=5.06209e-07 -2.81166 -1.04336 24.4794 -31.4296 16.2278
internal_weight=8064 7234 6814 830 420 498
internal_count=8064 7234 6814 830 420 498
is_linear=0
shrinkage=0.05


Tree=2
num_leaves=7
num_cat=0
split_feature=2 2 2 2 2 3
split_gain=2.01426e+08 1.35009e+08 3.69925e+07 1.95089e+07 1.27982e+07 6.51196e+06
threshold=363.04439999999983 -495.08222142857079 -91.202550000000187 640.41230000000053 -760.61392857142789 -56.036128819444222
decision_type=2 2 2 2 2 2
left_child=1 4 -3 5 -1 -2
right_child=3 2 -4 -5 -6 -7
leaf_value=-40.59619325027311 11.1682497488201 -8.8380791863691748 0.91981679793995552 34.937818139021822 -22.580384781803541 25.314503116856994
leaf_weight=168 180 1165 5815 332 252 152
leaf_count=168 180 1165 5815 332 252 152
internal_value=-3.40015e-05 -2.36848 -0.709862 26.3592 -29.866 17.7014
internal_weight=8064 7400 6980 664 420 332
internal_count=8064 7400 6980 664 420 332
is_linear=0
shrinkage=0.05


Tree=3
num_leaves=7
num_cat=0
split_feature=2 2 2 2 3 2
split_gain=1.83801e+08 1.15726e+08 3.76778e+07 2.82565e+07 1.1956e+07 1.15607e+07
threshold=204.37832857142851 -495.08222142857079 640.41230000000053 -91.202550000000187 -56.036128819444222 -760.61392857142789
decision_type=2 2 2 2 2 2
left_child=1 5 4 -3 -2 -1
right_child=2 3 -4 -5 -6 -7
leaf_value=-38.578394372928784 6.8429223616917927 -8.3965541695482635 33.196172720533951 0.18630767459668174 19.523393130926081 -21.455828133779082
leaf_weight=168 389 1165 332 5400 358 252
leaf_count=168 389 1165 332 5400 358 252
internal_value=-3.02799e-05 -2.96768 19.1963 -1.33782 12.938 -28.3802
internal_weight=8064 6985 1079 6565 747 420
internal_count=8064 6985 1079 6565 747 420
is_linear=0
shrinkage=0.05


Tree=4
num_leaves=7
num_cat=0
split_feature=2 2 2 2 2 3
split_gain=1.66197e+08 1.07064e+08 2.74693e+07 2.73132e+07 1.13326e+07 8.21192e+06
threshold=253.1035500000003 -268.31250000000017 640.41230000000053 -760.61392857142789 48.9463642857148 -56.036128819444222
decision_type=2 2 2 2 2 2
left_child=1 3 5 -1 -3 -2
right_child=2 4 -4 -5 -6 -7
leaf_value=-36.660889164794831 7.6704041628638908 -1.0962620532709384 31.541348875732396 -14.365821523248991 4.9307304894449748 19.596104567337374
leaf_weight=168 299 5317 332 753 913 282
leaf_count=168 299 5317 332 753 913 282
internal_value=-8.2531e-05 -2.56582 20.0767 -18.468 -0.212363 13.4825
internal_weight=8064 7151 913 921 6230 581
internal_count=8064 7151 913 921 6230 581
is_linear=0
shrinkage=0.05


Tree=5
num_leaves=7
num_cat=0
split_feature=2 2 0 2 2 1
split_gain=1.50532e+08 1.01212e+08 2.53065e+07 1.72816e+07 1.52395e+07 6.89776e+06
threshold=363.04439999999983 -268.31250000000017 7277.0885000000007 110.23629285714306 877.81217142857224 -685.27499999999998
decision_type=2 2 2 2 2 2
left_child=1 2 -1 -3 5 -2
right_child=4 3 -4 -5 -6 -7
leaf_value=-10.476399746225843 25.394871615264023 -0.83199862112852829 -27.295464481124583 6.8905091222084245 35.915620232770543 13.347517886453744
leaf_weight=535 205 5649 386 830 166 293
leaf_count=535 205 5649 386 830 166 293
internal_value=-6.41745e-06 -2.04749 -17.5474 0.158213 22.7871 18.3477
internal_weight=8064 7400 921 6479 664 498
internal_count=8064 7400 921 6479 664 498
is_linear=0
shrinkage=0.05


Tree=6
num_leaves=7
num_cat=0
split_feature=2 2 2 2 3 2
split_gain=1.36186e+08 8.82426e+07 2.78073e+07 2.16158e+07 1.01167e+07 8.88814e+06
threshold=204.37832857142851 -495.08222142857079 640.41230000000053 -91.202550000000187 -56.036128819444222 -760.61392857142789
decision_type=2 2 2 2 2 2
left_child=1 5 4 -3 -2 -1
right_child=2 3 -4 -5 -6 -7
leaf_value=-33.686010658670462 5.5437830375402406 -7.3048169543398762 28.551202090151676 0.20204125485819066 17.204213695024716 -18.674753801530528
leaf_weight=168 389 1165 332 5400 358 252
leaf_count=168 389 1165 332 5400 358 252
internal_value=0.000260153 -2.55423 16.524 -1.13101 11.1476 -24.745
internal_weight=8064 6985 1079 6565 747 420
internal_count=8064 6985 1079 6565 747 420
is_linear=0
shrinkage=0.05


Tree=7
num_leaves=7
num_cat=0
split_feature=2 2 2 2 2 1
split_gain=1.23846e+08 8.37479e+07 2.29053e+07 1.28258e+07 8.02868e+06 6.05258e+06
threshold=363.04439999999983 -495.08222142857079 -42.443592857142896 877.81217142857224 -760.61392857142789 -685.27499999999998
decision_type=2 2 2 2 2 2
left_child=1 4 -3 5 -1 -2
right_child=3 2 -4 -5 -6 -7
leaf_value=-32.011677126771602 23.195508605531117 -6.0300626826590715 0.94622803034816538 32.711580388417502 -17.74470750399729 11.917616927907581
leaf_weight=168 205 1497 5483 166 252 293
leaf_count=168 205 1497 5483 166 252 293
internal_value=0.000196437 -1.85695 -0.550626 20.669 -23.514 16.5973
internal_weight=8064 7400 6980 664 420 498
internal_count=8064 7400 6980 664 420 498
is_linear=0
shrinkage=0.05


Tree=8
num_leaves=7
num_cat=0
split_feature=2 2 2 2 3 2
split_gain=1.12954e+08 7.18085e+07 2.23744e+07 1.7809e+07 9.28104e+06 7.25233e+06
threshold=204.37832857142851 -495.08222142857079 640.41230000000053 -145.43235714285694 -56.036128819444222 -760.61392857142789
decision_type=2 2 2 2 2 2
left_child=1 5 4 -3 -2 -1
right_child=2 3 -4 -5 -6 -7
leaf_value=-30.420564033434943 4.8599331302979056 -7.5053746098162968 25.837744579318766 0.0068614865843519834 16.026116621925972 -16.860978840085359
leaf_weight=168 389 916 332 5649 358 252
leaf_count=168 389 916 332 5649 358 252
internal_value=0.00026716 -2.32616 15.0488 -1.04229 10.2256 -22.3442
internal_weight=8064 6985 1079 6565 747 420
internal_count=8064 6985 1079 6565 747 420
is_linear=0
shrinkage=0.05


Tree=9
num_leaves=7
num_cat=0
split_feature=2 2 2 2 0 3
split_gain=1.01973e+08 6.48428e+07 2.0422e+07 1.62544e+07 6.66495e+06 6.54421e+06
threshold=204.37832857142851 -495.08222142857079 481.87106428571502 -91.202550000000187 7277.0885000000007 -56.036128819444222
decision_type=2 2 2 2 2 2
left_child=1 4 5 -3 -1 -2
right_child=2 3 -4 -5 -6 -7
leaf_value=-12.651438643758659 2.651374039915154 -6.3439098456618899 21.722076524570138 0.16573710788656604 -25.935625977830696 13.267178974008292
leaf_weight=150 294 1165 498 5400 270 287
leaf_count=150 294 1165 498 5400 270 287
internal_value=0.000203898 -2.21025 14.2985 -0.99023 -21.2326 7.90911
internal_weight=8064 6985 1079 6565 420 581
internal_count=8064 6985 1079 6565 420 581
is_linear=0
shrinkage=0.05


Tree=10
num_leaves=7
num_cat=0
split_feature=2 2 0 2 2 3
split_gain=9.2219e+07 6.32813e+07 1.80311e+07 1.19842e+07 1.04912e+07 5.7375e+06
threshold=363.04439999999983 -239.62789999999947 8364.3079500000022 48.9463642857148 877.81217142857224 -56.036128819444222
decision_type=2 2 2 2 2 2
left_child=1 2 -1 -3 5 -2
right_child=4 3 -4 -5 -6 -7
leaf_value=-10.45626409343132 9.4438992311243428 -0.78975379957994507 -29.338004951029021 4.8213564532526281 28.722044543020743 20.337757014784703
leaf_weight=856 284 5234 148 1162 166 214
leaf_count=856 284 5234 148 1162 166 214
internal_value=0.000149513 -1.60242 -13.2661 0.230245 17.8357 14.1566
internal_weight=8064 7400 1004 6396 664 498
internal_count=8064 7400 1004 6396 664 498
is_linear=0
shrinkage=0.05


Tree=11
num_leaves=7
num_cat=0
split_feature=2 0 2 2 3 0
split_gain=8.36043e+07 5.61206e+07 3.02254e+07 1.39653e+07 5.57959e+06 5.08739e+06
threshold=253.1035500000003 8364.3079500000022 -239.62789999999947 640.41230000000053 -56.036128819444222 5935.3020000000006
decision_type=2 2 2 2 2 2
left_child=1 2 -1 4 -2 -5
right_child=3 -3 -4 5 -6 -7
leaf_value=-9.9340607181313167 4.7556294290622079 -30.641387721119504 0.090737921270783034 28.638268216105992 14.574488617464006 16.055909652338769
leaf_weight=856 299 164 6131 166 282 166
leaf_count=856 299 164 6131 166 282 166
internal_value=0.000283042 -1.81948 -1.13868 14.2398 9.53826 22.4142
internal_weight=8064 7151 6987 913 581 332
internal_count=8064 7151 6987 913 581 332
is_linear=0
shrinkage=0.05


Tree=12
num_leaves=7
num_cat=0
split_feature=2 0 2 0 1 3
split_gain=7.61645e+07 5.10725e+07 1.97748e+07 1.42379e+07 1.36551e+07 1.0443e+07
threshold=143.91895714285741 7277.0885000000007 481.87106428571502 8364.3079500000022 360.50799999999987 77.054520138889316
decision_type=2 2 2 2 2 2
left_child=1 4 5 -3 -1 -2
right_child=2 3 -4 -5 -6 -7
leaf_value=-0.1299349400503825 3.1962566794899554 -11.466239310733075 18.808698016751507 -29.118604028586187 -8.3563923011510379 16.677342057679152
leaf_weight=5639 646 380 498 164 553 184
leaf_count=5639 646 380 498 164 553 184
internal_value=0.000414808 -2.15756 10.9397 -16.8316 -0.865861 6.20131
internal_weight=8064 6736 1328 544 6192 830
internal_count=8064 6736 1328 544 6192 830
is_linear=0
shrinkage=0.05


Tree=13
num_leaves=7
num_cat=0
split_feature=2 0 2 3 1 7
split_gain=6.89222e+07 4.80979e+07 2.00345e+07 1.32628e+07 1.23036e+07 8.20676e+06
threshold=110.23629285714306 7277.0885000000007 481.87106428571502 57.598736805555525 360.50799999999987 0.73657561215276279
decision_type=2 2 2 2 2 2
left_child=1 4 5 -3 -1 -2
right_child=2 3 -4 -5 -6 -7
leaf_value=-0.22655416465843606 3.4018621272796765 -24.001657138701898 17.870147728609421 -8.1275220083903132 -8.1290955436978898 15.030251093344257
leaf_weight=5499 810 283 498 248 540 186
leaf_count=5499 810 283 498 248 540 186
internal_value=0.000329653 -2.20425 9.69015 -16.617 -0.934419 5.58633
internal_weight=8064 6570 1494 531 6039 996
internal_count=8064 6570 1494 531 6039 996
is_linear=0
shrinkage=0.05


Tree=14
num_leaves=7
num_cat=0
split_feature=2 2 1 3 2 2
split_gain=6.23589e+07 4.33655e+07 1.37461e+07 1.95833e+07 1.02142e+07 6.09073e+06
threshold=204.37832857142851 -495.08222142857079 -763.42514999999992 -56.036128819444222 -42.443592857142896 -760.61392857142789
decision_type=2 2 2 2 2 2
left_child=1 5 -2 -4 -3 -1
right_child=2 4 3 -5 -6 -7
leaf_value=-24.664790060816433 19.42143832434779 -4.3578911509926872 -1.712804786268487 14.677479710461183 0.34150816775927484 -12.286332481486996
leaf_weight=168 344 1497 331 404 5068 252
leaf_count=168 344 1497 331 404 5068 252
internal_value=0.000287246 -1.72829 11.1816 7.30398 -0.730584 -17.2845
internal_weight=8064 6985 1079 735 6565 420
internal_count=8064 6985 1079 735 6565 420
is_linear=0
shrinkage=0.05


Tree=15
num_leaves=7
num_cat=0
split_feature=2 0 2 3 1 3
split_gain=5.68334e+07 4.06298e+07 1.67823e+07 1.24228e+07 1.03136e+07 7.4495e+06
threshold=110.23629285714306 7277.0885000000007 481.87106428571502 57.598736805555525 84.056249999999878 77.054520138889316
decision_type=2 2 2 2 2 2
left_child=1 4 5 -3 -1 -2
right_child=2 3 -4 -5 -6 -7
leaf_value=0.18931284196818843 2.7329494061327555 -22.393905107236247 16.285934451306034 -7.0371044918236478 -5.0035782257121575 13.143852063325737
leaf_weight=4849 776 283 498 248 1190 220
leaf_count=4849 776 283 498 248 1190 220
internal_value=0.000219694 -2.0017 8.79931 -15.2483 -0.834618 5.04342
internal_weight=8064 6570 1494 531 6039 996
internal_count=8064 6570 1494 531 6039 996
is_linear=0
shrinkage=0.05


Tree=16
num_leaves=6
num_cat=0
split_feature=2 0 2 2 3
split_gain=5.14708e+07 3.97915e+07 2.05409e+07 7.78064e+06 4.55023e+06
threshold=363.04439999999983 8364.3079500000022 -239.62789999999947 877.81217142857224 -56.036128819444222
decision_type=2 2 2 2 2
left_child=1 2 -1 4 -2
right_child=3 -3 -4 -5 -6
leaf_value=-7.9114493777949368 5.982287042601067 -25.475926144050831 0.33289452413886045 22.689151888407636 15.66036709718926
leaf_weight=856 284 164 6380 166 214
leaf_count=856 284 164 6380 166 214
internal_value=0.0001958 -1.19706 -0.643348 13.3248 10.1642
internal_weight=8064 7400 7236 664 498
internal_count=8064 7400 7236 664 498
is_linear=0
shrinkage=0.05


Tree=17
num_leaves=7
num_cat=0
split_feature=2 0 1 2 3 0
split_gain=4.76401e+07 3.38995e+07 1.73437e+07 1.39141e+07 5.75157e+06 4.63979e+06
threshold=110.23629285714306 8364.3079500000022 147.30800000000002 640.41230000000053 -56.036128819444222 5935.3020000000006
decision_type=2 2 2 2 2 2
left_child=1 2 -1 4 -2 -5
right_child=3 -3 -4 5 -6 -7
leaf_value=0.020893575270435869 1.8221658274425305 -24.209849941152516 -6.5557793638869599 22.986248023901695 8.8629972419791248 11.053288840962027
leaf_weight=5163 561 164 1243 166 601 166
leaf_count=5163 561 164 1243 166 601 166
internal_value=0.000255901 -1.83262 -1.25605 8.05631 5.46826 17.0709
internal_weight=8064 6570 6406 1494 1162 332
internal_count=8064 6570 6406 1494 1162 332
is_linear=0
shrinkage=0.05


Tree=18
num_leaves=7
num_cat=0
split_feature=2 0 2 3 1 3
split_gain=4.3011e+07 3.13996e+07 1.27711e+07 1.17064e+07 8.17919e+06 7.59274e+06
threshold=110.23629285714306 7277.0885000000007 877.81217142857224 57.598736805555525 360.50799999999987 -230.13218506944438
decision_type=2 2 2 2 2 2
left_child=1 4 5 -3 -1 -2
right_child=2 3 -4 -5 -6 -7
leaf_value=-0.13809282721624794 14.617642307503282 -20.320793299607828 20.694158379403419 -5.4234111273623853 -6.5813424891332604 4.3457342847901073
leaf_weight=5499 214 283 166 248 540 1114
leaf_count=5499 214 283 166 248 540 1114
internal_value=0.000329792 -1.74122 7.65499 -13.3863 -0.715235 6.01075
internal_weight=8064 6570 1494 531 6039 1328
internal_count=8064 6570 1494 531 6039 1328
is_linear=0
shrinkage=0.05


Tree=19
num_leaves=6
num_cat=0
split_feature=2 2 2 2 0
split_gain=3.91637e+07 3.18814e+07 9.70742e+06 5.35439e+06 4.50343e+06
threshold=481.87106428571502 -495.08222142857079 48.9463642857148 -760.61392857142789 5797.6270000000013
decision_type=2 2 2 2 2
left_child=1 3 -3 -1 -2
right_child=4 2 -4 -5 -6
leaf_value=-21.174740752037724 18.499758349501246 -0.98713105508009247 3.7490423689650316 -9.5937393780517954 8.9259859819669991
leaf_weight=168 240 5818 1328 252 258
leaf_count=168 240 5818 1328 252 258
internal_value=0.000357915 -0.894329 -0.106568 -14.2654 13.5677
internal_weight=8064 7566 7146 420 498
internal_count=8064 7566 7146 420 498
is_linear=0
shrinkage=0.05


Tree=20
num_leaves=6
num_cat=0
split_feature=2 0 2 3 3
split_gain=3.54093e+07 2.93068e+07 1.469e+07 6.39001e+06 1.36648e+07
threshold=363.04439999999983 8364.3079500000022 -239.62789999999947 -230.13218506944438 -56.036128819444222
decision_type=2 2 2 2 2
left_child=1 2 -1 -2 -5
right_child=3 -3 -4 4 -6
leaf_value=-6.6639285681675791 19.20708948405365 -21.828840057488645 0.30806638014848292 -0.75230586980951253 15.98669339219729
leaf_weight=856 176 164 6380 231 257
leaf_count=856 176 164 6380 231 257
internal_value=0.000336386 -0.9927 -0.517509 11.0522 8.07777
internal_weight=8064 7400 7236 664 488
internal_count=8064 7400 7236 664 488
is_linear=0
shrinkage=0.05


Tree=21
num_leaves=7
num_cat=0
split_feature=2 0 1 2 3 4
split_gain=3.2914e+07 2.39169e+07 1.35745e+07 1.16723e+07 8.88879e+06 3.94409e+06
threshold=48.9463642857148 8364.3079500000022 147.30800000000002 640.41230000000053 77.054520138889316 0.065387565056497135
decision_type=2 2 2 2 2 2
left_child=1 2 -1 4 -2 -5
right_child=3 -3 -4 5 -6 -7
leaf_value=-0.052850020943575049 1.9110457065342517 -20.569808891415597 -6.007982854140657 9.0627074716933844 11.092220834043552 20.051994886994365
leaf_weight=4886 1153 163 1189 173 341 159
leaf_count=4886 1153 163 1189 173 341 159
internal_value=0.000358369 -1.72804 -1.21919 5.90264 4.01263 14.3701
internal_weight=8064 6238 6075 1826 1494 332
internal_count=8064 6238 6075 1826 1494 332
is_linear=0
shrinkage=0.05


Tree=22
num_leaves=7
num_cat=0
split_feature=2 0 2 1 3 3
split_gain=2.98149e+07 2.32192e+07 1.20791e+07 9.22203e+06 1.52666e+07 3.12743e+06
threshold=204.37832857142851 8364.3079500000022 -495.08222142857079 -763.42514999999992 -56.036128819444222 -138.58861423611094
decision_type=2 2 2 2 2 2
left_child=1 2 -1 5 -5 -2
right_child=3 -3 -4 4 -6 -7
leaf_value=-10.471725601138639 18.576750263736475 -19.728568034461052 -0.2911637464305743 -3.3977207785270305 11.069876640343374 8.8325536758721288
leaf_weight=304 198 164 6517 331 404 146
leaf_count=304 198 164 6517 331 404 146
internal_value=0.000436466 -1.1948 -0.746362 7.73187 4.55877 14.4787
internal_weight=8064 6985 6821 1079 735 344
internal_count=8064 6985 6821 1079 735 344
is_linear=0
shrinkage=0.05


Tree=23
num_leaves=6
num_cat=0
split_feature=2 0 1 2 3
split_gain=2.74193e+07 1.9447e+07 1.17675e+07 9.99566e+06 6.28564e+06
threshold=48.9463642857148 8364.3079500000022 147.30800000000002 877.81217142857224 -56.036128819444222
decision_type=2 2 2 2 2
left_child=1 2 -1 4 -2
right_child=3 -3 -4 -5 -6
leaf_value=-0.032319736616780892 0.95713731455195483 -18.567175873750596 -5.5769409440345123 17.051815325057436 7.1198298677632188
leaf_weight=4886 784 163 1189 166 876
leaf_count=4886 784 163 1189 166 876
internal_value=0.000443103 -1.5771 -1.11825 5.38757 4.21159
internal_weight=8064 6238 6075 1826 1660
internal_count=8064 6238 6075 1826 1660
is_linear=0
shrinkage=0.05


Tree=24
num_leaves=6
num_cat=0
split_feature=2 2 3 2 0
split_gain=2.54535e+07 2.05307e+07 7.02564e+06 4.49683e+06 4.21126e+06
threshold=481.87106428571502 -495.08222142857079 77.054520138889316 -760.61392857142789 5797.6270000000013
decision_type=2 2 2 2 2
left_child=1 3 -3 -1 -2
right_child=4 2 -4 -5 -6
leaf_value=-17.775527012136561 15.700135885729336 -1.1611171453788764 2.2025519014871917 -7.1808440302671661 6.4648300023842964
leaf_weight=168 240 4868 2278 252 258
leaf_count=168 240 4868 2278 252 258
internal_value=0.000426846 -0.720851 -0.0886895 -11.4509 10.9381
internal_weight=8064 7566 7146 420 498
internal_count=8064 7566 7146 420 498
is_linear=0
shrinkage=0.05


Tree=25
num_leaves=7
num_cat=0
split_feature=2 0 3 1 3 3
split_gain=2.3465e+07 1.78872e+07 1.10569e+07 9.10492e+06 1.14448e+07 7.98182e+06
threshold=63.475599999999766 7277.0885000000007 57.598736805555525 -763.42514999999992 -58.569365277777472 -230.13218506944438
decision_type=2 2 2 2 2 2
left_child=1 -1 -3 5 -5 -2
right_child=3 2 -4 4 -6 -7
leaf_value=-0.6255769612505494 20.985389737288159 -17.357737767873644 -2.6465028647014073 -2.1675223500554281 7.0985882951172261 6.0412768626345539
leaf_weight=5809 149 268 244 570 800 224
leaf_count=5809 149 268 244 570 800 224
internal_value=0.000394657 -1.41604 -10.3657 5.13498 3.24458 12.0511
internal_weight=8064 6321 512 1743 1370 373
internal_count=8064 6321 512 1743 1370 373
is_linear=0
shrinkage=0.05


Tree=26
num_leaves=5
num_cat=0
split_feature=2 0 2 0
split_gain=2.12971e+07 1.78107e+07 9.82822e+06 3.91309e+06
threshold=481.87106428571502 8364.3079500000022 -239.62789999999947 5797.6270000000013
decision_type=2 2 2 2
left_child=1 2 -1 -2
right_child=3 -3 -4 -5
leaf_value=-5.3321392105125076 14.59418152418003 -16.906640039790762 0.36202294126535683 5.6967841083939019
leaf_weight=856 240 164 6546 258
leaf_count=856 240 164 6546 258
internal_value=0.000445148 -0.65932 -0.297106 10.0053
internal_weight=8064 7566 7402 498
internal_count=8064 7566 7402 498
is_linear=0
shrinkage=0.05


Tree=27
num_leaves=7
num_cat=0
split_feature=2 2 3 3 5 0
split_gain=1.99333e+07 1.52461e+07 7.84551e+06 1.51526e+07 8.98163e+06 6.07372e+06
threshold=48.9463642857148 -760.61392857142789 -230.13218506944438 -56.036128819444222 -0.77969889170510653 7410.4576000000006
decision_type=2 2 2 2 2 2
left_child=1 -1 4 -4 -2 -3
right_child=2 5 3 -5 -6 -7
leaf_value=-16.157800062309359 20.565929068476947 -0.54676721048129595 -3.224439885957628 7.0690751336255806 3.8499741946914412 -7.425098304888782
leaf_weight=168 150 5731 584 919 173 339
leaf_count=168 150 5731 584 919 173 339
internal_value=0.000413057 -1.34465 4.59365 3.06998 11.6523 -0.932071
internal_weight=8064 6238 1826 1503 323 6070
internal_count=8064 6238 1826 1503 323 6070
is_linear=0
shrinkage=0.05


Tree=28
num_leaves=7
num_cat=0
split_feature=2 0 1 1 3 3
split_gain=1.82056e+07 1.44274e+07 8.84885e+06 6.46494e+06 1.14969e+07 2.1996e+06
threshold=204.37832857142851 8364.3079500000022 84.056249999999878 -763.42514999999992 -56.036128819444222 -138.58861423611094
decision_type=2 2 2 2 2 2
left_child=1 2 -1 5 -5 -2
right_child=3 -3 -4 4 -6 -7
leaf_value=0.39178202849225929 15.125158966254052 -15.543041773853881 -3.916496621105273 -3.5173390792076846 9.0367005976041153 6.9610315855553981
leaf_weight=5283 198 164 1538 331 404 146
leaf_count=5283 198 164 1538 331 404 146
internal_value=0.00041804 -0.933569 -0.580081 6.04193 3.38602 11.6904
internal_weight=8064 6985 6821 1079 735 344
internal_count=8064 6985 6821 1079 735 344
is_linear=0
shrinkage=0.05


Tree=29
num_leaves=6
num_cat=0
split_feature=2 2 3 3 0
split_gain=1.66491e+07 1.33513e+07 6.91276e+06 1.215e+07 6.35689e+06
threshold=110.23629285714306 -760.61392857142789 -230.13218506944438 -56.036128819444222 7277.0885000000007
decision_type=2 2 2 2 2
left_child=1 -1 -2 -4 -3
right_child=2 4 3 -5 -6
leaf_value=-14.954910634396345 11.816390593656413 -0.30734903822111437 -2.7815607309664099 7.3569478778977375 -6.7796420646596847
leaf_weight=168 281 5998 507 706 404
leaf_count=168 281 5998 507 706 404
internal_value=0.000450047 -1.08308 4.76291 3.12053 -0.71678
internal_weight=8064 6570 1494 1213 6402
internal_count=8064 6570 1494 1213 6402
is_linear=0
shrinkage=0.05


Tree=30
num_leaves=5
num_cat=0
split_feature=2 2 3 0
split_gain=1.57327e+07 1.28735e+07 7.35495e+06 3.8301e+06
threshold=481.87106428571502 -760.61392857142789 77.054520138889316 5797.6270000000013
decision_type=2 2 2 2
left_child=1 -1 -3 -2
right_child=3 2 -4 -5
leaf_value=-14.21158976216288 13.136383268274214 -1.3456574392020253 2.0231355815961063 4.3447600650050928
leaf_weight=168 240 5003 2395 258
leaf_count=168 240 5003 2395 258
internal_value=0.000392509 -0.56667 -0.254931 8.59952
internal_weight=8064 7566 7398 498
internal_count=8064 7566 7398 498
is_linear=0
shrinkage=0.05


Tree=31
num_leaves=7
num_cat=0
split_feature=1 2 3 3 0 3
split_gain=1.44688e+07 1.30261e+07 7.18751e+06 5.10882e+06 4.88418e+06 4.72993e+06
threshold=-685.27499999999998 -367.84753571428695 -256.96500590277782 77.054520138889316 5935.3020000000006 77.054520138889316
decision_type=2 2 2 2 2 2
left_child=2 5 -1 -3 -4 -2
right_child=1 3 4 -5 -6 -7
leaf_value=17.246758737751083 -11.679328466786281 -0.84081395048542973 11.169808676295183 2.0710278381369704 -0.74597771232857291 -3.2153088158709666
leaf_weight=152 314 4676 147 2221 205 349
leaf_count=152 314 4676 147 2221 205 349
internal_value=0.000397374 -0.546887 8.19448 0.0970335 4.24776 -7.23546
internal_weight=8064 7560 504 6897 352 663
internal_count=8064 7560 504 6897 352 663
is_linear=0
shrinkage=0.05


Tree=32
num_leaves=7
num_cat=0
split_feature=2 1 3 3 3 7
split_gain=1.37329e+07 1.07067e+07 7.5982e+06 5.6705e+06 1.22564e+07 7.03371e+06
threshold=48.9463642857148 492.27614999999997 57.598736805555525 -230.13218506944438 -56.036128819444222 0.25881904510252068
decision_type=2 2 2 2 2 2
left_child=1 -1 -3 5 -5 -2
right_child=3 2 -4 4 -6 -7
leaf_value=-0.40831835265868027 3.0391962087760538 -14.395190145928636 -3.1321819960315289 -3.1430562441776964 6.114440901972678 17.849669073038811
leaf_weight=5587 176 233 418 584 919 147
leaf_count=5587 176 233 418 584 919 147
internal_value=0.000464324 -1.11597 -7.17923 3.81296 2.51768 9.81385
internal_weight=8064 6238 651 1826 1503 323
internal_count=8064 6238 651 1826 1503 323
is_linear=0
shrinkage=0.05


Tree=33
num_leaves=5
num_cat=0
split_feature=2 0 1 0
split_gain=1.25106e+07 1.14052e+07 6.56416e+06 3.50014e+06
threshold=481.87106428571502 8364.3079500000022 51.886400000000101 5797.6270000000013
decision_type=2 2 2 2
left_child=1 2 -1 -2
right_child=3 -3 -4 -5
leaf_value=0.62316865315853032 12.004635236668884 -13.506660640022972 -2.858687068852928 3.6044159273383238
leaf_weight=5620 240 164 1782 258
leaf_count=5620 240 164 1782 258
internal_value=0.000477838 -0.505195 -0.215346 7.66866
internal_weight=8064 7566 7402 498
internal_count=8064 7566 7402 498
is_linear=0
shrinkage=0.05


Tree=34
num_leaves=7
num_cat=0
split_feature=2 2 7 3 2 1
split_gain=1.17234e+07 9.35911e+06 5.39224e+06 8.72188e+06 5.97015e+06 3.82e+06
threshold=48.9463642857148 -760.61392857142789 0.73657561215276279 -56.036128819444222 568.94768571428597 104.07825000000027
decision_type=2 2 2 2 2 2
left_child=1 -1 4 -4 -2 -3
right_child=2 5 3 -5 -6 -7
leaf_value=-12.637147121060883 0.52605362171902348 -0.055999205432188642 1.5664564968710362 15.647803475721828 9.3466222826294274 -3.1211835935434848
leaf_weight=168 1157 4780 229 211 229 1290
leaf_count=168 1157 4780 229 211 229 1290
internal_value=0.000453127 -1.03107 3.523 8.33927 1.98911 -0.707821
internal_weight=8064 6238 1826 440 1386 6070
internal_count=8064 6238 1826 440 1386 6070
is_linear=0
shrinkage=0.05


Tree=35
num_leaves=6
num_cat=0
split_feature=1 1 3 3 0
split_gain=1.09145e+07 9.72294e+06 7.1332e+06 6.58663e+06 4.91791e+06
threshold=-685.27499999999998 1179.6474000000001 77.054520138889316 -69.833021527777859 6351.0148000000008
decision_type=2 2 2 2 2
left_child=3 2 -2 4 -1
right_child=1 -3 -4 -5 -6
leaf_value=5.9018200671986527 -1.2937823604776995 -12.554166939214696 2.0121435228617117 -1.5749984145164491 17.943133745522335
leaf_weight=208 4970 162 2428 152 144
leaf_count=208 4970 162 2428 152 144
internal_value=0.00050035 -0.474835 -0.208663 7.11735 10.8647
internal_weight=8064 7560 7398 504 352
internal_count=8064 7560 7398 504 352
is_linear=0
shrinkage=0.05


Tree=36
num_leaves=5
num_cat=0
split_feature=0 1 1 3
split_gain=1.0269e+07 1.2024e+07 5.82381e+06 3.14017e+06
threshold=8364.3079500000022 -763.42514999999992 37.901649999999925 -230.13218506944438
decision_type=2 2 2 2
left_child=1 3 -3 -1
right_child=-2 2 -4 -5
leaf_value=13.745913695452508 -12.344826243718465 0.61081255929890599 -2.596416503923864 4.8760616410508453
leaf_weight=170 164 5592 1894 244
leaf_count=170 164 5592 1894 244
internal_value=0.000540035 0.258354 -0.200873 8.54262
internal_weight=8064 7900 7486 414
internal_count=8064 7900 7486 414
is_linear=0
shrinkage=0.05


Tree=37
num_leaves=6
num_cat=0
split_feature=2 2 3 3 0
split_gain=9.64582e+06 7.68031e+06 4.91573e+06 6.64935e+06 3.13797e+06
threshold=48.9463642857148 -760.61392857142789 133.21385451388849 -69.833021527777859 7410.4576000000006
decision_type=2 2 2 2 2
left_child=1 -1 3 -2 -3
right_child=2 4 -4 -5 -6
leaf_value=-11.448879276365924 5.8310193631331764 -0.36535711886630307 11.45648584976429 -0.51432934277105014 -5.309368655611487
leaf_weight=168 758 5731 163 905 339
leaf_count=168 758 5731 163 905 339
internal_value=0.000539621 -0.935129 3.19574 2.37966 -0.642301
internal_weight=8064 6238 1826 1663 6070
internal_count=8064 6238 1826 1663 6070
is_linear=0
shrinkage=0.05


Tree=38
num_leaves=6
num_cat=0
split_feature=2 0 1 3 3
split_gain=8.708e+06 7.08978e+06 5.04391e+06 4.4741e+06 6.58433e+06
threshold=48.9463642857148 8364.3079500000022 200.10114999999999 127.48182881944446 -69.833021527777859
decision_type=2 2 2 2 2
left_child=1 2 -1 4 -2
right_child=3 -3 -4 -5 -6
leaf_value=0.051142022615533314 5.539852535492976 -11.147028697700037 -3.743478923530426 9.9222873069452913 -0.84898223701386388
leaf_weight=5015 758 163 1060 208 860
leaf_count=5015 758 163 1060 208 860
internal_value=0.000510472 -0.88851 -0.611472 3.03642 2.14563
internal_weight=8064 6238 6075 1826 1618
internal_count=8064 6238 6075 1826 1618
is_linear=0
shrinkage=0.05


Tree=39
num_leaves=6
num_cat=0
split_feature=2 1 3 3 1
split_gain=8.13486e+06 7.53103e+06 6.76013e+06 3.86799e+06 4.90934e+06
threshold=481.87106428571502 1179.6474000000001 77.054520138889316 -56.036128819444222 -1013.7915999999999
decision_type=2 2 2 2 2
left_child=1 2 -1 4 -2
right_child=3 -3 -4 -5 -6
leaf_value=-1.21013347880029 9.2899140220422023 -11.038301218653018 2.0274855694948726 12.123993009833967 -3.032227529230572
leaf_weight=5033 155 162 2371 176 167
leaf_count=5033 155 162 2371 176 167
internal_value=0.000483554 -0.407276 -0.173209 6.18389 2.90964
internal_weight=8064 7566 7404 498 322
internal_count=8064 7566 7404 498 322
is_linear=0
shrinkage=0.05


Tree=40
num_leaves=5
num_cat=0
split_feature=0 1 3 2
split_gain=7.62101e+06 9.58191e+06 5.05793e+06 4.62518e+06
threshold=8364.3079500000022 -108.52679999999997 -230.13218506944438 -367.84753571428695
decision_type=2 2 2 2
left_child=1 2 -1 -3
right_child=-2 3 -4 -5
leaf_value=8.6357930438593034 -10.634703741507098 -5.2907912947483853 2.0843017112976638 -0.27240837260661444
leaf_weight=383 164 498 1270 5749
leaf_count=383 164 498 1270 5749
internal_value=0.000509968 0.22261 3.60659 -0.673248
internal_weight=8064 7900 1653 6247
internal_count=8064 7900 1653 6247
is_linear=0
shrinkage=0.05


Tree=41
num_leaves=6
num_cat=0
split_feature=1 1 3 3 0
split_gain=7.01656e+06 6.40545e+06 5.95215e+06 4.9601e+06 4.41286e+06
threshold=-685.27499999999998 1179.6474000000001 77.054520138889316 -69.833021527777859 6351.0148000000008
decision_type=2 2 2 2 2
left_child=3 2 -2 4 -1
right_child=1 -3 -4 -5 -6
leaf_value=4.2667482690520266 -1.1558543301182023 -10.18501757606407 1.86401150773792 -1.8338471104117002 15.659912536884177
leaf_weight=208 4970 162 2428 152 144
leaf_count=208 4970 162 2428 152 144
internal_value=0.000450503 -0.380667 -0.164626 5.70665 8.95875
internal_weight=8064 7560 7398 504 352
internal_count=8064 7560 7398 504 352
is_linear=0
shrinkage=0.05


Tree=42
num_leaves=7
num_cat=0
split_feature=2 3 3 5 3 2
split_gain=6.70507e+06 7.14038e+06 1.35655e+07 5.4441e+06 1.35386e+07 4.487e+06
threshold=-42.443592857142896 77.054520138889316 6.3829923611112926 -0.91509365977396839 -56.036128819444222 568.94768571428597
decision_type=2 2 2 2 2 2
left_child=1 2 -1 4 -2 -5
right_child=3 -3 -4 5 -6 -7
leaf_value=-1.449056301825004 -2.1634492895916 0.83823797502910635 -13.548175201819223 0.056372300916531976 13.464209359644096 7.4723523498706106
leaf_weight=728 281 850 339 5383 272 211
leaf_count=728 281 850 339 5383 272 211
internal_value=0.000481404 -2.5805 -5.30219 0.805674 5.53364 0.337381
internal_weight=8064 1917 1067 6147 553 5594
internal_count=8064 1917 1067 6147 553 5594
is_linear=0
shrinkage=0.05


Tree=43
num_leaves=5
num_cat=0
split_feature=2 1 3 3
split_gain=6.48498e+06 5.66172e+06 4.17324e+06 3.60887e+06
threshold=-760.61392857142789 -763.42514999999992 77.054520138889316 -230.13218506944438
decision_type=2 2 2 2
left_child=-1 3 -3 -2
right_child=1 2 -4 -5
leaf_value=-9.6908303633729034 11.448204948748762 -0.9368078953647766 1.5772016374972777 2.0120125728893092
leaf_weight=168 170 5017 2459 250
leaf_count=168 170 5017 2459 250
internal_value=0.000486284 0.207886 -0.109802 5.84954
internal_weight=8064 7896 7476 420
internal_count=8064 7896 7476 420
is_linear=0
shrinkage=0.05


Tree=44
num_leaves=7
num_cat=0
split_feature=1 3 0 5 2 0
split_gain=6.24181e+06 1.56637e+07 1.18371e+07 8.14449e+06 5.76306e+06 3.61066e+06
threshold=28.323699999999921 77.054520138889316 6454.8366000000015 -0.83127174505093859 481.87106428571502 7558.2863500000012
decision_type=2 2 2 2 2 2
left_child=4 2 -2 -3 5 -1
right_child=1 3 -4 -5 -6 -7
leaf_value=0.58748328540380945 -2.9602491029172513 7.7009751675733886 -14.137652559820996 -1.4971350295220813 6.1911290990841863 -7.4087516712320269
leaf_weight=5353 763 401 343 599 461 144
leaf_count=5353 763 401 343 599 461 144
internal_value=0.00048932 -2.33862 -6.4363 2.19532 0.827558 0.376704
internal_weight=8064 2106 1106 1000 5958 5497
internal_count=8064 2106 1106 1000 5958 5497
is_linear=0
shrinkage=0.05


Tree=45
num_leaves=4
num_cat=0
split_feature=1 2 3
split_gain=6.21356e+06 4.9086e+06 3.75131e+06
threshold=1179.6474000000001 877.81217142857224 -230.13218506944438
decision_type=2 2 2
left_child=1 2 -1
right_child=-2 -3 -4
leaf_value=2.9735857822922416 -9.6626388511774746 8.6808106393871203 -0.39326522290737337
leaf_weight=941 162 166 6795
leaf_count=941 162 166 6795
internal_value=0.000393378 0.199694 0.0166069
internal_weight=8064 7902 7736
internal_count=8064 7902 7736
is_linear=0
shrinkage=0.05


Tree=46
num_leaves=5
num_cat=0
split_feature=0 1 3 2
split_gain=5.86278e+06 7.09564e+06 3.97137e+06 3.48013e+06
threshold=8364.3079500000022 -108.52679999999997 -69.833021527777859 -495.08222142857079
decision_type=2 2 2 2
left_child=1 2 -1 -3
right_child=-2 3 -4 -5
leaf_value=5.6417337225715123 -9.3276844476931018 -5.9833956260286589 0.73785101640969519 -0.31817255182118354
leaf_weight=798 164 283 855 5964
leaf_count=798 164 283 855 5964
internal_value=0.000383652 0.195186 3.10722 -0.575734
internal_weight=8064 7900 1653 6247
internal_count=8064 7900 1653 6247
is_linear=0
shrinkage=0.05


Tree=47
num_leaves=5
num_cat=0
split_feature=0 1 3 2
split_gain=5.29446e+06 6.43705e+06 3.80462e+06 3.37967e+06
threshold=8364.3079500000022 -50.014599999999966 -230.13218506944438 -42.443592857142896
decision_type=2 2 2 2
left_child=1 2 -1 -3
right_child=-2 3 -4 -5
leaf_value=6.9223685434762219 -8.8641268059340401 -2.7102167470814429 1.5287094551619649 0.055153147005415584
leaf_weight=419 164 1459 1480 4542
leaf_count=419 164 1459 1480 4542
internal_value=0.000307113 0.185427 2.7218 -0.61752
internal_weight=8064 7900 1899 6001
internal_count=8064 7900 1899 6001
is_linear=0
shrinkage=0.05


Tree=48
num_leaves=4
num_cat=0
split_feature=1 2 3
split_gain=5.01661e+06 4.02898e+06 3.65522e+06
threshold=1179.6474000000001 877.81217142857224 77.054520138889316
decision_type=2 2 2
left_child=1 2 -1
right_child=-2 -3 -4
leaf_value=-0.72135757272015111 -8.6822940862983291 7.8630696679303744 1.6205476273728854
leaf_weight=5309 162 166 2427
leaf_count=5309 162 166 2427
internal_value=0.000272737 0.179351 0.0134782
internal_weight=8064 7902 7736
internal_count=8064 7902 7736
is_linear=0
shrinkage=0.05


Tree=49
num_leaves=5
num_cat=0
split_feature=2 1 3 3
split_gain=4.6953e+06 3.71308e+06 3.83932e+06 3.70494e+06
threshold=-760.61392857142789 -685.27499999999998 -69.833021527777859 77.054520138889316
decision_type=2 2 2 2
left_child=-1 2 -2 -3
right_child=1 3 -4 -5
leaf_value=-8.2460580337682412 7.1863507336833994 -0.895227537544241 -2.3057287235665167 1.4818554181769594
leaf_weight=168 352 4940 152 2452
leaf_count=168 352 4940 152 2452
internal_value=0.000259589 0.176735 4.32476 -0.106632
internal_weight=8064 7896 504 7392
internal_count=8064 7896 504 7392
is_linear=0
shrinkage=0.05


Tree=50
num_leaves=5
num_cat=0
split_feature=0 1 6 2
split_gain=4.46666e+06 5.53936e+06 3.52507e+06 2.98636e+06
threshold=8364.3079500000022 -50.014599999999966 0.73657561215276257 -42.443592857142896
decision_type=2 2 2 2
left_child=1 2 -1 -3
right_child=-2 3 -4 -5
leaf_value=3.7212887679057896 -8.1417744825825551 -2.5417595843677345 -1.3458376288678913 0.057725887158330047
leaf_weight=1450 164 1459 449 4542
leaf_count=1450 164 1459 449 4542
internal_value=0.000229385 0.170262 2.52314 -0.574595
internal_weight=8064 7900 1899 6001
internal_count=8064 7900 1899 6001
is_linear=0
shrinkage=0.05


Tree=51
num_leaves=4
num_cat=0
split_feature=1 2 3
split_gain=4.14267e+06 3.30687e+06 3.12952e+06
threshold=1179.6474000000001 877.81217142857224 77.054520138889316
decision_type=2 2 2
left_child=1 2 -1
right_child=-2 -3 -4
leaf_value=-0.66731793740865986 -7.8899464501925038 7.1240801523545549 1.499647077292517
leaf_weight=5309 162 166 2427
leaf_count=5309 162 166 2427
internal_value=0.000166766 0.162901 0.0126257
internal_weight=8064 7902 7736
internal_count=8064 7902 7736
is_linear=0
shrinkage=0.05


Tree=52
num_leaves=5
num_cat=0
split_feature=0 5 3 0
split_gain=3.91216e+06 5.04451e+06 1.10744e+07 4.9714e+06
threshold=8364.3079500000022 -0.94670478576706751 -56.036128819444222 7277.0885000000007
decision_type=2 2 2 2
left_child=1 2 -1 -3
right_child=-2 3 -4 -5
leaf_value=-3.2809510687987009 -7.619727121772188 -0.0080631134448640018 9.5355462144575185 -7.9075283573894968
leaf_weight=287 164 7003 406 204
leaf_count=287 164 7003 406 204
internal_value=0.000158843 0.159288 4.23062 -0.23273
internal_weight=8064 7900 693 7207
internal_count=8064 7900 693 7207
is_linear=0
shrinkage=0.05


Tree=53
num_leaves=7
num_cat=0
split_feature=1 3 0 5 2 3
split_gain=3.78907e+06 1.3914e+07 1.03731e+07 8.36052e+06 3.5623e+06 3.70646e+06
threshold=37.901649999999925 77.054520138889316 6454.8366000000015 -0.83127174505093859 481.87106428571502 -56.036128819444222
decision_type=2 2 2 2 2 2
left_child=4 2 -2 -3 -1 -6
right_child=1 3 -4 -5 5 -7
leaf_value=0.27780844336472432 -2.4461439739897206 7.9796749265711213 -13.0842213450978 -1.4378087758731386 1.7238166922959277 11.273642223111249
leaf_weight=5577 718 400 336 571 312 150
leaf_count=5577 718 400 336 571 312 150
internal_value=9.3368e-05 -1.87104 -5.8466 2.44591 0.62773 4.84206
internal_weight=8064 2025 1054 971 6039 462
internal_count=8064 2025 1054 971 6039 462
is_linear=0
shrinkage=0.05


Tree=54
num_leaves=5
num_cat=0
split_feature=1 3 5 3
split_gain=3.89061e+06 3.1758e+06 7.55166e+06 6.42991e+06
threshold=1179.6474000000001 -230.13218506944438 -0.87651811848132988 -58.569365277777472
decision_type=2 2 2 2
left_child=1 2 -1 -3
right_child=-2 3 -4 -5
leaf_value=12.668735557132297 -7.6461982191340327 -2.7276715345589126 0.88494289778875856 0.70606301387069537
leaf_weight=161 162 1870 847 5024
leaf_count=161 162 1870 847 5024
internal_value=0.000115267 0.157821 2.77777 -0.225599
internal_weight=8064 7902 1008 6894
internal_count=8064 7902 1008 6894
is_linear=0
shrinkage=0.05


Tree=55
num_leaves=5
num_cat=0
split_feature=2 3 3 0
split_gain=3.63687e+06 3.08669e+06 1.46093e+07 5.54722e+06
threshold=-760.61392857142789 -84.732641666666254 -58.569365277777472 6790.3786000000009
decision_type=2 2 2 2
left_child=-1 3 -3 -2
right_child=1 2 -4 -5
leaf_value=-7.2574575109594681 0.99595024858740888 -6.4397284641740775 0.6085353117394714 9.9549671587363591
leaf_weight=168 1815 860 5031 190
leaf_count=168 1815 860 5031 190
internal_value=0.000133607 0.15545 -0.421327 1.84947
internal_weight=8064 7896 5891 2005
internal_count=8064 7896 5891 2005
is_linear=0
shrinkage=0.05


Tree=56
num_leaves=7
num_cat=0
split_feature=2 3 3 3 1 4
split_gain=3.46529e+06 4.87468e+06 3.73635e+07 9.27697e+06 3.71256e+06 6.56245e+06
threshold=3.0817214285714085 -56.036128819444222 -69.833021527777859 6.3829923611112926 601.97745000000043 1.0000000180025095e-35
decision_type=2 2 2 2 2 2
left_child=4 2 -2 -3 -1 -6
right_child=1 3 -4 -5 5 -7
leaf_value=-0.25513423496446824 3.349182592411232 10.557840264202135 -22.050210687466443 0.94092233545516923 1.3592633845958304 -10.095439826129978
leaf_weight=5322 887 360 172 822 234 267
leaf_count=5322 887 360 172 822 234 267
internal_value=0.000113652 1.67045 -0.79303 3.87638 -0.642897 -4.75329
internal_weight=8064 2241 1059 1182 5823 501
internal_count=8064 2241 1059 1182 5823 501
is_linear=0
shrinkage=0.05


Tree=57
num_leaves=7
num_cat=0
split_feature=0 3 5 3 3 3
split_gain=3.24297e+06 1.05243e+07 7.18276e+06 1.91797e+07 4.68871e+06 3.82384e+06
threshold=7277.0885000000007 77.054520138889316 -0.87651811848132988 -56.036128819444222 6.3829923611112926 275.95809826388864
decision_type=2 2 2 2 2 2
left_child=2 4 3 -1 -2 -4
right_child=1 -3 5 -5 -6 -7
leaf_value=-3.4612239175372652 -4.1135459077503036 4.5388636480509543 0.02932364230784822 13.248501113057138 -15.24119006187685 -6.4236131621008159
leaf_weight=332 246 256 6485 354 154 237
leaf_count=332 246 256 6485 354 154 237
internal_value=7.58844e-06 -3.36673 0.298556 5.16831 -8.42501 -0.199112
internal_weight=8064 656 7408 686 400 6722
internal_count=8064 656 7408 686 400 6722
is_linear=0
shrinkage=0.05


Tree=58
num_leaves=5
num_cat=0
split_feature=1 1 3 3
split_gain=3.23871e+06 2.64794e+06 2.83349e+06 2.32756e+06
threshold=1179.6474000000001 -763.42514999999992 77.054520138889316 -230.13218506944438
decision_type=2 2 2 2
left_child=1 3 -3 -1
right_child=-2 2 -4 -5
leaf_value=8.4976759577518575 -6.9764258741601113 -0.7490950874749589 1.3272506919251343 0.92347053056694117
leaf_weight=170 162 5047 2435 250
leaf_count=170 162 5047 2435 250
internal_value=-6.36133e-05 0.143824 -0.073266 4.00212
internal_weight=8064 7902 7482 420
internal_count=8064 7902 7482 420
is_linear=0
shrinkage=0.05


Tree=59
num_leaves=7
num_cat=0
split_feature=1 3 0 7 3 3
split_gain=3.11156e+06 1.21335e+07 8.25152e+06 7.62716e+06 3.2015e+06 1.1176e+07
threshold=28.323699999999921 77.054520138889316 5536.8500000000013 0.25881904510252068 -69.833021527777859 -63.091829513889017
decision_type=2 2 2 2 2 2
left_child=4 2 -2 -3 -1 -6
right_child=1 3 -4 -5 5 -7
leaf_value=2.1578491775126047 -1.4577068868380785 -1.5163807141738506 -10.165014134924357 7.277104101066981 -11.058255684375764 0.40054335972457961
leaf_weight=2094 624 562 482 438 225 3639
leaf_count=2094 624 562 482 438 225 3639
internal_value=-4.16865e-05 -1.65156 -5.25815 2.33859 0.583908 -0.269389
internal_weight=8064 2106 1106 1000 5958 3864
internal_count=8064 2106 1106 1000 5958 3864
is_linear=0
shrinkage=0.05


Tree=60
num_leaves=5
num_cat=0
split_feature=1 2 3 2
split_gain=3.0996e+06 2.41703e+06 4.58745e+06 2.04616e+06
threshold=1179.6474000000001 48.9463642857148 -56.036128819444222 -635.2992357142856
decision_type=2 2 2 2
left_child=1 3 -3 -1
right_child=-2 2 -4 -5
leaf_value=-5.847243582402788 -6.825018073444717 -0.78228264221929766 4.2334495148283953 -0.18539011441451292
leaf_weight=163 162 907 915 5917
leaf_count=163 162 907 915 5917
internal_value=-0.000128639 0.140635 1.73754 -0.338117
internal_weight=8064 7902 1822 6080
internal_count=8064 7902 1822 6080
is_linear=0
shrinkage=0.05


Tree=61
num_leaves=7
num_cat=0
split_feature=3 3 0 3 0 3
split_gain=2.94496e+06 1.20682e+07 5.00169e+07 9.17609e+06 4.81725e+06 2.26255e+06
threshold=-84.732641666666254 -58.569365277777472 6020.8875000000016 6.3829923611112926 6790.3786000000009 -111.73489548611109
decision_type=2 2 2 2 2 2
left_child=4 2 -2 -3 5 -1
right_child=1 3 -4 -5 -6 -7
leaf_value=0.12356930602254673 -0.62272784636509648 4.0022083894796987 -32.811074350537929 -0.8543352637575361 9.0401699709832375 5.1538078211851861
leaf_weight=1558 720 1296 144 3888 198 260
leaf_count=1558 720 1296 144 3888 198 260
internal_value=-0.000180521 -0.551866 -6.01918 0.360338 1.65433 0.845403
internal_weight=8064 6048 864 5184 2016 1818
internal_count=8064 6048 864 5184 2016 1818
is_linear=0
shrinkage=0.05


Tree=62
num_leaves=5
num_cat=0
split_feature=1 5 3 0
split_gain=2.76561e+06 2.38807e+06 9.87086e+06 2.97381e+06
threshold=1179.6474000000001 -0.97111091670450067 57.598736805555525 7277.0885000000007
decision_type=2 2 2 2
left_child=1 2 -1 -3
right_child=-2 3 -4 -5
leaf_value=-0.76487884290756725 -6.4469854984181056 0.096298470968615046 14.300066778963846 -5.1218905864886839
leaf_weight=402 162 7069 148 283
leaf_count=402 162 7069 148 283
internal_value=-0.000270502 0.132694 3.30756 -0.105234
internal_weight=8064 7902 550 7352
internal_count=8064 7902 550 7352
is_linear=0
shrinkage=0.05


Tree=63
num_leaves=5
num_cat=0
split_feature=0 5 3 0
split_gain=2.71613e+06 4.16209e+06 8.65415e+06 3.54792e+06
threshold=8364.3079500000022 -0.94670478576706751 -56.036128819444222 7277.0885000000007
decision_type=2 2 2 2
left_child=1 2 -1 -3
right_child=-2 3 -4 -5
leaf_value=-2.8099791480021348 -6.3493934400153886 -0.033934503231306104 8.519977267104812 -6.7073120398783104
leaf_weight=287 164 7003 406 204
leaf_count=287 164 7003 406 204
internal_value=-0.00024419 0.132348 3.83049 -0.223734
internal_weight=8064 7900 693 7207
internal_count=8064 7900 693 7207
is_linear=0
shrinkage=0.05


Tree=64
num_leaves=7
num_cat=0
split_feature=3 3 0 3 0 3
split_gain=2.75665e+06 1.07525e+07 4.46943e+07 8.30794e+06 4.61795e+06 2.08079e+06
threshold=-84.732641666666254 -58.569365277777472 6020.8875000000016 6.3829923611112926 6790.3786000000009 -124.99251076388872
decision_type=2 2 2 2 2 2
left_child=4 2 -2 -3 5 -1
right_child=1 3 -4 -5 -6 -7
leaf_value=-0.0807051061267271 -0.59348734687978599 3.7923313360698607 -31.021004938442132 -0.82876641232856574 8.8318908037252779 4.0245385290553726
leaf_weight=1425 720 1296 144 3888 198 393
leaf_count=1425 720 1296 144 3888 198 393
internal_value=-0.000277738 -0.534034 -5.69474 0.327017 1.60046 0.808457
internal_weight=8064 6048 864 5184 2016 1818
internal_count=8064 6048 864 5184 2016 1818
is_linear=0
shrinkage=0.05


Tree=65
num_leaves=7
num_cat=0
split_feature=2 3 3 1 4 3
split_gain=2.60942e+06 3.62403e+06 3.08151e+06 2.67307e+06 5.65304e+06 946075
threshold=3.0817214285714085 137.1462312499996 -69.833021527777859 601.97745000000043 1.0000000180025095e-35 275.95809826388864
decision_type=2 2 2 2 2 2
left_child=3 2 -2 5 -5 -1
right_child=1 -3 -4 4 -6 -7
leaf_value=-0.098960336253817768 3.0820949976374439 8.2946842301427655 -0.81874655754335457 1.6257453410676186 -9.00453498281205 -3.6385639972832737
leaf_weight=5127 887 177 1177 234 267 195
leaf_count=5127 887 177 1177 234 267 195
internal_value=-0.000362264 1.44909 0.858313 -0.558343 -4.04615 -0.229312
internal_weight=8064 2241 2064 5823 501 5322
internal_count=8064 2241 2064 5823 501 5322
is_linear=0
shrinkage=0.05


Tree=66
num_leaves=7
num_cat=0
split_feature=3 5 0 3 5 3
split_gain=2.43806e+06 5.98922e+06 3.74883e+06 1.38474e+07 3.99399e+06 2.48755e+06
threshold=-230.13218506944438 -0.85470842479866194 7277.0885000000007 57.598736805555525 -0.87651811848132988 -327.75552743055499
decision_type=2 2 2 2 2 2
left_child=1 -1 4 -4 -2 -3
right_child=2 5 3 -5 -6 -7
leaf_value=10.679285326769406 3.9920094407307212 -3.7830775319781766 -11.192747788507248 4.0255479449885234 -0.36718030934459867 2.2548348039138637
leaf_weight=175 576 238 320 279 5881 595
leaf_count=175 576 238 320 279 5881 595
internal_value=-0.000347615 2.29859 -0.329047 -4.10953 0.0222414 0.527249
internal_weight=8064 1008 7056 599 6457 833
internal_count=8064 1008 7056 599 6457 833
is_linear=0
shrinkage=0.05


Tree=67
num_leaves=5
num_cat=0
split_feature=2 3 5 3
split_gain=2.38725e+06 2.21522e+06 1.41049e+07 5.49012e+06
threshold=-760.61392857142789 137.1462312499996 -0.59116893267988335 6.3829923611112926
decision_type=2 2 2 2
left_child=-1 3 -3 -2
right_child=1 2 -4 -5
leaf_value=-5.8803001248624902 0.84490324163734987 10.726565004802655 -1.0138465066060292 -2.1605211135628224
leaf_weight=168 4153 342 1006 2395
leaf_count=168 4153 342 1006 2395
internal_value=-0.000295459 0.12554 1.97055 -0.254524
internal_weight=8064 7896 1348 6548
internal_count=8064 7896 1348 6548
is_linear=0
shrinkage=0.05


Tree=68
num_leaves=7
num_cat=0
split_feature=1 3 0 4 5 3
split_gain=2.39171e+06 1.07569e+07 6.5523e+06 6.19442e+06 2.50908e+06 6.06294e+06
threshold=51.886400000000101 77.054520138889316 6454.8366000000015 0.065387565056497135 -0.91509365977396839 -56.036128819444222
decision_type=2 2 2 2 2 2
left_child=4 2 -2 -3 5 -1
right_child=1 3 -4 -5 -6 -7
leaf_value=-0.86386325235087247 -2.2914050591403803 6.3130051898256543 -10.890658084453953 -1.7893892618011866 0.17111232764286474 9.8643745332795056
leaf_weight=306 672 476 330 466 5584 230
leaf_count=306 672 476 330 466 5584 230
internal_value=-0.000265083 -1.52764 -5.13153 2.30717 0.485072 3.74947
internal_weight=8064 1944 1002 942 6120 536
internal_count=8064 1944 1002 942 6120 536
is_linear=0
shrinkage=0.05


Tree=69
num_leaves=4
num_cat=0
split_feature=1 3 3
split_gain=2.37006e+06 2.17748e+06 4.17772e+06
threshold=1179.6474000000001 -378.14482534722146 -230.13218506944438
decision_type=2 2 2
left_child=1 -1 -3
right_child=-2 2 -4
leaf_value=-5.9479322155590717 -5.9681646581076411 3.5116813669969584 -0.17466986520699768
leaf_weight=144 162 864 6894
leaf_count=144 162 864 6894
internal_value=-0.000248648 0.12284 0.236275
internal_weight=8064 7902 7758
internal_count=8064 7902 7758
is_linear=0
shrinkage=0.05


Tree=70
num_leaves=7
num_cat=0
split_feature=2 3 3 3 1 4
split_gain=2.14689e+06 3.61542e+06 2.82031e+07 7.87861e+06 2.26934e+06 4.78636e+06
threshold=3.0817214285714085 -56.036128819444222 -69.833021527777859 6.3829923611112926 601.97745000000043 1.0000000180025095e-35
decision_type=2 2 2 2 2 2
left_child=4 2 -2 -3 -1 -6
right_child=1 3 -4 -5 5 -7
leaf_value=-0.20324298537469218 2.7918971499533036 9.3714857454692897 -19.275388174361922 0.50950409727644075 1.4989718116597928 -8.2825398873037379
leaf_weight=5322 887 360 172 822 234 267
leaf_count=5322 887 360 172 822 234 267
internal_value=-0.000289397 1.31445 -0.807016 3.21423 -0.506409 -3.72004
internal_weight=8064 2241 1059 1182 5823 501
internal_count=8064 2241 1059 1182 5823 501
is_linear=0
shrinkage=0.05


Tree=71
num_leaves=7
num_cat=0
split_feature=3 5 1 3 3 2
split_gain=2.14867e+06 1.178e+07 4.94398e+06 5.613e+06 3.19923e+06 2.26378e+06
threshold=254.58004062499961 -0.62577451934762995 174.47399999999996 77.054520138889316 275.95809826388864 481.87106428571502
decision_type=2 2 2 2 2 2
left_child=2 -2 5 -4 -3 -1
right_child=1 4 3 -5 -6 -7
leaf_value=0.067246993116036921 14.229306617036011 2.8219795023473568 -6.1712711327525192 0.65660013219967106 -5.9700714639419523 3.6542093717751385
leaf_weight=5795 164 206 677 541 206 475
leaf_count=5795 164 206 677 541 206 475
internal_value=-0.000359178 2.93965 -0.226876 -3.14048 -1.57786 0.339526
internal_weight=8064 576 7488 1218 412 6270
internal_count=8064 576 7488 1218 412 6270
is_linear=0
shrinkage=0.05


Tree=72
num_leaves=4
num_cat=0
split_feature=1 3 3
split_gain=2.10829e+06 2.0349e+06 3.63493e+06
threshold=1179.6474000000001 -378.14482534722146 -230.13218506944438
decision_type=2 2 2
left_child=1 -1 -3
right_child=-2 2 -4
leaf_value=-5.7528491220803097 -5.6289882063134318 3.2806947636027211 -0.15785355948335866
leaf_weight=144 162 864 6894
leaf_count=144 162 864 6894
internal_value=-0.000283636 0.115809 0.225467
internal_weight=8064 7902 7758
internal_count=8064 7902 7758
is_linear=0
shrinkage=0.05


Tree=73
num_leaves=7
num_cat=0
split_feature=3 5 1 3 3 2
split_gain=1.98193e+06 1.07331e+07 4.35248e+06 5.13521e+06 2.88513e+06 2.04977e+06
threshold=254.58004062499961 -0.62577451934762995 174.47399999999996 77.054520138889316 275.95809826388864 481.87106428571502
decision_type=2 2 2 2 2 2
left_child=2 -2 5 -4 -3 -1
right_child=1 4 3 -5 -6 -7
leaf_value=0.054481998813551327 13.599630539634013 2.6894166577841352 -5.8505688148965529 0.68016171766603128 -5.6598692625401101 3.4676866571943301
leaf_weight=5795 164 206 677 541 206 475
leaf_count=5795 164 206 677 541 206 475
internal_value=-0.000320662 2.82332 -0.217872 -2.95163 -1.48882 0.31357
internal_weight=8064 576 7488 1218 412 6270
internal_count=8064 576 7488 1218 412 6270
is_linear=0
shrinkage=0.05


Tree=74
num_leaves=5
num_cat=0
split_feature=1 5 3 3
split_gain=2.01402e+06 1.93928e+06 8.32098e+06 2.1814e+06
threshold=1179.6474000000001 -0.97111091670450067 -56.036128819444222 275.95809826388864
decision_type=2 2 2 2
left_child=1 2 -1 -3
right_child=-2 3 -4 -5
leaf_value=-4.2424007018193093 -5.5016669918423053 0.057335215154963252 8.1970160048454996 -4.779542221283517
leaf_weight=231 162 7112 319 240
leaf_count=231 162 7112 319 240
internal_value=-0.000248959 0.113218 2.97424 -0.101189
internal_weight=8064 7902 550 7352
internal_count=8064 7902 550 7352
is_linear=0
shrinkage=0.05


Tree=75
num_leaves=5
num_cat=0
split_feature=0 5 3 0
split_gain=1.9347e+06 3.26478e+06 7.11242e+06 2.72188e+06
threshold=8364.3079500000022 -0.94670478576706751 24.771122222222179 7277.0885000000007
decision_type=2 2 2 2
left_child=1 2 -1 -3
right_child=-2 3 -4 -5
leaf_value=-0.56577913788733658 -5.3588167221618423 -0.037496847815881841 9.8667859004477592 -5.882616003257473
leaf_weight=431 164 7003 262 204
leaf_count=431 164 7003 262 204
internal_value=-0.00027537 0.111629 3.38696 -0.203741
internal_weight=8064 7900 693 7207
internal_count=8064 7900 693 7207
is_linear=0
shrinkage=0.05


Tree=76
num_leaves=7
num_cat=0
split_feature=3 5 1 3 0 3
split_gain=1.90545e+06 9.52808e+06 4.03169e+06 3.78992e+06 3.34061e+06 2.44914e+06
threshold=254.58004062499961 -0.62577451934762995 326.66249999999997 -58.569365277777472 7719.4525500000009 275.95809826388864
decision_type=2 2 2 2 2 2
left_child=2 -2 4 -4 -1 -3
right_child=1 5 3 -5 -6 -7
leaf_value=0.37837346255259535 12.921639952659607 2.5546083255090579 -10.517104742411645 -1.8753915643150156 -7.0029714730135204 -5.1378568058428558
leaf_weight=6475 164 206 154 703 156 206
leaf_count=6475 164 206 154 703 156 206
internal_value=-0.000273865 2.76835 -0.213586 -3.43873 0.203691 -1.29475
internal_weight=8064 576 7488 857 6631 412
internal_count=8064 576 7488 857 6631 412
is_linear=0
shrinkage=0.05


Tree=77
num_leaves=4
num_cat=0
split_feature=1 3 3
split_gain=1.88131e+06 1.84962e+06 3.29945e+06
threshold=1179.6474000000001 -378.14482534722146 -230.13218506944438
decision_type=2 2 2
left_child=1 -1 -3
right_child=-2 2 -4
leaf_value=-5.4857524359534535 -5.3174010193421068 3.1247240660542008 -0.15130501910524094
leaf_weight=144 162 864 6894
leaf_count=144 162 864 6894
internal_value=-0.000313981 0.109351 0.213898
internal_weight=8064 7902 7758
internal_count=8064 7902 7758
is_linear=0
shrinkage=0.05


Tree=78
num_leaves=5
num_cat=0
split_feature=2 5 3 0
split_gain=1.77126e+06 1.78558e+06 1.0351e+07 2.45713e+06
threshold=-760.61392857142789 -0.91509365977396839 -56.036128819444222 5677.7342000000008
decision_type=2 2 2 2
left_child=-1 2 -2 -3
right_child=1 3 -4 -5
leaf_value=-5.0652277332791211 -4.1457165714272133 0.14679044145062239 6.4302551077989794 -2.9538159807244044
leaf_weight=168 389 6228 568 711
leaf_count=168 389 6228 568 711
internal_value=-0.000346821 0.108044 2.13151 -0.171291
internal_weight=8064 7896 957 6939
internal_count=8064 7896 957 6939
is_linear=0
shrinkage=0.05


Tree=79
num_leaves=7
num_cat=0
split_feature=3 3 0 3 0 3
split_gain=1.77786e+06 8.74185e+06 3.71387e+07 7.22983e+06 4.76719e+06 2.26759e+06
threshold=-84.732641666666254 -58.569365277777472 6020.8875000000016 6.3829923611112926 6790.3786000000009 -124.99251076388872
decision_type=2 2 2 2 2 2
left_child=4 2 -2 -3 5 -1
right_child=1 3 -4 -5 -6 -7
leaf_value=-0.44732080052801387 -0.43228896825100283 3.5800132856355456 -28.168745803586372 -0.73083591587280183 8.6323744994611609 3.8380516983843123
leaf_weight=1425 720 1296 144 3888 198 393
leaf_count=1425 720 1296 144 3888 198 393
internal_value=-0.000364129 -0.429012 -5.08225 0.347359 1.28515 0.480656
internal_weight=8064 6048 864 5184 2016 1818
internal_count=8064 6048 864 5184 2016 1818
is_linear=0
shrinkage=0.05


Tree=80
num_leaves=7
num_cat=0
split_feature=3 5 1 3 0 3
split_gain=1.79586e+06 8.6704e+06 3.5519e+06 4.25946e+06 2.40617e+06 2.20544e+06
threshold=254.58004062499961 -0.62577451934762995 51.886400000000101 77.054520138889316 7558.2863500000012 275.95809826388864
decision_type=2 2 2 2 2 2
left_child=2 -2 4 -4 -1 -3
right_child=1 5 3 -5 -6 -7
leaf_value=0.54651810600780937 12.372909664240751 2.4640848933066728 -4.2999978997569128 0.84542957035203781 -5.7093792983248264 -4.8355879651751499
leaf_weight=5658 164 206 1002 671 157 206
leaf_count=5658 164 206 1002 671 157 206
internal_value=-0.000431027 2.6874 -0.207518 -2.23702 0.376662 -1.18862
internal_weight=8064 576 7488 1673 5815 412
internal_count=8064 576 7488 1673 5815 412
is_linear=0
shrinkage=0.05


Tree=81
num_leaves=5
num_cat=0
split_feature=1 5 3 1
split_gain=1.75372e+06 1.78266e+06 6.29553e+06 2.04883e+06
threshold=1179.6474000000001 -0.97111091670450067 -56.036128819444222 -537.41205000000025
decision_type=2 2 2 2
left_child=1 2 -1 -3
right_child=-2 3 -4 -5
leaf_value=-3.4293859689400117 -5.1340076058188835 2.9898539899028838 7.3911382010579105 -0.32548346500066527
leaf_weight=231 162 499 319 6853
leaf_count=231 162 499 319 6853
internal_value=-0.000400897 0.10548 2.84854 -0.100087
internal_weight=8064 7902 550 7352
internal_count=8064 7902 550 7352
is_linear=0
shrinkage=0.05


Tree=82
num_leaves=7
num_cat=0
split_feature=3 3 0 5 1 0
split_gain=1.77584e+06 1.88301e+07 2.2665e+07 4.94239e+06 3.7046e+06 5.69292e+06
threshold=-69.833021527777859 -63.091829513889017 1252.5748500000002 -0.85470842479866194 -242.84914999999998 6580.7041500000005
decision_type=2 2 2 2 2 2
left_child=4 2 -2 -3 5 -1
right_child=1 3 -4 -5 -6 -7
leaf_value=1.7678550076932305 1.1227503900666689 3.5043454119869253 -26.874521268010142 -0.51424349349936971 -0.055493090375836933 12.781851396919077
leaf_weight=505 144 925 144 4403 1791 152
leaf_count=505 144 925 144 4403 1791 152
internal_value=-0.000371605 -0.490246 -12.9204 0.183955 1.1232 4.33155
internal_weight=8064 5616 288 5328 2448 657
internal_count=8064 5616 288 5328 2448 657
is_linear=0
shrinkage=0.05


Tree=83
num_leaves=7
num_cat=0
split_feature=0 3 5 3 1 0
split_gain=1.92682e+06 6.61929e+06 4.9021e+06 1.14303e+07 3.29454e+06 3.0263e+06
threshold=7277.0885000000007 57.598736805555525 -0.87651811848132988 -56.036128819444222 226.19840000000002 4760.6392500000011
decision_type=2 2 2 2 2 2
left_child=2 4 3 -1 -2 -4
right_child=1 -3 5 -5 -6 -7
leaf_value=-2.4097536196579803 -3.1895587707218187 3.2363912070637371 0.25125066672327001 10.490382815522313 -12.796479674765509 -2.7821635792725279
leaf_weight=332 232 279 5764 354 145 958
leaf_count=332 232 279 5764 354 145 958
internal_value=-0.000404281 -2.59553 0.229721 4.25275 -6.90861 -0.181412
internal_weight=8064 656 7408 686 377 6722
internal_count=8064 656 7408 686 377 6722
is_linear=0
shrinkage=0.05


Tree=84
num_leaves=7
num_cat=0
split_feature=0 3 5 3 1 0
split_gain=1.74026e+06 5.97725e+06 4.42542e+06 1.0319e+07 2.97574e+06 2.73151e+06
threshold=7277.0885000000007 57.598736805555525 -0.87651811848132988 -56.036128819444222 226.19840000000002 4760.6392500000011
decision_type=2 2 2 2 2 2
left_child=2 4 3 -1 -2 -4
right_child=1 -3 5 -5 -6 -7
leaf_value=-2.2896277744132836 -3.0307652127237539 3.0751495560577937 0.2386903096611126 9.9673412402918657 -12.16103786915949 -2.6432004662271402
leaf_weight=332 232 279 5764 354 145 958
leaf_count=332 232 279 5764 354 145 958
internal_value=-0.0004287 -2.46672 0.218272 4.0407 -6.56529 -0.17236
internal_weight=8064 656 7408 686 377 6722
internal_count=8064 656 7408 686 377 6722
is_linear=0
shrinkage=0.05


Tree=85
num_leaves=7
num_cat=0
split_feature=3 3 5 3 1 0
split_gain=1.81412e+06 1.67081e+07 2.02112e+07 4.76107e+06 3.54099e+06 5.28155e+06
threshold=-69.833021527777859 -63.091829513889017 1.0000000180025095e-35 6.3829923611112926 -242.84914999999998 6580.7041500000005
decision_type=2 2 2 2 2 2
left_child=4 2 -2 -3 5 -1
right_child=1 3 -4 -5 -6 -7
leaf_value=1.8023082719725583 -25.381507779976417 2.5944501810644462 1.0568137454164439 -0.77016515288838205 -0.017223572622086587 12.411242768187929
leaf_weight=505 144 1440 144 3888 1791 152
leaf_count=505 144 1440 144 3888 1791 152
internal_value=-0.000449686 -0.495576 -12.2044 0.139507 1.13517 4.27187
internal_weight=8064 5616 288 5328 2448 657
internal_count=8064 5616 288 5328 2448 657
is_linear=0
shrinkage=0.05


Tree=86
num_leaves=4
num_cat=0
split_feature=1 3 3
split_gain=1.76554e+06 1.66177e+06 2.75045e+06
threshold=1179.6474000000001 -378.14482534722146 -230.13218506944438
decision_type=2 2 2
left_child=1 -1 -3
right_child=-2 2 -4
leaf_value=-5.1976247761167329 -5.1513637917310549 2.8625001071143701 -0.12858525029096574
leaf_weight=144 162 864 6894
leaf_count=144 162 864 6894
internal_value=-0.000478686 0.105759 0.204855
internal_weight=8064 7902 7758
internal_count=8064 7902 7758
is_linear=0
shrinkage=0.05


Tree=87
num_leaves=5
num_cat=0
split_feature=3 3 3 0
split_gain=1.65974e+06 5.00043e+06 7.49324e+06 3.01559e+06
threshold=368.48114756944443 270.87893229166622 275.95809826388864 7277.0885000000007
decision_type=2 2 2 2
left_child=1 3 -3 -1
right_child=-2 2 -4 -5
leaf_value=0.14470884028961137 -5.3016090204078576 14.576199127970071 -1.5165813863277435 -3.5230530533150501
leaf_weight=7024 144 144 144 608
leaf_count=7024 144 144 144 608
internal_value=-0.000501977 0.0965389 6.5524 -0.147905
internal_weight=8064 7920 288 7632
internal_count=8064 7920 288 7632
is_linear=0
shrinkage=0.05


Tree=88
num_leaves=7
num_cat=0
split_feature=2 3 3 1 4 5
split_gain=1.56989e+06 3.44352e+06 6.32583e+06 1.6098e+06 4.13511e+06 896247
threshold=3.0817214285714085 -327.75552743055499 -230.13218506944438 601.97745000000043 1.0000000180025095e-35 -0.97111091670450067
decision_type=2 2 2 2 2 2
left_child=3 -2 -3 5 -5 -1
right_child=1 2 -4 4 -6 -7
leaf_value=3.543793339334476 -6.0676620196527047 9.7383592589659642 0.71947281378456673 1.7099640475435463 -7.3808546108986022 -0.29095499773200412
leaf_weight=156 154 216 1871 234 267 5166
leaf_count=156 154 216 1871 234 267 5166
internal_value=-0.000449715 1.12381 1.65713 -0.433245 -3.1399 -0.177905
internal_weight=8064 2241 2087 5823 501 5322
internal_count=8064 2241 2087 5823 501 5322
is_linear=0
shrinkage=0.05


Tree=89
num_leaves=7
num_cat=0
split_feature=3 5 3 3 3 3
split_gain=1.54964e+06 7.60408e+06 2.70751e+06 1.23553e+07 1.0039e+07 1.67932e+06
threshold=254.58004062499961 -0.62577451934762995 6.3829923611112926 -26.250547569444276 24.771122222222179 275.95809826388864
decision_type=2 2 2 2 2 2
left_child=2 -2 3 -1 -4 -3
right_child=1 5 4 -5 -6 -7
leaf_value=-0.43469360821493236 11.566773790735187 2.0542347561334067 -8.3585133885951848 7.446373341065966 -0.19289797916361873 -4.315659868889961
leaf_weight=3600 164 206 432 576 2880 206
leaf_count=3600 164 206 432 576 2880 206
internal_value=-0.000414999 2.49637 -0.192783 0.653873 -1.26018 -1.13345
internal_weight=8064 576 7488 4176 3312 412
internal_count=8064 576 7488 4176 3312 412
is_linear=0
shrinkage=0.05


Tree=90
num_leaves=7
num_cat=0
split_feature=3 3 0 5 1 0
split_gain=1.54579e+06 1.50573e+07 1.83178e+07 3.985e+06 3.05856e+06 4.60476e+06
threshold=-69.833021527777859 -63.091829513889017 1252.5748500000002 -0.83127174505093859 -242.84914999999998 6580.7041500000005
decision_type=2 2 2 2 2 2
left_child=4 2 -2 -3 5 -1
right_child=1 3 -4 -5 -6 -7
leaf_value=1.6572785136669053 1.051731968275432 2.990359996876121 -24.117493013369625 -0.51154451123019362 -0.023084213250279262 11.56310903073526
leaf_weight=505 144 999 144 4329 1791 152
leaf_count=505 144 999 144 4329 1791 152
internal_value=-0.000346111 -0.457391 -11.5728 0.145501 1.04793 3.96313
internal_weight=8064 5616 288 5328 2448 657
internal_count=8064 5616 288 5328 2448 657
is_linear=0
shrinkage=0.05


Tree=91
num_leaves=4
num_cat=0
split_feature=1 3 3
split_gain=1.58069e+06 1.42062e+06 2.21656e+06
threshold=1179.6474000000001 -378.14482534722146 -230.13218506944438
decision_type=2 2 2
left_child=1 -1 -3
right_child=-2 2 -4
leaf_value=-4.8033482776222556 -4.8741674584113746 2.577576442874236 -0.10756346274750812
leaf_weight=144 162 864 6894
leaf_count=144 162 864 6894
internal_value=-0.000374612 0.100148 0.191771
internal_weight=8064 7902 7758
internal_count=8064 7902 7758
is_linear=0
shrinkage=0.05


Tree=92
num_leaves=7
num_cat=0
split_feature=0 3 5 3 3 0
split_gain=1.50535e+06 5.60254e+06 3.50082e+06 9.37718e+06 2.65169e+06 2.46619e+06
threshold=7277.0885000000007 57.598736805555525 -0.87651811848132988 -56.036128819444222 -7.4583437500000391 4760.6392500000011
decision_type=2 2 2 2 2 2
left_child=2 4 3 -1 -2 -4
right_child=1 -3 5 -5 -6 -7
leaf_value=-2.4311893245479368 -2.7183177705552128 3.0709275742886324 0.24614025803397555 9.2526124769365286 -11.233660151548447 -2.4922096291077214
leaf_weight=332 221 279 5764 354 156 958
leaf_count=332 221 279 5764 354 156 958
internal_value=-0.000400562 -2.2942 0.203005 3.60275 -6.2623 -0.144434
internal_weight=8064 656 7408 686 377 6722
internal_count=8064 656 7408 686 377 6722
is_linear=0
shrinkage=0.05


Tree=93
num_leaves=5
num_cat=0
split_feature=1 3 5 3
split_gain=1.4852e+06 1.33257e+06 8.51718e+06 6.9493e+06
threshold=1179.6474000000001 77.054520138889316 -0.59116893267988335 6.3829923611112926
decision_type=2 2 2 2
left_child=1 3 -3 -1
right_child=-2 2 -4 -5
leaf_value=0.65067085995614038 -4.7246964784853303 6.0340340213622419 -0.68274056952869744 -3.5595087141426727
leaf_weight=4172 162 637 1813 1280
leaf_count=4172 162 637 1813 1280
internal_value=-0.000419638 0.097019 1.06537 -0.338251
internal_weight=8064 7902 2450 5452
internal_count=8064 7902 2450 5452
is_linear=0
shrinkage=0.05


Tree=94
num_leaves=5
num_cat=0
split_feature=3 3 3 0
split_gain=1.46317e+06 4.27943e+06 6.57603e+06 2.68053e+06
threshold=368.48114756944443 270.87893229166622 275.95809826388864 7277.0885000000007
decision_type=2 2 2 2
left_child=1 3 -3 -1
right_child=-2 2 -4 -5
leaf_value=0.14044389495856768 -4.9777151936498178 13.579774476741925 -1.4955308080541678 -3.3175604005850396
leaf_weight=7024 144 144 144 608
leaf_count=7024 144 144 144 608
internal_value=-0.000412808 0.0907006 6.06303 -0.135435
internal_weight=8064 7920 288 7632
internal_count=8064 7920 288 7632
is_linear=0
shrinkage=0.05


Tree=95
num_leaves=7
num_cat=0
split_feature=2 3 3 1 4 5
split_gain=1.35517e+06 3.07378e+06 5.35376e+06 1.49485e+06 3.64153e+06 799535
threshold=3.0817214285714085 -327.75552743055499 -230.13218506944438 601.97745000000043 1.0000000180025095e-35 -0.97111091670450067
decision_type=2 2 2 2 2 2
left_child=3 -2 -3 5 -5 -1
right_child=1 2 -4 4 -6 -7
leaf_value=3.3587363838390183 -5.7502178370760335 8.982510307664695 0.68544173766440986 1.5407306231590028 -6.9904679898895443 -0.26320536270029649
leaf_weight=156 154 216 1871 234 267 5166
leaf_count=156 154 216 1871 234 267 5166
internal_value=-0.000367801 1.04419 1.54806 -0.402478 -3.0107 -0.156427
internal_weight=8064 2241 2087 5823 501 5322
internal_count=8064 2241 2087 5823 501 5322
is_linear=0
shrinkage=0.05


Tree=96
num_leaves=7
num_cat=0
split_feature=3 5 1 0 0 3
split_gain=1.29116e+06 6.56962e+06 2.49246e+06 2.92108e+06 1.97248e+06 1.26399e+06
threshold=254.58004062499961 -0.62577451934762995 51.886400000000101 6454.8366000000015 7558.2863500000012 275.95809826388864
decision_type=2 2 2 2 2 2
left_child=2 -2 4 -4 -1 -3
right_child=1 5 3 -5 -6 -7
leaf_value=0.46722352021969726 10.709631200455355 1.6708258863232563 -0.30648423130341385 -4.6559975171720742 -5.1968898188464259 -3.8557107534961426
leaf_weight=5658 164 206 1070 603 157 206
leaf_count=5658 164 206 1070 603 157 206
internal_value=-0.000339718 2.27871 -0.175932 -1.87603 0.31343 -1.09509
internal_weight=8064 576 7488 1673 5815 412
internal_count=8064 576 7488 1673 5815 412
is_linear=0
shrinkage=0.05


Tree=97
num_leaves=5
num_cat=0
split_feature=3 3 3 0
split_gain=1.29394e+06 3.73212e+06 5.79706e+06 2.13522e+06
threshold=368.48114756944443 270.87893229166622 275.95809826388864 7277.0885000000007
decision_type=2 2 2 2
left_child=1 3 -3 -1
right_child=-2 2 -4 -5
leaf_value=0.12039612211403189 -4.6809638740276469 12.720244583508064 -1.4338812407337387 -2.9658898269993137
leaf_weight=7024 144 144 144 608
leaf_count=7024 144 144 144 608
internal_value=-0.000329972 0.0853527 5.66271 -0.125828
internal_weight=8064 7920 288 7632
internal_count=8064 7920 288 7632
is_linear=0
shrinkage=0.05


Tree=98
num_leaves=5
num_cat=0
split_feature=2 3 5 0
split_gain=1.26253e+06 1.18362e+06 5.96476e+06 2.04684e+06
threshold=877.81217142857224 254.58004062499961 -0.59116893267988335 4760.6392500000011
decision_type=2 2 2 2
left_child=1 3 -3 -1
right_child=-2 2 -4 -5
leaf_value=0.24685601947608249 4.3019004734690318 9.8581375470740262 -1.2347145574622687 -1.6333702532328809
leaf_weight=5337 166 172 404 1985
leaf_count=5337 166 172 404 1985
internal_value=-0.000290156 -0.0912467 2.08908 -0.263028
internal_weight=8064 7898 576 7322
internal_count=8064 7898 576 7322
is_linear=0
shrinkage=0.05


Tree=99
num_leaves=7
num_cat=0
split_feature=2 3 3 1 4 5
split_gain=1.24667e+06 2.86258e+06 4.85845e+06 1.2969e+06 3.1988e+06 870469
threshold=3.0817214285714085 -327.75552743055499 -230.13218506944438 601.97745000000043 1.0000000180025095e-35 -0.97111091670450067
decision_type=2 2 2 2 2 2
left_child=3 -2 -3 5 -5 -1
right_child=1 2 -4 4 -6 -7
leaf_value=3.5110810984471805 -5.5551644934281228 8.570128398474461 0.66616492275005346 1.4504852245716338 -6.5452970847265055 -0.26811272161341348
leaf_weight=156 154 216 1871 234 267 5166
leaf_count=156 154 216 1871 234 267 5166
internal_value=-0.000204115 1.00166 1.48792 -0.385882 -2.81529 -0.156697
internal_weight=8064 2241 2087 5823 501 5322
internal_count=8064 2241 2087 5823 501 5322
is_linear=0
shrinkage=0.05


end of trees

feature_importances:
Column_3=181
Column_2=134
Column_0=79
Column_1=70
Column_5=34
Column_4=8
Column_7=4
Column_6=1

parameters:
[boosting: gbdt]
[objective: regression]
[metric: l2]
[tree_learner: serial]
[device_type: cpu]
[data_sample_strategy: bagging]
[data: ]
[valid: ]
[num_iterations: 100]
[learning_rate: 0.05]
[num_leaves: 7]
[num_threads: 1]
[seed: 20250911]
[deterministic: 1]
[force_col_wise: 1]
[force_row_wise: 0]
[histogram_pool_size: -1]
[max_depth: 3]
[min_data_in_leaf: 144]
[min_sum_hessian_in_leaf: 0.001]
[bagging_fraction: 1]
[pos_bagging_fraction: 1]
[neg_bagging_fraction: 1]
[bagging_freq: 0]
[bagging_seed: 20250911]
[bagging_by_query: 0]
[feature_fraction: 1]
[feature_fraction_bynode: 1]
[feature_fraction_seed: 20250911]
[extra_trees: 0]
[extra_seed: 26685]
[early_stopping_round: 0]
[early_stopping_min_delta: 0]
[first_metric_only: 0]
[max_delta_step: 0]
[lambda_l1: 0]
[lambda_l2: 1]
[linear_lambda: 0]
[min_gain_to_split: 0]
[drop_rate: 0.1]
[max_drop: 50]
[skip_drop: 0.5]
[xgboost_dart_mode: 0]
[uniform_drop: 0]
[drop_seed: 2504]
[top_rate: 0.2]
[other_rate: 0.1]
[min_data_per_group: 100]
[max_cat_threshold: 32]
[cat_l2: 10]
[cat_smooth: 10]
[max_cat_to_onehot: 4]
[top_k: 20]
[monotone_constraints: ]
[monotone_constraints_method: basic]
[monotone_penalty: 0]
[feature_contri: ]
[forcedsplits_filename: ]
[refit_decay_rate: 0.9]
[cegb_tradeoff: 1]
[cegb_penalty_split: 0]
[cegb_penalty_feature_lazy: ]
[cegb_penalty_feature_coupled: ]
[path_smooth: 0]
[interaction_constraints: ]
[verbosity: -1]
[saved_feature_importance_type: 0]
[use_quantized_grad: 0]
[num_grad_quant_bins: 4]
[quant_train_renew_leaf: 0]
[stochastic_rounding: 1]
[linear_tree: 0]
[max_bin: 63]
[max_bin_by_feature: ]
[min_data_in_bin: 3]
[bin_construct_sample_cnt: 200000]
[data_random_seed: 20250911]
[is_enable_sparse: 1]
[enable_bundle: 1]
[use_missing: 1]
[zero_as_missing: 0]
[feature_pre_filter: 0]
[pre_partition: 0]
[two_round: 0]
[header: 0]
[label_column: ]
[weight_column: ]
[group_column: ]
[ignore_column: ]
[categorical_feature: ]
[forcedbins_filename: ]
[precise_float_parser: 0]
[parser_config_file: ]
[objective_seed: 19683]
[num_class: 1]
[is_unbalance: 0]
[scale_pos_weight: 1]
[sigmoid: 1]
[boost_from_average: 1]
[reg_sqrt: 0]
[alpha: 0.9]
[fair_c: 1]
[poisson_max_delta_step: 0.7]
[tweedie_variance_power: 1.5]
[lambdarank_truncation_level: 30]
[lambdarank_norm: 1]
[label_gain: ]
[lambdarank_position_bias_regularization: 0]
[eval_at: ]
[multi_error_top_k: 1]
[auc_mu_weights: ]
[num_machines: 1]
[local_listen_port: 12400]
[time_out: 120]
[machine_list_filename: ]
[machines: ]
[gpu_platform_id: -1]
[gpu_device_id: -1]
[gpu_device_id_list: ]
[gpu_use_dp: 0]
[num_gpu: 1]

end of parameters

pandas_categorical:null
