tree
version=v4
num_class=1
num_tree_per_iteration=1
label_index=0
max_feature_idx=7
objective=regression
feature_names=Column_0 Column_1 Column_2 Column_3 Column_4 Column_5 Column_6 Column_7
feature_infos=[0:10076.8909] [-1796.0487000000003:2238.2599999999993] [-1776.6499857142862:1232.9571428571435] [-222.63616805555557:502.61053680555551] [-1:1] [-1:1] [-1:1] [-1:1]
tree_sizes=757 756 757 762 759 757 756 761 759 760 755 764 676 671 680 674 754 762 675 761 756 677 675 762 671 673 679 761 508 760 509 761 510 674 772 757 683 510 767 589 683 757 510 765 508 766 590 504 764 590 763 762 508 760 507 671 506 765 763 676 501 764 500 767 763 504 587 761 498 499 763 733 758 765 500 674 757 500 582 495 676 500 590 495 586 495 499 758 589 579 756 663 669 662 495 577 672 656 495 761

Tree=0
num_leaves=7
num_cat=0
split_feature=2 2 2 2 2 2
split_gain=1.02846e+08 6.30967e+07 1.54851e+07 1.34244e+07 3.40988e+06 2.90606e+06
threshold=265.49494999999985 -7.2161000000005506 -383.87759285714304 554.8512714285722 177.08230714285631 397.55074285714301
decision_type=2 2 2 2 2 2
left_child=1 2 -1 5 -3 -2
right_child=3 4 -4 -5 -6 -7
leaf_value=-34.785655377551294 -0.0021976725061794156 -10.189110468319191 -19.910542032019485 17.975345317880489 -5.4641374597730392 7.0009362849361256
leaf_weight=219 340 5749 872 204 408 272
leaf_count=219 340 5749 872 204 408 272
internal_value=-9.94443 -11.8399 -22.9165 6.87312 -9.87533 3.13287
internal_weight=8064 7248 1091 816 6157 612
internal_count=8064 7248 1091 816 6157 612
is_linear=0
shrinkage=1


Tree=1
num_leaves=7
num_cat=0
split_feature=2 2 2 2 2 2
split_gain=9.28558e+07 5.69598e+07 1.39854e+07 1.21234e+07 3.07817e+06 2.62403e+06
threshold=265.49494999999985 -7.2161000000005506 -383.87759285714304 554.8512714285722 177.08230714285631 397.55074285714301
decision_type=2 2 2 2 2 2
left_child=1 2 -1 5 -3 -2
right_child=3 4 -4 -5 -6 -7
leaf_value=-23.604808684804226 9.4465806031993615 -0.23244635953277998 -9.4683751877230886 26.530598189016668 4.2568277278309345 16.101203501137185
leaf_weight=219 340 5749 872 204 408 272
leaf_count=219 340 5749 872 204 408 272
internal_value=0.000150241 -1.80087 -12.325 15.98 0.065683 12.4256
internal_weight=8064 7248 1091 816 6157 612
internal_count=8064 7248 1091 816 6157 612
is_linear=0
shrinkage=0.05


Tree=2
num_leaves=7
num_cat=0
split_feature=2 2 3 2 1 2
split_gain=8.3836e+07 5.14422e+07 1.18821e+07 1.02515e+07 4.42515e+06 3.71723e+06
threshold=265.49494999999985 -64.694435714285405 -115.88908020833331 -383.87759285714304 1.155999999999999 362.17317142857161
decision_type=2 2 2 2 2 2
left_child=1 3 -2 -1 -3 -4
right_child=2 4 5 -5 -6 -7
leaf_value=-22.429932763359766 26.015095355676625 0.34140961754316962 6.3516292763768512 -9.9183729353923606 -3.6852729824058801 14.556975465854203
leaf_weight=219 193 5597 211 656 776 412
leaf_count=219 193 5597 211 656 776 412
internal_value=0.00028549 -1.71102 15.1842 -13.0719 -0.149395 11.7926
internal_weight=8064 7248 816 875 6373 623
internal_count=8064 7248 816 875 6373 623
is_linear=0
shrinkage=0.05


Tree=3
num_leaves=7
num_cat=0
split_feature=2 2 3 2 2 0
split_gain=7.59457e+07 4.61196e+07 1.26903e+07 1.13207e+07 4.81523e+06 2.51093e+06
threshold=251.49105000000012 -7.2161000000005506 -115.88908020833331 -383.87759285714304 362.17317142857161 4495.8622000000005
decision_type=2 2 2 2 2 2
left_child=1 3 -2 -1 -4 -3
right_child=2 5 4 -5 -6 -7
leaf_value=-21.313533831509677 24.573416362057131 0.3382244870448855 5.1461336401150088 -8.5945551981801707 13.830888960631363 -3.0001608039649903
leaf_weight=219 209 5462 263 872 412 627
leaf_count=219 209 5462 263 872 412 627
internal_value=0.00034087 -1.70288 13.8205 -11.1649 10.4597 -0.00597383
internal_weight=8064 7180 884 1091 675 6089
internal_count=8064 7180 884 1091 675 6089
is_linear=0
shrinkage=0.05


Tree=4
num_leaves=7
num_cat=0
split_feature=2 2 3 2 2 3
split_gain=6.89171e+07 4.41018e+07 1.21162e+07 1.02243e+07 5.75733e+06 1.64262e+06
threshold=335.64709285714304 -7.2161000000005506 -115.88908020833331 -383.87759285714304 177.08230714285631 -14.338105902777327
decision_type=2 2 2 2 2 2
left_child=1 3 -2 -1 -3 -4
right_child=2 4 5 -5 -6 -7
leaf_value=-20.252701300490987 28.718440427651554 -0.22262661395733774 9.8842467101105811 -8.165319801988197 4.8747698911938206 16.173733502662113
leaf_weight=219 145 5749 301 872 612 166
leaf_count=219 145 5749 301 872 612 166
internal_value=0.000391909 -1.32508 16.1157 -10.608 0.26849 12.1497
internal_weight=8064 7452 612 1091 6361 467
internal_count=8064 7452 612 1091 6361 467
is_linear=0
shrinkage=0.05


Tree=5
num_leaves=7
num_cat=0
split_feature=2 2 3 2 2 1
split_gain=6.22324e+07 3.98185e+07 1.09447e+07 7.43806e+06 5.61421e+06 1.6568e+06
threshold=335.64709285714304 -64.694435714285405 -115.88908020833331 -383.87759285714304 177.08230714285631 -428.12634999999995
decision_type=2 2 2 2 2 2
left_child=1 3 -2 -1 -3 -4
right_child=2 4 5 -5 -6 -7
leaf_value=-19.24466845599088 27.292354312008378 -0.39341285957633559 14.520250775652418 -8.5864905667994478 4.6314288927962304 8.4818746989377072
leaf_weight=219 145 5965 235 656 612 232
leaf_count=219 145 5965 235 656 612 232
internal_value=0.000564556 -1.25898 15.3144 -11.273 0.0747894 11.545
internal_weight=8064 7452 612 875 6577 467
internal_count=8064 7452 612 875 6577 467
is_linear=0
shrinkage=0.05


Tree=6
num_leaves=7
num_cat=0
split_feature=2 2 2 2 3 0
split_gain=5.63325e+07 3.42831e+07 1.0479e+07 8.2477e+06 2.55449e+06 2.45114e+06
threshold=251.49105000000012 -7.2161000000005506 554.8512714285722 -383.87759285714304 -115.88908020833331 4495.8622000000005
decision_type=2 2 2 2 2 2
left_child=1 3 4 -1 -2 -3
right_child=2 5 -4 -5 -6 -7
leaf_value=-18.286809343858199 14.610436629080306 0.3369191744353206 21.827408654602564 -7.4300463405052657 7.2294763709624466 -2.961479066358768
leaf_weight=219 152 5462 204 872 528 627
leaf_count=219 152 5462 204 872 528 627
internal_value=0.00070188 -1.4662 11.9033 -9.62411 8.89837 -0.0031559
internal_weight=8064 7180 884 1091 680 6089
internal_count=8064 7180 884 1091 680 6089
is_linear=0
shrinkage=0.05


Tree=7
num_leaves=7
num_cat=0
split_feature=2 2 3 2 2 3
split_gain=5.12368e+07 3.27705e+07 9.52928e+06 7.44895e+06 4.35836e+06 1.55444e+06
threshold=335.64709285714304 -7.2161000000005506 -115.88908020833331 -383.87759285714304 177.08230714285631 -14.338105902777327
decision_type=2 2 2 2 2 2
left_child=1 3 -2 -1 -3 -4
right_child=2 4 5 -5 -6 -7
leaf_value=-17.376625087044456 25.070685655123569 -0.19573757150451776 8.1881419597872043 -7.0589694979691293 4.2393190396952694 14.282223370403589
leaf_weight=219 145 5749 301 872 612 166
leaf_count=219 145 5749 301 872 612 166
internal_value=0.000761801 -1.14211 13.896 -9.14408 0.231564 10.3802
internal_weight=8064 7452 612 1091 6361 467
internal_count=8064 7452 612 1091 6361 467
is_linear=0
shrinkage=0.05


Tree=8
num_leaves=7
num_cat=0
split_feature=2 2 3 3 2 3
split_gain=4.62672e+07 2.9624e+07 8.60782e+06 6.50947e+06 4.24539e+06 1.40432e+06
threshold=335.64709285714304 -64.694435714285405 -115.88908020833331 55.872129166666817 177.08230714285631 -14.338105902777327
decision_type=2 2 2 2 2 2
left_child=1 3 -2 -1 -3 -4
right_child=2 4 5 -5 -6 -7
leaf_value=-6.2325634445998599 23.825737163546968 -0.34185181421092259 7.7800907025076702 -15.076253201482089 4.0276989061622404 13.572388296070214
leaf_weight=531 145 5965 301 344 612 166
leaf_count=531 145 5965 301 344 612 166
internal_value=0.000892035 -1.08514 13.2051 -9.72264 0.0652921 9.86362
internal_weight=8064 7452 612 875 6577 467
internal_count=8064 7452 612 875 6577 467
is_linear=0
shrinkage=0.05


Tree=9
num_leaves=7
num_cat=0
split_feature=2 2 3 2 2 1
split_gain=4.17795e+07 2.70311e+07 7.77547e+06 6.76007e+06 3.4904e+06 1.41499e+06
threshold=335.64709285714304 -0.69831428571428555 -115.88908020833331 -383.87759285714304 219.94935000000081 -428.12634999999995
decision_type=2 2 2 2 2 2
left_child=1 3 -2 -1 -3 -4
right_child=2 4 5 -5 -6 -7
leaf_value=-15.932200648134407 22.642609621808955 -0.046191275263865746 12.115209210828199 -6.1821357522707769 4.7306986320281084 6.5547024951416351
leaf_weight=219 145 5881 235 944 408 232
leaf_count=219 145 5881 235 944 408 232
internal_value=0.00101826 -1.031 12.5485 -8.03024 0.264413 9.37272
internal_weight=8064 7452 612 1163 6289 467
internal_count=8064 7452 612 1163 6289 467
is_linear=0
shrinkage=0.05


Tree=10
num_leaves=7
num_cat=0
split_feature=2 2 2 3 1 1
split_gain=3.7754e+07 2.30955e+07 8.48582e+06 5.72481e+06 3.48428e+06 1.78837e+06
threshold=251.49105000000012 -64.694435714285405 554.8512714285722 55.872129166666817 1.155999999999999 -222.37629999999987
decision_type=2 2 2 2 2 2
left_child=1 3 5 -1 -3 -2
right_child=2 4 -4 -5 -6 -7
leaf_value=-5.5351050084526827 8.9547496352446814 0.29189546469124955 18.672759978015247 -13.827065799383149 -3.3201160892196322 3.5837911359110821
leaf_weight=531 437 5547 204 344 758 243
leaf_count=531 437 5547 204 344 758 243
internal_value=0.00111538 -1.19977 9.74524 -8.80709 -0.142806 7.0435
internal_weight=8064 7180 884 875 6305 680
internal_count=8064 7180 884 875 6305 680
is_linear=0
shrinkage=0.05


Tree=11
num_leaves=7
num_cat=0
split_feature=2 2 3 2 2 3
split_gain=3.42495e+07 2.21873e+07 6.94404e+06 5.82833e+06 2.96671e+06 1.33285e+06
threshold=335.64709285714304 -0.69831428571428555 -115.88908020833331 -383.87759285714304 177.08230714285631 -14.338105902777327
decision_type=2 2 2 2 2 2
left_child=1 3 -2 -1 -3 -4
right_child=2 4 5 -5 -6 -7
leaf_value=-14.611186236901716 20.898576952864047 -0.11646597860489263 6.3417455756506387 -5.5587707034116072 3.5448820326860151 11.966275498681441
leaf_weight=219 145 5677 301 944 612 166
leaf_count=219 145 5677 301 944 612 166
internal_value=0.00111432 -0.933286 11.3618 -7.27448 0.240337 8.36234
internal_weight=8064 7452 612 1163 6289 467
internal_count=8064 7452 612 1163 6289 467
is_linear=0
shrinkage=0.05


Tree=12
num_leaves=6
num_cat=0
split_feature=2 2 3 2 2
split_gain=3.11458e+07 2.07031e+07 5.61981e+06 3.98592e+06 3.25038e+06
threshold=397.55074285714301 -7.2161000000005506 55.872129166666817 219.94935000000081 554.8512714285722
decision_type=2 2 2 2 2
left_child=1 2 -1 -3 -2
right_child=4 3 -4 -5 -6
leaf_value=-4.3800628265916348 8.761756137952263 -0.081814020745564778 -11.813455953746301 4.3856083881198815 17.170887004573171
leaf_weight=686 272 5953 405 544 204
leaf_count=686 272 5953 405 544 204
internal_value=0.00119788 -0.777748 -7.14777 0.292865 12.3941
internal_weight=8064 7588 1091 6497 476
internal_count=8064 7588 1091 6497 476
is_linear=0
shrinkage=0.05


Tree=13
num_leaves=6
num_cat=0
split_feature=2 1 2 2 2
split_gain=2.81216e+07 1.87676e+07 7.09645e+06 5.24029e+06 2.93538e+06
threshold=397.55074285714301 174.81945000000022 -383.87759285714304 219.94935000000081 554.8512714285722
decision_type=2 2 2 2 2
left_child=1 3 -3 -1 -2
right_child=4 2 -4 -5 -6
leaf_value=-0.21656663206055204 8.3252730150471681 -16.362069477107791 -5.2677608504480853 5.11512769297304 16.316530402215516
leaf_weight=6178 272 179 734 497 204
leaf_count=6178 272 179 734 497 204
internal_value=0.00122503 -0.738939 -7.4584 0.181122 11.7771
internal_weight=8064 7588 913 6675 476
internal_count=8064 7588 913 6675 476
is_linear=0
shrinkage=0.05


Tree=14
num_leaves=6
num_cat=0
split_feature=2 2 3 2 4
split_gain=2.53913e+07 1.7434e+07 4.63919e+06 3.22018e+06 2.74137e+06
threshold=397.55074285714301 -0.69831428571428555 55.872129166666817 177.08230714285631 -0.10884096748385481
decision_type=2 2 2 2 2
left_child=1 2 -1 -3 -2
right_child=4 3 -4 -5 -6
leaf_value=-3.9494723368841678 6.6237350799820653 -0.088654915270155787 -10.528709352271292 3.3993620245813214 14.380487193994757
leaf_weight=743 197 5677 420 748 279
leaf_count=743 197 5677 420 748 279
internal_value=0.00121283 -0.702102 -6.33247 0.317887 11.1909
internal_weight=8064 7588 1163 6425 476
internal_count=8064 7588 1163 6425 476
is_linear=0
shrinkage=0.05


Tree=15
num_leaves=6
num_cat=0
split_feature=2 2 3 1 2
split_gain=2.29248e+07 1.59625e+07 3.70116e+06 3.43441e+06 2.65287e+06
threshold=397.55074285714301 -129.39725714285689 55.872129166666817 22.288349999999813 554.8512714285722
decision_type=2 2 2 2 2
left_child=1 2 -1 -3 -2
right_child=4 3 -4 -5 -6
leaf_value=-4.8448954632273562 7.3560978189602002 0.46046547863470827 -12.445046871689195 -2.9021822739993373 14.946193554575851
leaf_weight=376 272 6064 281 867 204
leaf_count=376 272 6064 281 867 204
internal_value=0.0012132 -0.667071 -8.10947 0.0394733 10.6335
internal_weight=8064 7588 657 6931 476
internal_count=8064 7588 657 6931 476
is_linear=0
shrinkage=0.05


Tree=16
num_leaves=7
num_cat=0
split_feature=2 0 3 2 6 2
split_gain=2.12655e+07 1.46929e+07 6.55928e+06 5.69662e+06 2.20117e+06 647643
threshold=219.94935000000081 3361.8495000000007 -112.5352604166669 554.8512714285722 -0.88616659541054421 140.64924285714304
decision_type=2 2 2 2 2 2
left_child=1 5 -3 4 -2 -1
right_child=3 2 -4 -5 -6 -7
leaf_value=0.17888935461893551 9.8969327318113898 4.9024634735407062 -6.1466366309226776 14.202529133180292 3.518347923854372 3.3983406913761769
leaf_weight=5259 171 147 1478 204 645 160
leaf_count=5259 171 147 1478 204 645 160
internal_value=0.00116845 -0.976185 -5.14472 6.745 4.86551 0.274556
internal_weight=8064 7044 1625 1020 816 5419
internal_count=8064 7044 1625 1020 816 5419
is_linear=0
shrinkage=0.05


Tree=17
num_leaves=7
num_cat=0
split_feature=2 2 3 0 0 3
split_gain=1.92055e+07 1.25134e+07 6.1461e+06 3.53545e+06 3.39219e+06 2.47283e+06
threshold=251.49105000000012 -129.39725714285689 -115.88908020833331 2341.1551000000004 7488.5478500000008 -70.700591319444342
decision_type=2 2 2 2 2 2
left_child=1 4 -2 -3 -1 -4
right_child=2 3 5 -5 -6 -7
leaf_value=-4.5472307603944913 14.426659321756592 0.3997053626970879 -0.36170997619628908 -2.4805855441532927 -11.931128733768128 6.4541296415000788
leaf_weight=402 209 5183 182 1340 255 493
leaf_count=402 209 5183 182 1340 255 493
internal_value=0.00129572 -0.855215 6.95112 -0.192274 -7.4269 4.61856
internal_weight=8064 7180 884 6523 657 675
internal_count=8064 7180 884 6523 657 675
is_linear=0
shrinkage=0.05


Tree=18
num_leaves=6
num_cat=0
split_feature=2 1 2 2 4
split_gain=1.75818e+07 1.2518e+07 5.39024e+06 3.67279e+06 2.38682e+06
threshold=397.55074285714301 174.81945000000022 -383.87759285714304 177.08230714285631 -0.10884096748385481
decision_type=2 2 2 2 2
left_child=1 3 -3 -1 -2
right_child=4 2 -4 -5 -6
leaf_value=-0.22685146675403067 5.0610379308161111 -13.830556341807048 -4.1634347384235486 3.6555912356285223 12.285555958338083
leaf_weight=5998 197 179 734 677 279
leaf_count=5998 197 179 734 677 279
internal_value=0.00124308 -0.584005 -6.0718 0.167407 9.31246
internal_weight=8064 7588 913 6675 476
internal_count=8064 7588 913 6675 476
is_linear=0
shrinkage=0.05


Tree=19
num_leaves=7
num_cat=0
split_feature=2 2 3 0 1 3
split_gain=1.58888e+07 1.08702e+07 5.4388e+06 3.50702e+06 1.77891e+06 1.31791e+06
threshold=335.64709285714304 -0.69831428571428555 -115.88908020833331 6739.6992500000006 223.60270000000017 -14.338105902777327
decision_type=2 2 2 2 2 2
left_child=1 3 -2 -1 -3 -4
right_child=2 4 5 -5 -6 -7
leaf_value=-2.7491693237456771 16.170257972119607 0.32376751582057223 3.102751952446134 -8.3224784419401399 -4.9529410660266882 8.6597030762426872
leaf_weight=679 145 6126 301 484 163 166
leaf_count=679 145 6126 301 484 163 166
internal_value=0.00119817 -0.635234 7.73909 -5.07374 0.186239 5.09231
internal_weight=8064 7452 612 1163 6289 467
internal_count=8064 7452 612 1163 6289 467
is_linear=0
shrinkage=0.05


Tree=20
num_leaves=7
num_cat=0
split_feature=2 0 3 2 3 2
split_gain=1.46214e+07 1.05755e+07 5.56625e+06 4.60681e+06 2.07857e+06 565823
threshold=219.94935000000081 3361.8495000000007 -112.5352604166669 554.8512714285722 -124.78350590277749 140.64924285714304
decision_type=2 2 2 2 2 2
left_child=1 5 -3 4 -2 -1
right_child=3 2 -4 -5 -6 -7
leaf_value=0.16249529417905206 -1.2396451649051043 4.9082677652304234 -5.2688404731507887 12.298372309295143 5.138920771763611 3.1717158405677135
leaf_weight=5259 158 147 1478 204 658 160
leaf_count=5259 158 147 1478 204 658 160
internal_value=0.00121409 -0.809201 -4.34575 5.59316 3.90385 0.251914
internal_weight=8064 7044 1625 1020 816 5419
internal_count=8064 7044 1625 1020 816 5419
is_linear=0
shrinkage=0.05


Tree=21
num_leaves=6
num_cat=0
split_feature=2 1 2 2 4
split_gain=1.32578e+07 9.67693e+06 4.64386e+06 2.91459e+06 2.11856e+06
threshold=397.55074285714301 174.81945000000022 -383.87759285714304 177.08230714285631 -0.10884096748385481
decision_type=2 2 2 2 2
left_child=1 3 -3 -1 -2
right_child=4 2 -4 -5 -6
leaf_value=-0.19749095461285202 4.0871572304253627 -12.532841918468476 -3.5612251113628859 3.2610744032952499 10.886269327018944
leaf_weight=5998 197 179 734 677 279
leaf_count=5998 197 179 734 677 279
internal_value=0.00127226 -0.506938 -5.33196 0.153724 8.08682
internal_weight=8064 7588 913 6675 476
internal_count=8064 7588 913 6675 476
is_linear=0
shrinkage=0.05


Tree=22
num_leaves=6
num_cat=0
split_feature=2 2 3 2 4
split_gain=1.197e+07 8.75499e+06 2.84464e+06 1.97553e+06 1.91254e+06
threshold=397.55074285714301 -129.39725714285689 55.872129166666817 177.08230714285631 -0.10884096748385481
decision_type=2 2 2 2 2
left_child=1 2 -1 -3 -2
right_child=4 3 -4 -5 -6
leaf_value=-3.1360332854546669 3.8838314742903517 -0.2521616432799676 -9.7921943254458412 2.4667624436090083 10.343899726697378
leaf_weight=376 197 6183 281 748 279
leaf_count=376 197 6183 281 748 279
internal_value=0.00122067 -0.481677 -5.99344 0.0415807 7.68405
internal_weight=8064 7588 657 6931 476
internal_count=8064 7588 657 6931 476
is_linear=0
shrinkage=0.05


Tree=23
num_leaves=7
num_cat=0
split_feature=2 0 3 3 3 0
split_gain=1.08148e+07 8.63489e+06 4.77949e+06 4.26158e+06 2.31773e+06 539938
threshold=219.94935000000081 3361.8495000000007 -112.5352604166669 -115.88908020833331 -70.700591319444342 79.666450000000012
decision_type=2 2 2 2 2 2
left_child=1 5 -3 -2 -5 -1
right_child=3 2 -4 4 -6 -7
leaf_value=0.50102756656436387 10.592896258389509 4.6832022617797593 -4.7468546398120042 -1.4393734731441625 4.6738569921876438 -0.7830611368039837
leaf_weight=4415 242 147 1478 213 565 1004
leaf_count=4415 242 147 1478 213 565 1004
internal_value=0.00118142 -0.695802 -3.89144 4.81043 3.00048 0.263019
internal_weight=8064 7044 1625 1020 778 5419
internal_count=8064 7044 1625 1020 778 5419
is_linear=0
shrinkage=0.05


Tree=24
num_leaves=6
num_cat=0
split_feature=2 1 0 2 2
split_gain=1.01126e+07 7.59294e+06 3.96112e+06 2.16784e+06 1.85755e+06
threshold=397.55074285714301 174.81945000000022 7488.5478500000008 177.08230714285631 554.8512714285722
decision_type=2 2 2 2 2
left_child=1 3 -3 -1 -2
right_child=4 2 -4 -5 -6
leaf_value=-0.16033395253895602 4.332650086070128 -2.325148226066803 -9.2569346298490256 2.8224412803882926 10.664214381095841
leaf_weight=5998 272 599 314 677 204
leaf_count=5998 272 599 314 677 204
internal_value=0.00120594 -0.442647 -4.71666 0.142566 7.06285
internal_weight=8064 7588 913 6675 476
internal_count=8064 7588 913 6675 476
is_linear=0
shrinkage=0.05


Tree=25
num_leaves=6
num_cat=0
split_feature=2 1 2 2 1
split_gain=9.1308e+06 6.85456e+06 3.7348e+06 1.95676e+06 1.73468e+06
threshold=397.55074285714301 174.81945000000022 -383.87759285714304 177.08230714285631 -560.23694999999941
decision_type=2 2 2 2 2
left_child=1 3 -3 -1 -2
right_child=4 2 -4 -5 -6
leaf_value=-0.15231859456045438 10.003689633815661 -10.93855272455348 -2.8940297111047775 2.6815273903727883 3.9249002151563768
leaf_weight=5998 217 179 734 677 259
leaf_count=5998 217 179 734 677 259
internal_value=0.00118331 -0.420574 -4.48146 0.135458 6.71128
internal_weight=8064 7588 913 6675 476
internal_count=8064 7588 913 6675 476
is_linear=0
shrinkage=0.05


Tree=26
num_leaves=6
num_cat=0
split_feature=2 2 3 4 0
split_gain=8.24428e+06 6.34376e+06 2.56124e+06 1.68965e+06 1.39753e+06
threshold=397.55074285714301 -0.69831428571428555 55.872129166666817 -0.10884096748385481 7792.1988500000016
decision_type=2 2 2 2 2
left_child=1 2 -1 -2 -3
right_child=3 4 -4 -5 -6
leaf_value=-2.0271800077830751 2.8118009836474114 0.32959759551067347 -6.9127825167640653 8.8756224954128271 -4.5539614303708076
leaf_weight=743 197 6276 420 279 149
leaf_count=743 197 6276 420 279 149
internal_value=0.00114041 -0.39962 -3.79597 6.37717 0.215654
internal_weight=8064 7588 1163 476 6425
internal_count=8064 7588 1163 476 6425
is_linear=0
shrinkage=0.05


Tree=27
num_leaves=7
num_cat=0
split_feature=1 2 2 4 2 3
split_gain=7.54114e+06 7.62531e+06 3.29422e+06 1.80762e+06 1.28718e+06 631378
threshold=54.694449999999968 397.55074285714301 -383.87759285714304 -0.15208718494349127 162.61176428571358 -56.653780902778173
decision_type=2 2 2 2 2 2
left_child=1 4 -2 -3 -1 -4
right_child=2 3 5 -5 -6 -7
leaf_value=-0.020429490676004511 -9.5289019668289505 2.8391938663501097 -5.031818352956229 9.4136134881499824 2.2843785376091854 -1.8860041857396546
leaf_weight=5617 190 168 192 281 678 938
leaf_count=5617 190 168 192 281 678 938
internal_value=0.00107424 0.677655 -3.45353 6.96547 0.228132 -2.42449
internal_weight=8064 6744 1320 449 6295 1130
internal_count=8064 6744 1320 449 6295 1130
is_linear=0
shrinkage=0.05


Tree=28
num_leaves=4
num_cat=0
split_feature=2 0 2
split_gain=6.93786e+06 5.81466e+06 3.75313e+06
threshold=554.8512714285722 8355.7890500000012 -64.694435714285405
decision_type=2 2 2
left_child=1 2 -1
right_child=-2 -3 -4
leaf_value=-3.4043169868633614 9.0816287978102519 -8.6956004801422662 0.34419859111289691
leaf_weight=738 204 197 6925
leaf_count=738 204 197 6925
internal_value=0.00100858 -0.235797 -0.0172065
internal_weight=8064 7860 7663
internal_count=8064 7860 7663
is_linear=0
shrinkage=0.05


Tree=29
num_leaves=7
num_cat=0
split_feature=2 0 3 3 3 0
split_gain=6.4149e+06 5.82575e+06 4.07417e+06 3.61176e+06 2.21958e+06 281165
threshold=219.94935000000081 2748.6014500000006 -112.5352604166669 -115.88908020833331 -70.700591319444342 79.666450000000012
decision_type=2 2 2 2 2 2
left_child=1 5 -3 -2 -5 -1
right_child=3 2 -4 4 -6 -7
leaf_value=0.46043325125885559 9.0272269702742616 4.4803601902181454 -3.7714918601770844 -2.3020606177432517 3.6779220728276054 -0.53218248821050806
leaf_weight=4415 242 164 1615 213 565 850
leaf_count=4415 242 164 1615 213 565 850
internal_value=0.00094155 -0.535853 -3.00869 3.70488 2.03988 0.300111
internal_weight=8064 7044 1779 1020 778 5265
internal_count=8064 7044 1779 1020 778 5265
is_linear=0
shrinkage=0.05


Tree=30
num_leaves=4
num_cat=0
split_feature=2 0 2
split_gain=6.00797e+06 5.11787e+06 3.05011e+06
threshold=554.8512714285722 8355.7890500000012 -64.694435714285405
decision_type=2 2 2
left_child=1 2 -1
right_child=-2 -3 -4
leaf_value=-3.0677768356543598 8.4511557295409645 -8.1561491809258566 0.31147613401816249
leaf_weight=738 204 197 6925
leaf_count=738 204 197 6925
internal_value=0.000962927 -0.219402 -0.0143272
internal_weight=8064 7860 7663
internal_count=8064 7860 7663
is_linear=0
shrinkage=0.05


Tree=31
num_leaves=7
num_cat=0
split_feature=2 0 3 3 3 0
split_gain=5.58757e+06 5.67034e+06 4.26141e+06 2.71237e+06 2.68654e+06 143008
threshold=177.08230714285631 1754.9471500000002 -115.88908020833331 -70.700591319444342 -112.5352604166669 12.115900000000002
decision_type=2 2 2 2 2 2
left_child=1 5 -2 -4 -3 -1
right_child=2 4 3 -5 -6 -7
leaf_value=0.42888282591528004 8.5290651682551424 3.2375229959107616 -2.9787585892351758 3.100690665577984 -3.4847408216503286 -0.38179352401285599
leaf_weight=4348 279 162 248 697 1709 621
leaf_count=4348 279 162 248 697 1709 621
internal_value=0.000899532 -0.555979 3.11078 1.50378 -2.90128 0.327512
internal_weight=8064 6840 1224 945 1871 4969
internal_count=8064 6840 1224 945 1871 4969
is_linear=0
shrinkage=0.05


Tree=32
num_leaves=4
num_cat=0
split_feature=2 0 2
split_gain=5.22463e+06 4.50128e+06 2.47285e+06
threshold=554.8512714285722 8355.7890500000012 162.61176428571358
decision_type=2 2 2
left_child=1 2 -1
right_child=-2 -3 -4
leaf_value=-0.37302178991363016 7.8809840885313553 -7.6478961758842381 2.2234178565757374
leaf_weight=6599 204 197 1064
leaf_count=6599 204 197 1064
internal_value=0.000906943 -0.204591 -0.0122656
internal_weight=8064 7860 7663
internal_count=8064 7860 7663
is_linear=0
shrinkage=0.05


Tree=33
num_leaves=6
num_cat=0
split_feature=1 2 2 2 2
split_gain=4.87992e+06 4.76732e+06 2.53724e+06 1.36532e+06 735407
threshold=22.288349999999813 554.8512714285722 -383.87759285714304 219.94935000000081 78.361135714286107
decision_type=2 2 2 2 2
left_child=1 3 -2 -1 -4
right_child=2 -3 4 -5 -6
leaf_value=0.084388104916615553 -7.9949049580315652 8.1404042994621957 -2.5420916630759223 2.4298961338865435 0.17506422972121435
leaf_weight=5716 190 201 921 695 341
leaf_count=5716 190 201 921 695 341
internal_value=0.000874492 0.57735 -2.62282 0.338998 -1.80834
internal_weight=8064 6612 1452 6411 1262
internal_count=8064 6612 1452 6411 1262
is_linear=0
shrinkage=0.05


Tree=34
num_leaves=7
num_cat=0
split_feature=3 3 2 4 6 3
split_gain=4.57016e+06 2.33412e+07 4.42938e+06 3.48023e+06 2.72985e+06 1.76174e+06
threshold=-115.88908020833331 -124.78350590277749 -216.20227142857172 -0.2376293295203116 -0.25881904510252018 -100.42767083333341
decision_type=2 2 2 2 2 2
left_child=1 4 3 -2 -1 -4
right_child=2 -3 5 -5 -6 -7
leaf_value=3.3062878311573649 0.85648762779747889 21.711840773964752 -3.9470622666360597 -8.5945208050284378 -2.3745870665253288 0.044799248825064537
leaf_weight=366 148 144 288 283 498 6337
leaf_count=366 148 144 288 283 498 6337
internal_value=0.000832609 3.14837 -0.449198 -5.35469 0.0329349 -0.129303
internal_weight=8064 1008 7056 431 864 6625
internal_count=8064 1008 7056 431 864 6625
is_linear=0
shrinkage=0.05


Tree=35
num_leaves=7
num_cat=0
split_feature=1 2 0 2 3 2
split_gain=4.17633e+06 4.25618e+06 2.30651e+06 2.4208e+06 1.42047e+06 1.19955e+06
threshold=22.288349999999813 554.8512714285722 7488.5478500000008 -265.48931428571422 69.995581944444453 219.94935000000081
decision_type=2 2 2 2 2 2
left_child=1 5 4 -4 -2 -1
right_child=2 -3 3 -5 -6 -7
leaf_value=0.070297469004587276 -2.1234692166942 7.680274498514315 -10.283173161637997 -2.2287041230736491 2.4954475438999904 2.2688051145941279
leaf_weight=5716 868 201 166 213 205 695
leaf_count=5716 868 201 166 213 205 695
internal_value=0.00085918 0.534159 -2.42634 -5.7743 -1.23951 0.308949
internal_weight=8064 6612 1452 379 1073 6411
internal_count=8064 6612 1452 379 1073 6411
is_linear=0
shrinkage=0.05


Tree=36
num_leaves=6
num_cat=0
split_feature=3 3 0 4 2
split_gain=4.02741e+06 2.11021e+07 3.8425e+06 2.66454e+06 2.29757e+06
threshold=-115.88908020833331 -124.78350590277749 8355.7890500000012 0.065387565056497135 -7.2161000000005506
decision_type=2 2 2 2 2
left_child=1 3 4 -1 -2
right_child=2 -3 -4 -5 -6
leaf_value=-2.6671150470387914 -2.547668331651372 20.606163847446442 -7.7168639504096737 2.8846025859591471 0.12584712837901257
leaf_weight=450 928 144 175 414 5953
leaf_count=450 928 144 175 414 5953
internal_value=0.000803076 2.95554 -0.42166 -0.00665759 -0.235032
internal_weight=8064 1008 7056 864 6881
internal_count=8064 1008 7056 864 6881
is_linear=0
shrinkage=0.05


Tree=37
num_leaves=4
num_cat=0
split_feature=2 0 2
split_gain=3.66187e+06 3.03087e+06 1.80084e+06
threshold=554.8512714285722 8355.7890500000012 162.61176428571358
decision_type=2 2 2
left_child=1 2 -1
right_child=-2 -3 -4
leaf_value=-0.32125403160545413 6.5979470250664694 -6.2789633170522832 1.8944784019166876
leaf_weight=6599 204 197 1064
leaf_count=6599 204 197 1064
internal_value=0.000829175 -0.171211 -0.0133947
internal_weight=8064 7860 7663
internal_count=8064 7860 7663
is_linear=0
shrinkage=0.05


Tree=38
num_leaves=7
num_cat=0
split_feature=3 3 2 4 6 3
split_gain=3.5829e+06 1.90519e+07 3.21333e+06 2.95643e+06 2.40902e+06 1.59355e+06
threshold=-115.88908020833331 -124.78350590277749 -216.20227142857172 -0.2376293295203116 -0.1736481776669305 -100.42767083333341
decision_type=2 2 2 2 2 2
left_child=1 4 3 -2 -1 -4
right_child=2 -3 5 -5 -6 -7
leaf_value=2.9624900305491324 1.146708090353332 19.559009376394339 -3.7561440283677521 -7.5620968770183312 -2.3532700233819304 0.040383645978810029
leaf_weight=378 148 144 288 283 486 6337
leaf_count=378 148 144 288 283 486 6337
internal_value=0.000799442 2.78771 -0.397669 -4.57587 -0.0268888 -0.1252
internal_weight=8064 1008 7056 431 864 6625
internal_count=8064 1008 7056 431 864 6625
is_linear=0
shrinkage=0.05


Tree=39
num_leaves=5
num_cat=0
split_feature=2 1 0 2
split_gain=3.25647e+06 2.659e+06 2.07571e+06 1.44649e+06
threshold=554.8512714285722 174.81945000000022 7488.5478500000008 177.08230714285631
decision_type=2 2 2 2
left_child=1 3 -3 -1
right_child=-2 2 -4 -5
leaf_value=-0.11161478043551405 6.2220529270753637 -0.95851659312500037 -5.944979323815776 1.9978645518196232
leaf_weight=5998 204 605 318 939
leaf_count=5998 204 605 318 939
internal_value=0.000821699 -0.161416 -2.68107 0.174173
internal_weight=8064 7860 923 6937
internal_count=8064 7860 923 6937
is_linear=0
shrinkage=0.05


Tree=40
num_leaves=6
num_cat=0
split_feature=3 3 0 4 2
split_gain=3.16007e+06 1.72136e+07 2.79872e+06 2.35353e+06 1.8205e+06
threshold=-115.88908020833331 -124.78350590277749 8355.7890500000012 0.065387565056497135 -7.2161000000005506
decision_type=2 2 2 2 2
left_child=1 3 4 -1 -2
right_child=2 -3 -4 -5 -6
leaf_value=-2.5575539410907258 -2.2727360173867388 18.559744465597745 -6.5994502261281021 2.6601151385975172 0.10708379778123488
leaf_weight=450 928 144 175 414 5953
leaf_count=450 928 144 175 414 5953
internal_value=0.000788076 2.61809 -0.37343 -0.0572359 -0.214152
internal_weight=8064 1008 7056 864 6881
internal_count=8064 1008 7056 864 6881
is_linear=0
shrinkage=0.05


Tree=41
num_leaves=7
num_cat=0
split_feature=2 3 0 3 3 2
split_gain=2.88912e+06 3.00359e+06 2.18904e+06 4.5759e+06 1.21868e+06 377449
threshold=335.64709285714304 -115.88908020833331 2748.6014500000006 -115.88908020833331 -14.338105902777327 150.91581428571456
decision_type=2 2 2 2 2 2
left_child=2 -2 5 -4 -3 -1
right_child=1 4 3 -5 -6 -7
leaf_value=0.19204779605933348 9.5606807725070269 -0.55839228743551583 5.451561813273476 -2.392357180091921 4.7659609481959997 2.5598121425886262
leaf_weight=5162 145 301 205 1912 166 173
leaf_count=5162 145 301 205 1912 166 173
internal_value=0.000810035 3.30039 -0.270577 -1.63057 1.34034 0.269293
internal_weight=8064 612 7452 2117 467 5335
internal_count=8064 612 7452 2117 467 5335
is_linear=0
shrinkage=0.05


Tree=42
num_leaves=4
num_cat=0
split_feature=2 0 2
split_gain=2.72458e+06 2.11763e+06 1.30904e+06
threshold=554.8512714285722 8355.7890500000012 140.64924285714304
decision_type=2 2 2
left_child=1 2 -1
right_child=-2 -3 -4
leaf_value=-0.29682320770091108 5.6914157939538725 -5.2528261825668094 1.5025544761029774
leaf_weight=6466 204 197 1197
leaf_count=6466 204 197 1197
internal_value=0.000890915 -0.147507 -0.0155918
internal_weight=8064 7860 7663
internal_count=8064 7860 7663
is_linear=0
shrinkage=0.05


Tree=43
num_leaves=7
num_cat=0
split_feature=3 3 0 2 6 2
split_gain=2.51298e+06 1.5532e+07 2.43319e+06 2.30034e+06 2.09947e+06 486800
threshold=-115.88908020833331 -124.78350590277749 3361.8495000000007 101.44359999999931 -0.08715574274765843 150.91581428571456
decision_type=2 2 2 2 2 2
left_child=1 4 5 -4 -1 -2
right_child=2 -3 3 -5 -6 -7
leaf_value=2.4327658239317591 0.18330304844833822 17.477821656095571 -3.1984312110579722 0.057312347334304674 -2.5028607698547662 2.6443517028150105
leaf_weight=402 4660 144 1192 995 462 209
leaf_count=402 4660 144 1192 995 462 209
internal_value=0.000856573 2.33485 -0.332855 -1.71785 -0.206266 0.289464
internal_weight=8064 1008 7056 2187 864 4869
internal_count=8064 1008 7056 2187 864 4869
is_linear=0
shrinkage=0.05


Tree=44
num_leaves=4
num_cat=0
split_feature=2 0 2
split_gain=2.41191e+06 1.8284e+06 1.09911e+06
threshold=554.8512714285722 8355.7890500000012 140.64924285714304
decision_type=2 2 2
left_child=1 2 -1
right_child=-2 -3 -4
leaf_value=-0.27382379731460621 5.3549806342146749 -4.8825836312176305 1.3749720955174263
leaf_weight=6466 204 197 1197
leaf_count=6466 204 197 1197
internal_value=0.00091972 -0.138704 -0.0161276
internal_weight=8064 7860 7663
internal_count=8064 7860 7663
is_linear=0
shrinkage=0.05


Tree=45
num_leaves=7
num_cat=0
split_feature=3 3 0 3 4 2
split_gain=2.23463e+06 1.40243e+07 2.25001e+06 2.23397e+06 2.06466e+06 408730
threshold=-115.88908020833331 -124.78350590277749 3361.8495000000007 -56.653780902778173 0.065387565056497135 150.91581428571456
decision_type=2 2 2 2 2 2
left_child=1 4 5 -4 -1 -2
right_child=2 -3 3 -5 -6 -7
leaf_value=-2.5544734779852725 0.1873505691233989 16.591072614007981 -4.4437011334228025 -0.73286238206242482 2.3325289146180253 2.4424472001017561
leaf_weight=450 4660 144 537 1650 414 209
leaf_count=450 4660 144 537 1650 414 209
internal_value=0.000883497 2.20182 -0.313804 -1.64564 -0.212795 0.284631
internal_weight=8064 1008 7056 2187 864 4869
internal_count=8064 1008 7056 2187 864 4869
is_linear=0
shrinkage=0.05


Tree=46
num_leaves=5
num_cat=0
split_feature=2 1 0 2
split_gain=2.20677e+06 1.6382e+06 1.66706e+06 1.00005e+06
threshold=554.8512714285722 174.81945000000022 7488.5478500000008 219.94935000000081
decision_type=2 2 2 2
left_child=1 3 -3 -1
right_child=-2 2 -4 -5
leaf_value=-0.07975134629545802 5.1222417116601298 -0.56720312873620793 -5.0352399058663364 1.8423035384008761
leaf_weight=6178 204 605 318 759
leaf_count=6178 204 605 318 759
internal_value=0.00092499 -0.132629 -2.11035 0.130782
internal_weight=8064 7860 923 6937
internal_count=8064 7860 923 6937
is_linear=0
shrinkage=0.05


Tree=47
num_leaves=4
num_cat=0
split_feature=2 0 2
split_gain=1.99263e+06 1.49722e+06 927917
threshold=554.8512714285722 8355.7890500000012 140.64924285714304
decision_type=2 2 2
left_child=1 2 -1
right_child=-2 -3 -4
leaf_value=-0.25187942998534035 4.8673789306094015 -4.4188172222387916 1.263079076955322
leaf_weight=6466 204 197 1197
leaf_count=6466 204 197 1197
internal_value=0.000886712 -0.126022 -0.0151012
internal_weight=8064 7860 7663
internal_count=8064 7860 7663
is_linear=0
shrinkage=0.05


Tree=48
num_leaves=7
num_cat=0
split_feature=3 3 0 3 0 2
split_gain=1.94019e+06 1.26731e+07 2.06988e+06 2.10384e+06 2.02994e+06 326706
threshold=-115.88908020833331 -124.78350590277749 3361.8495000000007 -56.653780902778173 6529.178350000001 150.91581428571456
decision_type=2 2 2 2 2 2
left_child=1 4 5 -4 -1 -2
right_child=2 -3 3 -5 -6 -7
leaf_value=0.87358476811346886 0.19462623622324787 15.730212938210059 -4.2851193268835326 -0.68400994837171281 -5.490010831073711 2.2108082280556363
leaf_weight=713 4660 144 537 1650 151 209
leaf_count=713 4660 144 537 1650 151 209
internal_value=0.000851425 2.05167 -0.292372 -1.56979 -0.243633 0.281606
internal_weight=8064 1008 7056 2187 864 4869
internal_count=8064 1008 7056 2187 864 4869
is_linear=0
shrinkage=0.05


Tree=49
num_leaves=5
num_cat=0
split_feature=2 1 0 2
split_gain=1.86688e+06 1.37334e+06 1.20779e+06 558752
threshold=554.8512714285722 22.288349999999813 7488.5478500000008 285.19399285714286
decision_type=2 2 2 2
left_child=1 3 -3 -1
right_child=-2 2 -4 -5
leaf_value=0.060860380499590173 4.7112987069385808 -0.65097785061597047 -3.9332641387103422 1.849978505122434
leaf_weight=5941 204 1070 379 470
leaf_count=5941 204 1070 379 470
internal_value=0.000861853 -0.121978 -1.51161 0.192291
internal_weight=8064 7860 1449 6411
internal_count=8064 7860 1449 6411
is_linear=0
shrinkage=0.05


Tree=50
num_leaves=7
num_cat=0
split_feature=3 3 0 0 3 2
split_gain=1.71246e+06 1.14558e+07 1.86465e+06 1.84519e+06 2.81787e+06 154292
threshold=-115.88908020833331 -124.78350590277749 6529.178350000001 2341.1551000000004 -87.089065972222429 14.85796428571439
decision_type=2 2 2 2 2 2
left_child=1 2 -1 5 -5 -2
right_child=3 -3 -4 4 -6 -7
leaf_value=0.81606906207085328 0.4402190512932081 14.93253074218487 -5.2829390808155665 -7.8562137583258806 -0.93427327208829825 -0.38367613199993245
leaf_weight=713 3912 144 151 156 2324 664
leaf_count=713 3912 144 151 156 2324 664
internal_value=0.000831386 1.92754 -0.254721 -0.274646 -1.37268 0.32061
internal_weight=8064 1008 864 7056 2480 4576
internal_count=8064 1008 864 7056 2480 4576
is_linear=0
shrinkage=0.05


Tree=51
num_leaves=7
num_cat=0
split_feature=2 0 3 3 3 3
split_gain=1.78263e+06 1.48265e+06 3.99124e+06 1.46262e+06 1.74406e+06 152793
threshold=265.49494999999985 2341.1551000000004 -115.88908020833331 -115.88908020833331 -70.700591319444342 -115.88908020833331
decision_type=2 2 2 2 2 2
left_child=1 5 -3 -2 -5 -1
right_child=3 2 -4 4 -6 -7
leaf_value=-0.52234584774451209 6.0065919179277323 5.8548976854431913 -2.0628422614117814 -3.3437127991886193 2.6259867480097903 0.30095745326125117
leaf_weight=642 193 173 1870 166 457 4563
leaf_count=642 193 173 1870 166 457 4563
internal_value=0.000800556 -0.248741 -1.38984 2.21491 1.03254 0.199328
internal_weight=8064 7248 2043 816 623 5205
internal_count=8064 7248 2043 816 623 5205
is_linear=0
shrinkage=0.05


Tree=52
num_leaves=4
num_cat=0
split_feature=2 3 2
split_gain=1.66714e+06 1.25682e+06 2.29499e+06
threshold=554.8512714285722 328.78225173611105 -265.48931428571422
decision_type=2 2 2
left_child=1 2 -1
right_child=-2 -3 -4
leaf_value=-4.3748052550267564 4.4521375047579044 4.4966607427597047 -0.023735310211392677
leaf_weight=315 204 144 7401
leaf_count=315 204 144 7401
internal_value=0.00081547 -0.115267 -0.201908
internal_weight=8064 7860 7716
internal_count=8064 7860 7716
is_linear=0
shrinkage=0.05


Tree=53
num_leaves=7
num_cat=0
split_feature=2 3 3 0 3 3
split_gain=1.52666e+06 1.31372e+06 1.58976e+06 1.283e+06 3.58033e+06 136362
threshold=265.49494999999985 -115.88908020833331 -70.700591319444342 2341.1551000000004 -115.88908020833331 -115.88908020833331
decision_type=2 2 2 2 2 2
left_child=3 -2 -3 5 -5 -1
right_child=1 2 -4 4 -6 -7
leaf_value=-0.4950842543167655 5.6432371981979648 -3.2487129971295774 2.4507154601630168 5.5700164025285464 -1.9290511926368301 0.28269191363796398
leaf_weight=642 193 166 457 173 1870 4563
leaf_count=642 193 166 457 173 1870 4563
internal_value=0.000802904 2.04979 0.929315 -0.230129 -1.29162 0.186682
internal_weight=8064 816 623 7248 2043 5205
internal_count=8064 816 623 7248 2043 5205
is_linear=0
shrinkage=0.05


Tree=54
num_leaves=4
num_cat=0
split_feature=2 3 3
split_gain=1.44109e+06 1.14834e+06 2.11806e+06
threshold=554.8512714285722 328.78225173611105 151.79005486111103
decision_type=2 2 2
left_child=1 2 -1
right_child=-2 -3 -4
leaf_value=-0.075291339239228816 4.1393601393354373 4.3012879871397187 -6.1759239835060882
leaf_weight=7572 204 144 144
leaf_count=7572 204 144 144
internal_value=0.000814048 -0.107112 -0.18993
internal_weight=8064 7860 7716
internal_count=8064 7860 7716
is_linear=0
shrinkage=0.05


Tree=55
num_leaves=6
num_cat=0
split_feature=2 3 3 2 3
split_gain=1.3181e+06 1.98026e+06 1.07858e+06 1.8953e+06 962644
threshold=335.64709285714304 -115.88908020833331 328.78225173611105 -265.48931428571422 -14.338105902777327
decision_type=2 2 2 2 2
left_child=2 -2 3 -1 -3
right_child=1 4 -4 -5 -6
leaf_value=-4.0548465120264252 7.3122584599593328 -1.0469431586514246 4.0877067318044862 -0.09604098891239099 3.6841813793439351
leaf_weight=315 145 301 144 6993 166
leaf_count=315 145 301 144 6993 166
internal_value=0.000786918 2.22948 -0.18252 -0.267211 0.639063
internal_weight=8064 612 7452 7308 467
internal_count=8064 612 7452 7308 467
is_linear=0
shrinkage=0.05


Tree=56
num_leaves=4
num_cat=0
split_feature=2 2 3
split_gain=1.22927e+06 1.05706e+06 695910
threshold=554.8512714285722 -525.60103571428579 -181.02418715277767
decision_type=2 2 2
left_child=1 -1 -3
right_child=-2 2 -4
leaf_value=-4.2990017664878541 3.8231230583132771 2.4147193450862443 -0.11147975091044736
leaf_weight=146 204 282 7432
leaf_count=146 204 282 7432
internal_value=0.000808872 -0.0988699 -0.0188287
internal_weight=8064 7860 7714
internal_count=8064 7860 7714
is_linear=0
shrinkage=0.05


Tree=57
num_leaves=7
num_cat=0
split_feature=2 3 3 0 3 3
split_gain=1.1622e+06 2.54147e+06 4.0636e+06 1.52385e+06 1.60358e+06 174546
threshold=162.61176428571358 -135.92341701388861 -79.273668749999942 396.32895000000002 -115.88908020833331 -115.88908020833331
decision_type=2 2 2 2 2 2
left_child=3 -2 -3 5 -5 -1
right_child=1 2 -4 4 -6 -7
leaf_value=-0.56726195681974179 -3.8252938728835719 8.1929112151265144 0.73796485334945228 3.3644842615971964 -1.7171668646177101 0.37835836567091308
leaf_weight=555 198 231 863 167 2056 3994
leaf_count=555 198 231 863 167 2056 3994
internal_value=0.000779751 1.37442 2.31813 -0.261455 -1.33407 0.262889
internal_weight=8064 1292 1094 6772 2223 4549
internal_count=8064 1292 1094 6772 2223 4549
is_linear=0
shrinkage=0.05


Tree=58
num_leaves=7
num_cat=0
split_feature=3 3 0 0 3 2
split_gain=1.08957e+06 1.02104e+07 2.12954e+06 1.32911e+06 1.6985e+06 379863
threshold=-115.88908020833331 -124.78350590277749 6529.178350000001 3956.9023000000002 -14.338105902777327 219.94935000000081
decision_type=2 2 2 2 2 2
left_child=1 2 -1 5 -5 -2
right_child=3 -3 -4 4 -6 -7
leaf_value=0.62236258957733304 0.13723039305829879 13.815446176200078 -5.8956062224350481 -2.8506301280426776 0.058425015494672217 2.6436482876539231
leaf_weight=713 4887 144 151 943 1071 155
leaf_count=713 4887 144 151 943 1071 155
internal_value=0.000781464 1.53764 -0.522272 -0.218956 -1.3044 0.214791
internal_weight=8064 1008 864 7056 2014 5042
internal_count=8064 1008 864 7056 2014 5042
is_linear=0
shrinkage=0.05


Tree=59
num_leaves=6
num_cat=0
split_feature=2 3 3 3 2
split_gain=1.11212e+06 1.06115e+06 1.49876e+06 1.02762e+06 1.51135e+06
threshold=265.49494999999985 -115.88908020833331 -70.700591319444342 328.78225173611105 -265.48931428571422
decision_type=2 2 2 2 2
left_child=3 -2 -3 4 -1
right_child=1 2 -4 -5 -6
leaf_value=-3.6614282728750496 4.97912649527653 -3.3135337868136561 2.2201871307395953 3.9706708923290517 -0.1239702698949379
leaf_weight=315 193 166 457 144 6789
leaf_count=315 193 166 457 144 6789
internal_value=0.000795278 1.74962 0.742765 -0.196306 -0.281319
internal_weight=8064 816 623 7248 7104
internal_count=8064 816 623 7248 7104
is_linear=0
shrinkage=0.05


Tree=60
num_leaves=4
num_cat=0
split_feature=2 0 3
split_gain=1.05454e+06 898829 707369
threshold=554.8512714285722 8355.7890500000012 -181.02418715277767
decision_type=2 2 2
left_child=1 2 -1
right_child=-2 -3 -4
leaf_value=2.4985647935858548 3.5410402494850679 -3.417652039094405 -0.097731774322306633
leaf_weight=271 204 197 7392
leaf_count=271 204 197 7392
internal_value=0.000780752 -0.0915426 -0.00560039
internal_weight=8064 7860 7663
internal_count=8064 7860 7663
is_linear=0
shrinkage=0.05


Tree=61
num_leaves=7
num_cat=0
split_feature=2 3 3 0 3 3
split_gain=972508 1.98115e+06 5.98937e+06 1.36595e+06 1.46294e+06 213764
threshold=140.64924285714304 -135.92341701388861 -100.42767083333341 396.32895000000002 55.872129166666817 -115.88908020833331
decision_type=2 2 2 2 2 2
left_child=3 -2 -3 5 -5 -1
right_child=1 2 -4 4 -6 -7
leaf_value=-0.68672467001961723 -3.1938277993028024 11.25621847118202 0.64186305585194314 -0.40870047309171209 -3.2509559097845688 0.35972166530172506
leaf_weight=555 218 151 1059 1424 663 3994
leaf_count=555 218 151 1059 1424 663 3994
internal_value=0.000757346 1.18396 1.97467 -0.253995 -1.31276 0.231927
internal_weight=8064 1428 1210 6636 2087 4549
internal_count=8064 1428 1210 6636 2087 4549
is_linear=0
shrinkage=0.05


Tree=62
num_leaves=4
num_cat=0
split_feature=2 3 3
split_gain=904547 930258 1.86515e+06
threshold=502.62217857142838 328.78225173611105 151.79005486111103
decision_type=2 2 2
left_child=1 2 -1
right_child=-2 -3 -4
leaf_value=-0.065009539227629906 2.8297136837527868 3.8691021781748738 -5.7903208642170352
leaf_weight=7504 272 144 144
leaf_count=7504 272 144 144
internal_value=0.000748733 -0.0983541 -0.173551
internal_weight=8064 7792 7648
internal_count=8064 7792 7648
is_linear=0
shrinkage=0.05


Tree=63
num_leaves=7
num_cat=0
split_feature=3 3 0 3 5 2
split_gain=877528 9.01852e+06 2.00874e+06 1.21544e+06 1.9483e+06 1.17638e+06
threshold=-115.88908020833331 -124.78350590277749 6529.178350000001 -100.42767083333341 1.0000000180025095e-35 -383.87759285714304
decision_type=2 2 2 2 2 2
left_child=1 2 -1 4 -2 -5
right_child=3 -3 -4 5 -6 -7
leaf_value=0.55582411295006506 -7.4633439737558369 12.918938489946825 -5.7746112585852023 -3.6914556259289384 0.7426870270433098 0.058783165036496325
leaf_weight=713 144 144 151 215 144 6553
leaf_count=713 144 144 151 215 144 6553
internal_value=0.000716525 1.37994 -0.555934 -0.196484 -3.37196 -0.0608789
internal_weight=8064 1008 864 7056 288 6768
internal_count=8064 1008 864 7056 288 6768
is_linear=0
shrinkage=0.05


Tree=64
num_leaves=7
num_cat=0
split_feature=2 3 3 0 3 3
split_gain=864937 1.85473e+06 5.47204e+06 1.22993e+06 1.36773e+06 239282
threshold=130.0628714285713 -135.92341701388861 -100.42767083333341 396.32895000000002 55.872129166666817 -115.88908020833331
decision_type=2 2 2 2 2 2
left_child=3 -2 -3 5 -5 -1
right_child=1 2 -4 4 -6 -7
leaf_value=-0.76255468698582796 -3.0790588440742788 10.567336820246309 0.59598491089226424 -0.37979532641208197 -3.168548405861376 0.34457534075720475
leaf_weight=555 226 156 1114 1373 646 3994
leaf_count=555 226 156 1114 1373 646 3994
internal_value=0.000664251 1.08527 1.82816 -0.246505 -1.27321 0.209362
internal_weight=8064 1496 1270 6568 2019 4549
internal_count=8064 1496 1270 6568 2019 4549
is_linear=0
shrinkage=0.05


Tree=65
num_leaves=4
num_cat=0
split_feature=3 3 2
split_gain=849743 1.72176e+06 1.10688e+06
threshold=328.78225173611105 151.79005486111103 -265.48931428571422
decision_type=2 2 2
left_child=1 2 -1
right_child=-2 -3 -4
leaf_value=-2.9006249540880273 3.7937245997067159 -5.4671269153726518 0.15319744208397429
leaf_weight=308 144 144 7468
leaf_count=308 144 144 7468
internal_value=0.000656571 -0.0687785 0.031881
internal_weight=8064 7920 7776
internal_count=8064 7920 7776
is_linear=0
shrinkage=0.05


Tree=66
num_leaves=5
num_cat=0
split_feature=2 4 3 3
split_gain=796612 1.35439e+06 900522 1.70602e+06
threshold=397.55074285714301 -0.10884096748385481 -181.02418715277767 -135.92341701388861
decision_type=2 2 2 2
left_child=2 -2 -1 -4
right_child=1 -3 3 -5
leaf_value=2.7394150465501932 -1.1884154847324497 4.2178250638760595 -3.4942243901909502 -0.049303186412086135
leaf_weight=264 197 279 378 6946
leaf_count=264 197 279 378 6946
internal_value=0.000596337 1.98257 -0.123979 -0.227552
internal_weight=8064 476 7588 7324
internal_count=8064 476 7588 7324
is_linear=0
shrinkage=0.05


Tree=67
num_leaves=7
num_cat=0
split_feature=3 3 0 3 0 2
split_gain=809813 7.87942e+06 1.84971e+06 1.18666e+06 1.86521e+06 951347
threshold=-115.88908020833331 -124.78350590277749 6529.178350000001 -100.42767083333341 0.020950000000000003 -383.87759285714304
decision_type=2 2 2 2 2 2
left_child=1 2 -1 4 -2 -5
right_child=3 -3 -4 5 -6 -7
leaf_value=0.58277041241735306 0.69961335247960588 12.111191427296607 -5.4918813921119041 -3.3197761820051479 -7.3296844712516362 0.052739900451589487
leaf_weight=713 144 144 151 215 144 6553
leaf_count=713 144 144 151 215 144 6553
internal_value=0.00058031 1.32553 -0.484009 -0.188859 -3.32651 -0.0548699
internal_weight=8064 1008 864 7056 288 6768
internal_count=8064 1008 864 7056 288 6768
is_linear=0
shrinkage=0.05


Tree=68
num_leaves=4
num_cat=0
split_feature=3 3 2
split_gain=788855 1.5517e+06 944430
threshold=328.78225173611105 151.79005486111103 130.0628714285713
decision_type=2 2 2
left_child=1 2 -1
right_child=-2 -3 -4
leaf_value=-0.23778535940056447 3.6551821803224502 -5.191174760728047 1.1662206984698733
leaf_weight=6298 144 144 1478
leaf_count=6298 144 144 1478
internal_value=0.000534595 -0.0663666 0.0291925
internal_weight=8064 7920 7776
internal_count=8064 7920 7776
is_linear=0
shrinkage=0.05


Tree=69
num_leaves=4
num_cat=0
split_feature=2 3 3
split_gain=726594 744595 1.35657e+06
threshold=554.8512714285722 328.78225173611105 151.79005486111103
decision_type=2 2 2
left_child=1 2 -1
right_child=-2 -3 -4
leaf_value=-0.051076550658500003 2.9391609084606172 3.4736835331752385 -4.9334060889276969
leaf_weight=7572 204 144 144
leaf_count=7572 204 144 144
internal_value=0.000504091 -0.0761306 -0.142821
internal_weight=8064 7860 7716
internal_count=8064 7860 7716
is_linear=0
shrinkage=0.05


Tree=70
num_leaves=7
num_cat=0
split_feature=3 3 0 3 6 2
split_gain=712394 7.11412e+06 1.71029e+06 1.07724e+06 1.73167e+06 888587
threshold=-115.88908020833331 -124.78350590277749 6529.178350000001 -100.42767083333341 1.0000000180025095e-35 -383.87759285714304
decision_type=2 2 2 2 2 2
left_child=1 2 -1 4 -2 -5
right_child=3 -3 -4 5 -6 -7
leaf_value=0.54959114629263972 -7.0239204590896085 11.491695551050121 -5.2916432122650896 -3.2049063512020641 0.71239413300464893 0.054469120858119495
leaf_weight=713 144 144 151 215 144 6553
leaf_count=713 144 144 151 215 144 6553
internal_value=0.000487749 1.24319 -0.47621 -0.177192 -3.16668 -0.0495301
internal_weight=8064 1008 864 7056 288 6768
internal_count=8064 1008 864 7056 288 6768
is_linear=0
shrinkage=0.05


Tree=71
num_leaves=7
num_cat=0
split_feature=2 4 0 3 3 0
split_gain=669691 989889 966553 849518 724702 943356
threshold=265.49494999999985 -0.10884096748385481 6119.653150000001 -73.682649999999953 328.78225173611105 1754.9471500000002
decision_type=2 2 2 2 2 2
left_child=4 2 -2 -3 5 -1
right_child=1 3 -4 -5 -6 -7
leaf_value=0.15849601867410587 1.7345502162492406 5.4440028098035365 -3.6027460306882859 1.1207937699967416 3.3468210296589755 -1.0918772354266006
leaf_weight=4932 185 187 155 289 144 2172
leaf_count=4932 185 187 155 289 144 2172
internal_value=0.000446542 1.35753 -0.702059 2.82705 -0.152504 -0.223897
internal_weight=8064 816 340 476 7248 7104
internal_count=8064 816 340 476 7248 7104
is_linear=0
shrinkage=0.05


Tree=72
num_leaves=7
num_cat=0
split_feature=2 3 3 0 3 3
split_gain=634737 1.56696e+06 4.72363e+06 913651 1.22251e+06 296572
threshold=130.0628714285713 -135.92341701388861 -100.42767083333341 396.32895000000002 55.872129166666817 -115.88908020833331
decision_type=2 2 2 2 2 2
left_child=3 -2 -3 5 -5 -1
right_child=1 2 -4 4 -6 -7
leaf_value=-0.90036811012500007 -2.8979555177531058 9.7320125115145544 0.46773003516443112 -0.25160420717620002 -2.8880467805959622 0.3321759437978995
leaf_weight=555 226 156 1114 1373 646 3994
leaf_count=555 226 156 1114 1373 646 3994
internal_value=0.000468299 0.929599 1.61247 -0.21127 -1.09617 0.181635
internal_weight=8064 1496 1270 6568 2019 4549
internal_count=8064 1496 1270 6568 2019 4549
is_linear=0
shrinkage=0.05


Tree=73
num_leaves=7
num_cat=0
split_feature=3 3 4 3 5 1
split_gain=628829 6.23378e+06 1.60502e+06 1.04354e+06 1.77477e+06 792994
threshold=-115.88908020833331 -124.78350590277749 0.065387565056497135 -100.42767083333341 1.0000000180025095e-35 -428.12634999999995
decision_type=2 2 2 2 2 2
left_child=1 2 -1 4 -2 -5
right_child=3 -3 -4 5 -6 -7
leaf_value=-2.5058839132013979 -7.0138380289488822 10.761478079762952 1.8030319650920044 2.3052289611066294 0.81762936460560776 -0.16563306970663216
leaf_weight=450 144 144 414 341 144 6427
leaf_count=450 144 144 414 341 144 6427
internal_value=0.000467157 1.16801 -0.441498 -0.166466 -3.10882 -0.0408186
internal_weight=8064 1008 864 7056 288 6768
internal_count=8064 1008 864 7056 288 6768
is_linear=0
shrinkage=0.05


Tree=74
num_leaves=4
num_cat=0
split_feature=3 3 2
split_gain=622413 1.23818e+06 797622
threshold=328.78225173611105 151.79005486111103 -265.48931428571422
decision_type=2 2 2
left_child=1 2 -1
right_child=-2 -3 -4
leaf_value=-2.4629404096541667 3.2467626702785495 -4.6368423116618187 0.12940011702394452
leaf_weight=308 144 144 7468
leaf_count=308 144 144 7468
internal_value=0.000481009 -0.0589447 0.0264165
internal_weight=8064 7920 7776
internal_count=8064 7920 7776
is_linear=0
shrinkage=0.05


Tree=75
num_leaves=6
num_cat=0
split_feature=3 3 3 3 5
split_gain=599992 1.46026e+06 1.42578e+06 4.10003e+06 3.35408e+06
threshold=-181.02418715277767 -203.1015222222222 -135.92341701388861 -115.88908020833331 -0.48087430661751701
decision_type=2 2 2 2 2
left_child=1 -1 4 -4 -2
right_child=2 -3 3 -5 -6
leaf_value=-1.3207018326479814 -8.9775231155994781 5.7801880237768444 5.918798252733934 -0.1573747262200102 0.29932813631904709
leaf_weight=144 147 144 288 7056 285
leaf_count=144 147 144 288 7056 285
internal_value=0.000433872 2.23746 -0.0826959 0.08168 -2.87082
internal_weight=8064 288 7776 7344 432
internal_count=8064 288 7776 7344 432
is_linear=0
shrinkage=0.05


Tree=76
num_leaves=7
num_cat=0
split_feature=2 3 6 3 0 3
split_gain=573179 1.2878e+06 8.98008e+06 2.99749e+06 896199 1.22045e+06
threshold=101.44359999999931 -115.88908020833331 -0.1736481776669305 -70.700591319444342 396.32895000000002 55.872129166666817
decision_type=2 2 2 2 2 2
left_child=4 2 -2 -3 -1 -6
right_child=1 3 -4 -5 5 -7
leaf_value=0.1583417993211208 11.737516021272716 -4.0262296140199583 -4.357241751750311 1.4495134627341646 -0.2522546072863649 -3.0103871246237284
leaf_weight=4539 169 329 176 1029 1227 595
leaf_count=4539 169 329 176 1029 1227 595
internal_value=0.00042175 0.814841 3.53799 0.120929 -0.217713 -1.15412
internal_weight=8064 1703 345 1358 6361 1822
internal_count=8064 1703 345 1358 6361 1822
is_linear=0
shrinkage=0.05


Tree=77
num_leaves=4
num_cat=0
split_feature=3 3 2
split_gain=589130 1.10179e+06 682770
threshold=328.78225173611105 151.79005486111103 109.23394285714291
decision_type=2 2 2
left_child=1 2 -1
right_child=-2 -3 -4
leaf_value=-0.21641064856063663 3.1587047205300167 -4.3758114298458759 0.9393205959238945
leaf_weight=6165 144 144 1611
leaf_count=6165 144 144 1611
internal_value=0.000411193 -0.0574039 0.023119
internal_weight=8064 7920 7776
internal_count=8064 7920 7776
is_linear=0
shrinkage=0.05


Tree=78
num_leaves=5
num_cat=0
split_feature=0 2 3 0
split_gain=545127 622964 1.29328e+06 730750
threshold=8355.7890500000012 101.44359999999931 -135.92341701388861 79.666450000000012
decision_type=2 2 2 2
left_child=1 3 -3 -1
right_child=-2 2 -4 -5
leaf_value=0.17994710874095884 -2.5840602318545685 -2.5247093659435582 1.4843937187375174 -1.0191143951057187
leaf_weight=4415 198 233 1435 1783
leaf_count=4415 198 233 1435 1783
internal_value=0.00038757 0.0657625 0.923192 -0.1651
internal_weight=8064 7866 1668 6198
internal_count=8064 7866 1668 6198
is_linear=0
shrinkage=0.05


Tree=79
num_leaves=4
num_cat=0
split_feature=3 3 2
split_gain=543308 996131 621951
threshold=328.78225173611105 151.79005486111103 -265.48931428571422
decision_type=2 2 2
left_child=1 2 -1
right_child=-2 -3 -4
leaf_value=-2.1768132424084499 3.0333247280531919 -4.1613082064842351 0.11232282834932805
leaf_weight=308 144 144 7468
leaf_count=308 144 144 7468
internal_value=0.000340522 -0.0551806 0.0213841
internal_weight=8064 7920 7776
internal_count=8064 7920 7776
is_linear=0
shrinkage=0.05


Tree=80
num_leaves=6
num_cat=0
split_feature=3 3 3 3 0
split_gain=523434 1.33635e+06 1.30734e+06 3.54728e+06 3.07324e+06
threshold=-181.02418715277767 -203.1015222222222 -135.92341701388861 -115.88908020833331 2341.1551000000004
decision_type=2 2 2 2 2
left_child=1 -1 4 -4 -2
right_child=2 -3 3 -5 -6
leaf_value=-1.3138302631271555 0.42834628024256188 5.4788949993561058 5.5094709316313688 -0.14229872332169521 -8.3323048961580195
leaf_weight=144 276 144 288 7056 156
leaf_count=144 276 144 288 7056 156
internal_value=0.000303713 2.08974 -0.0773415 0.0800592 -2.74716
internal_weight=8064 288 7776 7344 432
internal_count=8064 288 7776 7344 432
is_linear=0
shrinkage=0.05


Tree=81
num_leaves=4
num_cat=0
split_feature=2 3 3
split_gain=505654 548223 1.85648e+06
threshold=554.8512714285722 -181.02418715277767 -135.92341701388861
decision_type=2 2 2
left_child=1 -1 -3
right_child=-2 2 -4
leaf_value=2.0970815726440701 2.4517861036847282 -3.4250219615578068 0.042349001619397635
leaf_weight=282 204 407 7171
leaf_count=282 204 407 7171
internal_value=0.000298613 -0.0636316 -0.144304
internal_weight=8064 7860 7578
internal_count=8064 7860 7578
is_linear=0
shrinkage=0.05


Tree=82
num_leaves=5
num_cat=0
split_feature=2 3 0 0
split_gain=495600 545449 2.53275e+06 2.33795e+06
threshold=-525.60103571428579 -14.338105902777327 7704.9055000000017 7132.4592000000002
decision_type=2 2 2 2
left_child=-1 3 -3 -2
right_child=1 2 -4 -5
leaf_value=-2.8763314466087184 0.037861561937919841 0.18629503047906698 5.9877807195761701 -4.0514824484164516
leaf_weight=146 3892 3445 198 383
leaf_count=146 3892 3445 198 383
internal_value=0.000290901 0.0536895 0.503167 -0.329367
internal_weight=8064 7918 3643 4275
internal_count=8064 7918 3643 4275
is_linear=0
shrinkage=0.05


Tree=83
num_leaves=4
num_cat=0
split_feature=3 3 2
split_gain=503354 911926 582389
threshold=328.78225173611105 151.79005486111103 130.0628714285713
decision_type=2 2 2
left_child=1 2 -1
right_child=-2 -3 -4
leaf_value=-0.18956222991697264 2.919604043672825 -3.9819152522909231 0.91296867061056275
leaf_weight=6298 144 144 1478
leaf_count=6298 144 144 1478
internal_value=0.000271922 -0.0531687 0.0200885
internal_weight=8064 7920 7776
internal_count=8064 7920 7776
is_linear=0
shrinkage=0.05


Tree=84
num_leaves=5
num_cat=0
split_feature=0 2 3 0
split_gain=466859 536307 1.17598e+06 631484
threshold=8355.7890500000012 101.44359999999931 -115.88908020833331 12.115900000000002
decision_type=2 2 2 2
left_child=1 3 -3 -1
right_child=-2 2 -4 -5
leaf_value=0.17578213507038448 -2.3914723026692566 3.4998824126220178 0.18983006473962982 -0.92690478045008329
leaf_weight=4348 198 335 1333 1850
leaf_count=4348 198 335 1333 1850
internal_value=0.000256239 0.0607563 0.856317 -0.153448
internal_weight=8064 7866 1668 6198
internal_count=8064 7866 1668 6198
is_linear=0
shrinkage=0.05


Tree=85
num_leaves=4
num_cat=0
split_feature=3 3 2
split_gain=464289 820396 512785
threshold=328.78225173611105 151.79005486111103 -265.48931428571422
decision_type=2 2 2
left_child=1 2 -1
right_child=-2 -3 -4
leaf_value=-1.9775756256094259 2.8040094785854737 -3.7774476061196163 0.10097870369957906
leaf_weight=308 144 144 7468
leaf_count=308 144 144 7468
internal_value=0.000246812 -0.0510783 0.0184054
internal_weight=8064 7920 7776
internal_count=8064 7920 7776
is_linear=0
shrinkage=0.05


Tree=86
num_leaves=4
num_cat=0
split_feature=2 3 3
split_gain=424705 481940 1.72357e+06
threshold=554.8512714285722 -181.02418715277767 -135.92341701388861
decision_type=2 2 2
left_child=1 -1 -3
right_child=-2 2 -4
leaf_value=1.9675114635338631 2.2469253489447802 -3.2951123664776483 0.04583505105318423
leaf_weight=282 204 407 7171
leaf_count=282 204 407 7171
internal_value=0.000216811 -0.0583731 -0.134012
internal_weight=8064 7860 7578
internal_count=8064 7860 7578
is_linear=0
shrinkage=0.05


Tree=87
num_leaves=7
num_cat=0
split_feature=3 3 6 3 4 3
split_gain=430507 4.89828e+06 1.40785e+06 919845 1.70091e+06 649021
threshold=-115.88908020833331 -124.78350590277749 0.13040196020729419 -100.42767083333341 1.0000000180025095e-35 -79.273668749999942
decision_type=2 2 2 2 2 2
left_child=1 2 -1 4 -2 -5
right_child=3 -3 -4 5 -6 -7
leaf_value=1.3950012409547246 0.9426141264520842 9.4702422352494864 -2.6511120770680217 1.8529056743785361 -6.7233866727763214 -0.14791479027311716
leaf_weight=468 144 144 396 432 144 6336
leaf_count=468 144 144 396 432 144 6336
internal_value=0.000211943 0.966253 -0.460388 -0.137911 -2.90039 -0.019948
internal_weight=8064 1008 864 7056 288 6768
internal_count=8064 1008 864 7056 288 6768
is_linear=0
shrinkage=0.05


Tree=88
num_leaves=5
num_cat=0
split_feature=2 3 0 0
split_gain=425892 541214 2.34894e+06 2.11484e+06
threshold=-525.60103571428579 -14.338105902777327 7704.9055000000017 7132.4592000000002
decision_type=2 2 2 2
left_child=-1 3 -3 -2
right_child=1 2 -4 -5
leaf_value=-2.6664295425220415 0.017433431625343245 0.19229621257729185 5.7793143677651591 -3.8718977393504854
leaf_weight=146 3892 3445 198 383
leaf_count=146 3892 3445 198 383
internal_value=0.000227003 0.049728 0.497458 -0.331838
internal_weight=8064 7918 3643 4275
internal_count=8064 7918 3643 4275
is_linear=0
shrinkage=0.05


Tree=89
num_leaves=5
num_cat=0
split_feature=3 1 3 2
split_gain=430091 797012 1.54333e+06 580459
threshold=328.78225173611105 200.04430000000005 55.872129166666817 219.94935000000081
decision_type=2 2 2 2
left_child=1 3 -3 -1
right_child=-2 2 -4 -5
leaf_value=-0.060824567907954902 2.6987411336241101 0.24628619166711965 -4.2421191334724426 1.2534488434130893
leaf_weight=6151 144 479 318 972
leaf_count=6151 144 479 318 972
internal_value=0.000212252 -0.0491864 -1.54764 0.118671
internal_weight=8064 7920 797 7123
internal_count=8064 7920 797 7123
is_linear=0
shrinkage=0.05


Tree=90
num_leaves=7
num_cat=0
split_feature=3 3 0 0 3 2
split_gain=395762 4.42004e+06 1.34545e+06 817360 1.83401e+06 180513
threshold=-115.88908020833331 -124.78350590277749 6529.178350000001 3361.8495000000007 -14.338105902777327 150.91581428571456
decision_type=2 2 2 2 2 2
left_child=1 2 -1 5 -5 -2
right_child=3 -3 -4 4 -6 -7
leaf_value=0.48106150663189107 0.1637882898051537 9.0046291939143472 -4.6998188605434015 -2.4684939056338617 0.43119685326884655 1.6624680810882932
leaf_weight=713 4660 144 151 1030 1157 209
leaf_count=713 4660 144 151 1030 1157 209
internal_value=0.000200984 0.926439 -0.42878 -0.132231 -0.934959 0.228447
internal_weight=8064 1008 864 7056 2187 4869
internal_count=8064 1008 864 7056 2187 4869
is_linear=0
shrinkage=0.05


Tree=91
num_leaves=6
num_cat=0
split_feature=1 0 0 0 3
split_gain=426105 2.24003e+06 937046 1.17177e+06 912167
threshold=-428.12634999999995 7132.4592000000002 8355.7890500000012 7704.9055000000017 -73.682649999999953
decision_type=2 2 2 2 2
left_child=1 4 3 -2 -1
right_child=2 -3 -4 -5 -6
leaf_value=6.5213457594510009 -0.13261509365511767 -3.2770893148109739 -3.7565735935816296 3.3041575087647495 1.4661622358357302
leaf_weight=152 7094 176 170 256 216
leaf_count=152 7094 176 170 256 216
internal_value=0.000219294 1.35024 -0.097608 -0.0124793 3.56619
internal_weight=8064 544 7520 7350 368
internal_count=8064 544 7520 7350 368
is_linear=0
shrinkage=0.05


Tree=92
num_leaves=6
num_cat=0
split_feature=3 3 3 0 3
split_gain=401376 1.22809e+06 941191 2.86115e+06 2.55143e+06
threshold=-181.02418715277767 -203.1015222222222 -135.92341701388861 2341.1551000000004 -115.88908020833331
decision_type=2 2 2 2 2
left_child=1 -1 3 -2 -4
right_child=2 -3 4 -5 -6
leaf_value=-1.4319381684578698 0.7298463366495358 5.0791361106264183 4.6704434783400961 -7.7221737354329436 -0.12278609777826738
leaf_weight=144 276 144 288 156 7056
leaf_count=144 276 144 288 156 7056
internal_value=0.000233916 1.82991 -0.0677584 -2.33306 0.065794
internal_weight=8064 288 7776 432 7344
internal_count=8064 288 7776 432 7344
is_linear=0
shrinkage=0.05


Tree=93
num_leaves=6
num_cat=0
split_feature=1 0 3 0 0
split_gain=405536 2.01648e+06 844349 842270 1.06786e+06
threshold=-428.12634999999995 7132.4592000000002 -73.682649999999953 8355.7890500000012 7704.9055000000017
decision_type=2 2 2 2 2
left_child=1 2 -1 4 -2
right_child=3 -3 -4 -5 -6
leaf_value=6.262844983989897 -0.12918337065066915 -3.0732106220082378 1.3993030136631381 -3.5642007914551521 3.1516767512499593
leaf_weight=152 7094 176 216 170 256
leaf_count=152 7094 176 216 170 256
internal_value=0.000229675 1.31726 3.41969 -0.0952072 -0.014498
internal_weight=8064 544 368 7520 7350
internal_count=8064 544 368 7520 7350
is_linear=0
shrinkage=0.05


Tree=94
num_leaves=4
num_cat=0
split_feature=3 3 5
split_gain=403918 742265 436364
threshold=328.78225173611105 151.79005486111103 -0.94670478576706751
decision_type=2 2 2
left_child=1 2 -1
right_child=-2 -3 -4
leaf_value=1.1161342509545653 2.6153729366742335 -3.5921187996042185 -0.1093145785690683
leaf_weight=810 144 144 6966
leaf_count=810 144 144 6966
internal_value=0.000243281 -0.0476287 0.0184634
internal_weight=8064 7920 7776
internal_count=8064 7920 7776
is_linear=0
shrinkage=0.05


Tree=95
num_leaves=5
num_cat=0
split_feature=3 1 3 0
split_gain=364800 703410 1.53558e+06 700338
threshold=328.78225173611105 174.81945000000022 55.872129166666817 7704.9055000000017
decision_type=2 2 2 2
left_child=1 3 -3 -1
right_child=-2 2 -4 -5
leaf_value=0.02217834357156909 2.4855060943755611 0.31374364996731396 -3.9960812628007774 2.6663398999434254
leaf_weight=6798 144 522 341 259
leaf_count=6798 144 522 341 259
internal_value=0.000231302 -0.0452636 -1.39187 0.119586
internal_weight=8064 7920 863 7057
internal_count=8064 7920 863 7057
is_linear=0
shrinkage=0.05


Tree=96
num_leaves=6
num_cat=0
split_feature=3 3 3 5 3
split_gain=356923 1.11041e+06 877449 2.67245e+06 2.25936e+06
threshold=-181.02418715277767 -203.1015222222222 -135.92341701388861 -0.48087430661751701 -115.88908020833331
decision_type=2 2 2 2 2
left_child=1 -1 3 -2 -4
right_child=2 -3 4 -5 -6
leaf_value=-1.3759329538920833 -7.7022195858729861 4.8152526805113105 4.398154453711526 0.57757794134891949 -0.11239620223601805
leaf_weight=144 147 144 288 285 7056
leaf_count=144 147 144 288 285 7056
internal_value=0.000228988 1.72561 -0.0638877 -2.25113 0.0650629
internal_weight=8064 288 7776 432 7344
internal_count=8064 288 7776 432 7344
is_linear=0
shrinkage=0.05


Tree=97
num_leaves=6
num_cat=0
split_feature=1 0 3 0 0
split_gain=358464 1.87847e+06 782677 781771 949450
threshold=-428.12634999999995 7132.4592000000002 -73.682649999999953 8355.7890500000012 7704.9055000000017
decision_type=2 2 2 2 2
left_child=1 2 -1 4 -2
right_child=3 -3 -4 -5 -6
leaf_value=6.0050143171856609 -0.1198899052627096 -2.9990009716338357 1.3226491915671508 -3.4315924006944516 2.9737227744629413
leaf_weight=152 7094 176 216 170 256
leaf_count=152 7094 176 216 170 256
internal_value=0.000221261 1.23846 3.2677 -0.089506 -0.0117497
internal_weight=8064 544 368 7520 7350
internal_count=8064 544 368 7520 7350
is_linear=0
shrinkage=0.05


Tree=98
num_leaves=4
num_cat=0
split_feature=3 3 3
split_gain=338566 652615 465239
threshold=328.78225173611105 151.79005486111103 69.995581944444453
decision_type=2 2 2
left_child=1 2 -1
right_child=-2 -3 -4
leaf_value=-0.091087702585239669 2.3944783285568501 -3.3671496595185384 1.3844760041922797
leaf_weight=7200 144 144 576
leaf_count=7200 144 144 576
internal_value=0.000233449 -0.0435951 0.0183773
internal_weight=8064 7920 7776
internal_count=8064 7920 7776
is_linear=0
shrinkage=0.05


Tree=99
num_leaves=7
num_cat=0
split_feature=3 3 0 3 0 0
split_gain=334760 2.54131e+06 4.20703e+06 1.82543e+06 7.4548e+06 1.42817e+06
threshold=55.872129166666817 61.785570138888723 1754.9471500000002 7.2777118055554419 6614.9454500000011 7247.2107500000011
decision_type=2 2 2 2 2 2
left_child=3 2 -2 5 -5 -1
right_child=1 -3 -4 4 -6 -7
leaf_value=0.049690467444002337 0.076703590676825278 0.56548216675901319 -8.6628225266145726 0.3452236361767051 12.49356339642325 -3.0122056169897675
leaf_weight=4626 350 1440 226 861 147 414
leaf_count=4626 350 1440 226 861 147 414
internal_value=0.000223765 -0.557599 -3.36142 0.186226 2.12748 -0.20237
internal_weight=8064 2016 576 6048 1008 5040
internal_count=8064 2016 576 6048 1008 5040
is_linear=0
shrinkage=0.05


end of trees

feature_importances:
Column_3=183
Column_2=175
Column_0=76
Column_1=25
Column_4=15
Column_6=7
Column_5=5

parameters:
[boosting: gbdt]
[objective: regression]
[metric: l2]
[tree_learner: serial]
[device_type: cpu]
[data_sample_strategy: bagging]
[data: ]
[valid: ]
[num_iterations: 100]
[learning_rate: 0.05]
[num_leaves: 7]
[num_threads: 1]
[seed: 20250911]
[deterministic: 1]
[force_col_wise: 1]
[force_row_wise: 0]
[histogram_pool_size: -1]
[max_depth: 3]
[min_data_in_leaf: 144]
[min_sum_hessian_in_leaf: 0.001]
[bagging_fraction: 1]
[pos_bagging_fraction: 1]
[neg_bagging_fraction: 1]
[bagging_freq: 0]
[bagging_seed: 20250911]
[bagging_by_query: 0]
[feature_fraction: 1]
[feature_fraction_bynode: 1]
[feature_fraction_seed: 20250911]
[extra_trees: 0]
[extra_seed: 26685]
[early_stopping_round: 0]
[early_stopping_min_delta: 0]
[first_metric_only: 0]
[max_delta_step: 0]
[lambda_l1: 0]
[lambda_l2: 1]
[linear_lambda: 0]
[min_gain_to_split: 0]
[drop_rate: 0.1]
[max_drop: 50]
[skip_drop: 0.5]
[xgboost_dart_mode: 0]
[uniform_drop: 0]
[drop_seed: 2504]
[top_rate: 0.2]
[other_rate: 0.1]
[min_data_per_group: 100]
[max_cat_threshold: 32]
[cat_l2: 10]
[cat_smooth: 10]
[max_cat_to_onehot: 4]
[top_k: 20]
[monotone_constraints: ]
[monotone_constraints_method: basic]
[monotone_penalty: 0]
[feature_contri: ]
[forcedsplits_filename: ]
[refit_decay_rate: 0.9]
[cegb_tradeoff: 1]
[cegb_penalty_split: 0]
[cegb_penalty_feature_lazy: ]
[cegb_penalty_feature_coupled: ]
[path_smooth: 0]
[interaction_constraints: ]
[verbosity: -1]
[saved_feature_importance_type: 0]
[use_quantized_grad: 0]
[num_grad_quant_bins: 4]
[quant_train_renew_leaf: 0]
[stochastic_rounding: 1]
[linear_tree: 0]
[max_bin: 63]
[max_bin_by_feature: ]
[min_data_in_bin: 3]
[bin_construct_sample_cnt: 200000]
[data_random_seed: 20250911]
[is_enable_sparse: 1]
[enable_bundle: 1]
[use_missing: 1]
[zero_as_missing: 0]
[feature_pre_filter: 0]
[pre_partition: 0]
[two_round: 0]
[header: 0]
[label_column: ]
[weight_column: ]
[group_column: ]
[ignore_column: ]
[categorical_feature: ]
[forcedbins_filename: ]
[precise_float_parser: 0]
[parser_config_file: ]
[objective_seed: 19683]
[num_class: 1]
[is_unbalance: 0]
[scale_pos_weight: 1]
[sigmoid: 1]
[boost_from_average: 1]
[reg_sqrt: 0]
[alpha: 0.9]
[fair_c: 1]
[poisson_max_delta_step: 0.7]
[tweedie_variance_power: 1.5]
[lambdarank_truncation_level: 30]
[lambdarank_norm: 1]
[label_gain: ]
[lambdarank_position_bias_regularization: 0]
[eval_at: ]
[multi_error_top_k: 1]
[auc_mu_weights: ]
[num_machines: 1]
[local_listen_port: 12400]
[time_out: 120]
[machine_list_filename: ]
[machines: ]
[gpu_platform_id: -1]
[gpu_device_id: -1]
[gpu_device_id_list: ]
[gpu_use_dp: 0]
[num_gpu: 1]

end of parameters

pandas_categorical:null
