tree
version=v4
num_class=1
num_tree_per_iteration=1
label_index=0
max_feature_idx=7
objective=regression
feature_names=Column_0 Column_1 Column_2 Column_3 Column_4 Column_5 Column_6 Column_7
feature_infos=[0:8445.2427000000007] [-1755.3374999999996:1407.4499999999998] [-1086:1530.8009571428584] [-187.22570902777761:214.93497222222231] [-1:1] [-1:1] [-1:1] [-1:1]
tree_sizes=663 677 674 677 677 676 672 764 759 760 676 756 762 764 763 758 679 765 763 678 757 758 755 681 762 672 679 757 681 758 764 756 768 758 749 766 759 595 678 767 761 597 759 686 685 684 763 764 595 683 760 766 681 759 761 758 679 759 758 673 748 758 578 750 754 743 760 677 657 760 677 746 742 740 758 659 748 758 662 662 594 753 658 748 741 755 758 658 756 585 738 757 588 663 754 755 588 655 756 655

Tree=0
num_leaves=6
num_cat=0
split_feature=2 2 2 3 2
split_gain=9.17615e+07 7.52891e+07 1.28311e+07 1.05023e+07 8.27611e+06
threshold=-351.04435714285677 97.522564285714239 -523.74536428571434 -95.445787847222377 -148.9811142857138
decision_type=2 2 2 2 2
left_child=2 4 -1 -3 -2
right_child=1 3 -4 -5 -6
leaf_value=-22.443147004087653 3.1638167220837845 15.410980327586737 -5.5215790303870751 29.172556246218665 9.0546891199741957
leaf_weight=198 660 190 264 525 6083
leaf_count=198 660 190 264 525 6083
internal_value=8.77351 10.1142 -12.8254 25.53 8.47735
internal_weight=7920 7458 462 715 6743
internal_count=7920 7458 462 715 6743
is_linear=0
shrinkage=1


Tree=1
num_leaves=6
num_cat=0
split_feature=2 2 2 3 2
split_gain=8.28532e+07 6.79646e+07 1.15875e+07 9.47857e+06 7.47033e+06
threshold=-351.04435714285677 97.522564285714239 -523.74536428571434 -95.445787847222377 -148.9811142857138
decision_type=2 2 2 2 2
left_child=2 4 -1 -3 -2
right_child=1 3 -4 -5 -6
leaf_value=-29.663670632347987 -5.3296365793935294 6.3073302680909329 -13.583035231941151 19.381029486089606 0.26711913177855762
leaf_weight=198 660 190 264 525 6083
leaf_count=198 660 190 264 525 6083
internal_value=-0.000150257 1.27381 -20.5239 15.9206 -0.281396
internal_weight=7920 7458 462 715 6743
internal_count=7920 7458 462 715 6743
is_linear=0
shrinkage=0.05


Tree=2
num_leaves=6
num_cat=0
split_feature=2 2 2 2 2
split_gain=7.48098e+07 6.13526e+07 1.04645e+07 9.58942e+06 6.743e+06
threshold=-351.04435714285677 97.522564285714239 -523.74536428571434 344.66346428571438 -148.9811142857138
decision_type=2 2 2 2 2
left_child=2 4 -1 -3 -2
right_child=1 3 -4 -5 -6
leaf_value=-28.187940673372857 -5.0635576715515356 11.541739385004465 -12.906446524384732 24.577569548937742 0.25376535586661914
leaf_weight=198 660 520 264 195 6083
leaf_count=198 660 520 264 195 6083
internal_value=-0.000285553 1.21026 -19.5024 15.1263 -0.267364
internal_weight=7920 7458 462 715 6743
internal_count=7920 7458 462 715 6743
is_linear=0
shrinkage=0.05


Tree=3
num_leaves=6
num_cat=0
split_feature=2 2 2 3 2
split_gain=6.75477e+07 5.53901e+07 9.45026e+06 8.78277e+06 6.08648e+06
threshold=-351.04435714285677 97.522564285714239 -523.74536428571434 -95.445787847222377 -148.9811142857138
decision_type=2 2 2 2 2
left_child=2 4 -1 -3 -2
right_child=1 3 -4 -5 -6
leaf_value=-26.785625600095972 -4.8107632149163067 5.1260729515115635 -12.263559668558949 17.702763123566662 0.24107919877491779
leaf_weight=198 660 190 264 525 6083
leaf_count=198 660 190 264 525 6083
internal_value=-0.000333053 1.14996 -18.5317 14.3725 -0.254032
internal_weight=7920 7458 462 715 6743
internal_count=7920 7458 462 715 6743
is_linear=0
shrinkage=0.05


Tree=4
num_leaves=6
num_cat=0
split_feature=2 2 2 2 1
split_gain=6.09901e+07 5.00013e+07 8.88734e+06 8.53434e+06 5.64095e+06
threshold=-351.04435714285677 97.522564285714239 344.66346428571438 -523.74536428571434 -180.64239999999992
decision_type=2 2 2 2 2
left_child=3 4 -3 -1 -2
right_child=1 2 -4 -5 -6
leaf_value=-25.453074093499978 6.2915769407389659 10.207846314534402 22.750256294133713 -11.652695281224432 -0.56136925860686149
leaf_weight=198 314 520 195 264 6429
leaf_count=198 314 520 195 264 6429
internal_value=-0.000447598 1.09258 13.6555 -17.6093 -0.241364
internal_weight=7920 7458 715 462 6743
internal_count=7920 7458 715 462 6743
is_linear=0
shrinkage=0.05


Tree=5
num_leaves=6
num_cat=0
split_feature=2 2 3 2 2
split_gain=5.507e+07 4.53853e+07 1.10609e+07 7.70719e+06 5.0667e+06
threshold=-351.04435714285677 41.163850000000146 -127.27932847222233 -523.74536428571434 -148.9811142857138
decision_type=2 2 2 2 2
left_child=3 4 -3 -1 -2
right_child=1 2 -4 -5 -6
leaf_value=-24.186816465495223 -4.569000000392796 -0.14917049322809492 14.085434532996477 -11.072259244553324 0.047812411499499052
leaf_weight=198 660 167 745 264 5886
leaf_count=198 660 167 745 264 5886
internal_value=-0.000415224 1.03821 11.4816 -16.7329 -0.418304
internal_weight=7920 7458 912 462 6546
internal_count=7920 7458 912 462 6546
is_linear=0
shrinkage=0.05


Tree=6
num_leaves=6
num_cat=0
split_feature=2 2 3 2 2
split_gain=4.97235e+07 4.14418e+07 9.09132e+06 6.96021e+06 6.4648e+06
threshold=-351.04435714285677 140.94627857142953 -95.445787847222377 -523.74536428571434 3.6966214285712504
decision_type=2 2 2 2 2
left_child=3 4 -3 -1 -2
right_child=1 2 -4 -5 -6
leaf_value=-22.983552678146555 -0.54316158374088797 3.9405768686182356 17.716024538838891 -10.520735284663596 5.2250144098846407
leaf_weight=198 6348 169 416 264 525
leaf_count=198 6348 169 416 264 525
internal_value=-0.000557612 0.986366 13.75 -15.9 -0.101858
internal_weight=7920 7458 585 462 6873
internal_count=7920 7458 585 462 6873
is_linear=0
shrinkage=0.05


Tree=7
num_leaves=7
num_cat=0
split_feature=2 1 2 2 1 3
split_gain=4.53504e+07 3.71388e+07 1.35932e+07 1.16843e+07 4.28101e+06 2.19875e+06
threshold=-226.84627857142843 -180.64239999999992 344.66346428571438 -523.74536428571434 -7.5749999999999877 117.18852326388891
decision_type=2 2 2 2 2 2
left_child=3 2 -2 -1 -3 -5
right_child=1 4 -4 5 -6 -7
leaf_value=-21.840148850781237 7.9060208316226737 3.9769159191272587 23.631065172786741 -10.036396945398494 -0.45599317841769582 -3.6297958394942378
leaf_weight=198 637 601 175 387 5715 207
leaf_count=198 637 601 175 387 5715 207
internal_value=-0.000574932 1.26115 11.3199 -11.3434 -0.0336162 -7.81365
internal_weight=7920 7128 812 792 6316 594
internal_count=7920 7128 812 792 6316 594
is_linear=0
shrinkage=0.05


Tree=8
num_leaves=7
num_cat=0
split_feature=2 1 2 2 2 3
split_gain=4.12458e+07 3.42042e+07 1.25391e+07 7.80339e+06 4.18198e+06 1.74352e+06
threshold=-296.58502857142815 -180.64239999999992 344.66346428571438 -523.74536428571434 3.6966214285712504 117.18852326388891
decision_type=2 2 2 2 2 2
left_child=3 2 -2 -1 -3 -5
right_child=1 4 -4 5 -6 -7
leaf_value=-20.75362924547052 7.3896644002272316 -0.53958977728484336 22.456224757974798 -11.315780079592082 4.4209499340724498 -4.523230992570336
leaf_weight=198 651 6044 175 235 456 161
leaf_count=198 651 6044 175 235 456 161
internal_value=-0.000549057 1.02756 10.605 -12.6609 -0.190962 -8.57251
internal_weight=7920 7326 826 594 6500 396
internal_count=7920 7326 826 594 6500 396
is_linear=0
shrinkage=0.05


Tree=9
num_leaves=7
num_cat=0
split_feature=2 1 2 2 1 3
split_gain=3.7435e+07 3.02554e+07 1.10803e+07 9.39958e+06 3.69266e+06 1.88352e+06
threshold=-226.84627857142843 -180.64239999999992 344.66346428571438 -523.74536428571434 -7.5749999999999877 117.18852326388891
decision_type=2 2 2 2 2 2
left_child=3 2 -2 -1 -3 -5
right_child=1 4 -4 5 -6 -7
leaf_value=-19.721162471474717 7.1424351677625539 3.7019218516814529 21.339793824745442 -9.1969250793002324 -0.41511803364362954 -3.2681544364071815
leaf_weight=198 637 601 175 387 5715 207
leaf_count=198 637 601 175 387 5715 207
internal_value=-0.000539674 1.1458 10.2247 -10.306 -0.0228364 -7.1398
internal_weight=7920 7128 812 792 6316 594
internal_count=7920 7128 812 792 6316 594
is_linear=0
shrinkage=0.05


Tree=10
num_leaves=6
num_cat=0
split_feature=2 2 3 2 2
split_gain=3.40336e+07 2.90003e+07 7.44195e+06 4.81156e+06 3.1531e+06
threshold=-382.72421428571437 97.522564285714239 -95.445787847222377 -148.9811142857138 -523.74536428571434
decision_type=2 2 2 2 2
left_child=4 3 -3 -2 -1
right_child=1 2 -4 -5 -6
leaf_value=-18.740059772628037 -4.0987073741638023 1.8323334717840269 13.388188159783077 0.2051504172105526 -9.7253658847319411
leaf_weight=198 726 190 525 6083 198
leaf_count=198 726 190 525 6083 198
internal_value=-0.00051536 0.752231 10.3242 -0.254277 -14.2686
internal_weight=7920 7524 715 6809 396
internal_count=7920 7524 715 6809 396
is_linear=0
shrinkage=0.05


Tree=11
num_leaves=7
num_cat=0
split_feature=1 2 2 1 3 3
split_gain=3.12289e+07 2.72936e+07 8.35429e+06 5.17886e+06 2.92399e+06 955704
threshold=-263.24854999999974 -382.72421428571437 344.66346428571438 173.18759999999978 117.18852326388891 -39.551330208333404
decision_type=2 2 2 2 2 2
left_child=2 4 5 -3 -2 -1
right_child=1 3 -4 -5 -6 -7
leaf_value=5.2188917912542827 -18.441028346936346 0.23238901950660737 20.184474727619126 -4.4937657632458379 -9.6965924846791793 9.7471423782876148
leaf_weight=279 180 6239 165 638 213 206
leaf_count=279 180 6239 165 638 213 206
internal_value=-0.000597751 -0.93994 10.4909 -0.20666 -13.7383 7.15833
internal_weight=7920 7270 650 6877 393 485
internal_count=7920 7270 650 6877 393 485
is_linear=0
shrinkage=0.05


Tree=12
num_leaves=7
num_cat=0
split_feature=2 2 3 2 2 3
split_gain=2.88432e+07 2.34702e+07 1.01737e+07 6.58258e+06 4.68439e+06 2.75597e+06
threshold=41.163850000000146 -415.8527857142862 -127.27932847222233 292.8163857142859 -206.70136428571433 117.18852326388891
decision_type=2 2 2 2 2 2
left_child=1 5 -2 -4 -3 -1
right_child=2 4 3 -5 -6 -7
leaf_value=-19.258143539298072 -2.7817512130985662 -4.9601336855744149 8.2850156252057765 19.519767702572487 -0.056844087344945726 -9.9494251889567238
leaf_weight=145 167 528 576 169 6150 185
leaf_count=145 167 528 576 169 6150 185
internal_value=-0.000550489 -1.08943 8.35869 10.8563 -0.44521 -14.0854
internal_weight=7920 7008 912 745 6678 330
internal_count=7920 7008 912 745 6678 330
is_linear=0
shrinkage=0.05


Tree=13
num_leaves=7
num_cat=0
split_feature=1 2 2 0 2 3
split_gain=2.65279e+07 2.18531e+07 8.9032e+06 4.55659e+06 3.52988e+06 2.00808e+06
threshold=-180.64239999999992 -351.04435714285677 344.66346428571438 6420.9409000000005 -523.74536428571434 -6.6012541666665348
decision_type=2 2 2 2 2 2
left_child=2 4 5 -3 -2 -1
right_child=1 3 -4 -5 -6 -7
leaf_value=4.1864214697736317 -16.711447850496342 -0.056735173101818873 18.382441580295563 -8.2109601324932147 -7.7446408922282544 10.624601428732277
leaf_weight=511 194 6447 175 175 259 159
leaf_count=511 194 6447 175 175 259 159
internal_value=-0.000581063 -1.00103 8.36725 -0.273435 -11.6131 5.72785
internal_weight=7920 7075 845 6622 453 670
internal_count=7920 7075 845 6622 453 670
is_linear=0
shrinkage=0.05


Tree=14
num_leaves=7
num_cat=0
split_feature=2 2 3 2 2 3
split_gain=2.43996e+07 1.8817e+07 9.62701e+06 6.74407e+06 3.82345e+06 2.53656e+06
threshold=3.6966214285712504 -415.8527857142862 -127.27932847222233 254.62502142857173 -148.9811142857138 117.18852326388891
decision_type=2 2 2 2 2 2
left_child=1 5 -2 -4 -3 -1
right_child=2 4 3 -5 -6 -7
leaf_value=-17.706653115520737 -3.5942784192769426 -3.7797314692137136 6.4995605449274478 16.437187497626319 -0.073742455397162052 -8.7898685594079318
leaf_weight=145 183 792 701 226 5688 185
leaf_count=145 183 792 701 226 5688 185
internal_value=-0.000549041 -1.12126 6.87001 8.93743 -0.52721 -12.7495
internal_weight=7920 6810 1110 927 6480 330
internal_count=7920 6810 1110 927 6480 330
is_linear=0
shrinkage=0.05


Tree=15
num_leaves=7
num_cat=0
split_feature=1 2 2 0 2 3
split_gain=2.24865e+07 1.83627e+07 6.32379e+06 3.65453e+06 3.04632e+06 782036
threshold=-263.24854999999974 -351.04435714285677 344.66346428571438 6420.9409000000005 -523.74536428571434 -39.551330208333404
decision_type=2 2 2 2 2 2
left_child=2 4 5 -3 -2 -1
right_child=1 3 -4 -5 -6 -7
leaf_value=4.2524936015265329 -15.16893444837946 0.054925980177636752 17.335038374059174 -6.8388479878204045 -6.8922852584025796 8.3426714380150262
leaf_weight=279 197 6615 165 197 261 206
leaf_count=279 197 6615 165 197 261 206
internal_value=-0.000591063 -0.79768 8.90207 -0.145413 -10.4776 6.00336
internal_weight=7920 7270 650 6812 458 485
internal_count=7920 7270 650 6812 458 485
is_linear=0
shrinkage=0.05


Tree=16
num_leaves=6
num_cat=0
split_feature=2 2 3 2 2
split_gain=2.06005e+07 1.55099e+07 8.95182e+06 5.62684e+06 4.02174e+06
threshold=3.6966214285712504 -466.12044999999983 -127.27932847222233 292.8163857142859 -206.70136428571433
decision_type=2 2 2 2 2
left_child=1 -1 -2 -4 -3
right_child=2 4 3 -5 -6
leaf_value=-12.888990377929975 -3.7769688609987497 -4.4696635104878615 6.4511487541482229 16.539634739370907 -0.1583334114569617
leaf_weight=264 183 594 758 169 5952
leaf_count=264 183 594 758 169 5952
internal_value=-0.000554665 -1.03033 6.31251 8.30621 -0.550177
internal_weight=7920 6810 1110 927 6546
internal_count=7920 6810 1110 927 6546
is_linear=0
shrinkage=0.05


Tree=17
num_leaves=7
num_cat=0
split_feature=1 2 2 2 1 3
split_gain=1.9227e+07 1.47326e+07 6.71782e+06 4.34008e+06 2.59499e+06 1.71154e+06
threshold=-180.64239999999992 -226.84627857142843 344.66346428571438 -523.74536428571434 -7.5749999999999877 -6.6012541666665348
decision_type=2 2 2 2 2 2
left_child=2 3 5 -2 -3 -1
right_child=1 4 -4 -5 -6 -7
leaf_value=3.4093616800615565 -13.868883060461437 3.0616378606058832 15.822626600753177 -5.1975445340568527 -0.38966523609184411 9.3499911696277564
leaf_weight=511 194 601 175 565 5715 159
leaf_count=511 194 601 175 565 5715 159
internal_value=-0.000516204 -0.852242 7.12337 -7.42927 -0.0608233 4.83099
internal_weight=7920 7075 845 759 6316 670
internal_count=7920 7075 845 759 6316 670
is_linear=0
shrinkage=0.05


Tree=18
num_leaves=7
num_cat=0
split_feature=1 2 2 0 3 3
split_gain=1.73606e+07 1.33569e+07 6.06695e+06 4.19348e+06 2.48789e+06 1.54609e+06
threshold=-180.64239999999992 -382.72421428571437 344.66346428571438 6420.9409000000005 117.18852326388891 -6.6012541666665348
decision_type=2 2 2 2 2 2
left_child=2 4 5 -3 -2 -1
right_child=1 3 -4 -5 -6 -7
leaf_value=3.2392265288857747 -14.22882090170275 -0.071074751815029133 15.035990258306265 -7.5878763640426214 -6.1418645039897104 8.8854135138541466
leaf_weight=511 175 6497 175 190 213 159
leaf_count=511 175 6497 175 190 213 159
internal_value=-0.00041348 -0.809746 6.76889 -0.285755 -9.81653 4.59039
internal_weight=7920 7075 845 6687 388 670
internal_count=7920 7075 845 6687 388 670
is_linear=0
shrinkage=0.05


Tree=19
num_leaves=6
num_cat=0
split_feature=2 2 3 2 2
split_gain=1.58632e+07 1.19278e+07 8.308e+06 3.38467e+06 3.29946e+06
threshold=41.163850000000146 -466.12044999999983 -127.27932847222233 254.62502142857173 -135.46257142857152
decision_type=2 2 2 2 2
left_child=1 -1 -2 -4 -3
right_child=2 4 3 -5 -6
leaf_value=-11.213317773387118 -3.8624169183628903 -3.1728926289123862 6.2119803782151299 13.560487634197109 0.041870063916136721
leaf_weight=264 167 924 519 226 5820
leaf_count=264 167 924 519 226 5820
internal_value=-0.000398283 -0.807923 6.19888 8.45638 -0.398992
internal_weight=7920 7008 912 745 6744
internal_count=7920 7008 912 745 6744
is_linear=0
shrinkage=0.05


Tree=20
num_leaves=7
num_cat=0
split_feature=1 2 2 2 1 3
split_gain=1.47843e+07 1.1445e+07 4.34195e+06 3.45128e+06 3.06099e+06 579537
threshold=-263.24854999999974 -226.84627857142843 344.66346428571438 -523.74536428571434 -7.5749999999999877 -39.551330208333404
decision_type=2 2 2 2 2 2
left_child=2 3 5 -2 -3 -1
right_child=1 4 -4 -5 -6 -7
leaf_value=3.3121763467575827 -12.08363909872644 2.9802536856660451 14.205542606043529 -4.421884775418218 -0.36074158991010019 6.8290272314191443
leaf_weight=279 197 778 165 580 5715 206
leaf_count=279 197 778 165 580 5715 206
internal_value=-0.000368491 -0.646686 7.21834 -6.37748 0.0399782 4.81691
internal_weight=7920 7270 650 777 6493 485
internal_count=7920 7270 650 777 6493 485
is_linear=0
shrinkage=0.05


Tree=21
num_leaves=7
num_cat=0
split_feature=1 0 2 3 2 3
split_gain=1.33779e+07 1.04001e+07 6.4135e+06 5.01143e+06 3.63839e+06 2.08454e+06
threshold=-91.163300000000149 6545.3182000000006 292.8163857142859 71.982794444444281 -206.70136428571433 23.641321180555568
decision_type=2 2 2 2 2 2
left_child=2 4 5 -3 -2 -1
right_child=1 3 -4 -5 -6 -7
leaf_value=1.8075406633535964 -4.285593523289057 -15.466720700846876 12.335211444993815 -3.1135847395251259 -0.02764886140641 7.7845475071219994
leaf_weight=681 547 169 239 160 5939 185
leaf_count=681 547 169 239 160 5939 185
internal_value=-0.000284034 -0.827959 5.10047 -9.48676 -0.38735 3.09189
internal_weight=7920 6815 1105 329 6486 866
internal_count=7920 6815 1105 329 6486 866
is_linear=0
shrinkage=0.05


Tree=22
num_leaves=7
num_cat=0
split_feature=1 2 2 1 0 3
split_gain=1.2232e+07 9.6057e+06 3.55295e+06 3.00474e+06 1.15673e+06 503656
threshold=-263.24854999999974 -415.8527857142862 344.66346428571438 173.18759999999978 6666.3864500000009 -39.551330208333404
decision_type=2 2 2 2 2 2
left_child=2 4 5 -3 -2 -1
right_child=1 3 -4 -5 -6 -7
leaf_value=2.9913068233217515 -6.1191932596055807 0.15272098061900369 12.886498940134624 -3.3262903020156247 -12.136592629357102 6.2687430334551903
leaf_weight=279 176 6254 165 688 152 206
leaf_count=279 176 6254 165 688 152 206
internal_value=-0.000275927 -0.588164 6.56583 -0.192502 -8.93616 4.39341
internal_weight=7920 7270 650 6942 328 485
internal_count=7920 7270 650 6942 328 485
is_linear=0
shrinkage=0.05


Tree=23
num_leaves=6
num_cat=0
split_feature=2 3 2 2 2
split_gain=1.13892e+07 8.23414e+06 8.23047e+06 3.09993e+06 2.13142e+06
threshold=3.6966214285712504 -127.27932847222233 -466.12044999999983 140.94627857142953 -135.46257142857152
decision_type=2 2 2 2 2
left_child=2 -2 -1 -3 -4
right_child=1 3 4 -5 -6
leaf_value=-9.404552427102935 -4.978150958341101 3.7737891768551424 -2.6402853815040075 9.5683316123735569 -0.050216638416193643
leaf_weight=264 183 475 924 452 5622
leaf_count=264 183 475 924 452 5622
internal_value=-0.000257598 4.69379 -0.765943 6.60644 -0.416165
internal_weight=7920 1110 6810 927 6546
internal_count=7920 1110 6810 927 6546
is_linear=0
shrinkage=0.05


Tree=24
num_leaves=7
num_cat=0
split_feature=1 0 2 3 2 3
split_gain=1.03953e+07 8.2183e+06 5.18164e+06 4.73253e+06 2.71271e+06 1.84455e+06
threshold=-91.163300000000149 6545.3182000000006 292.8163857142859 71.982794444444281 -176.04321428571367 23.641321180555568
decision_type=2 2 2 2 2 2
left_child=2 4 5 -3 -2 -1
right_child=1 3 -4 -5 -6 -7
leaf_value=1.4830437516493182 -3.4153584111476132 -14.237153815732283 10.998869805585905 -2.2397059263557382 0.0015481556845789364 7.1047283999381525
leaf_weight=681 644 169 239 160 5842 185
leaf_count=681 644 169 239 160 5842 185
internal_value=-0.000268278 -0.729866 4.49606 -8.427 -0.338193 2.69079
internal_weight=7920 6815 1105 329 6486 866
internal_count=7920 6815 1105 329 6486 866
is_linear=0
shrinkage=0.05


Tree=25
num_leaves=6
num_cat=0
split_feature=1 2 2 1 3
split_gain=9.49993e+06 7.49522e+06 2.63727e+06 2.47522e+06 612543
threshold=-300.92549999999977 -466.12044999999983 344.66346428571438 173.18759999999978 -75.113009722222259
decision_type=2 2 2 2 2
left_child=2 -2 4 -3 -1
right_child=1 3 -4 -5 -6
leaf_value=6.3707838744101437 -8.7614623450645901 0.14059241076691278 11.536146007578798 -2.9027562375603075 2.471751975861844
leaf_weight=168 263 6326 162 746 255
leaf_count=168 263 6326 162 746 255
internal_value=-0.000256786 -0.489621 6.12598 -0.180805 4.03168
internal_weight=7920 7335 585 7072 423
internal_count=7920 7335 585 7072 423
is_linear=0
shrinkage=0.05


Tree=26
num_leaves=6
num_cat=0
split_feature=2 3 2 2 2
split_gain=8.88776e+06 7.77851e+06 6.34327e+06 2.46011e+06 1.90954e+06
threshold=3.6966214285712504 -127.27932847222233 -523.74536428571434 140.94627857142953 -148.9811142857138
decision_type=2 2 2 2 2
left_child=2 -2 -1 -3 -4
right_child=1 3 4 -5 -6
leaf_value=-9.4721409409489468 -5.2528250463630846 3.481773673774315 -2.5187016948018526 8.6444008182183278 -0.06916021421367699
leaf_weight=198 183 475 924 452 5688
leaf_count=198 183 475 924 452 5688
internal_value=-0.00018805 4.14646 -0.676583 6.00564 -0.411803
internal_weight=7920 1110 6810 927 6612
internal_count=7920 1110 6810 927 6612
is_linear=0
shrinkage=0.05


Tree=27
num_leaves=7
num_cat=0
split_feature=1 0 3 2 1 3
split_gain=8.11042e+06 6.599e+06 4.44072e+06 4.18377e+06 2.0783e+06 1.66777e+06
threshold=-91.163300000000149 6545.3182000000006 71.982794444444281 292.8163857142859 296.21249999999992 23.641321180555568
decision_type=2 2 2 2 2 2
left_child=3 4 -3 5 -2 -1
right_child=1 2 -4 -5 -6 -7
leaf_value=1.2012657768215953 -0.043553423643092143 -13.169513651062459 -1.552899646462861 9.81446383992831 -3.4958506777438716 6.5461268593547164
leaf_weight=681 6017 169 160 239 469 185
leaf_count=681 6017 169 160 239 469 185
internal_value=-0.000211376 -0.644658 -7.54192 3.97135 -0.293688 2.3493
internal_weight=7920 6815 329 1105 6486 866
internal_count=7920 6815 329 1105 6486 866
is_linear=0
shrinkage=0.05


Tree=28
num_leaves=6
num_cat=0
split_feature=2 3 2 0 2
split_gain=7.42677e+06 7.08876e+06 5.47443e+06 2.24858e+06 1.56436e+06
threshold=3.6966214285712504 -127.27932847222233 -523.74536428571434 3818.0107500000008 -226.84627857142843
decision_type=2 2 2 2 2
left_child=2 -2 -1 -3 -4
right_child=1 3 4 -5 -6
leaf_value=-8.7895310104791857 -5.1820673188437594 1.8977614406393521 -2.818263326186468 7.2209856228649345 -0.13070319158290913
leaf_weight=198 183 289 594 638 6018
leaf_count=198 183 289 594 638 6018
internal_value=-0.000205229 3.79033 -0.618512 5.56526 -0.372534
internal_weight=7920 1110 6810 927 6612
internal_count=7920 1110 6810 927 6612
is_linear=0
shrinkage=0.05


Tree=29
num_leaves=7
num_cat=0
split_feature=1 0 3 2 2 3
split_gain=7.0284e+06 5.39512e+06 4.16421e+06 2.71811e+06 2.22767e+06 666968
threshold=-300.92549999999977 6420.9409000000005 71.982794444444281 3.6966214285712504 344.66346428571438 -75.113009722222259
decision_type=2 2 2 2 2 2
left_child=4 3 -3 -2 5 -1
right_child=1 2 -4 -5 -6 -7
leaf_value=5.7837557959133354 -0.38379041842372286 -10.319039647457963 -0.31316431945657985 3.2149615274045384 10.240352448071441 1.7230345713440329
leaf_weight=168 6343 235 186 571 162 255
leaf_count=168 6343 235 186 571 162 255
internal_value=-0.000244221 -0.421165 -5.90961 -0.0861617 5.26916 3.34564
internal_weight=7920 7335 421 6914 585 423
internal_count=7920 7335 421 6914 585 423
is_linear=0
shrinkage=0.05


Tree=30
num_leaves=7
num_cat=0
split_feature=1 0 3 2 5 3
split_gain=6.34785e+06 5.32239e+06 4.60731e+06 2.68015e+06 2.65028e+06 1.07802e+06
threshold=-180.64239999999992 6420.9409000000005 71.982794444444281 344.66346428571438 -0.94670478576706751 -6.6012541666665348
decision_type=2 2 2 2 2 2
left_child=3 4 -3 5 -2 -1
right_child=1 2 -4 -5 -6 -7
leaf_value=1.5211557468865067 5.1766244205080181 -11.303210776253124 -0.42996704623263371 9.5869331228250481 -0.3436153349833091 6.2291542077064515
leaf_weight=511 224 205 185 175 6461 159
leaf_count=511 224 205 185 175 6461 159
internal_value=-0.000169227 -0.489561 -6.15968 4.09314 -0.157897 2.64605
internal_weight=7920 7075 390 845 6685 670
internal_count=7920 7075 390 845 6685 670
is_linear=0
shrinkage=0.05


Tree=31
num_leaves=7
num_cat=0
split_feature=1 2 3 2 3 2
split_gain=6.07709e+06 6.77712e+06 4.58327e+06 3.28037e+06 2.76496e+06 1.01125e+06
threshold=216.453 140.94627857142953 -6.6012541666665348 -523.74536428571434 -95.445787847222377 -148.9811142857138
decision_type=2 2 2 2 2 2
left_child=1 5 -2 -4 -3 -1
right_child=2 4 3 -5 -6 -7
leaf_value=-2.2723850759409099 -10.977151234836771 0.083894798044974989 -8.2364932414235152 -0.13153320422097473 7.9370722765171982 0.19982028768546856
leaf_weight=443 182 155 163 523 404 6050
leaf_count=443 182 155 163 523 404 6050
internal_value=-9.48768e-05 0.486002 -3.94537 -2.06653 5.76357 0.0308244
internal_weight=7920 7052 868 686 559 6493
internal_count=7920 7052 868 686 559 6493
is_linear=0
shrinkage=0.05


Tree=32
num_leaves=7
num_cat=0
split_feature=1 2 3 3 1 2
split_gain=5.51494e+06 6.30219e+06 3.60207e+06 2.52402e+06 1.82467e+06 1.08391e+06
threshold=296.21249999999992 140.94627857142953 117.18852326388891 -95.445787847222377 546.53484999999989 -296.58502857142815
decision_type=2 2 2 2 2 2
left_child=1 5 4 -3 -2 -1
right_child=2 3 -4 -5 -6 -7
leaf_value=-3.9536656730704838 -4.7054920291433149 0.063898871924467152 0.074099023640155789 7.5394078788372596 -11.695841827869415 0.079104078672067493
leaf_weight=170 254 156 279 408 149 6504
leaf_count=170 254 156 279 408 149 6504
internal_value=-0.000174709 0.405048 -4.29506 5.47549 -7.31257 -0.0241955
internal_weight=7920 7238 682 564 403 6674
internal_count=7920 7238 682 564 403 6674
is_linear=0
shrinkage=0.05


Tree=33
num_leaves=7
num_cat=0
split_feature=1 2 3 3 0 1
split_gain=5.04107e+06 4.25684e+06 1.80253e+06 1.62171e+06 688397 519063
threshold=-300.92549999999977 -415.8527857142862 -75.113009722222259 -146.11563298611142 6666.3864500000009 -478.82515000000006
decision_type=2 2 2 2 2 2
left_child=2 4 -1 -3 -2 -4
right_child=1 3 5 -5 -6 -7
leaf_value=7.4533452426375506 -3.7526177480395901 -3.4131233174800877 -0.27394141382819054 0.078653393252715656 -8.3782549988989743 3.7853732455521825
leaf_weight=270 176 349 148 6658 152 167
leaf_count=270 176 349 148 6658 152 167
internal_value=-0.000245496 -0.356724 4.46243 -0.0957249 -5.91516 1.88331
internal_weight=7920 7335 585 7007 328 315
internal_count=7920 7335 585 7007 328 315
is_linear=0
shrinkage=0.05


Tree=34
num_leaves=7
num_cat=0
split_feature=1 2 3 2 3 2
split_gain=4.70635e+06 5.19461e+06 4.08816e+06 2.7432e+06 2.38782e+06 857672
threshold=216.453 140.94627857142953 -6.6012541666665348 -523.74536428571434 -95.445787847222377 -148.9811142857138
decision_type=2 2 2 2 2 2
left_child=1 5 -2 -4 -3 -1
right_child=2 4 3 -5 -6 -7
leaf_value=-2.0921057665200382 -10.113016255208052 -0.22816961656014123 -7.3404019720488938 0.070933610169600897 7.0678482198715216 0.18464340176716523
leaf_weight=443 182 155 163 523 404 6050
leaf_count=443 182 155 163 523 404 6050
internal_value=-0.000261628 0.427515 -3.4722 -1.69819 5.04801 0.0290087
internal_weight=7920 7052 868 686 559 6493
internal_count=7920 7052 868 686 559 6493
is_linear=0
shrinkage=0.05


Tree=35
num_leaves=7
num_cat=0
split_feature=1 0 3 2 3 1
split_gain=4.33839e+06 3.68905e+06 3.32267e+06 2.71971e+06 1.56512e+06 1.21284e+06
threshold=-91.163300000000149 6545.3182000000006 71.982794444444281 344.66346428571438 23.641321180555568 296.21249999999992
decision_type=2 2 2 2 2 2
left_child=3 5 -3 4 -1 -2
right_child=1 2 -4 -5 -6 -7
leaf_value=0.74460103027370106 -0.018168458199712249 -10.496041259485132 -0.4541832371528105 8.4924056962296213 5.8074931112595793 -2.6554458472830187
leaf_weight=732 6017 169 160 181 192 469
leaf_count=732 6017 169 160 181 192 469
internal_value=-0.000327141 -0.471662 -5.62864 2.90439 1.80177 -0.209249
internal_weight=7920 6815 329 1105 924 6486
internal_count=7920 6815 329 1105 924 6486
is_linear=0
shrinkage=0.05


Tree=36
num_leaves=7
num_cat=0
split_feature=1 2 3 3 1 2
split_gain=3.94253e+06 4.49771e+06 3.17155e+06 2.21581e+06 1.56706e+06 833645
threshold=296.21249999999992 140.94627857142953 117.18852326388891 -95.445787847222377 546.53484999999989 -148.9811142857138
decision_type=2 2 2 2 2 2
left_child=1 5 4 -3 -2 -1
right_child=2 3 -4 -5 -6 -7
leaf_value=-1.8776545144698251 -4.0491213317478403 -0.4415186333048875 0.46672774514981685 6.5596258805404375 -10.523867047071457 0.14777582760575506
leaf_weight=553 254 156 279 408 149 6121
leaf_count=553 254 156 279 408 149 6121
internal_value=-0.000301812 0.342317 -3.63166 4.62579 -6.46313 -0.0203052
internal_weight=7920 7238 682 564 403 6674
internal_count=7920 7238 682 564 403 6674
is_linear=0
shrinkage=0.05


Tree=37
num_leaves=5
num_cat=0
split_feature=1 2 3 3
split_gain=3.66214e+06 3.22403e+06 1.94144e+06 1.54607e+06
threshold=-340.24369999999993 -523.74536428571434 -75.113009722222259 -146.11563298611142
decision_type=2 2 2 2
left_child=2 -2 -1 -3
right_child=1 3 -4 -5
leaf_value=7.2665735092481629 -6.5799008771626637 -3.3156705461629778 1.1489290611743928 0.054954598633575449
leaf_weight=246 197 357 274 6846
leaf_count=246 197 357 274 6846
internal_value=-0.00034808 -0.285577 4.05144 -0.11254
internal_weight=7920 7400 520 7203
internal_count=7920 7400 520 7203
is_linear=0
shrinkage=0.05


Tree=38
num_leaves=6
num_cat=0
split_feature=1 0 2 3 1
split_gain=3.4295e+06 2.78091e+06 2.61745e+06 3.1772e+06 714983
threshold=-7.5749999999999877 6666.3864500000009 -148.9811142857138 -137.28571666666662 296.21249999999992
decision_type=2 2 2 2 2
left_child=2 4 -1 -4 -2
right_child=1 -3 3 -5 -6
leaf_value=-4.109751774609089 -0.12591289329885366 -5.5071980758871248 -3.5594893330300352 3.7760019565629932 -2.1019864799237875
leaf_weight=149 5666 265 168 1175 497
leaf_count=149 5666 265 168 1175 497
internal_value=-0.000339665 -0.501672 2.15845 2.85642 -0.285584
internal_weight=7920 6428 1492 1343 6163
internal_count=7920 6428 1492 1343 6163
is_linear=0
shrinkage=0.05


Tree=39
num_leaves=7
num_cat=0
split_feature=1 0 3 2 3 5
split_gain=3.14416e+06 2.76873e+06 2.99055e+06 2.27615e+06 1.41391e+06 1.22522e+06
threshold=-91.163300000000149 6545.3182000000006 71.982794444444281 344.66346428571438 23.641321180555568 -0.94670478576706751
decision_type=2 2 2 2 2 2
left_child=3 5 -3 4 -1 -2
right_child=1 2 -4 -5 -6 -7
leaf_value=0.45954033698261515 3.5019282555709417 -9.4869636688512919 0.036772294370283995 7.5842372515044376 5.2711091711113491 -0.30271088411007363
leaf_weight=732 218 169 160 181 192 6268
leaf_count=732 218 169 160 181 192 6268
internal_value=-0.000396088 -0.401648 -4.86928 2.47242 1.46396 -0.174314
internal_weight=7920 6815 329 1105 924 6486
internal_count=7920 6815 329 1105 924 6486
is_linear=0
shrinkage=0.05


Tree=40
num_leaves=7
num_cat=0
split_feature=1 2 3 3 1 2
split_gain=3.01426e+06 3.38441e+06 2.85877e+06 2.73081e+06 1.35988e+06 636255
threshold=296.21249999999992 14.202742857142825 117.18852326388891 -127.27932847222233 546.53484999999989 -296.58502857142815
decision_type=2 2 2 2 2 2
left_child=1 5 4 -3 -2 -1
right_child=2 3 -4 -5 -6 -7
leaf_value=-3.1426141770959597 -3.616043667045294 -3.005251282155514 0.71462598536695765 4.1225258139272531 -9.6459753346443193 -0.049985934286382164
leaf_weight=170 254 159 279 845 149 6064
leaf_count=170 254 159 279 845 149 6064
internal_value=-0.000331681 0.299249 -3.17554 2.99186 -5.86383 -0.134812
internal_weight=7920 7238 682 1004 403 6234
internal_count=7920 7238 682 1004 403 6234
is_linear=0
shrinkage=0.05


Tree=41
num_leaves=5
num_cat=0
split_feature=1 2 3 3
split_gain=2.74856e+06 2.52603e+06 1.90798e+06 1.32847e+06
threshold=-340.24369999999993 -523.74536428571434 -75.113009722222259 -113.13300381944462
decision_type=2 2 2 2
left_child=2 -2 -1 -3
right_child=1 3 -4 -5
leaf_value=6.6967994865769072 -5.8189609317165436 -2.1494195057996071 0.63451527683843267 0.1299668100390344
leaf_weight=246 197 708 274 6495
leaf_count=246 197 708 274 6495
internal_value=-0.000407413 -0.247511 3.50979 -0.0943468
internal_weight=7920 7400 520 7203
internal_count=7920 7400 520 7203
is_linear=0
shrinkage=0.05


Tree=42
num_leaves=7
num_cat=0
split_feature=1 5 0 3 1 2
split_gain=2.58831e+06 3.0146e+06 3.69425e+06 2.62715e+06 1.18869e+06 498483
threshold=296.21249999999992 -0.83127174505093859 6313.9125000000013 117.18852326388891 546.53484999999989 59.358335714285438
decision_type=2 2 2 2 2 2
left_child=1 2 -1 4 -2 -3
right_child=3 5 -4 -5 -6 -7
leaf_value=4.745174859389663 -3.4180480879662087 -0.24092389965027383 -1.8007387347422636 0.78621407666376664 -9.0560550128618882 1.8036053821207234
leaf_weight=719 254 5899 307 279 149 313
leaf_count=719 254 5899 307 279 149 313
internal_value=-0.000390244 0.277218 2.78666 -2.94271 -5.51983 -0.137634
internal_weight=7920 7238 1026 682 403 6212
internal_count=7920 7238 1026 682 403 6212
is_linear=0
shrinkage=0.05


Tree=43
num_leaves=6
num_cat=0
split_feature=3 5 2 7 2
split_gain=2.54903e+06 5.55617e+06 4.93682e+06 2.52868e+06 2.17694e+06
threshold=-146.11563298611142 -0.48087430661751701 3.6966214285712504 0.25881904510252068 -382.72421428571437
decision_type=2 2 2 2 2
left_child=1 -1 4 -4 -2
right_child=2 -3 3 -5 -6
leaf_value=-11.590128817590509 -3.8974688175677041 0.34990588962198138 0.33309517337469052 5.4726595566294547 -0.057940618381726199
leaf_weight=147 392 285 392 614 6090
leaf_count=147 392 285 392 614 6090
internal_value=-0.000416046 -3.73041 0.215245 3.47229 -0.290702
internal_weight=7920 432 7488 1006 6482
internal_count=7920 432 7488 1006 6482
is_linear=0
shrinkage=0.05


Tree=44
num_leaves=6
num_cat=0
split_feature=3 5 2 7 2
split_gain=2.3021e+06 5.01796e+06 4.45628e+06 2.28251e+06 1.96522e+06
threshold=-146.11563298611142 -0.48087430661751701 3.6966214285712504 0.25881904510252068 -382.72421428571437
decision_type=2 2 2 2 2
left_child=1 -1 4 -4 -2
right_child=2 -3 3 -5 -6
leaf_value=-11.014538098831435 -3.7030912380788772 0.33247176425440328 0.31648275776370488 5.1994715223952035 -0.055044070913338183
leaf_weight=147 392 285 392 614 6090
leaf_count=147 392 285 392 614 6090
internal_value=-0.000454525 -3.54518 0.204495 3.29896 -0.276197
internal_weight=7920 432 7488 1006 6482
internal_count=7920 432 7488 1006 6482
is_linear=0
shrinkage=0.05


Tree=45
num_leaves=6
num_cat=0
split_feature=1 3 2 2 5
split_gain=2.14442e+06 4.89377e+06 2.94824e+06 1.9603e+06 1.17697e+06
threshold=149.50230000000008 -36.501835416666943 344.66346428571438 -523.74536428571434 -0.80625269229011354
decision_type=2 2 2 2 2
left_child=2 -2 4 -3 -1
right_child=1 3 -4 -5 -6
leaf_value=1.9815945741841869 -10.008326977888743 -5.2773598655152725 6.5483358310686572 0.55114137644128958 -0.090764912135724435
leaf_weight=774 164 180 184 710 5908
leaf_count=774 164 180 184 710 5908
internal_value=-0.000488134 -2.09926 0.321953 -0.632257 0.149545
internal_weight=7920 1054 6866 890 6682
internal_count=7920 1054 6866 890 6682
is_linear=0
shrinkage=0.05


Tree=46
num_leaves=7
num_cat=0
split_feature=3 0 2 7 2 5
split_gain=2.09545e+06 4.60278e+06 3.82817e+06 1.94958e+06 1.65279e+06 2645.77
threshold=-146.11563298611142 2349.5668000000005 3.6966214285712504 0.25881904510252068 -351.04435714285677 0.49999999999999978
decision_type=2 2 2 2 2 2
left_child=1 5 4 -4 -2 -1
right_child=2 -3 3 -5 -6 -7
leaf_value=0.42543110370635989 -3.149492685666361 -10.647631731978779 0.30669762090265601 4.8195872126168355 -0.030640696226559697 0.12167271975813242
leaf_weight=144 456 144 392 614 6026 144
leaf_count=144 456 144 392 614 6026 144
internal_value=-0.000503457 -3.38239 0.195031 3.06314 -0.2505 0.274498
internal_weight=7920 432 7488 1006 6482 288
internal_count=7920 432 7488 1006 6482 288
is_linear=0
shrinkage=0.05


Tree=47
num_leaves=7
num_cat=0
split_feature=3 0 2 7 2 5
split_gain=1.89246e+06 4.15702e+06 3.45554e+06 1.75979e+06 1.51529e+06 2389.54
threshold=-146.11563298611142 2349.5668000000005 3.6966214285712504 0.25881904510252068 -226.84627857142843 0.49999999999999978
decision_type=2 2 2 2 2 2
left_child=1 5 4 -4 -2 -1
right_child=2 -3 3 -5 -6 -7
leaf_value=0.40430625370864209 -2.3079852853453979 -10.118921611062412 0.29140176949003577 4.5789996895290974 0.04428029278756139 0.11563104432204674
leaf_weight=144 777 144 392 614 5705 144
leaf_count=144 777 144 392 614 5705 144
internal_value=-0.000529759 -3.21444 0.185293 2.91023 -0.237999 0.260868
internal_weight=7920 432 7488 1006 6482 288
internal_count=7920 432 7488 1006 6482 288
is_linear=0
shrinkage=0.05


Tree=48
num_leaves=5
num_cat=0
split_feature=1 3 2 5
split_gain=1.72397e+06 2.19081e+06 1.503e+06 1.00852e+06
threshold=-340.24369999999993 -75.113009722222259 -523.74536428571434 -0.91509365977396839
decision_type=2 2 2 2
left_child=1 -1 -2 -4
right_child=2 -3 3 -5
leaf_value=6.1943939644315469 -4.4938708830963483 -0.2979066272865642 1.79414825282353 -0.26499977523088231
leaf_weight=246 197 274 653 6550
leaf_count=246 197 274 653 6550
internal_value=-0.000547408 2.77945 -0.196247 -0.0781011
internal_weight=7920 520 7400 7203
internal_count=7920 520 7400 7203
is_linear=0
shrinkage=0.05


Tree=49
num_leaves=6
num_cat=0
split_feature=3 5 1 3 2
split_gain=1.76301e+06 3.90274e+06 3.04472e+06 4.90747e+06 1.61467e+06
threshold=-146.11563298611142 -0.48087430661751701 -263.24854999999974 -75.113009722222259 -226.84627857142843
decision_type=2 2 2 2 2
left_child=1 -1 3 -2 -4
right_child=2 -3 4 -5 -6
leaf_value=-9.6897966694992945 9.8132483216432433 0.31709451077284512 -2.2785764105520352 0.14604945120190371 0.15974801879261044
leaf_weight=147 207 285 762 356 6163
leaf_count=147 207 285 762 356 6163
internal_value=-0.000501526 -3.10254 0.178853 3.71152 -0.108846
internal_weight=7920 432 7488 563 6925
internal_count=7920 432 7488 563 6925
is_linear=0
shrinkage=0.05


Tree=50
num_leaves=7
num_cat=0
split_feature=0 5 3 2 1 1
split_gain=1.62283e+06 3.61074e+06 2.35947e+06 2.20357e+06 1.74948e+06 772528
threshold=6420.9409000000005 -0.94670478576706751 71.982794444444281 198.86826428571388 -32.781649999999892 149.50230000000008
decision_type=2 2 2 2 2 2
left_child=1 3 4 -1 -2 -3
right_child=2 5 -4 -5 -6 -7
leaf_value=1.7560018110821265 -1.3442231745136028 0.078326165787062946 1.7002594443711829 9.1063299845726728 -8.8070879260001824 -1.7559062140773858
leaf_weight=261 146 6359 187 167 170 630
leaf_count=261 146 6359 187 167 170 630
internal_value=-0.000486121 0.186049 -2.74596 4.63855 -5.37417 -0.0872421
internal_weight=7920 7417 503 428 316 6989
internal_count=7920 7417 503 428 316 6989
is_linear=0
shrinkage=0.05


Tree=51
num_leaves=7
num_cat=0
split_feature=3 0 2 7 2 5
split_gain=1.59602e+06 3.53178e+06 2.64812e+06 1.47939e+06 1.1827e+06 2483.58
threshold=-146.11563298611142 2349.5668000000005 0.42363571428597419 0.25881904510252068 -523.74536428571434 0.49999999999999978
decision_type=2 2 2 2 2 2
left_child=1 5 4 -4 -2 -1
right_child=2 -3 3 -5 -6 -7
leaf_value=0.39753752757249211 -4.0086511320205194 -9.3160298043489469 0.30489468623540905 4.0623539865595628 -0.092825225352537732 0.10341328851107895
leaf_weight=144 198 144 455 617 6218 144
leaf_count=144 198 144 455 617 6218 144
internal_value=-0.000457185 -2.95193 0.170192 2.46931 -0.214275 0.251342
internal_weight=7920 432 7488 1072 6416 288
internal_count=7920 432 7488 1072 6416 288
is_linear=0
shrinkage=0.05


Tree=52
num_leaves=6
num_cat=0
split_feature=3 5 1 3 2
split_gain=1.44139e+06 3.19564e+06 2.43079e+06 5.3619e+06 1.25233e+06
threshold=-146.11563298611142 -0.48087430661751701 -180.64239999999992 -87.099058333333446 -351.04435714285677
decision_type=2 2 2 2 2
left_child=1 -1 3 -2 -4
right_child=2 -3 4 -5 -6
leaf_value=-8.7660792313314779 10.796068809908558 0.28902745139296659 -2.6911226524106628 0.593724448663286 0.044801710530470024
leaf_weight=147 165 285 447 575 6301
leaf_count=147 165 285 447 575 6301
internal_value=-0.000488289 -2.80535 0.161684 2.88007 -0.136803
internal_weight=7920 432 7488 740 6748
internal_count=7920 432 7488 740 6748
is_linear=0
shrinkage=0.05


Tree=53
num_leaves=7
num_cat=0
split_feature=0 5 3 2 1 1
split_gain=1.37518e+06 3.09163e+06 2.22729e+06 1.88488e+06 1.43768e+06 646699
threshold=6420.9409000000005 -0.94670478576706751 71.982794444444281 198.86826428571388 -32.781649999999892 149.50230000000008
decision_type=2 2 2 2 2 2
left_child=1 3 4 -1 -2 -3
right_child=2 5 -4 -5 -6 -7
leaf_value=1.6253007707250029 -1.4264931884752652 0.069852608214205705 1.7915379905954323 8.423381883473624 -8.1936636701661936 -1.6083657948474404
leaf_weight=261 146 6359 187 167 170 630
leaf_count=261 146 6359 187 167 170 630
internal_value=-0.000462204 0.171251 -2.52778 4.29127 -5.08142 -0.0816332
internal_weight=7920 7417 503 428 316 6989
internal_count=7920 7417 503 428 316 6989
is_linear=0
shrinkage=0.05


Tree=54
num_leaves=7
num_cat=0
split_feature=3 0 2 4 2 5
split_gain=1.30458e+06 2.8924e+06 2.11489e+06 1.28923e+06 966584 2544.68
threshold=-146.11563298611142 2349.5668000000005 0.42363571428597419 0.15208718494349097 -523.74536428571434 0.49999999999999978
decision_type=2 2 2 2 2 2
left_child=1 5 4 -4 -2 -1
right_child=2 -3 3 -5 -6 -7
leaf_value=0.37790450708619483 -3.6199641939084133 -8.4281601430629873 3.836627951630375 0.36275870448185343 -0.079941916716283409 0.080458036620041418
leaf_weight=144 198 144 569 503 6218 144
leaf_count=144 198 144 569 503 6218 144
internal_value=-0.000434792 -2.66887 0.153849 2.20849 -0.189735 0.229974
internal_weight=7920 432 7488 1072 6416 288
internal_count=7920 432 7488 1072 6416 288
is_linear=0
shrinkage=0.05


Tree=55
num_leaves=7
num_cat=0
split_feature=0 5 3 2 1 1
split_gain=1.19306e+06 2.97955e+06 2.30286e+06 2.1705e+06 1.09928e+06 623377
threshold=6313.9125000000013 -0.91509365977396839 71.982794444444281 254.62502142857173 81.995300000000029 296.21249999999992
decision_type=2 2 2 2 2 2
left_child=1 3 4 -1 -2 -3
right_child=2 5 -4 -5 -6 -7
leaf_value=1.7359141499016968 -2.1172992937045523 -0.006694249131870552 2.0317560290127266 8.7685085703800265 -7.6674212242350173 -2.2672184383124114
leaf_weight=384 201 6498 204 153 161 319
leaf_count=384 201 6498 204 153 161 319
internal_value=-0.000460203 0.169906 -2.21042 3.75219 -4.60005 -0.112792
internal_weight=7920 7354 566 537 362 6817
internal_count=7920 7354 566 537 362 6817
is_linear=0
shrinkage=0.05


Tree=56
num_leaves=6
num_cat=0
split_feature=3 5 1 3 2
split_gain=1.18578e+06 2.63203e+06 1.83925e+06 3.95387e+06 998881
threshold=-146.11563298611142 -0.48087430661751701 -263.24854999999974 -75.113009722222259 -226.84627857142843
decision_type=2 2 2 2 2
left_child=1 -1 3 -2 -4
right_child=2 -3 4 -5 -6
leaf_value=-7.9540635864627935 8.3692631927820358 0.26380456545865621 -1.7835088340143235 -0.30680703436981899 0.13430480745281526
leaf_weight=147 207 285 762 356 6163
leaf_count=147 207 285 762 356 6163
internal_value=-0.000434172 -2.54446 0.146657 2.89233 -0.076951
internal_weight=7920 432 7488 563 6925
internal_count=7920 432 7488 563 6925
is_linear=0
shrinkage=0.05


Tree=57
num_leaves=7
num_cat=0
split_feature=3 0 1 3 2 5
split_gain=1.07094e+06 2.38259e+06 1.697e+06 4.54075e+06 925153 2537.34
threshold=-146.11563298611142 2349.5668000000005 -91.163300000000149 -87.099058333333446 -382.72421428571437 0.49999999999999978
decision_type=2 2 2 2 2 2
left_child=1 5 3 -2 -4 -1
right_child=2 -3 4 -5 -6 -7
leaf_value=0.36054146803658588 9.2052193654762515 -7.6452730330105485 -2.5503333066454981 0.45455854654535371 -0.0047562524372465652 0.06369601940286572
leaf_weight=144 181 144 378 800 6129 144
leaf_count=144 181 144 378 800 6129 144
internal_value=-0.000420526 -2.41813 0.139367 2.07683 -0.153001 0.212853
internal_weight=7920 432 7488 981 6507 288
internal_count=7920 432 7488 981 6507 288
is_linear=0
shrinkage=0.05


Tree=58
num_leaves=7
num_cat=0
split_feature=0 5 3 2 1 1
split_gain=1.01723e+06 2.43569e+06 1.92062e+06 1.42733e+06 1.0476e+06 483959
threshold=6420.9409000000005 -0.94670478576706751 71.982794444444281 198.86826428571388 81.995300000000029 -340.24369999999993
decision_type=2 2 2 2 2 2
left_child=1 3 4 -1 -2 -3
right_child=2 5 -4 -5 -6 -7
leaf_value=1.4839457581630191 -1.8935986846513142 1.9118806034027767 1.8362292916058227 7.4000804600261505 -7.6782350745694394 -0.16417334866010613
leaf_weight=261 172 292 187 167 144 6697
leaf_count=261 172 292 187 167 144 6697
internal_value=-0.000400242 0.147284 -2.17406 3.80421 -4.54554 -0.0771748
internal_weight=7920 7417 503 428 316 6989
internal_count=7920 7417 503 428 316 6989
is_linear=0
shrinkage=0.05


Tree=59
num_leaves=6
num_cat=0
split_feature=3 5 2 3 1
split_gain=972786 2.17942e+06 1.45609e+06 1.45024e+06 740466
threshold=-146.11563298611142 -0.48087430661751701 0.42363571428597419 30.043188541667067 -180.64239999999992
decision_type=2 2 2 2 2
left_child=1 -1 4 -4 -2
right_child=2 -3 3 -5 -6
leaf_value=-7.2271679895955163 3.113578547895528 0.25078570853814591 0.66243917491478632 4.7152073525012117 -0.24052427539075341
leaf_weight=147 168 285 762 310 6248
leaf_count=147 168 285 762 310 6248
internal_value=-0.000361949 -2.30461 0.132865 1.83772 -0.152227
internal_weight=7920 432 7488 1072 6416
internal_count=7920 432 7488 1072 6416
is_linear=0
shrinkage=0.05


Tree=60
num_leaves=7
num_cat=0
split_feature=0 5 3 2 1 1
split_gain=930614 2.39422e+06 1.98908e+06 1.72985e+06 776753 501708
threshold=6313.9125000000013 -0.91509365977396839 71.982794444444281 254.62502142857173 81.995300000000029 296.21249999999992
decision_type=2 2 2 2 2 2
left_child=1 3 4 -1 -2 -3
right_child=2 5 -4 -5 -6 -7
leaf_value=1.5612814036901896 -2.0839703740459856 -0.0081006446464643844 1.9900991350266992 7.8395988276929831 -6.7523087136539424 -2.0360612240619957
leaf_weight=384 201 6498 204 153 161 319
leaf_count=384 201 6498 204 153 161 319
internal_value=-0.000335794 0.15013 -1.95214 3.36132 -4.1731 -0.103283
internal_weight=7920 7354 566 537 362 6817
internal_count=7920 7354 566 537 362 6817
is_linear=0
shrinkage=0.05


Tree=61
num_leaves=7
num_cat=0
split_feature=3 0 1 3 2 5
split_gain=884244 1.98603e+06 1.25456e+06 4.17027e+06 732747 2506.97
threshold=-146.11563298611142 2349.5668000000005 -7.5749999999999877 -75.113009722222259 -523.74536428571434 0.49999999999999978
decision_type=2 2 2 2 2 2
left_child=1 5 3 -2 -4 -1
right_child=2 -3 4 -5 -6 -7
leaf_value=0.351633227941548 6.4518282156299662 -6.9695535817639582 -3.2091625748134649 -0.052726615546542469 -0.078693109040389023 0.056634669468320659
leaf_weight=144 323 144 192 1029 5944 144
leaf_count=144 323 144 192 1029 5944 144
internal_value=-0.000315794 -2.1972 0.126704 1.50487 -0.177155 0.20484
internal_weight=7920 432 7488 1352 6136 288
internal_count=7920 432 7488 1352 6136 288
is_linear=0
shrinkage=0.05


Tree=62
num_leaves=5
num_cat=0
split_feature=1 3 0 2
split_gain=815400 878353 2.9762e+06 1.51988e+06
threshold=-531.44385 -127.27932847222233 2349.5668000000005 3.6966214285712504
decision_type=2 2 2 2
left_child=-1 2 -2 -3
right_child=1 3 -4 -5
leaf_value=2.7479552554216422 0.006086702051760315 -0.19511820319649642 -8.1679382575791468 2.1363940393417278
leaf_weight=260 480 6250 144 786
leaf_count=260 480 6250 144 786
internal_value=-0.000321778 -0.0939519 -1.89028 0.0656044
internal_weight=7920 7660 624 7036
internal_count=7920 7660 624 7036
is_linear=0
shrinkage=0.05


Tree=63
num_leaves=7
num_cat=0
split_feature=0 5 3 2 2 1
split_gain=811566 2.04819e+06 1.83579e+06 1.48877e+06 741700 431507
threshold=6313.9125000000013 -0.91509365977396839 71.982794444444281 254.62502142857173 -124.59758571428596 296.21249999999992
decision_type=2 2 2 2 2 2
left_child=1 3 4 -1 -2 -3
right_child=2 5 -4 -5 -6 -7
leaf_value=1.4403973625851918 -2.059051420023275 -0.0059295985720745599 1.9640909152568842 7.2647773564635933 -6.6684372793008029 -1.8866645507514477
leaf_weight=384 214 6498 204 153 148 319
leaf_count=384 214 6498 204 153 148 319
internal_value=-0.000327609 0.140185 -1.82302 3.11028 -3.95673 -0.094202
internal_weight=7920 7354 566 537 362 6817
internal_count=7920 7354 566 537 362 6817
is_linear=0
shrinkage=0.05


Tree=64
num_leaves=7
num_cat=0
split_feature=3 3 5 3 3 1
split_gain=752629 1.74827e+06 1.02037e+06 4.89005e+06 684478 536165
threshold=-146.11563298611142 -154.52268229166688 -0.91509365977396839 -75.113009722222259 -175.07053298611103 296.21249999999992
decision_type=2 2 2 2 2 2
left_child=1 4 3 -2 -1 -4
right_child=2 -3 5 -5 -6 -7
leaf_value=-2.2035013518045687 9.8314766340006425 -6.5047039617649451 -0.0017954061190320802 0.10888423668699097 2.6548300453603013 -2.0029300718994465
leaf_weight=144 152 144 6147 836 144 353
leaf_count=144 152 144 6147 836 144 353
internal_value=-0.000310918 -2.02711 0.116875 1.6131 0.226445 -0.110764
internal_weight=7920 432 7488 988 288 6500
internal_count=7920 432 7488 988 288 6500
is_linear=0
shrinkage=0.05


Tree=65
num_leaves=7
num_cat=0
split_feature=0 5 3 2 1 3
split_gain=767128 1.63161e+06 1.4738e+06 953433 781648 394808
threshold=6420.9409000000005 -0.94670478576706751 71.982794444444281 198.86826428571388 81.995300000000029 33.091528125000089
decision_type=2 2 2 2 2 2
left_child=1 3 4 -1 -2 -3
right_child=2 5 -4 -5 -6 -7
leaf_value=1.2246019664419574 -1.6742950952121978 -0.33791766385462396 1.6249995211020432 6.0599473059177402 -6.6713821152983046 0.4445986153452241
leaf_weight=261 172 4469 187 167 144 2520
leaf_count=261 172 4469 187 167 144 2520
internal_value=-0.000283491 0.127967 -1.8879 3.12102 -3.96531 -0.0557452
internal_weight=7920 7417 503 428 316 6989
internal_count=7920 7417 503 428 316 6989
is_linear=0
shrinkage=0.05


Tree=66
num_leaves=7
num_cat=0
split_feature=0 3 5 2 2 0
split_gain=699479 1.66354e+06 1.59174e+06 1.34331e+06 1.19095e+06 366607
threshold=6313.9125000000013 -29.406024305555885 -0.91509365977396839 -466.12044999999983 254.62502142857173 5424.4828500000012
decision_type=2 2 2 2 2 2
left_child=2 -2 4 -3 -1 -4
right_child=1 3 5 -5 -6 -7
leaf_value=1.2550538723073998 -6.1079017975253445 -3.7510079726674199 -0.0062580401449376204 2.1495323570295315 6.4642323290372836 -1.9917877477728976
leaf_weight=384 154 152 6577 260 153 240
leaf_count=384 154 152 6577 260 153 240
internal_value=-0.000265089 -1.69242 0.130184 -0.0311774 2.74849 -0.0764427
internal_weight=7920 566 7354 412 537 6817
internal_count=7920 566 7354 412 537 6817
is_linear=0
shrinkage=0.05


Tree=67
num_leaves=6
num_cat=0
split_feature=3 5 3 5 3
split_gain=665837 1.7028e+06 945803 3.89449e+06 2.37123e+06
threshold=-146.11563298611142 -0.48087430661751701 -78.447285416666418 -0.80625269229011354 -47.619798611111143
decision_type=2 2 2 2 2
left_child=1 -1 3 -2 -4
right_child=2 -3 4 -5 -6
leaf_value=-6.2577894916405548 7.7046018162194416 0.35169575106013906 -3.1710512245445153 -0.029781205010676649 0.18720324370218322
leaf_weight=147 203 285 576 805 5904
leaf_count=147 203 285 576 805 5904
internal_value=-0.000264379 -1.90662 0.109958 1.53393 -0.111751
internal_weight=7920 432 7488 1008 6480
internal_count=7920 432 7488 1008 6480
is_linear=0
shrinkage=0.05


Tree=68
num_leaves=6
num_cat=0
split_feature=1 3 2 1 0
split_gain=659602 2.19591e+06 846310 824918 428285
threshold=296.21249999999992 117.18852326388891 344.66346428571438 546.53484999999989 6796.6171000000004
decision_type=2 2 2 2 2
left_child=2 3 4 -2 -1
right_child=1 -3 -4 -5 -6
leaf_value=-0.006483991035435727 -2.0960345749644675 1.9202593920113786 3.4417472557100668 -6.7855989341090126 2.6766782053991367
leaf_weight=6899 254 279 188 149 151
leaf_count=6899 254 279 188 149 151
internal_value=-0.000258837 -1.48559 0.139882 -3.8424 0.0513566
internal_weight=7920 682 7238 403 7050
internal_count=7920 682 7238 403 7050
is_linear=0
shrinkage=0.05


Tree=69
num_leaves=7
num_cat=0
split_feature=0 3 5 2 3 1
split_gain=660268 1.55611e+06 1.38658e+06 1.18583e+06 1.02721e+06 337751
threshold=6313.9125000000013 -29.406024305555885 -0.91509365977396839 -466.12044999999983 -40.711684027777999 -340.24369999999993
decision_type=2 2 2 2 2 2
left_child=2 -2 4 -3 -1 -4
right_child=1 3 5 -5 -6 -7
leaf_value=5.2277848946076526 -5.9148194268826515 -3.5325509053819317 1.7720786617504611 2.0113545101835353 0.77130356332206207 -0.13370879115137549
leaf_weight=216 154 152 240 260 321 6577
leaf_count=216 154 152 240 260 321 6577
internal_value=-0.000251253 -1.64429 0.126489 -0.0375709 2.57024 -0.0663634
internal_weight=7920 566 7354 412 537 6817
internal_count=7920 566 7354 412 537 6817
is_linear=0
shrinkage=0.05


Tree=70
num_leaves=6
num_cat=0
split_feature=3 5 3 5 3
split_gain=614975 1.57681e+06 837665 4.20661e+06 3.16196e+06
threshold=-146.11563298611142 -0.48087430661751701 -75.113009722222259 -0.87651811848132988 -47.619798611111143
decision_type=2 2 2 2 2
left_child=1 -1 3 -2 -4
right_child=2 -3 4 -5 -6
leaf_value=-6.0194449279759388 8.2536413584206567 0.34082439900278216 -4.2440380869919379 0.024992338239654549 0.18256541031123566
leaf_weight=147 184 285 432 968 5904
leaf_count=147 184 285 432 968 5904
internal_value=-0.000237418 -1.83234 0.105691 1.34531 -0.119871
internal_weight=7920 432 7488 1152 6336
internal_count=7920 432 7488 1152 6336
is_linear=0
shrinkage=0.05


Tree=71
num_leaves=7
num_cat=0
split_feature=0 3 5 2 2 1
split_gain=610057 1.48504e+06 1.21125e+06 718465 642471 355487
threshold=6313.9125000000013 71.982794444444281 -0.94670478576706751 -176.04321428571367 116.76211428571425 -340.24369999999993
decision_type=2 2 2 2 2 2
left_child=2 3 4 -2 -1 -4
right_child=1 -3 5 -5 -6 -7
leaf_value=0.87695449270638337 -1.3095884663122959 1.8254478678179951 1.6930620110824135 -5.7684977505983932 4.9492812836552691 -0.10404827167423461
leaf_weight=202 185 204 286 177 186 6680
leaf_count=202 185 204 286 177 186 6680
internal_value=-0.000234766 -1.58053 0.121591 -3.49966 2.83686 -0.0300327
internal_weight=7920 566 7354 362 388 6966
internal_count=7920 566 7354 362 388 6966
is_linear=0
shrinkage=0.05


Tree=72
num_leaves=7
num_cat=0
split_feature=1 3 1 5 3 2
split_gain=589525 1.95249e+06 738115 678283 1.7216e+06 180963
threshold=296.21249999999992 117.18852326388891 546.53484999999989 -0.83127174505093859 30.043188541667067 59.358335714285438
decision_type=2 2 2 2 2 2
left_child=3 2 -2 4 -1 -5
right_child=1 -3 -4 5 -6 -7
leaf_value=0.15505456805382808 -1.9748834055077797 1.807120950933812 -6.4107898285587623 -0.12673982080469556 4.9126806486338852 1.105122453467861
leaf_weight=775 254 279 149 5899 251 313
leaf_count=775 254 279 149 5899 251 313
internal_value=-0.00020938 -1.40442 -3.62677 0.132278 1.32261 -0.0645029
internal_weight=7920 682 403 7238 1026 6212
internal_count=7920 682 403 7238 1026 6212
is_linear=0
shrinkage=0.05


Tree=73
num_leaves=7
num_cat=0
split_feature=0 3 5 2 0 0
split_gain=566413 1.11076e+06 1.02876e+06 742436 597430 332030
threshold=6420.9409000000005 71.982794444444281 -0.94670478576706751 -176.04321428571367 5839.2700500000001 5424.4828500000012
decision_type=2 2 2 2 2 2
left_child=2 3 4 -2 -1 -4
right_child=1 -3 5 -5 -6 -7
leaf_value=4.8829197830624054 -1.167874424638804 1.4274452937648019 0.045234785865933824 -6.0288196380852028 1.0288647860622229 -1.4997899135468118
leaf_weight=161 170 187 6623 146 267 366
leaf_count=161 170 187 6623 146 267 366
internal_value=-0.000202273 -1.62219 0.11 -3.42569 2.48664 -0.0358781
internal_weight=7920 503 7417 316 428 6989
internal_count=7920 503 7417 316 428 6989
is_linear=0
shrinkage=0.05


Tree=74
num_leaves=7
num_cat=0
split_feature=3 3 3 5 3 3
split_gain=548433 1.50732e+06 761715 3.12326e+06 1.93474e+06 662370
threshold=-146.11563298611142 -154.52268229166688 -78.447285416666418 -0.85470842479866194 -47.619798611111143 -175.07053298611103
decision_type=2 2 2 2 2 2
left_child=1 5 3 -2 -4 -1
right_child=2 -3 4 -5 -6 -7
leaf_value=-2.0292575106949644 7.4296810396184982 -5.8879959284026055 -2.8625561716290036 0.098933037577701707 0.17090807243258591 2.7500878098093233
leaf_weight=144 175 144 576 833 5904 144
leaf_count=144 175 144 576 833 5904 144
internal_value=-0.000200447 -1.73034 0.0998333 1.37773 -0.0991333 0.361662
internal_weight=7920 432 7488 1008 6480 288
internal_count=7920 432 7488 1008 6480 288
is_linear=0
shrinkage=0.05


Tree=75
num_leaves=6
num_cat=0
split_feature=1 3 0 2 0
split_gain=539855 1.7381e+06 676089 588677 445159
threshold=296.21249999999992 117.18852326388891 5424.4828500000012 344.66346428571438 6796.6171000000004
decision_type=2 2 2 2 2
left_child=3 2 -2 4 -1
right_child=1 -3 -4 -5 -6
leaf_value=-0.0062111632272034241 -0.78741068093008115 1.6861924926298006 -5.0211993833775583 2.8803976801416233 2.7292959591275769
leaf_weight=6899 151 279 252 188 151
leaf_count=6899 151 279 252 188 151
internal_value=-0.000192507 -1.34395 -3.44072 0.126591 0.0527579
internal_weight=7920 682 403 7238 7050
internal_count=7920 682 403 7238 7050
is_linear=0
shrinkage=0.05


Tree=76
num_leaves=7
num_cat=0
split_feature=0 3 2 5 0 0
split_gain=535926 1.29103e+06 1.10596e+06 946675 855194 327288
threshold=6313.9125000000013 -29.406024305555885 -351.04435714285677 -0.91509365977396839 5683.1308500000005 5424.4828500000012
decision_type=2 2 2 2 2 2
left_child=3 -2 -3 4 -1 -5
right_child=1 2 -4 5 -6 -7
leaf_value=4.9216122351177454 -5.3711671297780939 -2.5526698605567923 2.616859214044557 0.020969359224362601 0.70573564534146005 -1.8550629668215994
leaf_weight=181 154 210 202 6577 356 240
leaf_count=181 154 210 202 6577 356 240
internal_value=-0.000173526 -1.48134 -0.0178957 0.114011 2.13324 -0.0453408
internal_weight=7920 566 412 7354 537 6817
internal_count=7920 566 412 7354 537 6817
is_linear=0
shrinkage=0.05


Tree=77
num_leaves=7
num_cat=0
split_feature=3 0 3 5 3 5
split_gain=494787 1.42151e+06 699039 3.42841e+06 2.59323e+06 2512.89
threshold=-146.11563298611142 2349.5668000000005 -75.113009722222259 -0.87651811848132988 -57.193143402777984 0.49999999999999978
decision_type=2 2 2 2 2 2
left_child=1 5 3 -2 -4 -1
right_child=2 -3 4 -5 -6 -7
leaf_value=0.53553813506816994 7.4639285905941115 -5.6811144722741229 -4.7382782425847436 0.035286102649228122 0.10987055212794161 0.23767901979643724
leaf_weight=144 184 144 288 968 6048 144
leaf_count=144 184 144 288 968 6048 144
internal_value=-0.000174414 -1.64352 0.0948409 1.22725 -0.111213 0.387946
internal_weight=7920 432 7488 1152 6336 288
internal_count=7920 432 7488 1152 6336 288
is_linear=0
shrinkage=0.05


Tree=78
num_leaves=6
num_cat=0
split_feature=0 3 1 2 5
split_gain=491242 1.17449e+06 826402 645256 587086
threshold=6313.9125000000013 71.982794444444281 -627.21644999999978 -176.04321428571367 -0.94670478576706751
decision_type=2 2 2 2 2
left_child=2 3 -1 -2 -4
right_child=1 -3 4 -5 -6
leaf_value=3.6407458808686997 -1.0507756271669944 1.6107743609823832 2.1581094832766441 -5.2748068928718572 -0.066242254733661909
leaf_weight=161 185 204 309 177 6884
leaf_count=161 185 204 309 177 6884
internal_value=-0.000178551 -1.41826 0.109142 -3.12496 0.0295991
internal_weight=7920 566 7354 362 7193
internal_count=7920 566 7354 362 7193
is_linear=0
shrinkage=0.05


Tree=79
num_leaves=6
num_cat=0
split_feature=1 3 3 2 1
split_gain=492212 3.54455e+06 1.6563e+06 627871 450865
threshold=149.50230000000008 -36.501835416666943 156.17226250000024 344.66346428571438 1.4498000000001439
decision_type=2 2 2 2 2
left_child=3 -2 -3 4 -1
right_child=1 2 -4 -5 -6
leaf_value=-0.09138280367907585 -7.7366585747220302 1.4409620193670205 -3.6290566103294566 3.0276752325006435 1.0898666703789199
leaf_weight=5743 164 680 210 184 939
leaf_count=5743 164 680 210 184 939
internal_value=-0.0001632 -1.00567 0.241935 0.154317 0.0747526
internal_weight=7920 1054 890 6866 6682
internal_count=7920 1054 890 6866 6682
is_linear=0
shrinkage=0.05


Tree=80
num_leaves=5
num_cat=0
split_feature=2 3 0 1
split_gain=464405 702410 3.19609e+06 1.67075e+06
threshold=-523.74536428571434 38.131362499999803 4947.3375000000005 149.50230000000008
decision_type=2 2 2 2
left_child=-1 3 -3 -2
right_child=1 2 -4 -5
leaf_value=-2.3850768017222235 -0.0054975318912998325 -0.021612935884922569 4.9441740767367479 -3.3397825581179497
leaf_weight=198 4886 2046 384 406
leaf_count=198 4886 2046 384 406
internal_value=-0.000192259 0.0612595 0.764815 -0.261885
internal_weight=7920 7722 2430 5292
internal_count=7920 7722 2430 5292
is_linear=0
shrinkage=0.05


Tree=81
num_leaves=7
num_cat=0
split_feature=1 3 1 0 3 3
split_gain=449369 1.65246e+06 504970 383810 1.14802e+06 34930.5
threshold=365.33315000000044 117.18852326388891 546.53484999999989 15.665600000000003 -146.11563298611142 -47.619798611111143
decision_type=2 2 2 2 2 2
left_child=3 2 -2 5 -5 -1
right_child=1 -3 -4 4 -6 -7
leaf_value=0.049722553204068654 -1.8380510338052305 1.7271803066195526 -5.8571490812698999 -3.1765230776262037 0.80201708264850069 -0.27508158832618468
leaf_weight=1106 166 243 149 193 2777 3286
leaf_count=1106 166 243 149 193 2777 3286
internal_value=-0.000187757 -1.3669 -3.75167 0.103573 0.542497 -0.193296
internal_weight=7920 558 315 7362 2970 4392
internal_count=7920 558 315 7362 2970 4392
is_linear=0
shrinkage=0.05


Tree=82
num_leaves=6
num_cat=0
split_feature=0 3 2 2 3
split_gain=446836 843262 715902 664737 438890
threshold=6420.9409000000005 71.982794444444281 344.66346428571438 -176.04321428571367 38.131362499999803
decision_type=2 2 2 2 2
left_child=2 3 4 -2 -1
right_child=1 -3 -4 -5 -6
leaf_value=-0.24789406292967275 -0.87747343471872874 1.2164014932957103 3.2213265395031296 -5.4750645353680572 0.58518535129843341
leaf_weight=4908 170 187 178 146 2331
leaf_count=4908 170 187 178 146 2331
internal_value=-0.000232449 -1.44087 0.0976487 -3.01225 0.0204061
internal_weight=7920 503 7417 316 7239
internal_count=7920 503 7417 316 7239
is_linear=0
shrinkage=0.05


Tree=83
num_leaves=7
num_cat=0
split_feature=1 3 1 5 3 2
split_gain=418538 1.37047e+06 605748 446758 1.44893e+06 150954
threshold=296.21249999999992 117.18852326388891 546.53484999999989 -0.83127174505093859 30.043188541667067 59.358335714285438
decision_type=2 2 2 2 2 2
left_child=3 2 -2 4 -1 -5
right_child=1 -3 -4 5 -6 -7
leaf_value=0.0065178415670837323 -1.5501575665497314 1.5072365518087256 -5.5666787438392644 -0.10514653838097543 4.3709555322452198 1.0199478603282552
leaf_weight=775 254 279 149 5899 251 313
leaf_count=775 254 279 149 5899 251 313
internal_value=-0.000230787 -1.18341 -3.04528 0.111402 1.07745 -0.0483021
internal_weight=7920 682 403 7238 1026 6212
internal_count=7920 682 403 7238 1026 6212
is_linear=0
shrinkage=0.05


Tree=84
num_leaves=7
num_cat=0
split_feature=0 3 3 5 2 0
split_gain=415488 954380 1.02558e+06 678523 411926 261463
threshold=6313.9125000000013 -29.406024305555885 52.534900347222681 -0.94670478576706751 116.76211428571425 5424.4828500000012
decision_type=2 2 2 2 2 2
left_child=3 -2 -3 4 -1 -5
right_child=1 2 -4 5 -6 -7
leaf_value=0.56404714108687903 -4.6488118418955038 3.138043134341574 -1.9910196290405808 0.056632078778032294 3.8238942301847083 -1.357174524015119
leaf_weight=202 154 156 256 6623 186 343
leaf_count=202 154 156 256 6623 186 343
internal_value=-0.000221243 -1.30438 -0.0460515 0.100317 2.13257 -0.0131674
internal_weight=7920 566 412 7354 388 6966
internal_count=7920 566 412 7354 388 6966
is_linear=0
shrinkage=0.05


Tree=85
num_leaves=7
num_cat=0
split_feature=3 2 3 0 1 5
split_gain=395671 2.13119e+06 1.67851e+06 5.61948e+06 1.63091e+06 211711
threshold=156.17226250000024 -351.04435714285677 117.18852326388891 3982.2735500000003 546.53484999999989 -0.27976242230339682
decision_type=2 2 2 2 2 2
left_child=2 -2 4 -4 -1 -3
right_child=1 5 3 -5 -6 -7
leaf_value=0.0057181929890397151 -6.3765237193652675 1.9374249344036496 -0.18655058102565547 11.137374428989126 -5.2679379018942516 -0.27467532173256032
leaf_weight=6475 151 144 430 146 149 425
leaf_count=6475 151 144 430 146 149 425
internal_value=-0.000212802 -1.11694 0.1116 2.69808 -0.113684 0.28757
internal_weight=7920 720 7200 576 6624 569
internal_count=7920 720 7200 576 6624 569
is_linear=0
shrinkage=0.05


Tree=86
num_leaves=7
num_cat=0
split_feature=3 3 3 5 3 3
split_gain=393268 1.32304e+06 655582 2.6053e+06 1.53611e+06 629196
threshold=-146.11563298611142 -154.52268229166688 -78.447285416666418 -0.80625269229011354 -47.619798611111143 -175.07053298611103
decision_type=2 2 2 2 2 2
left_child=1 5 3 -2 -4 -1
right_child=2 -3 4 -5 -6 -7
leaf_value=-1.8366869046770296 6.3170828126809182 -5.3605815430345212 -2.5624039257251927 -0.0089391389806239546 0.14054939575669981 2.8216157823595509
leaf_weight=144 203 144 576 805 5904 144
leaf_count=144 203 144 576 805 5904 144
internal_value=-0.000196007 -1.46529 0.0845129 1.27005 -0.100071 0.494168
internal_weight=7920 432 7488 1008 6480 288
internal_count=7920 432 7488 1008 6480 288
is_linear=0
shrinkage=0.05


Tree=87
num_leaves=6
num_cat=0
split_feature=0 3 2 2 3
split_gain=392273 727885 609795 585499 377261
threshold=6420.9409000000005 71.982794444444281 -176.04321428571367 344.66346428571438 38.131362499999803
decision_type=2 2 2 2 2
left_child=3 2 -2 4 -1
right_child=1 -3 -4 -5 -6
leaf_value=-0.22708452740594229 -0.76578993666154604 1.1188387890445426 -5.1686729426286666 2.9164172874482652 0.54529295747684947
leaf_weight=4908 170 187 146 178 2331
leaf_count=4908 170 187 146 178 2331
internal_value=-0.000189292 -1.35001 -2.80992 0.0915212 0.0216665
internal_weight=7920 503 316 7417 7239
internal_count=7920 503 316 7417 7239
is_linear=0
shrinkage=0.05


Tree=88
num_leaves=7
num_cat=0
split_feature=3 2 3 0 1 5
split_gain=383136 1.93101e+06 1.46554e+06 5.06344e+06 1.47833e+06 190370
threshold=156.17226250000024 -351.04435714285677 117.18852326388891 3982.2735500000003 546.53484999999989 -0.27976242230339682
decision_type=2 2 2 2 2 2
left_child=2 -2 4 -4 -1 -3
right_child=1 5 3 -5 -6 -7
leaf_value=0.013008581862829216 -6.1055588810067434 1.8024196589404138 -0.21145724589891057 10.537554710495229 -5.0079095914761229 -0.2951854185878951
leaf_weight=6475 151 144 430 146 149 425
leaf_count=6475 151 144 430 146 149 425
internal_value=-0.000189809 -1.09909 0.109837 2.52666 -0.100671 0.237898
internal_weight=7920 720 7200 576 6624 569
internal_count=7920 720 7200 576 6624 569
is_linear=0
shrinkage=0.05


Tree=89
num_leaves=5
num_cat=0
split_feature=3 3 2 3
split_gain=372210 889424 2.51023e+06 1.32363e+06
threshold=201.71815798611138 156.17226250000024 -267.94487857142877 117.18852326388891
decision_type=2 2 2 2
left_child=1 3 -3 -1
right_child=-2 2 -4 -5
leaf_value=-0.09567478604105846 2.509794046580792 -7.5506510115958552 0.0012217057920819105 2.401221212078422
leaf_weight=6624 144 147 429 576
leaf_count=6624 144 147 429 576
internal_value=-0.000175697 -0.0469734 -1.93582 0.104383
internal_weight=7920 7776 576 7200
internal_count=7920 7776 576 7200
is_linear=0
shrinkage=0.05


Tree=90
num_leaves=7
num_cat=0
split_feature=0 3 1 5 0 0
split_gain=348054 638810 564040 548424 545268 281180
threshold=6420.9409000000005 71.982794444444281 -32.781649999999892 -0.94670478576706751 6060.0000000000009 5424.4828500000012
decision_type=2 2 2 2 2 2
left_child=3 2 -2 4 -1 -5
right_child=1 -3 -4 5 -6 -7
leaf_value=0.45856060438296375 -0.35425367590521473 1.0412330931656935 -4.5882310257320524 0.054333724131667649 4.1561855922771409 -1.3674666373703721
leaf_weight=271 146 187 170 6623 157 366
leaf_count=271 146 187 170 6623 157 366
internal_value=-0.000184173 -1.27165 -2.63931 0.0862028 1.82146 -0.0203081
internal_weight=7920 503 316 7417 428 6989
internal_count=7920 503 316 7417 428 6989
is_linear=0
shrinkage=0.05


Tree=91
num_leaves=7
num_cat=0
split_feature=3 0 3 5 3 5
split_gain=344363 1.21321e+06 629190 2.84658e+06 2.0507e+06 3343.12
threshold=-146.11563298611142 2349.5668000000005 -75.113009722222259 -0.87651811848132988 -47.619798611111143 0.49999999999999978
decision_type=2 2 2 2 2 2
left_child=1 5 3 -2 -4 -1
right_child=2 -3 4 -5 -6 -7
leaf_value=0.67570480235691732 6.8363184335102902 -5.1012936136640352 -3.4377046564985374 0.067275225575648107 0.12716509207559532 0.33104958895979258
leaf_weight=144 184 144 432 968 5904 144
leaf_count=144 184 144 432 968 5904 144
internal_value=-0.000178744 -1.37115 0.0790883 1.15343 -0.116398 0.505119
internal_weight=7920 432 7488 1152 6336 288
internal_count=7920 432 7488 1152 6336 288
is_linear=0
shrinkage=0.05


Tree=92
num_leaves=5
num_cat=0
split_feature=3 3 2 3
split_gain=332683 814857 2.26959e+06 1.17684e+06
threshold=201.71815798611138 156.17226250000024 -267.94487857142877 117.18852326388891
decision_type=2 2 2 2
left_child=1 3 -3 -1
right_child=-2 2 -4 -5
leaf_value=-0.088182275636123394 2.3727831373132511 -7.1912736995800124 -0.010467197174249694 2.2661929072576545
leaf_weight=6624 144 147 429 576
leaf_count=6624 144 147 429 576
internal_value=-0.000172973 -0.0444161 -1.85236 0.100456
internal_weight=7920 7776 576 7200
internal_count=7920 7776 576 7200
is_linear=0
shrinkage=0.05


Tree=93
num_leaves=6
num_cat=0
split_feature=0 3 3 1 5
split_gain=316897 840071 1.05029e+06 567045 370260
threshold=6313.9125000000013 -29.406024305555885 52.534900347222681 -627.21644999999978 -0.94670478576706751
decision_type=2 2 2 2 2
left_child=3 -2 -3 -1 -5
right_child=1 2 -4 4 -6
leaf_value=3.0130205988883976 -4.2769064582547838 3.2632351571966889 -1.9272563842715922 1.7120904316825252 -0.054378228460721934
leaf_weight=161 154 156 256 309 6884
leaf_count=161 154 156 256 309 6884
internal_value=-0.000181064 -1.13915 0.041218 0.0876225 0.0217339
internal_weight=7920 566 412 7354 7193
internal_count=7920 566 412 7354 7193
is_linear=0
shrinkage=0.05


Tree=94
num_leaves=7
num_cat=0
split_feature=3 3 3 3 5 3
split_gain=310194 1.1727e+06 580222 574955 2.57633e+06 1.83459e+06
threshold=-146.11563298611142 -154.52268229166688 -175.07053298611103 -75.113009722222259 -0.85470842479866194 -57.193143402777984
decision_type=2 2 2 2 2 2
left_child=1 2 -1 4 -2 -5
right_child=3 -3 -4 5 -6 -7
leaf_value=-1.6954064883034805 6.2457783356827887 -4.9687082376973386 2.7780403832731579 -4.003636842404064 0.016038341512527331 0.074156033530816554
leaf_weight=144 200 144 144 288 952 6048
leaf_count=144 200 144 144 288 952 6048
internal_value=-0.00016109 -1.30134 0.54319 0.0750707 1.10207 -0.111801
internal_weight=7920 432 288 7488 1152 6336
internal_count=7920 432 288 7488 1152 6336
is_linear=0
shrinkage=0.05


Tree=95
num_leaves=7
num_cat=0
split_feature=1 3 3 0 3 3
split_gain=306116 2.87666e+06 1.19046e+06 432059 835590 88007.8
threshold=149.50230000000008 -36.501835416666943 28.855384027777976 71.358000000000018 38.131362499999803 -47.619798611111143
decision_type=2 2 2 2 2 2
left_child=3 -2 -3 5 -5 -1
right_child=1 2 -4 4 -6 -7
leaf_value=0.21139939176075431 -6.8569235487056508 4.0146010638129983 -0.57531387605210094 0.17090071636821247 2.4293430215292693 -0.29950756470425405
leaf_weight=1128 164 175 715 1889 522 3327
leaf_count=1128 164 175 715 1889 522 3327
internal_value=-0.000162838 -0.793125 0.33069 0.121663 0.660675 -0.170128
internal_weight=7920 1054 890 6866 2411 4455
internal_count=7920 1054 890 6866 2411 4455
is_linear=0
shrinkage=0.05


Tree=96
num_leaves=5
num_cat=0
split_feature=3 3 2 3
split_gain=302077 726979 2.01408e+06 1.06558e+06
threshold=201.71815798611138 156.17226250000024 -267.94487857142877 117.18852326388891
decision_type=2 2 2 2
left_child=1 3 -3 -1
right_child=-2 2 -4 -5
leaf_value=-0.084981714469222536 2.2610121516523694 -6.7794167318859628 -0.014862681557965836 2.1553398944657021
leaf_weight=6624 144 147 429 576
leaf_count=6624 144 147 429 576
internal_value=-0.00016041 -0.0423193 -1.74999 0.0945184
internal_weight=7920 7776 576 7200
internal_count=7920 7776 576 7200
is_linear=0
shrinkage=0.05


Tree=97
num_leaves=6
num_cat=0
split_feature=0 3 0 1 0
split_gain=287124 832536 603690 478663 319681
threshold=6313.9125000000013 71.982794444444281 6796.6171000000004 -627.21644999999978 6060.0000000000009
decision_type=2 2 2 2 2
left_child=3 2 -2 -1 -5
right_child=1 -3 -4 4 -6
leaf_value=2.7711745778351657 -4.6822079318047267 1.4655775146949583 -0.59373442626370054 -0.02990621032785348 2.1275910189205951
leaf_weight=161 170 204 192 7018 175
leaf_count=161 170 204 192 7018 175
internal_value=-0.000167946 -1.08431 -2.52135 0.0834092 0.0228724
internal_weight=7920 566 362 7354 7193
internal_count=7920 566 362 7354 7193
is_linear=0
shrinkage=0.05


Tree=98
num_leaves=7
num_cat=0
split_feature=3 0 3 5 3 5
split_gain=279592 1.10104e+06 531390 2.33393e+06 1.6533e+06 3176.16
threshold=-146.11563298611142 2349.5668000000005 -75.113009722222259 -0.87651811848132988 -47.619798611111143 0.49999999999999978
decision_type=2 2 2 2 2 2
left_child=1 5 3 -2 -4 -1
right_child=2 -3 4 -5 -6 -7
leaf_value=0.71842335088499665 6.2043788763055128 -4.7890499451242645 -3.0905642462382419 0.075077967978129698 0.11031446326360782 0.38121905096646014
leaf_weight=144 184 144 432 968 5904 144
leaf_count=144 184 144 432 968 5904 144
internal_value=-0.000152868 -1.23548 0.0712716 1.0586 -0.108381 0.551724
internal_weight=7920 432 7488 1152 6336 288
internal_count=7920 432 7488 1152 6336 288
is_linear=0
shrinkage=0.05


Tree=99
num_leaves=6
num_cat=0
split_feature=0 3 2 2 3
split_gain=270060 584714 567318 401402 252773
threshold=6420.9409000000005 71.982794444444281 -176.04321428571367 344.66346428571438 38.131362499999803
decision_type=2 2 2 2 2
left_child=3 2 -2 4 -1
right_child=1 -3 -4 -5 -6
leaf_value=-0.18550669364966976 -0.4589240782267866 1.0922946222285008 -4.7035431347533958 2.4149408671526271 0.4467211429381146
leaf_weight=4908 170 187 146 178 2331
leaf_count=4908 170 187 146 178 2331
internal_value=-0.000147672 -1.12013 -2.4287 0.0759471 0.0181079
internal_weight=7920 503 316 7417 7239
internal_count=7920 503 316 7417 7239
is_linear=0
shrinkage=0.05


end of trees

feature_importances:
Column_2=173
Column_3=171
Column_1=87
Column_0=63
Column_5=51
Column_7=5
Column_4=1

parameters:
[boosting: gbdt]
[objective: regression]
[metric: l2]
[tree_learner: serial]
[device_type: cpu]
[data_sample_strategy: bagging]
[data: ]
[valid: ]
[num_iterations: 100]
[learning_rate: 0.05]
[num_leaves: 7]
[num_threads: 1]
[seed: 20250911]
[deterministic: 1]
[force_col_wise: 1]
[force_row_wise: 0]
[histogram_pool_size: -1]
[max_depth: 3]
[min_data_in_leaf: 144]
[min_sum_hessian_in_leaf: 0.001]
[bagging_fraction: 1]
[pos_bagging_fraction: 1]
[neg_bagging_fraction: 1]
[bagging_freq: 0]
[bagging_seed: 20250911]
[bagging_by_query: 0]
[feature_fraction: 1]
[feature_fraction_bynode: 1]
[feature_fraction_seed: 20250911]
[extra_trees: 0]
[extra_seed: 26685]
[early_stopping_round: 0]
[early_stopping_min_delta: 0]
[first_metric_only: 0]
[max_delta_step: 0]
[lambda_l1: 0]
[lambda_l2: 1]
[linear_lambda: 0]
[min_gain_to_split: 0]
[drop_rate: 0.1]
[max_drop: 50]
[skip_drop: 0.5]
[xgboost_dart_mode: 0]
[uniform_drop: 0]
[drop_seed: 2504]
[top_rate: 0.2]
[other_rate: 0.1]
[min_data_per_group: 100]
[max_cat_threshold: 32]
[cat_l2: 10]
[cat_smooth: 10]
[max_cat_to_onehot: 4]
[top_k: 20]
[monotone_constraints: ]
[monotone_constraints_method: basic]
[monotone_penalty: 0]
[feature_contri: ]
[forcedsplits_filename: ]
[refit_decay_rate: 0.9]
[cegb_tradeoff: 1]
[cegb_penalty_split: 0]
[cegb_penalty_feature_lazy: ]
[cegb_penalty_feature_coupled: ]
[path_smooth: 0]
[interaction_constraints: ]
[verbosity: -1]
[saved_feature_importance_type: 0]
[use_quantized_grad: 0]
[num_grad_quant_bins: 4]
[quant_train_renew_leaf: 0]
[stochastic_rounding: 1]
[linear_tree: 0]
[max_bin: 63]
[max_bin_by_feature: ]
[min_data_in_bin: 3]
[bin_construct_sample_cnt: 200000]
[data_random_seed: 20250911]
[is_enable_sparse: 1]
[enable_bundle: 1]
[use_missing: 1]
[zero_as_missing: 0]
[feature_pre_filter: 0]
[pre_partition: 0]
[two_round: 0]
[header: 0]
[label_column: ]
[weight_column: ]
[group_column: ]
[ignore_column: ]
[categorical_feature: ]
[forcedbins_filename: ]
[precise_float_parser: 0]
[parser_config_file: ]
[objective_seed: 19683]
[num_class: 1]
[is_unbalance: 0]
[scale_pos_weight: 1]
[sigmoid: 1]
[boost_from_average: 1]
[reg_sqrt: 0]
[alpha: 0.9]
[fair_c: 1]
[poisson_max_delta_step: 0.7]
[tweedie_variance_power: 1.5]
[lambdarank_truncation_level: 30]
[lambdarank_norm: 1]
[label_gain: ]
[lambdarank_position_bias_regularization: 0]
[eval_at: ]
[multi_error_top_k: 1]
[auc_mu_weights: ]
[num_machines: 1]
[local_listen_port: 12400]
[time_out: 120]
[machine_list_filename: ]
[machines: ]
[gpu_platform_id: -1]
[gpu_device_id: -1]
[gpu_device_id_list: ]
[gpu_use_dp: 0]
[num_gpu: 1]

end of parameters

pandas_categorical:null
