tree
version=v4
num_class=1
num_tree_per_iteration=1
label_index=0
max_feature_idx=7
objective=regression
feature_names=Column_0 Column_1 Column_2 Column_3 Column_4 Column_5 Column_6 Column_7
feature_infos=[0:10003.9125] [-2342.6018999999997:2306.8288999999995] [-1728.3250999999982:1456.323342857143] [-270.36550625000018:364.15612430555529] [-1:1] [-1:1] [-1:1] [-1:1]
tree_sizes=747 760 755 761 758 759 761 760 762 760 765 763 766 761 761 758 758 760 762 680 758 759 674 762 680 677 767 676 761 672 764 676 763 765 595 675 764 600 676 600 764 768 676 600 765 767 601 761 676 684 599 600 767 677 680 594 771 686 598 775 596 771 596 776 770 769 511 765 687 779 599 773 684 776 600 680 687 781 593 764 770 683 773 770 759 776 757 684 593 781 594 770 760 765 679 775 595 763 762 759

Tree=0
num_leaves=7
num_cat=0
split_feature=2 2 2 2 0 4
split_gain=2.18243e+08 1.12649e+08 2.53684e+07 1.94159e+07 1.72347e+07 1.22403e+07
threshold=165.69375000000016 -384.14196428571444 338.09665000000115 -111.09246428571417 8198.1926500000027 0.40265084705289472
decision_type=2 2 2 2 2 2
left_child=1 4 -2 -3 -1 -4
right_child=2 3 5 -5 -6 -7
leaf_value=-9.1719242352077686 20.321080625142987 -1.298626533078564 41.86330002025268 6.5793259251365024 -24.942896935622699 24.770094680207283
leaf_weight=469 492 913 334 5420 278 158
leaf_count=469 492 913 334 5420 278 158
internal_value=6.34254 3.27506 28.3942 5.44257 -15.0752 36.4225
internal_weight=8064 7080 984 6333 747 492
internal_count=8064 7080 984 6333 747 492
is_linear=0
shrinkage=1


Tree=1
num_leaves=7
num_cat=0
split_feature=2 2 2 2 0 4
split_gain=1.97245e+08 1.01101e+08 2.6771e+07 2.26039e+07 1.12592e+07 1.10461e+07
threshold=142.30028571428525 -474.17835000000008 338.09665000000115 -111.09246428571417 8448.472200000002 0.40265084705289472
decision_type=2 2 2 2 2 2
left_child=1 4 -2 -3 -1 -4
right_child=2 3 5 -5 -6 -7
leaf_value=-17.918766984141744 12.654733092831529 -7.8396959595161464 33.750022430989283 0.091874260233624827 -32.709974772486859 17.51197050802363
leaf_weight=383 574 1079 334 5338 198 158
leaf_count=383 574 1079 334 5338 198 158
internal_value=8.50454e-05 -3.05279 20.0254 -1.24281 -23.007 28.5815
internal_weight=8064 6998 1066 6417 581 492
internal_count=8064 6998 1066 6417 581 492
is_linear=0
shrinkage=0.05


Tree=2
num_leaves=7
num_cat=0
split_feature=2 2 0 4 2 2
split_gain=1.78403e+08 9.40734e+07 2.08845e+07 1.70846e+07 1.19723e+07 1.1845e+07
threshold=186.8098785714283 -269.81955000000011 8198.1926500000027 0.48087430661751701 546.5144571428574 59.862799999999886
decision_type=2 2 2 2 2 2
left_child=1 2 -1 4 -2 -3
right_child=3 5 -4 -5 -6 -7
leaf_value=-11.433470242484715 20.924692093220571 -0.99310941830505295 -26.357121128891663 11.44993842304892 36.290071404166518 6.1152029856404404
leaf_weight=733 398 5427 346 313 191 656
leaf_count=733 398 5427 346 313 191 656
internal_value=0.00011516 -2.64009 -16.239 20.9434 25.9604 -0.225659
internal_weight=8064 7162 1079 902 589 6083
internal_count=8064 7162 1079 902 589 6083
is_linear=0
shrinkage=0.05


Tree=3
num_leaves=7
num_cat=0
split_feature=2 2 2 2 0 4
split_gain=1.61084e+08 8.42696e+07 2.25229e+07 1.85858e+07 9.24952e+06 9.02274e+06
threshold=142.30028571428525 -474.17835000000008 338.09665000000115 -111.09246428571417 8448.472200000002 0.40265084705289472
decision_type=2 2 2 2 2 2
left_child=1 4 -2 -3 -1 -4
right_child=2 3 5 -5 -6 -7
leaf_value=-16.36364709309613 11.337354576423765 -7.0879742846499996 30.616231972708633 0.10417529729884492 -29.771459761037303 15.938660284708133
leaf_weight=383 574 1079 334 5338 198 158
leaf_count=383 574 1079 334 5338 198 158
internal_value=0.000332584 -2.75853 18.0972 -1.10608 -20.9762 25.9446
internal_weight=8064 6998 1066 6417 581 492
internal_count=8064 6998 1066 6417 581 492
is_linear=0
shrinkage=0.05


Tree=4
num_leaves=7
num_cat=0
split_feature=2 2 2 2 3 5
split_gain=1.45854e+08 7.79947e+07 1.79818e+07 1.44986e+07 8.46423e+06 6.78466e+06
threshold=186.8098785714283 -474.17835000000008 -111.09246428571417 546.5144571428574 126.57585347222177 -0.87651811848132988
decision_type=2 2 2 2 2 2
left_child=1 4 -3 5 -1 -2
right_child=3 2 -4 -5 -6 -7
leaf_value=-24.92984655826767 22.456316471781051 -6.7339036650652133 0.32260976848430295 29.294201528495144 -12.549927448019197 11.492515076109807
leaf_weight=345 209 1079 5502 246 236 447
leaf_count=345 209 1079 5502 246 236 447
internal_value=0.000345552 -2.3869 -0.835201 18.937 -19.9314 15.0144
internal_weight=8064 7162 6581 902 581 656
internal_count=8064 7162 6581 902 581 656
is_linear=0
shrinkage=0.05


Tree=5
num_leaves=7
num_cat=0
split_feature=2 2 2 2 1 4
split_gain=1.32198e+08 6.778e+07 2.10631e+07 1.45703e+07 8.46281e+06 7.92113e+06
threshold=123.91369285714286 -474.17835000000008 338.09665000000115 -111.09246428571417 659.66539999999998 0.40265084705289472
decision_type=2 2 2 2 2 2
left_child=1 4 -2 -3 -1 -4
right_child=2 3 5 -5 -6 -7
leaf_value=-13.340760230679619 9.8169074378782941 -6.3975203055425345 27.8968640759098 -0.021166983305478202 -25.537255432910491 14.157137296334753
leaf_weight=316 656 1079 334 5256 265 158
leaf_count=316 656 1079 334 5256 265 158
internal_value=0.000448206 -2.60843 15.706 -1.10805 -18.938 23.5222
internal_weight=8064 6916 1148 6335 581 492
internal_count=8064 6916 1148 6335 581 492
is_linear=0
shrinkage=0.05


Tree=6
num_leaves=7
num_cat=0
split_feature=2 2 2 0 2 4
split_gain=1.1952e+08 6.19863e+07 1.67215e+07 1.13049e+07 9.92848e+06 7.14842e+06
threshold=142.30028571428525 -384.14196428571444 338.09665000000115 8198.1926500000027 -111.09246428571417 0.40265084705289472
decision_type=2 2 2 2 2 2
left_child=1 3 -2 -1 -3 -4
right_child=2 4 5 -5 -6 -7
leaf_value=-11.203232091589179 9.7641827448256642 -5.563375061514372 26.506184624486895 -23.965986238799218 0.076343238476010045 13.453732548119888
leaf_weight=469 574 913 334 278 5338 158
leaf_count=469 574 913 334 278 5338 158
internal_value=0.000466572 -2.37596 15.5887 -15.9786 -0.748133 22.3503
internal_weight=8064 6998 1066 747 6251 492
internal_count=8064 6998 1066 747 6251 492
is_linear=0
shrinkage=0.05


Tree=7
num_leaves=7
num_cat=0
split_feature=2 2 0 4 2 0
split_gain=1.08188e+08 5.88842e+07 1.52091e+07 1.19249e+07 1.05996e+07 6.60456e+06
threshold=208.63509999999988 -269.81955000000011 8448.472200000002 0.48087430661751701 59.862799999999886 7377.9396000000006
decision_type=2 2 2 2 2 2
left_child=1 2 -1 5 -3 -2
right_child=3 4 -4 -5 -6 -7
leaf_value=-9.3113745453606356 25.121576836561854 -0.82699103595492662 -23.110008199591388 8.7613210005419599 5.5557913080765209 12.87966269190591
leaf_weight=814 381 5427 265 279 738 160
leaf_count=814 381 5427 265 279 738 160
internal_value=0.000499432 -1.94882 -12.7185 17.2025 -0.0621436 21.5315
internal_weight=8064 7244 1079 820 6165 541
internal_count=8064 7244 1079 820 6165 541
is_linear=0
shrinkage=0.05


Tree=8
num_leaves=7
num_cat=0
split_feature=2 2 2 2 3 4
split_gain=9.77998e+07 5.1426e+07 1.60699e+07 1.06442e+07 7.72084e+06 5.91701e+06
threshold=123.91369285714286 -474.17835000000008 338.09665000000115 -111.09246428571417 101.54536909722221 0.40265084705289472
decision_type=2 2 2 2 2 2
left_child=1 4 -2 -3 -1 -4
right_child=2 3 5 -5 -6 -7
leaf_value=-21.476921056704711 8.365809498704925 -5.4574623277400525 24.11704467196963 -0.0074736320190960772 -9.7750632910851945 12.241890868300914
leaf_weight=331 656 1079 334 5256 250 158
leaf_count=331 656 1079 334 5256 250 158
internal_value=0.000592756 -2.24335 13.5091 -0.93645 -16.4671 20.336
internal_weight=8064 6916 1148 6335 581 492
internal_count=8064 6916 1148 6335 581 492
is_linear=0
shrinkage=0.05


Tree=9
num_leaves=7
num_cat=0
split_feature=2 2 2 4 1 0
split_gain=8.86239e+07 4.87871e+07 1.11814e+07 1.00673e+07 7.59415e+06 5.98159e+06
threshold=208.63509999999988 -474.17835000000008 -50.632042857143226 0.48087430661751701 659.66539999999998 7377.9396000000006
decision_type=2 2 2 2 2 2
left_child=1 4 -3 5 -1 -2
right_child=3 2 -4 -5 -6 -7
leaf_value=-10.358688826938909 22.961072628114238 -4.500962747580691 0.51090790577787415 7.8152738139991245 -21.889259426217333 11.325111551758667
leaf_weight=316 381 1411 5252 279 265 160
leaf_count=316 381 1411 5252 279 265 160
internal_value=0.000612751 -1.76367 -0.550954 15.5697 -15.6465 19.547
internal_weight=8064 7244 6663 820 581 541
internal_count=8064 7244 6663 820 581 541
is_linear=0
shrinkage=0.05


Tree=10
num_leaves=7
num_cat=0
split_feature=2 2 2 2 2 4
split_gain=8.07344e+07 4.13318e+07 1.48291e+07 8.45567e+06 7.27961e+06 4.89382e+06
threshold=106.01176428571445 -474.17835000000008 338.09665000000115 -111.09246428571417 -839.37559285714303 0.40265084705289472
decision_type=2 2 2 2 2 2
left_child=1 4 -2 -3 -1 -4
right_child=2 3 5 -5 -6 -7
leaf_value=-23.71287690690178 7.2893999322129766 -4.9600023076607407 21.945572980766869 -0.09593373917597503 -11.280040714674845 11.145668327396022
leaf_weight=166 738 1079 334 5174 415 158
leaf_count=166 738 1079 334 5174 415 158
internal_value=0.000618449 -2.12228 11.7878 -0.935923 -14.8669 18.507
internal_weight=8064 6834 1230 6253 581 492
internal_count=8064 6834 1230 6253 581 492
is_linear=0
shrinkage=0.05


Tree=11
num_leaves=7
num_cat=0
split_feature=2 2 2 1 3 7
split_gain=7.31694e+07 3.57208e+07 1.7781e+07 9.50608e+06 6.21516e+06 6.08517e+06
threshold=59.862799999999886 -518.97222857142913 338.09665000000115 96.024400000000142 101.54536909722221 0.60818202301879232
decision_type=2 2 2 2 2 2
left_child=1 4 5 -3 -1 -2
right_child=2 3 -4 -5 -6 -7
leaf_value=-20.193288115215648 4.2827042759963492 -0.28251427019737524 17.584962339744607 -5.2983729505351809 -8.8958175791753256 14.006328282031147
leaf_weight=276 869 4835 492 1173 222 197
leaf_count=276 869 4835 492 1173 222 197
internal_value=0.000589606 -2.33039 9.72969 -1.26253 -15.185 6.0911
internal_weight=8064 6506 1558 6008 498 1066
internal_count=8064 6506 1558 6008 498 1066
is_linear=0
shrinkage=0.05


Tree=12
num_leaves=7
num_cat=0
split_feature=2 2 2 2 3 5
split_gain=6.61779e+07 3.42872e+07 1.18223e+07 9.80506e+06 7.17343e+06 4.85734e+06
threshold=123.91369285714286 -577.70750714285793 546.5144571428574 -111.09246428571417 101.54536909722221 -0.94670478576706751
decision_type=2 2 2 2 2 2
left_child=1 4 5 -3 -1 -2
right_child=2 3 -4 -5 -6 -7
leaf_value=-22.062902148582971 16.187225178063635 -4.9425044407706302 20.816434423740095 -0.0092660767379854087 -8.845781926155091 6.6933837375585954
leaf_weight=216 165 1245 246 5256 199 737
leaf_count=216 165 1245 246 5256 199 737
internal_value=0.000567567 -1.84529 11.1127 -0.95464 -15.7616 8.44606
internal_weight=8064 6916 1148 6501 415 902
internal_count=8064 6916 1148 6501 415 902
is_linear=0
shrinkage=0.05


Tree=13
num_leaves=7
num_cat=0
split_feature=2 2 2 0 3 7
split_gain=6.03495e+07 2.94018e+07 1.4613e+07 9.59906e+06 6.47698e+06 5.18208e+06
threshold=59.862799999999886 -577.70750714285793 338.09665000000115 8198.1926500000027 101.54536909722221 0.73657561215276279
decision_type=2 2 2 2 2 2
left_child=1 4 5 -3 -1 -2
right_child=2 3 -4 -5 -6 -7
leaf_value=-20.964840498278221 4.0313730543448321 -0.79473209482594254 15.957598127140598 -10.131596963298364 -8.405704451665283 13.632007106299888
leaf_weight=216 900 5803 492 288 199 166
leaf_count=216 900 5803 492 288 199 166
internal_value=0.000587763 -2.11636 8.83637 -1.2378 -14.9772 5.53778
internal_weight=8064 6506 1558 6091 415 1066
internal_count=8064 6506 1558 6091 415 1066
is_linear=0
shrinkage=0.05


Tree=14
num_leaves=7
num_cat=0
split_feature=2 2 0 4 2 0
split_gain=5.48611e+07 3.14275e+07 1.12003e+07 8.62225e+06 6.83919e+06 6.69845e+06
threshold=234.91192142857065 -269.81955000000011 8198.1926500000027 0.48087430661751701 50.430000000000028 7276.3324000000011
decision_type=2 2 2 2 2 2
left_child=1 2 -1 5 -3 -2
right_child=3 4 -4 -5 -6 -7
leaf_value=-5.6715862125726746 21.066074300997006 -0.62734013541298128 -16.589449561363683 5.3587053132583824 4.0772215941196857 8.694637284419116
leaf_weight=733 321 5345 346 248 902 169
leaf_count=733 321 5345 346 248 902 169
internal_value=0.000516968 -1.30906 -9.18471 12.9847 0.0524921 16.8256
internal_weight=8064 7326 1079 738 6247 490
internal_count=8064 7326 1079 738 6247 490
is_linear=0
shrinkage=0.05


Tree=15
num_leaves=7
num_cat=0
split_feature=2 2 1 4 2 0
split_gain=4.95304e+07 2.83702e+07 1.06563e+07 7.78437e+06 6.17301e+06 6.04606e+06
threshold=234.91192142857065 -269.81955000000011 30.58074999999997 0.48087430661751701 50.430000000000028 7276.3324000000011
decision_type=2 2 2 2 2 2
left_child=1 2 -1 5 -3 -2
right_child=3 4 -4 -5 -6 -7
leaf_value=3.1655063627669531 20.016041745014075 -0.59597902491358512 -10.798118045226389 5.0918461380242164 3.8735862494967179 8.262462775461815
leaf_weight=160 321 5345 919 248 902 169
leaf_count=160 321 5345 919 248 902 169
internal_value=0.000592218 -1.24374 -8.7265 12.3378 0.0498951 15.9873
internal_weight=8064 7326 1079 738 6247 490
internal_count=8064 7326 1079 738 6247 490
is_linear=0
shrinkage=0.05


Tree=16
num_leaves=7
num_cat=0
split_feature=2 2 3 4 2 0
split_gain=4.47171e+07 2.57902e+07 8.7591e+06 7.02792e+06 6.24215e+06 5.4572e+06
threshold=234.91192142857065 -384.14196428571444 101.54536909722221 0.48087430661751701 50.430000000000028 7276.3324000000011
decision_type=2 2 2 2 2 2
left_child=1 2 -1 5 -3 -2
right_child=3 4 -4 -5 -6 -7
leaf_value=-14.595424971363011 19.018347702522458 -0.79538365228796415 -3.6221315282998208 4.8382762149634608 3.6801213831302491 7.8517696560831638
leaf_weight=432 321 5677 315 248 902 169
leaf_count=432 321 5677 315 248 902 169
internal_value=0.000742497 -1.18158 -9.97916 11.7232 -0.181313 15.1909
internal_weight=8064 7326 747 738 6579 490
internal_count=8064 7326 747 738 6579 490
is_linear=0
shrinkage=0.05


Tree=17
num_leaves=7
num_cat=0
split_feature=2 2 2 4 3 0
split_gain=4.0372e+07 2.38954e+07 7.60862e+06 6.34497e+06 5.41012e+06 4.9257e+06
threshold=234.91192142857065 -577.70750714285793 -50.632042857143226 0.48087430661751701 101.54536909722221 7276.3324000000011
decision_type=2 2 2 2 2 2
left_child=1 4 -3 5 -1 -2
right_child=3 2 -4 -5 -6 -7
leaf_value=-18.230524794407156 18.070383522969596 -3.4719733190891562 0.48021539005219599 4.5973339804683828 -6.7624837405085563 7.4614905542485861
leaf_weight=216 321 1577 5334 248 199 169
leaf_count=216 321 1577 5334 248 199 169
internal_value=0.000806898 -1.12261 -0.421994 11.1392 -12.7609 14.434
internal_weight=8064 7326 6911 738 415 490
internal_count=8064 7326 6911 738 415 490
is_linear=0
shrinkage=0.05


Tree=18
num_leaves=7
num_cat=0
split_feature=2 0 3 7 0 1
split_gain=3.72146e+07 2.09214e+07 1.30481e+07 1.13518e+07 1.11733e+07 8.71659e+06
threshold=59.862799999999886 8198.1926500000027 82.983218402778235 0.60818202301879232 7490.1964000000007 96.024400000000142
decision_type=2 2 2 2 2 2
left_child=1 5 -3 -2 -5 -1
right_child=3 2 -4 4 -6 -7
leaf_value=0.11188948394449366 4.2803644880731904 -17.143988772737448 0.47620253920942163 21.54564598994785 5.4746045159502614 -4.6010909313683186
leaf_weight=4786 1124 334 153 224 210 1233
leaf_count=4786 1124 334 153 224 210 1233
internal_value=0.00077987 -1.6616 -11.6186 6.93927 13.7998 -0.854175
internal_weight=8064 6506 487 1558 434 6019
internal_count=8064 6506 487 1558 434 6019
is_linear=0
shrinkage=0.05


Tree=19
num_leaves=6
num_cat=0
split_feature=2 2 0 2 5
split_gain=3.36474e+07 1.97779e+07 9.51359e+06 9.29184e+06 5.21432e+06
threshold=69.785400000000109 -717.08621428571394 8448.472200000002 546.5144571428574 -0.94670478576706751
decision_type=2 2 2 2 2
left_child=1 -1 -3 4 -2
right_child=3 2 -4 -5 -6
leaf_value=-15.322298400473594 12.323062035426862 -0.59227743694844315 -10.563544583368493 15.67628701254424 3.5805871111138594
leaf_weight=249 204 6091 248 246 1026
leaf_count=249 204 6091 248 246 1026
internal_value=0.000803748 -1.52816 -0.983987 6.82162 5.03939
internal_weight=8064 6588 6339 1476 1230
internal_count=8064 6588 6339 1476 1230
is_linear=0
shrinkage=0.05


Tree=20
num_leaves=7
num_cat=0
split_feature=2 2 0 5 0 3
split_gain=3.06335e+07 1.8643e+07 7.85298e+06 6.42935e+06 9.36137e+06 4.26922e+06
threshold=165.69375000000016 -717.08621428571394 8448.472200000002 -0.87651811848132988 7490.1964000000007 -66.313692708333733
decision_type=2 2 2 2 2 2
left_child=1 -1 -3 4 -2 -5
right_child=3 2 -4 5 -6 -7
leaf_value=-14.559247925662996 19.774930300733502 -0.31830172173905685 -9.1295447969504639 10.580654274392451 3.7577053152121511 1.8515394714735933
leaf_weight=249 227 6569 262 220 153 384
leaf_count=249 227 6569 262 220 153 384
internal_value=0.000795219 -1.14844 -0.65754 8.26248 13.3527 5.04325
internal_weight=8064 7080 6831 984 380 604
internal_count=8064 7080 6831 984 380 604
is_linear=0
shrinkage=0.05


Tree=21
num_leaves=7
num_cat=0
split_feature=2 1 3 7 0 3
split_gain=2.8037e+07 1.64817e+07 1.85222e+07 8.67215e+06 9.00704e+06 3.84147e+06
threshold=59.862799999999886 96.024400000000142 73.361305208333548 0.60818202301879232 7490.1964000000007 -61.921314583333462
decision_type=2 2 2 2 2 2
left_child=1 -1 -3 5 -5 -2
right_child=3 2 -4 4 -6 -7
leaf_value=-0.007541614497901041 7.7187683562693072 -10.5629418757739 0.30763331174505931 18.973639062139721 4.5472554920408959 1.5728282887665517
leaf_weight=4911 388 904 691 224 210 736
leaf_count=4911 388 904 691 224 210 736
internal_value=0.00082957 -1.44208 -5.85625 6.02329 12.0196 3.69936
internal_weight=8064 6506 1595 1558 434 1124
internal_count=8064 6506 1595 1558 434 1124
is_linear=0
shrinkage=0.05


Tree=22
num_leaves=6
num_cat=0
split_feature=2 2 3 4 0
split_gain=2.53853e+07 1.68692e+07 7.72589e+06 4.3152e+06 4.12315e+06
threshold=234.91192142857065 -717.08621428571394 82.983218402778235 0.48087430661751701 7276.3324000000011
decision_type=2 2 2 2 2
left_child=1 -1 -3 4 -2
right_child=3 2 -4 -5 -6
leaf_value=-13.654571455001832 14.8738622656335 -1.3987210310174776 2.4036989528329333 3.4403395243677268 5.1865876749683828
leaf_weight=249 321 5291 1786 248 169
leaf_count=249 321 5291 1786 248 169
internal_value=0.000927906 -0.889896 -0.438912 8.83322 11.5501
internal_weight=8064 7326 7077 738 490
internal_count=8064 7326 7077 738 490
is_linear=0
shrinkage=0.05


Tree=23
num_leaves=7
num_cat=0
split_feature=2 0 3 7 0 1
split_gain=2.3648e+07 1.47437e+07 1.17044e+07 7.44836e+06 7.65051e+06 6.39092e+06
threshold=59.862799999999886 8198.1926500000027 82.983218402778235 0.60818202301879232 7490.1964000000007 96.024400000000142
decision_type=2 2 2 2 2 2
left_child=1 5 -3 -2 -5 -1
right_child=3 2 -4 4 -6 -7
leaf_value=0.18077172601639491 3.3783067660941017 -14.916267303868906 1.7642448031573328 17.498084821171229 4.2022831991103029 -3.8547751512505246
leaf_weight=4786 1124 334 153 224 210 1233
leaf_count=4786 1124 334 153 224 210 1233
internal_value=0.000948769 -1.32422 -9.6829 5.53197 11.0891 -0.646418
internal_weight=8064 6506 487 1558 434 6019
internal_count=8064 6506 487 1558 434 6019
is_linear=0
shrinkage=0.05


Tree=24
num_leaves=6
num_cat=0
split_feature=2 2 1 3 3
split_gain=2.135e+07 1.41996e+07 8.02861e+06 6.77106e+06 5.69669e+06
threshold=50.430000000000028 -839.37559285714303 0.64559999999999962 -178.66257083333355 73.361305208333548
decision_type=2 2 2 2 2
left_child=1 -1 -3 -2 -5
right_child=3 2 -4 4 -6
leaf_value=-15.688287242979349 14.701633175873395 0.25477564567696848 -3.6563367802211939 2.4602196222408939 10.230927288706525
leaf_weight=166 164 4387 1871 1182 294
leaf_count=166 164 4387 1871 1182 294
internal_value=0.000952504 -1.29909 -0.914956 5.091 4.01392
internal_weight=8064 6424 6258 1640 1476
internal_count=8064 6424 6258 1640 1476
is_linear=0
shrinkage=0.05


Tree=25
num_leaves=6
num_cat=0
split_feature=2 2 3 4 0
split_gain=1.96073e+07 1.36415e+07 6.88831e+06 3.61651e+06 3.54272e+06
threshold=234.91192142857065 -839.37559285714303 82.983218402778235 0.48087430661751701 7276.3324000000011
decision_type=2 2 2 2 2
left_child=1 -1 -3 4 -2
right_child=3 2 -4 -5 -6
leaf_value=-14.908569676005198 13.330445971622233 -1.3577640470862598 2.2033008755570846 2.8280571672003192 4.3556544589996333
leaf_weight=166 321 5340 1820 248 169
leaf_count=166 321 5340 1820 248 169
internal_value=0.000956364 -0.781949 -0.452396 7.76326 10.2502
internal_weight=8064 7326 7160 738 490
internal_count=8064 7326 7160 738 490
is_linear=0
shrinkage=0.05


Tree=26
num_leaves=7
num_cat=0
split_feature=2 1 3 3 3 1
split_gain=1.80623e+07 1.18559e+07 1.58506e+07 5.74528e+06 3.88477e+06 2.68453e+06
threshold=69.785400000000109 96.024400000000142 82.983218402778235 -178.66257083333355 73.361305208333548 -294.84384999999969
decision_type=2 2 2 2 2 2
left_child=1 5 -3 -2 -5 -1
right_child=3 2 -4 4 -6 -7
leaf_value=5.0215820864242628 14.013286103383649 -8.9886470989193636 1.1082812078172775 2.5692772857288322 9.3942701589029571 -0.18753482976249028
leaf_weight=260 157 948 658 1060 259 4722
leaf_count=260 157 948 658 1060 259 4722
internal_value=0.000948517 -1.11928 -4.85368 4.99838 3.91554 0.0852711
internal_weight=8064 6588 1606 1476 1319 4982
internal_count=8064 6588 1606 1476 1319 4982
is_linear=0
shrinkage=0.05


Tree=27
num_leaves=6
num_cat=0
split_feature=0 2 5 2 1
split_gain=1.65685e+07 1.80421e+07 5.65498e+06 4.54607e+06 3.32856e+06
threshold=8448.472200000002 208.63509999999988 -0.94670478576706751 -638.25262857142832 546.62804999999992
decision_type=2 2 2 2 2
left_child=1 3 -3 -1 -2
right_child=4 2 -4 -5 -6
leaf_value=-7.7915976550524606 -6.2375202548213124 14.582945527365041 5.0718430546957123 -0.084824819657930664 -15.628716945227906
leaf_weight=196 245 214 580 6674 155
leaf_count=196 245 214 580 6674 155
internal_value=0.00104326 0.519364 7.65041 -0.3058 -9.90651
internal_weight=8064 7664 794 6870 400
internal_count=8064 7664 794 6870 400
is_linear=0
shrinkage=0.05


Tree=28
num_leaves=7
num_cat=0
split_feature=2 1 3 5 0 3
split_gain=1.5129e+07 1.08803e+07 1.42152e+07 5.7226e+06 7.88373e+06 3.27776e+06
threshold=50.430000000000028 96.024400000000142 82.983218402778235 -0.87651811848132988 7163.711150000001 -66.313692708333733
decision_type=2 2 2 2 2 2
left_child=1 -1 -3 4 -2 -5
right_child=3 2 -4 5 -6 -7
leaf_value=0.082027139859683407 17.651445746189818 -8.6410687293945099 0.99996944066183069 6.1575029970069108 4.1937711981278438 0.50880429155578033
leaf_weight=4844 166 933 647 383 315 776
leaf_count=4844 166 933 647 383 315 776
internal_value=0.000928546 -1.09344 -4.69499 4.28571 8.86519 2.37916
internal_weight=8064 6424 1580 1640 481 1159
internal_count=8064 6424 1580 1640 481 1159
is_linear=0
shrinkage=0.05


Tree=29
num_leaves=6
num_cat=0
split_feature=0 2 5 3 1
split_gain=1.45307e+07 1.50035e+07 5.84373e+06 4.31942e+06 2.92387e+06
threshold=8448.472200000002 186.8098785714283 -0.94670478576706751 250.1063152777779 546.62804999999992
decision_type=2 2 2 2 2
left_child=1 3 -3 -1 -2
right_child=4 2 -4 -5 -6
leaf_value=-0.68078020829835828 -5.8386141625119423 13.577288189187513 4.2294432602742544 3.9528712570258642 -14.640335457065166
leaf_weight=6244 245 225 649 546 155
leaf_count=6244 245 225 649 546 155
internal_value=0.00101203 0.486413 6.64869 -0.30765 -9.27729
internal_weight=8064 7664 874 6790 400
internal_count=8064 7664 874 6790 400
is_linear=0
shrinkage=0.05


Tree=30
num_leaves=7
num_cat=0
split_feature=2 5 0 1 3 3
split_gain=1.31872e+07 1.02568e+07 1.23823e+07 7.71094e+06 9.69093e+06 3.18375e+06
threshold=-269.81955000000011 -0.83127174505093859 7163.711150000001 30.58074999999997 101.54536909722221 -66.313692708333733
decision_type=2 2 2 2 2 2
left_child=3 2 -2 -1 -5 -3
right_child=1 5 -4 4 -6 -7
leaf_value=4.9654468567475032 14.187392186003478 2.0016722384144896 1.7187656155146467 -11.474876423461861 -1.1396468182952673 -0.61892447290673624
leaf_weight=160 293 1558 618 512 407 4516
leaf_count=160 293 1558 618 512 407 4516
internal_value=0.000965137 0.795868 5.74014 -5.14088 -6.9039 0.0534856
internal_weight=8064 6985 911 1079 919 6074
internal_count=8064 6985 911 1079 919 6074
is_linear=0
shrinkage=0.05


Tree=31
num_leaves=6
num_cat=0
split_feature=0 2 5 3 1
split_gain=1.26717e+07 1.28243e+07 4.34907e+06 4.03982e+06 2.47821e+06
threshold=8448.472200000002 234.91192142857065 -0.87651811848132988 -229.57853020833338 546.62804999999992
decision_type=2 2 2 2 2
left_child=1 3 -3 -1 -2
right_child=4 2 -4 -5 -6
leaf_value=6.0384627713084225 -5.4968783652758217 11.351746561693364 3.4584866370824936 -0.4349884308515754 -13.601465856035553
leaf_weight=249 245 304 411 6700 155
leaf_count=249 245 304 411 6700 155
internal_value=0.000976647 0.454265 6.82567 -0.202193 -8.66349
internal_weight=8064 7664 715 6949 400
internal_count=8064 7664 715 6949 400
is_linear=0
shrinkage=0.05


Tree=32
num_leaves=7
num_cat=0
split_feature=0 5 3 3 3 3
split_gain=1.14443e+07 1.59991e+07 9.57806e+06 8.16708e+06 5.50434e+06 5.13278e+06
threshold=8198.1926500000027 -0.91509365977396839 82.983218402778235 -14.809275694444066 26.494419097222593 -32.374748958333377
decision_type=2 2 2 2 2 2
left_child=1 4 3 -2 -1 -3
right_child=2 5 -4 -5 -6 -7
leaf_value=4.5477456540348671 -4.5141210767547646 1.4817218116094848 3.7123095403179045 -18.78668774877276 14.629208028001408 -1.2809981483248976
leaf_weight=339 225 2857 154 181 226 4082
leaf_count=339 225 2857 154 181 226 4082
internal_value=0.000935981 0.515857 -6.88763 -10.9075 8.59905 -0.143452
internal_weight=8064 7504 560 406 565 6939
internal_count=8064 7504 560 406 565 6939
is_linear=0
shrinkage=0.05


Tree=33
num_leaves=7
num_cat=0
split_feature=2 5 3 3 3 3
split_gain=1.11214e+07 8.51837e+06 1.19951e+07 6.8525e+06 9.53039e+06 2.36369e+06
threshold=-269.81955000000011 -0.80625269229011354 73.361305208333548 250.1063152777779 -32.374748958333377 -66.313692708333733
decision_type=2 2 2 2 2 2
left_child=3 2 -2 4 -1 -3
right_child=1 5 -4 -5 -6 -7
leaf_value=0.17923587610030317 2.4203831952175885 1.7133485269152893 16.666865471976898 4.2857462597432114 -10.43726921516226 -0.56012893200468228
leaf_weight=337 807 1536 180 176 566 4462
leaf_count=337 807 1536 180 176 566 4462
internal_value=0.000887874 0.730881 5.03277 -4.72109 -6.47937 0.0222639
internal_weight=8064 6985 987 1079 903 5998
internal_count=8064 6985 987 1079 903 5998
is_linear=0
shrinkage=0.05


Tree=34
num_leaves=5
num_cat=0
split_feature=2 2 3 6
split_gain=1.04678e+07 8.83264e+06 5.35896e+06 1.85584e+06
threshold=-839.37559285714303 338.09665000000115 82.983218402778235 -0.64278760968653958
decision_type=2 2 2 2
left_child=-1 2 -2 -3
right_child=1 3 -4 -5
leaf_value=-12.386949512915699 -0.94688224233693641 2.3209114663394881 2.1549218245439792 8.8807193913373617
leaf_weight=166 5548 161 1858 331
leaf_count=166 5548 161 1858 331
internal_value=0.000931933 0.262835 -0.168523 6.74318
internal_weight=8064 7898 7406 492
internal_count=8064 7898 7406 492
is_linear=0
shrinkage=0.05


Tree=35
num_leaves=6
num_cat=0
split_feature=0 2 5 3 1
split_gain=9.84559e+06 1.00668e+07 4.80616e+06 3.57727e+06 2.10088e+06
threshold=8448.472200000002 142.30028571428525 -0.94670478576706751 250.1063152777779 546.62804999999992
decision_type=2 2 2 2 2
left_child=1 3 -3 -1 -2
right_child=4 2 -4 -5 -6
leaf_value=-0.66343386066309551 -4.7232190439977293 11.186983005404473 3.108896335931425 3.5685066657907827 -12.18161020572178
leaf_weight=6085 245 239 797 543 155
leaf_count=6085 245 239 797 543 155
internal_value=0.000885464 0.400442 4.98146 -0.316245 -7.63652
internal_weight=8064 7664 1036 6628 400
internal_count=8064 7664 1036 6628 400
is_linear=0
shrinkage=0.05


Tree=36
num_leaves=7
num_cat=0
split_feature=2 3 5 1 0 2
split_gain=9.33153e+06 9.40812e+06 9.20857e+06 8.89318e+06 7.82768e+06 2.48744e+06
threshold=-169.64196428571458 270.87893229166622 -0.83127174505093859 96.024400000000142 7163.711150000001 391.42852857142822
decision_type=2 2 2 2 2 2
left_child=1 3 4 -1 -2 -4
right_child=2 -3 5 -5 -6 -7
leaf_value=1.9765913990343582 12.583432929464381 7.4214202199663433 -0.074597647450182741 -7.6784958967628585 2.2186069708984002 6.4483401682376869
leaf_weight=321 277 167 5697 923 530 149
leaf_count=321 277 167 5697 923 530 149
internal_value=0.000843038 -3.69098 0.78426 -5.18752 5.78747 0.0927302
internal_weight=8064 1411 6653 1244 807 5846
internal_count=8064 1411 6653 1244 807 5846
is_linear=0
shrinkage=0.05


Tree=37
num_leaves=5
num_cat=0
split_feature=2 3 5 2
split_gain=8.64658e+06 7.84843e+06 8.47753e+06 5.76839e+06
threshold=-839.37559285714303 -229.57853020833338 1.0000000180025095e-35 -14.89897142857154
decision_type=2 2 2 2
left_child=-1 2 -2 -3
right_child=1 3 -4 -5
leaf_value=-11.257827780774967 16.860577637861518 -2.3777019251154776 -0.26488925107594191 0.75214555904286462
leaf_weight=166 144 1994 144 5616
leaf_count=166 144 1994 144 5616
internal_value=0.00094282 0.238975 8.32656 -0.0681532
internal_weight=8064 7898 288 7610
internal_count=8064 7898 288 7610
is_linear=0
shrinkage=0.05


Tree=38
num_leaves=6
num_cat=0
split_feature=0 5 3 3 3
split_gain=8.05338e+06 8.9878e+06 8.24536e+06 4.20577e+06 1.90099e+06
threshold=8448.472200000002 -0.91509365977396839 26.494419097222593 -32.374748958333377 56.275701388888827
decision_type=2 2 2 2 2
left_child=1 2 -1 -3 -2
right_child=4 3 -4 -5 -6
leaf_value=1.4066442810850486 -9.555260327316466 1.2914769865321463 12.602537580477795 -1.2029956792315626 -2.4104532476663589
leaf_weight=419 251 2871 270 4104 149
leaf_count=419 251 2871 270 4104 149
internal_value=0.000918702 0.362283 5.80591 -0.176201 -6.90647
internal_weight=8064 7664 689 6975 400
internal_count=8064 7664 689 6975 400
is_linear=0
shrinkage=0.05


Tree=39
num_leaves=5
num_cat=0
split_feature=2 3 5 3
split_gain=7.7263e+06 6.97099e+06 7.65551e+06 5.28391e+06
threshold=-839.37559285714303 -229.57853020833338 1.0000000180025095e-35 73.361305208333548
decision_type=2 2 2 2
left_child=-1 2 -2 -3
right_child=1 3 -4 -5
leaf_value=-10.641881473192912 15.957725226303626 -0.86437650771227481 -0.31586463813124033 2.1034442218515692
leaf_weight=166 144 5557 144 2053
leaf_count=166 144 5557 144 2053
internal_value=0.000885974 0.225894 7.84799 -0.0635567
internal_weight=8064 7898 288 7610
internal_count=8064 7898 288 7610
is_linear=0
shrinkage=0.05


Tree=40
num_leaves=7
num_cat=0
split_feature=2 3 5 1 0 3
split_gain=7.52714e+06 8.32005e+06 7.98167e+06 7.67387e+06 7.05919e+06 2.2308e+06
threshold=-169.64196428571458 270.87893229166622 -0.85470842479866194 659.66539999999998 7163.711150000001 -66.313692708333733
decision_type=2 2 2 2 2 2
left_child=1 3 4 -1 -2 -4
right_child=2 -3 5 -5 -6 -7
leaf_value=-2.4492772166427761 12.845741932526295 7.1348473202082374 1.7408023381038746 -11.511561102089651 2.3102981700273286 -0.4810182006892032
leaf_weight=933 230 167 1520 311 512 4391
leaf_count=933 230 167 1520 311 512 4391
internal_value=0.000880364 -3.31486 0.70449 -4.72227 5.5889 0.0905156
internal_weight=8064 1411 6653 1244 742 5911
internal_count=8064 1411 6653 1244 742 5911
is_linear=0
shrinkage=0.05


Tree=41
num_leaves=7
num_cat=0
split_feature=2 1 3 5 3 3
split_gain=6.93294e+06 5.94362e+06 9.2118e+06 3.50277e+06 3.41165e+06 3.599e+06
threshold=50.430000000000028 0.64559999999999962 82.983218402778235 -0.85470842479866194 -178.66257083333355 -118.5095031249998
decision_type=2 2 2 2 2 2
left_child=1 3 -3 -1 -2 -6
right_child=4 2 -4 -5 5 -7
leaf_value=6.2869409816089652 9.7219421536723782 -5.5862400911261103 1.3671178854621098 -0.0385398633563237 -4.9720564432863918 2.9929674198210927
leaf_weight=230 164 1268 762 4164 158 1318
leaf_count=230 164 1268 762 4164 158 1318
internal_value=0.000895798 -0.739932 -2.97677 0.293917 2.90145 2.13755
internal_weight=8064 6424 2030 4394 1640 1476
internal_count=8064 6424 2030 4394 1640 1476
is_linear=0
shrinkage=0.05


Tree=42
num_leaves=6
num_cat=0
split_feature=0 5 3 3 2
split_gain=6.73296e+06 1.06466e+07 9.031e+06 7.10839e+06 4.80248e+06
threshold=8198.1926500000027 -0.97111091670450067 82.983218402778235 -14.809275694444066 546.5144571428574
decision_type=2 2 2 2 2
left_child=1 -1 3 -2 -3
right_child=2 4 -4 -5 -6
leaf_value=10.088635089524063 -3.2281938965539489 -0.16563017749812509 5.0036767073985073 -16.536481408201734 8.5151353382168367
leaf_weight=272 225 7070 154 181 162
leaf_count=272 225 7070 154 181 162
internal_value=0.000911582 0.395869 -5.28278 -9.18725 0.0299732
internal_weight=8064 7504 560 406 7232
internal_count=8064 7504 560 406 7232
is_linear=0
shrinkage=0.05


Tree=43
num_leaves=5
num_cat=0
split_feature=2 3 5 3
split_gain=6.54978e+06 5.88909e+06 6.58832e+06 4.46636e+06
threshold=-839.37559285714303 -229.57853020833338 1.0000000180025095e-35 73.361305208333548
decision_type=2 2 2 2
left_child=-1 2 -2 -3
right_child=1 3 -4 -5
leaf_value=-9.798121997482049 14.737040054777573 -0.79424956662385338 -0.35927286920876345 1.9343317521035948
leaf_weight=166 144 5557 144 2053
leaf_count=166 144 5557 144 2053
internal_value=0.000888803 0.208059 7.21376 -0.0579847
internal_weight=8064 7898 288 7610
internal_count=8064 7898 288 7610
is_linear=0
shrinkage=0.05


Tree=44
num_leaves=7
num_cat=0
split_feature=2 3 3 5 0 3
split_gain=6.20834e+06 8.36393e+06 8.14952e+06 6.8292e+06 5.43079e+06 1.70639e+06
threshold=-128.35982142857128 270.87893229166622 -32.374748958333377 -0.85470842479866194 7163.711150000001 -66.313692708333733
decision_type=2 2 2 2 2 2
left_child=1 2 -1 4 -2 -5
right_child=3 -3 -4 5 -6 -7
leaf_value=0.6368772389997136 11.706538329158587 7.3688802600905889 -7.1756022816749354 1.5719398362219335 2.2948782527195779 -0.38730233673047121
leaf_weight=549 226 178 850 1499 474 4288
leaf_count=549 226 178 850 1499 474 4288
internal_value=0.00087984 -2.81187 -4.11154 0.684991 5.34587 0.120382
internal_weight=8064 1577 1399 6487 700 5787
internal_count=8064 1577 1399 6487 700 5787
is_linear=0
shrinkage=0.05


Tree=45
num_leaves=7
num_cat=0
split_feature=2 1 3 5 3 2
split_gain=5.68676e+06 5.41996e+06 6.21935e+06 4.76187e+06 1.08856e+07 1.41168e+06
threshold=-269.81955000000011 30.58074999999997 101.54536909722221 -0.65918890865109969 73.361305208333548 -23.766250000000237
decision_type=2 2 2 2 2 2
left_child=1 -1 -3 4 -2 -5
right_child=3 2 -4 5 -6 -7
leaf_value=5.0942758204588978 0.98310722488458924 -8.5159437328141347 -0.23819801433413637 -2.3213789449777265 12.241944486216497 0.16178950511941842
leaf_weight=160 1114 512 407 646 265 4960
leaf_count=160 1114 512 407 646 265 4960
internal_value=0.000935131 -3.37563 -4.8542 0.522935 3.154 -0.124718
internal_weight=8064 1079 919 6985 1379 5606
internal_count=8064 1079 919 6985 1379 5606
is_linear=0
shrinkage=0.05


Tree=46
num_leaves=5
num_cat=0
split_feature=2 3 5 3
split_gain=5.49139e+06 5.14809e+06 5.89571e+06 3.84261e+06
threshold=-839.37559285714303 -229.57853020833338 1.0000000180025095e-35 73.361305208333548
decision_type=2 2 2 2
left_child=-1 2 -2 -3
right_child=1 3 -4 -5
leaf_value=-8.9714929998277917 13.857637078350988 -0.74103433523593876 -0.42259557773327006 1.7898549919097595
leaf_weight=166 144 5557 144 2053
leaf_count=166 144 5557 144 2053
internal_value=0.000934285 0.190628 6.74076 -0.0581141
internal_weight=8064 7898 288 7610
internal_count=8064 7898 288 7610
is_linear=0
shrinkage=0.05


Tree=47
num_leaves=7
num_cat=0
split_feature=1 2 3 3 3 3
split_gain=5.25144e+06 5.73736e+06 3.96723e+06 2.9172e+06 2.78972e+06 1.9071e+06
threshold=-405.6630499999996 -577.70750714285793 -61.921314583333462 126.57585347222177 82.983218402778235 -118.5095031249998
decision_type=2 2 2 2 2 2
left_child=2 3 5 -2 -3 -1
right_child=1 4 -4 -5 -6 -7
leaf_value=4.6474594993454419 -10.096846973514992 -0.65497759713339221 0.49197262128194175 -1.6081073740908973 1.6486018467667085 12.068760684625992
leaf_weight=208 218 5146 389 189 1764 150
leaf_count=208 218 5146 389 189 1764 150
internal_value=0.000921748 -0.406961 3.99141 -6.1685 -0.0667613 7.7819
internal_weight=8064 7317 747 407 6910 358
internal_count=8064 7317 747 407 6910 358
is_linear=0
shrinkage=0.05


Tree=48
num_leaves=6
num_cat=0
split_feature=0 5 3 3 2
split_gain=4.98618e+06 8.9571e+06 8.26044e+06 6.12375e+06 3.71753e+06
threshold=8198.1926500000027 -0.98812630719300909 82.983218402778235 -14.809275694444066 546.5144571428574
decision_type=2 2 2 2 2
left_child=1 -1 3 -2 -3
right_child=2 4 -4 -5 -6
leaf_value=12.081808333876749 -2.7510483016350626 -0.097567472131735444 5.2897648552925354 -15.101612114509221 6.9525478584071001
leaf_weight=158 225 7155 154 181 191
leaf_count=158 225 7155 154 181 191
internal_value=0.000915947 0.3408 -4.54602 -8.28066 0.0866607
internal_weight=8064 7504 560 406 7346
internal_count=8064 7504 560 406 7346
is_linear=0
shrinkage=0.05


Tree=49
num_leaves=6
num_cat=0
split_feature=3 2 3 5 5
split_gain=4.80169e+06 5.33515e+06 7.75982e+06 5.14745e+06 3.95712e+06
threshold=-229.57853020833338 -128.35982142857128 101.54536909722221 1.0000000180025095e-35 -0.91509365977396839
decision_type=2 2 2 2 2
left_child=3 2 -2 -1 -3
right_child=1 4 -4 -5 -6
leaf_value=12.979250760653924 -5.5312582270007553 4.6380594835885622 1.9162493950095625 -0.36424374103546148 0.038235165118200909
leaf_weight=144 983 508 542 144 5743
leaf_count=144 983 508 542 144 5743
internal_value=0.00090966 -0.23426 -2.88482 6.32933 0.412731
internal_weight=8064 7776 1525 288 6251
internal_count=8064 7776 1525 288 6251
is_linear=0
shrinkage=0.05


Tree=50
num_leaves=5
num_cat=0
split_feature=2 3 5 2
split_gain=4.67095e+06 4.09113e+06 4.64894e+06 3.05934e+06
threshold=-839.37559285714303 -229.57853020833338 1.0000000180025095e-35 -14.89897142857154
decision_type=2 2 2 2
left_child=-1 2 -2 -3
right_child=1 3 -4 -5
leaf_value=-8.2741176479947782 12.334763846479614 -1.7277959478864995 -0.34615716391596307 0.55154638550525648
leaf_weight=166 144 1994 144 5616
leaf_count=166 144 1994 144 5616
internal_value=0.000948971 0.1759 6.01504 -0.0458438
internal_weight=8064 7898 288 7610
internal_count=8064 7898 288 7610
is_linear=0
shrinkage=0.05


Tree=51
num_leaves=5
num_cat=0
split_feature=2 3 5 3
split_gain=4.21821e+06 3.69492e+06 4.19872e+06 3.02922e+06
threshold=-839.37559285714303 -229.57853020833338 1.0000000180025095e-35 82.983218402778235
decision_type=2 2 2 2
left_child=-1 2 -2 -3
right_child=1 3 -4 -5
leaf_value=-7.8628890588254992 11.72227886878211 -0.62083661302137549 -0.32896866946384828 1.6798327088418432
leaf_weight=166 144 5701 144 1909
leaf_count=166 144 5701 144 1909
internal_value=0.000917249 0.167173 5.71637 -0.0435593
internal_weight=8064 7898 288 7610
internal_count=8064 7898 288 7610
is_linear=0
shrinkage=0.05


Tree=52
num_leaves=7
num_cat=0
split_feature=2 1 3 2 7 3
split_gain=4.1222e+06 4.07927e+06 7.12953e+06 2.7443e+06 2.18129e+06 2.41834e+06
threshold=14.515614285714358 0.64559999999999962 82.983218402778235 -217.22108571428541 0.64278760968654003 -8.7565281250001572
decision_type=2 2 2 2 2 2
left_child=1 3 -3 -1 -2 -6
right_child=4 2 -4 -5 5 -7
leaf_value=6.1885737461564334 1.0755170331908301 -5.0371617939352262 1.2733934217666993 -0.058543106565217939 2.0607583931592459 9.6113886553134247
leaf_weight=183 1610 1152 731 3943 271 174
leaf_count=183 1610 1152 731 3943 271 174
internal_value=0.000899843 -0.66022 -2.58796 0.219967 1.93345 5.02807
internal_weight=8064 6009 1883 4126 2055 445
internal_count=8064 6009 1883 4126 2055 445
is_linear=0
shrinkage=0.05


Tree=53
num_leaves=6
num_cat=0
split_feature=0 5 3 3 3
split_gain=3.99075e+06 5.32286e+06 7.22385e+06 3.64111e+06 1.47558e+06
threshold=8448.472200000002 -0.91509365977396839 26.494419097222593 -32.374748958333377 -14.809275694444066
decision_type=2 2 2 2 2
left_child=1 2 -1 -3 -2
right_child=4 3 -4 -5 -6
leaf_value=0.32935605301743465 -1.0728934435904782 1.206537782276681 10.8059745017013 -1.1144522079674075 -7.2948013740545905
leaf_weight=419 157 2871 270 4104 243
leaf_count=419 157 2871 270 4104 243
internal_value=0.000948559 0.255329 4.44456 -0.159067 -4.86147
internal_weight=8064 7664 689 6975 400
internal_count=8064 7664 689 6975 400
is_linear=0
shrinkage=0.05


Tree=54
num_leaves=6
num_cat=0
split_feature=0 3 5 3 3
split_gain=3.70321e+06 7.3327e+06 7.21088e+06 5.34748e+06 2.98653e+06
threshold=8198.1926500000027 82.983218402778235 -0.98812630719300909 -14.809275694444066 -32.374748958333377
decision_type=2 2 2 2 2
left_child=2 3 -1 -2 -4
right_child=1 -3 4 -5 -6
leaf_value=10.828372257760487 -2.2710040641041984 5.3479790364542321 1.2644220280349647 -13.810290941989031 -0.78192803275227885
leaf_weight=158 225 154 3043 181 4303
leaf_count=158 225 154 3043 181 4303
internal_value=0.000918843 -3.91762 0.29383 -7.43666 0.0658068
internal_weight=8064 560 7504 406 7346
internal_count=8064 560 7504 406 7346
is_linear=0
shrinkage=0.05


Tree=55
num_leaves=5
num_cat=0
split_feature=2 1 3 3
split_gain=3.73456e+06 3.23769e+06 2.92653e+06 2.90947e+06
threshold=-839.37559285714303 -405.6630499999996 -61.921314583333462 73.361305208333548
decision_type=2 2 2 2
left_child=-1 2 -2 -3
right_child=1 3 -4 -5
leaf_value=-7.3983828558893272 6.5433987848398418 -0.79909711706147424 0.2748881658327948 1.4452486583945403
leaf_weight=166 358 5147 387 2006
leaf_count=166 358 5147 387 2006
internal_value=0.000876495 0.157311 3.29187 -0.169575
internal_weight=8064 7898 745 7153
internal_count=8064 7898 745 7153
is_linear=0
shrinkage=0.05


Tree=56
num_leaves=7
num_cat=0
split_feature=2 1 6 5 3 2
split_gain=3.41032e+06 4.23685e+06 4.06846e+06 3.30729e+06 8.60562e+06 1.20947e+06
threshold=-269.81955000000011 30.58074999999997 -0.81915204428899224 -0.44218343748786698 73.361305208333548 -23.766250000000237
decision_type=2 2 2 2 2 2
left_child=1 -1 -3 4 -2 -5
right_child=3 2 -4 5 -6 -7
leaf_value=4.8735702544265651 0.49230652823648713 2.8072897800342158 -5.5619807039845632 -2.7141444176370118 8.8953617176460344 -0.015603813764311913
leaf_weight=160 1506 180 739 455 381 4643
leaf_count=160 1506 180 739 455 381 4643
internal_value=0.000833067 -2.61398 -3.92146 0.40507 2.19276 -0.256935
internal_weight=8064 1079 919 6985 1887 5098
internal_count=8064 1079 919 6985 1887 5098
is_linear=0
shrinkage=0.05


Tree=57
num_leaves=6
num_cat=0
split_feature=3 5 2 3 5
split_gain=3.25478e+06 3.58634e+06 3.53931e+06 6.87024e+06 2.05009e+06
threshold=-229.57853020833338 1.0000000180025095e-35 -37.564621428571165 270.87893229166622 -0.91509365977396839
decision_type=2 2 2 2 2
left_child=1 -1 3 -2 -4
right_child=2 -3 4 -5 -6
leaf_value=10.761790430792447 -2.9987999310026927 -0.37553703974033226 3.7113646169976584 6.6222287012183152 0.16416483234280135
leaf_weight=144 1794 144 440 206 5336
leaf_count=144 1794 144 440 206 5336
internal_value=0.000845842 5.2111 -0.192772 -2.00502 0.434977
internal_weight=8064 288 7776 2000 5776
internal_count=8064 288 7776 2000 5776
is_linear=0
shrinkage=0.05


Tree=58
num_leaves=5
num_cat=0
split_feature=2 3 5 3
split_gain=3.1183e+06 2.77434e+06 3.23902e+06 2.31923e+06
threshold=-839.37559285714303 -229.57853020833338 1.0000000180025095e-35 82.983218402778235
decision_type=2 2 2 2
left_child=-1 2 -2 -3
right_child=1 3 -4 -5
leaf_value=-6.7603456066977117 10.227411813900389 -0.54385952881283561 -0.35688968662557929 1.4692219139188918
leaf_weight=166 144 5701 144 1909
leaf_count=166 144 5701 144 1909
internal_value=0.000914422 0.14386 4.95234 -0.038743
internal_weight=8064 7898 288 7610
internal_count=8064 7898 288 7610
is_linear=0
shrinkage=0.05


Tree=59
num_leaves=7
num_cat=0
split_feature=3 3 3 2 5 0
split_gain=3.10038e+06 1.25841e+07 4.99866e+06 1.59234e+07 9.03973e+06 4.60049e+06
threshold=-32.374748958333377 -35.843936111110899 73.361305208333548 -50.632042857143226 -0.59116893267988335 8332.8009500000026
decision_type=2 2 2 2 2 2
left_child=1 5 3 -2 -4 -1
right_child=2 -3 4 -5 -6 -7
leaf_value=0.94143640203015844 -9.4618943214416511 15.578979198480475 5.9111743984069252 -0.15456599902266496 -1.1523045147432502 -8.0016324778068935
leaf_weight=3018 596 144 645 1996 1515 150
leaf_count=3018 596 144 645 1996 1515 150
internal_value=0.000893712 1.17504 -0.817525 -2.2975 0.958688 0.515604
internal_weight=8064 3312 4752 2592 2160 3168
internal_count=8064 3312 4752 2592 2160 3168
is_linear=0
shrinkage=0.05


Tree=60
num_leaves=5
num_cat=0
split_feature=2 1 3 3
split_gain=2.93502e+06 2.55507e+06 2.37167e+06 2.11871e+06
threshold=-839.37559285714303 -447.35305000000011 -61.921314583333462 82.983218402778235
decision_type=2 2 2 2
left_child=-1 2 -2 -3
right_child=1 3 -4 -5
leaf_value=-6.5586802434778511 6.1142291265545472 -0.63873684439191192 0.13725028299573644 1.3139000895692905
leaf_weight=166 329 5361 334 1874
leaf_count=166 329 5361 334 1874
internal_value=0.000871738 0.139553 3.10794 -0.132856
internal_weight=8064 7898 663 7235
internal_count=8064 7898 663 7235
is_linear=0
shrinkage=0.05


Tree=61
num_leaves=7
num_cat=0
split_feature=3 3 2 3 0 5
split_gain=2.79873e+06 1.14554e+07 4.42401e+06 1.37845e+07 4.13454e+06 1.70217e+06
threshold=-32.374748958333377 -35.843936111110899 -14.89897142857154 73.361305208333548 8332.8009500000026 -0.91509365977396839
decision_type=2 2 2 2 2 2
left_child=1 4 3 -2 -1 -4
right_child=2 -3 5 -5 -6 -7
leaf_value=0.89092168261307225 -8.2817247823891744 14.859206858446885 4.504267452684565 1.484407228805144 -7.5871750721868301 -0.067326264690223916
leaf_weight=3018 677 144 217 773 150 3085
leaf_count=3018 677 144 217 773 150 3085
internal_value=0.000830423 1.11639 -0.776755 -3.07793 0.487229 0.234381
internal_weight=8064 3312 4752 1450 3168 3302
internal_count=8064 3312 4752 1450 3168 3302
is_linear=0
shrinkage=0.05


Tree=62
num_leaves=5
num_cat=0
split_feature=2 3 5 3
split_gain=2.65159e+06 2.3582e+06 2.83231e+06 1.73315e+06
threshold=-839.37559285714303 -229.57853020833338 1.0000000180025095e-35 82.983218402778235
decision_type=2 2 2 2
left_child=-1 2 -2 -3
right_child=1 3 -4 -5
leaf_value=-6.2339620888590099 9.4986459711682194 -0.4723655190446876 -0.3984377136723749 1.267865072781347
leaf_weight=166 144 5701 144 1909
leaf_count=166 144 5701 144 1909
internal_value=0.000824876 0.13264 4.56585 -0.0357122
internal_weight=8064 7898 288 7610
internal_count=8064 7898 288 7610
is_linear=0
shrinkage=0.05


Tree=63
num_leaves=7
num_cat=0
split_feature=3 3 5 2 1 3
split_gain=2.56006e+06 1.18342e+07 1.42476e+07 3.54324e+06 2.76658e+06 4.41191e+06
threshold=-14.809275694444066 -8.7565281250001572 1.0000000180025095e-35 -474.17835000000008 -55.95194999999989 -43.706889236110776
decision_type=2 2 2 2 2 2
left_child=4 2 -2 -3 5 -1
right_child=1 3 -4 -5 -6 -7
leaf_value=1.2226995632758637 -21.665614881926572 -4.5575541890790605 0.53440752902935296 0.36785247744016902 0.067654978183704112 8.4589916893754999
leaf_weight=843 144 405 144 3627 2621 280
leaf_count=843 144 405 144 3627 2621 280
internal_value=0.000806345 -0.828471 -10.6022 -0.127894 0.957631 3.03286
internal_weight=8064 4320 288 4032 3744 1123
internal_count=8064 4320 288 4032 3744 1123
is_linear=0
shrinkage=0.05


Tree=64
num_leaves=7
num_cat=0
split_feature=2 1 3 5 5 3
split_gain=2.39318e+06 2.34426e+06 4.43017e+06 2.43028e+06 1.46849e+06 1.55503e+06
threshold=14.515614285714358 0.64559999999999962 82.983218402778235 -0.85470842479866194 -0.27976242230339682 48.84547222222205
decision_type=2 2 2 2 2 2
left_child=1 3 -3 -1 5 -2
right_child=4 2 -4 -5 -6 -7
leaf_value=5.3525338576218795 1.3949330692659161 -3.8951024893008928 1.0793044778472576 -0.11953738396516185 -0.40644649175708703 5.1965855370772891
leaf_weight=213 997 1152 731 3913 690 368
leaf_count=213 997 1152 731 3913 690 368
internal_value=0.000669482 -0.503066 -1.96444 0.164181 1.47317 2.4229
internal_weight=8064 6009 1883 4126 2055 1365
internal_count=8064 6009 1883 4126 2055 1365
is_linear=0
shrinkage=0.05


Tree=65
num_leaves=7
num_cat=0
split_feature=3 3 2 3 0 3
split_gain=2.4212e+06 1.02827e+07 3.75042e+06 8.45107e+06 3.69572e+06 2.74208e+06
threshold=-32.374748958333377 -35.843936111110899 -269.81955000000011 101.54536909722221 8332.8009500000026 -8.7565281250001572
decision_type=2 2 2 2 2 2
left_child=1 4 3 -2 -1 -4
right_child=2 -3 5 -5 -6 -7
leaf_value=0.82387944128533686 -10.066241426881254 14.058643788304824 -3.0321164832893936 0.68931928653261165 -7.1916819259820404 0.46840806889403502
leaf_weight=3018 322 144 671 420 150 3339
leaf_count=3018 322 144 671 420 150 3339
internal_value=0.00068934 1.03829 -0.722552 -3.98545 0.442205 -0.11795
internal_weight=8064 3312 4752 742 3168 4010
internal_count=8064 3312 4752 742 3168 4010
is_linear=0
shrinkage=0.05


Tree=66
num_leaves=4
num_cat=0
split_feature=2 2 3
split_gain=2.26349e+06 2.08515e+06 1.73609e+06
threshold=546.5144571428574 -839.37559285714303 -66.313692708333733
decision_type=2 2 2
left_child=1 -1 -3
right_child=-2 2 -4
leaf_value=-5.6752749062048462 4.7131954729315728 1.3009785868994159 -0.45441747684968681
leaf_weight=166 246 1860 5792
leaf_count=166 246 1860 5792
internal_value=0.000628528 -0.14824 -0.0276126
internal_weight=8064 7818 7652
internal_count=8064 7818 7652
is_linear=0
shrinkage=0.05


Tree=67
num_leaves=7
num_cat=0
split_feature=1 2 5 3 3 3
split_gain=2.10282e+06 2.54962e+06 2.09059e+06 2.03988e+06 2.47896e+06 1.59043e+06
threshold=-405.6630499999996 -577.70750714285793 -0.80625269229011354 -61.921314583333462 -118.5095031249998 126.57585347222177
decision_type=2 2 2 2 2 2
left_child=3 5 -3 4 -1 -2
right_child=1 2 -4 -5 -6 -7
leaf_value=1.6946798851045124 -6.9985542628863087 2.2473896668666593 -0.36263868336740196 0.017324487245999852 10.121298037143733 -0.7338090310598675
leaf_weight=208 218 878 6032 389 150 189
leaf_count=208 218 878 6032 389 150 189
internal_value=0.000596391 -0.257509 -0.0307255 2.52575 5.24374 -4.0983
internal_weight=8064 7317 6910 747 358 407
internal_count=8064 7317 6910 747 358 407
is_linear=0
shrinkage=0.05


Tree=68
num_leaves=6
num_cat=0
split_feature=3 5 2 3 5
split_gain=2.0855e+06 2.45823e+06 1.98613e+06 5.23686e+06 2.10834e+06
threshold=-229.57853020833338 1.0000000180025095e-35 -128.35982142857128 270.87893229166622 -0.91509365977396839
decision_type=2 2 2 2 2
left_child=1 -1 3 -2 -4
right_child=2 -3 4 -5 -6
leaf_value=8.7667946166827768 -2.8375719546254738 -0.45306856033103221 3.3245662211376463 6.2658675318948056 -0.032968164118070707
leaf_weight=144 1347 144 508 178 5743
leaf_count=144 1347 144 508 178 5743
internal_value=0.000603676 4.17125 -0.154381 -1.7716 0.240377
internal_weight=8064 288 7776 1525 6251
internal_count=8064 288 7776 1525 6251
is_linear=0
shrinkage=0.05


Tree=69
num_leaves=7
num_cat=0
split_feature=3 3 5 5 3 3
split_gain=2.01172e+06 1.0286e+07 1.28216e+07 3.24765e+06 2.79369e+06 4.76582e+06
threshold=-14.809275694444066 -8.7565281250001572 1.0000000180025095e-35 -0.87651811848132988 -43.706889236110776 -66.313692708333733
decision_type=2 2 2 2 2 2
left_child=4 2 -2 -3 5 -1
right_child=1 3 -4 -5 -6 -7
leaf_value=1.2667219554167843 -20.341665735984673 3.17064427458905 0.71673911291977455 -0.70021378826971048 3.0976265060276944 -3.4695328395175604
leaf_weight=2016 144 644 144 3388 1008 720
leaf_count=2016 144 644 144 3388 1008 720
internal_value=0.000666686 -0.734453 -9.84642 -0.0813189 0.848852 0.0195269
internal_weight=8064 4320 288 4032 3744 2736
internal_count=8064 4320 288 4032 3744 2736
is_linear=0
shrinkage=0.05


Tree=70
num_leaves=5
num_cat=0
split_feature=2 5 3 3
split_gain=1.87392e+06 2.00699e+06 1.10292e+07 2.36593e+06
threshold=-839.37559285714303 -0.6913484944011038 73.361305208333548 275.95809826388864
decision_type=2 2 2 2
left_child=-1 2 -2 -3
right_child=1 3 -4 -5
leaf_value=-5.2408246594274832 -0.59609498683915763 -0.14825193431941822 8.3175581840892416 -5.5022223423574577
leaf_weight=166 1462 5769 454 213
leaf_count=166 1462 5769 454 213
internal_value=0.000532554 0.111345 1.51925 -0.339778
internal_weight=8064 7898 1916 5982
internal_count=8064 7898 1916 5982
is_linear=0
shrinkage=0.05


Tree=71
num_leaves=7
num_cat=0
split_feature=3 3 2 3 2 3
split_gain=1.88909e+06 9.46486e+06 3.29925e+06 7.13748e+06 3.19033e+06 2.34352e+06
threshold=-32.374748958333377 -35.843936111110899 -269.81955000000011 101.54536909722221 -431.95970714285744 -8.7565281250001572
decision_type=2 2 2 2 2 2
left_child=1 4 3 -2 -1 -4
right_child=2 -3 5 -5 -6 -7
leaf_value=-6.5123657528241594 -9.2869585982324914 13.408828920043749 -2.7653712095981025 0.59749855530799989 0.71194369493107468 0.47076768483631987
leaf_weight=160 322 144 671 420 3008 3339
leaf_count=160 322 144 671 420 3008 3339
internal_value=0.00048627 0.917002 -0.638356 -3.69871 0.34514 -0.0712953
internal_weight=8064 3312 4752 742 3168 4010
internal_count=8064 3312 4752 742 3168 4010
is_linear=0
shrinkage=0.05


Tree=72
num_leaves=6
num_cat=0
split_feature=3 5 2 3 5
split_gain=1.81261e+06 2.23637e+06 1.65243e+06 4.52242e+06 1.765e+06
threshold=-229.57853020833338 1.0000000180025095e-35 -128.35982142857128 270.87893229166622 -0.91509365977396839
decision_type=2 2 2 2 2
left_child=1 -1 3 -2 -4
right_child=2 -3 4 -5 -6
leaf_value=8.27194516486135 -2.6097725601640231 -0.52146086853125995 3.037931121543255 5.8499084693759515 -0.034075636057488617
leaf_weight=144 1347 144 508 178 5743
leaf_count=144 1347 144 508 178 5743
internal_value=0.000441031 3.88865 -0.144048 -1.61916 0.216023
internal_weight=8064 288 7776 1525 6251
internal_count=8064 288 7776 1525 6251
is_linear=0
shrinkage=0.05


Tree=73
num_leaves=7
num_cat=0
split_feature=3 3 0 5 3 6
split_gain=1.76237e+06 8.92397e+06 1.15217e+07 2.83608e+06 2.5532e+06 4.25776e+06
threshold=-14.809275694444066 -8.7565281250001572 871.44375000000002 -0.87651811848132988 -43.706889236110776 -0.57357643635104605
decision_type=2 2 2 2 2 2
left_child=4 2 -2 -3 -1 -6
right_child=1 3 -4 -5 5 -7
leaf_value=0.0015685247937213952 0.83749507488875552 2.9597342275094616 -19.123874043842843 -0.65754138433678677 7.8329379944914423 0.78503856540587169
leaf_weight=2736 144 644 144 3388 308 700
leaf_count=2736 144 644 144 3388 308 700
internal_value=0.000505741 -0.68755 -9.17483 -0.0791915 0.794388 2.94419
internal_weight=8064 4320 288 4032 3744 1008
internal_count=8064 4320 288 4032 3744 1008
is_linear=0
shrinkage=0.05


Tree=74
num_leaves=5
num_cat=0
split_feature=2 5 3 3
split_gain=1.65428e+06 1.86834e+06 9.71489e+06 2.02684e+06
threshold=-839.37559285714303 -0.65918890865109969 73.361305208333548 275.95809826388864
decision_type=2 2 2 2
left_child=-1 2 -2 -3
right_child=1 3 -4 -5
leaf_value=-4.9241905820583867 -0.51973146693762906 -0.16738006952056836 7.6189994766967466 -5.1583116666965578
leaf_weight=166 1542 5666 480 210
leaf_count=166 1542 5666 480 210
internal_value=0.000434799 0.104551 1.41512 -0.346596
internal_weight=8064 7898 2022 5876
internal_count=8064 7898 2022 5876
is_linear=0
shrinkage=0.05


Tree=75
num_leaves=6
num_cat=0
split_feature=0 5 3 3 3
split_gain=1.65872e+06 5.90482e+06 3.42307e+06 4.50035e+06 1.90055e+06
threshold=8051.8975000000009 -0.97111091670450067 82.983218402778235 -14.809275694444066 275.95809826388864
decision_type=2 2 2 2 2
left_child=1 -1 3 -2 -3
right_child=2 4 -4 -5 -6
leaf_value=7.9932823643846023 -0.35828696374317537 0.1124114475058644 3.4835932725566927 -10.277639846613843 -4.2581201525621637
leaf_weight=235 262 6932 176 202 257
leaf_count=235 262 6932 176 202 257
internal_value=0.000393534 0.211066 -2.43993 -4.68944 -0.0444015
internal_weight=8064 7424 640 464 7189
internal_count=8064 7424 640 464 7189
is_linear=0
shrinkage=0.05


Tree=76
num_leaves=6
num_cat=0
split_feature=3 5 2 4 5
split_gain=1.62227e+06 2.00108e+06 1.60816e+06 2.84191e+06 1.31151e+06
threshold=-229.57853020833338 1.0000000180025095e-35 -384.14196428571444 -0.065387565056497052 -0.87651811848132988
decision_type=2 2 2 2 2
left_child=1 -1 3 -2 -4
right_child=2 -3 4 -5 -6
leaf_value=7.825062338730385 -5.9726755020336606 -0.49291606703708912 1.9396498233354151 0.29865106748086273 -0.15596919206514209
leaf_weight=144 312 144 848 427 6189
leaf_count=144 312 144 848 427 6189
internal_value=0.000353358 3.67876 -0.136339 -2.35355 0.096805
internal_weight=8064 288 7776 739 7037
internal_count=8064 288 7776 739 7037
is_linear=0
shrinkage=0.05


Tree=77
num_leaves=7
num_cat=0
split_feature=3 3 5 2 3 3
split_gain=1.52543e+06 7.97736e+06 1.03343e+07 2.42277e+06 2.35558e+06 4.12331e+06
threshold=-14.809275694444066 -8.7565281250001572 1.0000000180025095e-35 -474.17835000000008 -43.706889236110776 -66.313692708333733
decision_type=2 2 2 2 2 2
left_child=4 2 -2 -3 5 -1
right_child=1 3 -4 -5 -6 -7
leaf_value=1.1375345606901248 -18.086782602770576 -3.7275054492386697 0.81794386501969962 0.34533312396341964 2.8038774139935483 -3.2679055175404281
leaf_weight=2016 144 405 144 3627 1008 720
leaf_count=2016 144 405 144 3627 1008 720
internal_value=0.000357022 -0.639778 -8.6643 -0.0645918 0.738948 -0.0225622
internal_weight=8064 4320 288 4032 3744 2736
internal_count=8064 4320 288 4032 3744 2736
is_linear=0
shrinkage=0.05


Tree=78
num_leaves=5
num_cat=0
split_feature=2 3 5 2
split_gain=1.47523e+06 1.51556e+06 7.26072e+06 2.64279e+06
threshold=546.5144571428574 270.87893229166622 -0.48087430661751701 -577.70750714285793
decision_type=2 2 2 2
left_child=1 3 -3 -1
right_child=-2 2 -4 -5
leaf_value=-4.4306321478932285 3.804712225261488 11.740766480162337 -1.9044761172228761 -0.072539046755401668
leaf_weight=365 246 147 285 7021
leaf_count=365 246 147 285 7021
internal_value=0.00021533 -0.119968 2.75509 -0.288477
internal_weight=8064 7818 432 7386
internal_count=8064 7818 432 7386
is_linear=0
shrinkage=0.05


Tree=79
num_leaves=7
num_cat=0
split_feature=3 3 0 2 3 1
split_gain=1.43541e+06 8.45078e+06 2.93754e+06 2.68747e+06 8.13453e+06 683142
threshold=-32.374748958333377 -35.843936111110899 8332.8009500000026 -1.2150357142856199 73.361305208333548 96.024400000000142
decision_type=2 2 2 2 2 2
left_child=1 2 -1 4 -2 -5
right_child=3 -3 -4 5 -6 -7
leaf_value=0.59915967317009311 -6.0990106981996801 12.602848917985785 -6.5470083133274359 0.058373517880504981 1.162166014536212 2.7954330610058573
leaf_weight=3018 730 144 150 2960 816 246
leaf_count=3018 730 144 150 2960 816 246
internal_value=0.00026121 0.799178 0.25884 -0.556611 -2.26819 0.269197
internal_weight=8064 3312 3168 4752 1546 3206
internal_count=8064 3312 3168 4752 1546 3206
is_linear=0
shrinkage=0.05


Tree=80
num_leaves=7
num_cat=0
split_feature=1 6 2 5 4 0
split_gain=1.41492e+06 1.76421e+06 1.63236e+06 1.60854e+06 1.52644e+06 1.11541e+06
threshold=-405.6630499999996 -0.70710678118654802 -577.70750714285793 -0.80625269229011354 -0.065387565056497052 7490.1964000000007
decision_type=2 2 2 2 2 2
left_child=1 -1 4 -4 -2 -3
right_child=2 5 3 -5 -6 -7
leaf_value=-2.2635152194753041 -6.9218214596516994 4.9810542400282714 1.9683005741041946 -0.32112442524886031 -0.70978018820285804 0.2750208535364696
leaf_weight=178 168 381 878 6032 239 188
leaf_count=178 168 381 878 6032 239 188
internal_value=0.000276492 2.07162 -0.211443 -0.0299823 -3.28464 3.42937
internal_weight=8064 747 7317 6910 407 569
internal_count=8064 747 7317 6910 407 569
is_linear=0
shrinkage=0.05


Tree=81
num_leaves=6
num_cat=0
split_feature=3 5 3 3 2
split_gain=1.36511e+06 1.75803e+06 1.37236e+06 6.86306e+06 2.52733e+06
threshold=-229.57853020833338 1.0000000180025095e-35 270.87893229166622 275.95809826388864 -384.14196428571444
decision_type=2 2 2 2 2
left_child=1 -1 4 -4 -2
right_child=2 -3 3 -5 -6
leaf_value=7.2609192159258091 -3.2884160928800705 -0.5351286608186262 11.482667993882608 -1.850298566306751 0.00015880557862042385
leaf_weight=144 639 144 144 288 6705
leaf_count=144 639 144 144 288 6705
internal_value=0.000244123 3.37453 -0.125147 2.61028 -0.286388
internal_weight=8064 288 7776 432 7344
internal_count=8064 288 7776 432 7344
is_linear=0
shrinkage=0.05


Tree=82
num_leaves=7
num_cat=0
split_feature=3 3 0 3 0 5
split_gain=1.24898e+06 7.72531e+06 2.62187e+06 2.55238e+06 6.03628e+06 2.48787e+06
threshold=-32.374748958333377 -35.843936111110899 8332.8009500000026 -8.7565281250001572 3609.7324000000003 -0.87651811848132988
decision_type=2 2 2 2 2 2
left_child=1 2 -1 4 -2 -5
right_child=3 -3 -4 5 -6 -7
leaf_value=0.55044755274593415 0.24875648826033206 12.031192293495968 -6.2008446172373191 2.8170844279888065 -9.224831598796202 -0.57086050056523463
leaf_weight=3018 454 144 150 644 266 3388
leaf_count=3018 454 144 150 644 266 3388
internal_value=0.000312944 0.745547 0.228928 -0.51914 -3.25915 -0.0291661
internal_weight=8064 3312 3168 4752 720 4032
internal_count=8064 3312 3168 4752 720 4032
is_linear=0
shrinkage=0.05


Tree=83
num_leaves=7
num_cat=0
split_feature=1 2 4 5 3 3
split_gain=1.25642e+06 1.88589e+06 2.41032e+06 1.64214e+06 1.51414e+06 1.36312e+06
threshold=-55.95194999999989 -518.97222857142913 0.21643961393810304 -0.98812630719300909 -178.66257083333355 -43.706889236110776
decision_type=2 2 2 2 2 2
left_child=4 2 -2 -3 -1 -6
right_child=1 3 -4 -5 5 -7
leaf_value=5.066210460662842 -6.5101248096969897 5.1494082250007214 0.86505372979878148 -0.22052851785541461 -1.166537599682808 1.8725070590209154
leaf_weight=219 264 145 190 5722 624 900
leaf_count=219 264 145 190 5722 624 900
internal_value=0.000295132 -0.327464 -3.42848 -0.0869583 1.18842 0.628225
internal_weight=8064 6321 454 5867 1743 1524
internal_count=8064 6321 454 5867 1743 1524
is_linear=0
shrinkage=0.05


Tree=84
num_leaves=7
num_cat=0
split_feature=1 6 3 5 2 0
split_gain=1.17673e+06 1.59388e+06 1.37927e+06 6.73735e+06 2.79375e+06 944581
threshold=-405.6630499999996 -0.70710678118654802 270.87893229166622 -0.48087430661751701 -577.70750714285793 7490.1964000000007
decision_type=2 2 2 2 2 2
left_child=1 -1 4 -4 -2 -3
right_child=2 5 3 -5 -6 -7
leaf_value=-2.2310131334725702 -4.6648795563748431 4.6078114228410874 11.329989888585848 -1.903367366699072 -0.12846391564828216 0.27697918799819138
leaf_weight=178 357 381 144 285 6531 188
leaf_count=178 357 381 144 285 6531 188
internal_value=0.000311713 1.88928 -0.192767 2.55462 -0.364226 3.17988
internal_weight=8064 747 7317 429 6888 569
internal_count=8064 747 7317 429 6888 569
is_linear=0
shrinkage=0.05


Tree=85
num_leaves=7
num_cat=0
split_feature=3 3 0 6 2 5
split_gain=1.15373e+06 6.90283e+06 8.97512e+06 2.40075e+06 5.9281e+06 2.23146e+06
threshold=-14.809275694444066 -8.7565281250001572 871.44375000000002 -0.81915204428899124 -0.017221428571428558 -0.87651811848132988
decision_type=2 2 2 2 2 2
left_child=3 2 -2 4 -1 -3
right_child=1 5 -4 -5 -6 -7
leaf_value=10.346844355762006 0.81543590405891697 2.6742604358990989 -16.801918131071947 0.0065257747958073938 0.42909697585732398 -0.53435018774255016
leaf_weight=207 144 644 144 2990 547 3388
leaf_count=207 144 644 144 2990 547 3388
internal_value=0.000341306 -0.556365 -8.0209 0.642672 3.16197 -0.0213277
internal_weight=8064 4320 288 3744 754 4032
internal_count=8064 4320 288 3744 754 4032
is_linear=0
shrinkage=0.05


Tree=86
num_leaves=7
num_cat=0
split_feature=2 1 0 6 3 1
split_gain=1.08896e+06 1.25743e+06 1.29924e+06 1.2206e+06 864303 747329
threshold=14.515614285714358 -369.23370000000017 8198.1926500000027 0.53678821817552336 -61.921314583333462 79.186950000000152
decision_type=2 2 2 2 2 2
left_child=1 -1 -3 5 -5 -2
right_child=3 2 -4 4 -6 -7
leaf_value=4.0765086477729167 -0.20896609391081444 -0.2491451764050758 -3.1168054261957536 5.7436666811505956 1.5314926223315366 2.7895797676256588
leaf_weight=156 1281 5428 425 191 336 247
leaf_count=156 1281 5428 425 191 336 247
internal_value=0.000305251 -0.339494 -0.45787 0.993589 3.06609 0.277254
internal_weight=8064 6009 5853 2055 527 1528
internal_count=8064 6009 5853 2055 527 1528
is_linear=0
shrinkage=0.05


Tree=87
num_leaves=6
num_cat=0
split_feature=3 5 3 3 2
split_gain=1.05571e+06 1.39404e+06 1.15719e+06 6.18627e+06 2.16819e+06
threshold=-229.57853020833338 1.0000000180025095e-35 270.87893229166622 275.95809826388864 -128.35982142857128
decision_type=2 2 2 2 2
left_child=1 -1 4 -4 -2
right_child=2 -3 3 -5 -6
leaf_value=6.4284870113381025 -2.0699254037232002 -0.51351899997941375 10.825576273089853 -1.8327761347937337 0.14928641122085437
leaf_weight=144 1347 144 144 288 5997
leaf_count=144 1347 144 144 288 5997
internal_value=0.000355495 2.96772 -0.109914 2.40193 -0.257977
internal_weight=8064 288 7776 432 7344
internal_count=8064 288 7776 432 7344
is_linear=0
shrinkage=0.05


Tree=88
num_leaves=5
num_cat=0
split_feature=2 3 5 1
split_gain=1.02335e+06 1.0408e+06 5.82331e+06 1.84387e+06
threshold=546.5144571428574 270.87893229166622 -0.48087430661751701 659.66539999999998
decision_type=2 2 2 2
left_child=1 3 -3 -1
right_child=-2 2 -4 -5
leaf_value=-0.055098766096806084 3.1691058729824269 10.330279825829171 -1.8895010260669711 -3.626779841723561
leaf_weight=7006 246 147 285 380
leaf_count=7006 246 147 285 380
internal_value=0.000418239 -0.0996798 2.28287 -0.239323
internal_weight=8064 7818 432 7386
internal_count=8064 7818 432 7386
is_linear=0
shrinkage=0.05


Tree=89
num_leaves=7
num_cat=0
split_feature=3 3 5 6 2 5
split_gain=1.00309e+06 6.21031e+06 8.10011e+06 2.18526e+06 5.39251e+06 2.08123e+06
threshold=-14.809275694444066 -8.7565281250001572 1.0000000180025095e-35 -0.81915204428899124 -0.017221428571428558 -0.83127174505093859
decision_type=2 2 2 2 2 2
left_child=3 2 -2 4 -1 -3
right_child=1 5 -4 -5 -6 -7
leaf_value=9.8555748903407512 -15.940860263890233 2.351780076874137 0.79556310966097077 -0.0075419034443942662 0.3964840993964977 -0.55700449053256218
leaf_weight=207 144 756 144 2990 547 3276
leaf_count=207 144 756 144 2990 547 3276
internal_value=0.000446466 -0.518647 -7.59885 0.599379 3.00296 -0.0111595
internal_weight=8064 4320 288 3744 754 4032
internal_count=8064 4320 288 3744 754 4032
is_linear=0
shrinkage=0.05


Tree=90
num_leaves=5
num_cat=0
split_feature=2 5 3 2
split_gain=952722 1.39716e+06 7.52173e+06 1.885e+06
threshold=-839.37559285714303 -0.6913484944011038 62.817506944444411 -23.766250000000237
decision_type=2 2 2 2
left_child=-1 2 -2 -3
right_child=1 3 -4 -5
leaf_value=-3.7368423847381225 -0.58581245979202745 -2.3095984776024334 6.5843520263300803 0.094358170565790281
leaf_weight=166 1425 973 491 5009
leaf_count=166 1425 973 491 5009
internal_value=0.000404894 0.0794174 1.25411 -0.296977
internal_weight=8064 7898 1916 5982
internal_count=8064 7898 1916 5982
is_linear=0
shrinkage=0.05


Tree=91
num_leaves=7
num_cat=0
split_feature=3 3 0 3 5 3
split_gain=962228 5.55629e+06 7.28763e+06 2.15782e+06 3.8144e+06 3.33712e+06
threshold=-14.809275694444066 -8.7565281250001572 871.44375000000002 -43.706889236110776 -0.15208718494349094 -66.313692708333733
decision_type=2 2 2 2 2 2
left_child=3 2 -2 5 -5 -1
right_child=1 -3 -4 4 -6 -7
leaf_value=0.90189014669076251 0.75722800846757565 -0.027998166297766327 -15.117629015034645 5.9488149504389689 -0.22787889892820418 -3.0613701566991796
leaf_weight=2016 144 4032 144 455 553 720
leaf_count=2016 144 4032 144 455 553 720
internal_value=0.000384935 -0.508025 -7.20505 0.58699 2.56334 -0.141811
internal_weight=8064 4320 288 3744 1008 2736
internal_count=8064 4320 288 3744 1008 2736
is_linear=0
shrinkage=0.05


Tree=92
num_leaves=7
num_cat=0
split_feature=1 3 3 4 5 3
split_gain=911930 2.82297e+06 6.02376e+06 2.5387e+06 1.68257e+06 6.17554e+06
threshold=469.82145000000043 56.275701388888827 204.56164444444451 0.15208718494349097 -0.65918890865109969 73.361305208333548
decision_type=2 2 2 2 2 2
left_child=4 3 -3 -2 5 -1
right_child=1 2 -4 -5 -6 -7
leaf_value=0.25709386007383028 -9.7646428019562848 7.4923312856461202 -3.9624019877260381 -0.72341993435636753 -0.22435155275315127 8.8122896612402926
leaf_weight=1322 157 196 274 153 5712 250
leaf_count=1322 157 196 274 153 5712 250
internal_value=0.000298567 -1.62342 0.820231 -5.31904 0.174372 1.62239
internal_weight=8064 780 470 310 7284 1572
internal_count=8064 780 470 310 7284 1572
is_linear=0
shrinkage=0.05


Tree=93
num_leaves=7
num_cat=0
split_feature=3 3 2 3 0 3
split_gain=932671 6.9323e+06 2.31644e+06 4.52752e+06 2.19455e+06 1.25672e+06
threshold=-32.374748958333377 -35.843936111110899 -269.81955000000011 101.54536909722221 7593.904050000001 -8.7565281250001572
decision_type=2 2 2 2 2 2
left_child=1 4 3 -2 -1 -4
right_child=2 -3 5 -5 -6 -7
leaf_value=0.59722614790564099 -7.4636640370814789 11.335005314925622 -1.9463305191003852 0.40894044844385002 -3.7576479187663296 0.42347376319473828
leaf_weight=2847 322 144 671 420 321 3339
leaf_count=2847 322 144 671 420 321 3339
internal_value=0.00029534 0.644284 -0.448586 -3.01292 0.154919 0.0265441
internal_weight=8064 3312 4752 742 3168 4010
internal_count=8064 3312 4752 742 3168 4010
is_linear=0
shrinkage=0.05


Tree=94
num_leaves=6
num_cat=0
split_feature=3 5 3 0 2
split_gain=898095 1.24529e+06 1.11254e+06 3.47903e+06 2.45547e+06
threshold=-229.57853020833338 1.0000000180025095e-35 -118.5095031249998 6459.7907000000005 338.09665000000115
decision_type=2 2 2 2 2
left_child=1 -1 3 -2 -4
right_child=2 -3 4 -5 -6
leaf_value=6.0081317487256278 -0.19923811657240464 -0.55264991830135213 -0.11879211651359162 -8.7774044003262617 4.2610568704349658
leaf_weight=144 572 144 6721 148 335
leaf_count=144 572 144 6721 148 335
internal_value=0.000278074 2.73718 -0.101428 -1.97226 0.0897257
internal_weight=8064 288 7776 720 7056
internal_count=8064 288 7776 720 7056
is_linear=0
shrinkage=0.05


Tree=95
num_leaves=7
num_cat=0
split_feature=3 3 5 6 2 5
split_gain=886042 4.8227e+06 6.59433e+06 1.93054e+06 4.87643e+06 1.73085e+06
threshold=-14.809275694444066 -8.7565281250001572 1.0000000180025095e-35 -0.81915204428899124 -0.017221428571428558 -0.91509365977396839
decision_type=2 2 2 2 2 2
left_child=3 2 -2 4 -1 -3
right_child=1 5 -4 -5 -6 -7
leaf_value=9.33878562040627 -14.253725463275252 2.6140191157584347 0.84636696190669625 -0.0072806105710160017 0.34377290629339918 -0.44447940360585547
leaf_weight=207 144 532 144 2990 547 3500
leaf_count=207 144 532 144 2990 547 3500
internal_value=0.000268006 -0.487599 -6.72688 0.563172 2.82232 -0.0403794
internal_weight=8064 4320 288 3744 754 4032
internal_count=8064 4320 288 3744 754 4032
is_linear=0
shrinkage=0.05


Tree=96
num_leaves=5
num_cat=0
split_feature=2 5 3 3
split_gain=887228 1.23576e+06 6.21065e+06 1.69729e+06
threshold=-839.37559285714303 -0.75166088996455083 73.361305208333548 275.95809826388864
decision_type=2 2 2 2
left_child=-1 2 -2 -3
right_child=1 3 -4 -5
leaf_value=-3.6062582881864671 -0.41142849283624283 -0.09295625825194942 6.6839469056023235 -4.564866707541726
leaf_weight=166 1303 5973 403 219
leaf_count=166 1303 5973 403 219
internal_value=0.000244922 0.0764933 1.26761 -0.251831
internal_weight=8064 7898 1706 6192
internal_count=8064 7898 1706 6192
is_linear=0
shrinkage=0.05


Tree=97
num_leaves=7
num_cat=0
split_feature=3 3 7 1 2 3
split_gain=890712 5.37456e+06 2.37965e+06 1.83344e+06 3.27188e+06 1.29958e+06
threshold=270.87893229166622 275.95809826388864 1.0000000180025095e-35 659.66539999999998 -431.95970714285744 -14.809275694444066
decision_type=2 2 2 2 2 2
left_child=3 -2 -3 5 -5 -1
right_child=1 2 -4 4 -6 -7
leaf_value=0.71759873634585769 10.057875249961327 -6.2651720421170367 2.7956456680955561 -7.2774416757666547 2.0747222585014149 -0.62149447315444883
leaf_weight=3656 144 144 144 229 157 3590
leaf_count=3656 144 144 144 229 157 3590
internal_value=0.00022034 2.20626 -1.74077 -0.124923 -3.47805 0.0541565
internal_weight=8064 432 288 7632 386 7246
internal_count=8064 432 288 7632 386 7246
is_linear=0
shrinkage=0.05


Tree=98
num_leaves=7
num_cat=0
split_feature=1 6 2 4 5 3
split_gain=830364 1.47893e+06 1.05584e+06 3.65231e+06 1.14077e+06 921757
threshold=-405.6630499999996 -0.70710678118654802 -269.81955000000011 -0.10884096748385481 -0.94670478576706751 -52.121324652777496
decision_type=2 2 2 2 2 2
left_child=1 -1 3 -2 -4 -3
right_child=2 5 4 -5 -6 -7
leaf_value=-2.3811858129234955 -5.1844252133759383 0.97891366603874408 3.2208417477160154 0.81559104003837379 -0.061183941294388637 5.0185986598104355
leaf_weight=178 427 309 276 622 5992 260
leaf_count=178 427 309 276 622 5992 260
internal_value=0.000218507 1.58701 -0.161974 -1.62935 0.0838248 2.83038
internal_weight=8064 747 7317 1049 6268 569
internal_count=8064 747 7317 1049 6268 569
is_linear=0
shrinkage=0.05


Tree=99
num_leaves=7
num_cat=0
split_feature=3 3 7 1 2 3
split_gain=823189 4.8684e+06 2.14975e+06 1.60284e+06 2.89724e+06 1.17331e+06
threshold=270.87893229166622 275.95809826388864 1.0000000180025095e-35 659.66539999999998 -431.95970714285744 -14.809275694444066
decision_type=2 2 2 2 2 2
left_child=3 -2 -3 5 -5 -1
right_child=1 2 -4 4 -6 -7
leaf_value=0.67774330048088682 9.5937236010822762 -5.9359776626707159 2.6759875070637671 -6.8305362089820534 1.9698610907868497 -0.5946306832061069
leaf_weight=3656 144 144 144 229 157 3590
leaf_count=3656 144 144 144 229 157 3590
internal_value=0.00022251 2.121 -1.63564 -0.120083 -3.25526 0.0473559
internal_weight=8064 432 288 7632 386 7246
internal_count=8064 432 288 7632 386 7246
is_linear=0
shrinkage=0.05


end of trees

feature_importances:
Column_3=181
Column_2=155
Column_5=73
Column_0=54
Column_1=39
Column_4=21
Column_6=10
Column_7=8

parameters:
[boosting: gbdt]
[objective: regression]
[metric: l2]
[tree_learner: serial]
[device_type: cpu]
[data_sample_strategy: bagging]
[data: ]
[valid: ]
[num_iterations: 100]
[learning_rate: 0.05]
[num_leaves: 7]
[num_threads: 1]
[seed: 20250911]
[deterministic: 1]
[force_col_wise: 1]
[force_row_wise: 0]
[histogram_pool_size: -1]
[max_depth: 3]
[min_data_in_leaf: 144]
[min_sum_hessian_in_leaf: 0.001]
[bagging_fraction: 1]
[pos_bagging_fraction: 1]
[neg_bagging_fraction: 1]
[bagging_freq: 0]
[bagging_seed: 20250911]
[bagging_by_query: 0]
[feature_fraction: 1]
[feature_fraction_bynode: 1]
[feature_fraction_seed: 20250911]
[extra_trees: 0]
[extra_seed: 26685]
[early_stopping_round: 0]
[early_stopping_min_delta: 0]
[first_metric_only: 0]
[max_delta_step: 0]
[lambda_l1: 0]
[lambda_l2: 1]
[linear_lambda: 0]
[min_gain_to_split: 0]
[drop_rate: 0.1]
[max_drop: 50]
[skip_drop: 0.5]
[xgboost_dart_mode: 0]
[uniform_drop: 0]
[drop_seed: 2504]
[top_rate: 0.2]
[other_rate: 0.1]
[min_data_per_group: 100]
[max_cat_threshold: 32]
[cat_l2: 10]
[cat_smooth: 10]
[max_cat_to_onehot: 4]
[top_k: 20]
[monotone_constraints: ]
[monotone_constraints_method: basic]
[monotone_penalty: 0]
[feature_contri: ]
[forcedsplits_filename: ]
[refit_decay_rate: 0.9]
[cegb_tradeoff: 1]
[cegb_penalty_split: 0]
[cegb_penalty_feature_lazy: ]
[cegb_penalty_feature_coupled: ]
[path_smooth: 0]
[interaction_constraints: ]
[verbosity: -1]
[saved_feature_importance_type: 0]
[use_quantized_grad: 0]
[num_grad_quant_bins: 4]
[quant_train_renew_leaf: 0]
[stochastic_rounding: 1]
[linear_tree: 0]
[max_bin: 63]
[max_bin_by_feature: ]
[min_data_in_bin: 3]
[bin_construct_sample_cnt: 200000]
[data_random_seed: 20250911]
[is_enable_sparse: 1]
[enable_bundle: 1]
[use_missing: 1]
[zero_as_missing: 0]
[feature_pre_filter: 0]
[pre_partition: 0]
[two_round: 0]
[header: 0]
[label_column: ]
[weight_column: ]
[group_column: ]
[ignore_column: ]
[categorical_feature: ]
[forcedbins_filename: ]
[precise_float_parser: 0]
[parser_config_file: ]
[objective_seed: 19683]
[num_class: 1]
[is_unbalance: 0]
[scale_pos_weight: 1]
[sigmoid: 1]
[boost_from_average: 1]
[reg_sqrt: 0]
[alpha: 0.9]
[fair_c: 1]
[poisson_max_delta_step: 0.7]
[tweedie_variance_power: 1.5]
[lambdarank_truncation_level: 30]
[lambdarank_norm: 1]
[label_gain: ]
[lambdarank_position_bias_regularization: 0]
[eval_at: ]
[multi_error_top_k: 1]
[auc_mu_weights: ]
[num_machines: 1]
[local_listen_port: 12400]
[time_out: 120]
[machine_list_filename: ]
[machines: ]
[gpu_platform_id: -1]
[gpu_device_id: -1]
[gpu_device_id_list: ]
[gpu_use_dp: 0]
[num_gpu: 1]

end of parameters

pandas_categorical:null
