tree
version=v4
num_class=1
num_tree_per_iteration=1
label_index=0
max_feature_idx=11
objective=regression
feature_names=Column_0 Column_1 Column_2 Column_3 Column_4 Column_5 Column_6 Column_7 Column_8 Column_9 Column_10 Column_11
feature_infos=[0:8212.6875] [-1573.5043999999998:1539.3220000000001] [-837.11785714285634:1224.9882000000007] [-178.48149791666697:106.26697083333329] [-1:1] [-1:1] [-1:1] [-1:1] [11.666666666666666:12.833333333333334] [12.083333333333334:12.166666666666666] [-0.5357142857142857:1.5071428571428571] [1:1]
tree_sizes=753 756 751 756 753 759 759 757 761 756 765 675 762 758 760 756 675 758 758 678 760 761 755 767 759 766 753 756 770 757 749 763 755 761 672 673 672 756 757 667 665 746 666 761 589 757 674 591 752 666 660 758 753 655 657 748 741 662 497 738 738 748 496 746 500 742 575 745 496 583 669 498 742 579 578 496 575 498 739 749 578 577 578 743 579 498 658 578 574 579 742 578 580 659 498 661 755 580 759 752

Tree=0
num_leaves=7
num_cat=0
split_feature=2 2 2 2 2 0
split_gain=6.97448e+07 5.30932e+07 9.31578e+06 9.21018e+06 4.78946e+06 1.94147e+06
threshold=-68.900892857142466 323.06335714285689 166.6546285714285 -269.87678571428609 475.94004285714351 5913.1100500000002
decision_type=2 2 2 2 2 2
left_child=3 2 -2 -1 -3 -5
right_child=1 4 -4 5 -6 -7
leaf_value=-33.372569187650939 -9.1838513849332539 4.6531790591854154 -2.4942106699738478 -18.489194890769092 15.302555155113819 -25.420393056873571
leaf_weight=192 6212 252 567 364 189 144
leaf_count=192 6212 252 567 364 189 144
internal_value=-8.99037 -7.52863 -8.62345 -24.0477 9.26183 -20.4824
internal_weight=7920 7220 6779 700 441 508
internal_count=7920 7220 6779 700 441 508
is_linear=0
shrinkage=1


Tree=1
num_leaves=7
num_cat=0
split_feature=2 2 2 2 2 0
split_gain=6.29759e+07 4.79406e+07 8.409e+06 8.31732e+06 4.32568e+06 1.75454e+06
threshold=-68.900892857142466 323.06335714285689 166.6546285714285 -269.87678571428609 475.94004285714351 5913.1100500000002
decision_type=2 2 2 2 2 2
left_child=3 2 -2 -1 -3 -5
right_child=1 4 -4 5 -6 -7
leaf_value=-23.169406254118588 -0.18380937636979064 12.964067779440184 6.1719228377067292 -9.0251850618075036 23.084671646023267 -15.614187499079211
leaf_weight=192 6212 252 567 364 189 144
leaf_count=192 6212 252 567 364 189 144
internal_value=-3.83619e-05 1.38895 0.34862 -14.3081 17.3439 -10.9199
internal_weight=7920 7220 6779 700 441 508
internal_count=7920 7220 6779 700 441 508
is_linear=0
shrinkage=0.05


Tree=2
num_leaves=7
num_cat=0
split_feature=2 2 2 0 2 2
split_gain=5.68639e+07 4.3288e+07 7.5905e+06 7.58105e+06 3.91379e+06 853452
threshold=-68.900892857142466 323.06335714285689 166.6546285714285 6151.8076500000016 428.75774999999982 -167.49642857142905
decision_type=2 2 2 2 2 2
left_child=3 2 -2 5 -3 -1
right_child=1 4 -4 -5 -6 -7
leaf_value=-12.224233670572264 -0.17462032261474994 10.945838499759374 5.8638700683404448 -21.129437128904108 20.572292917519221 -7.8871169017791747
leaf_weight=225 6212 189 567 226 252 249
leaf_count=225 6212 189 567 226 252 249
internal_value=-7.28072e-05 1.3198 0.331233 -13.5961 16.4808 -9.96728
internal_weight=7920 7220 6779 700 441 474
internal_count=7920 7220 6779 700 441 474
is_linear=0
shrinkage=0.05


Tree=3
num_leaves=7
num_cat=0
split_feature=2 2 2 2 8 2
split_gain=5.13682e+07 3.80158e+07 1.0205e+07 7.6587e+06 2.41155e+06 2.40411e+06
threshold=-15.742057142857218 354.95193571428632 -269.87678571428609 166.6546285714285 12.16666666666667 475.94004285714351
decision_type=2 2 2 2 2 2
left_child=2 3 -1 -2 -4 -3
right_child=1 5 4 -5 -6 -7
leaf_value=-21.168960489386723 0.048497032761046339 12.773272802547405 -5.5643037899062042 5.8412624551358201 -11.228722993445002 20.913311867713929
leaf_weight=192 5960 189 399 630 361 189
leaf_count=192 5960 189 399 630 361 189
internal_value=-9.46983e-05 1.48879 -10.8879 0.603084 -8.26612 16.8877
internal_weight=7920 6968 952 6590 760 378
internal_count=7920 6968 952 6590 760 378
is_linear=0
shrinkage=0.05


Tree=4
num_leaves=7
num_cat=0
split_feature=2 2 0 2 2 2
split_gain=4.67291e+07 3.53577e+07 6.54466e+06 6.20653e+06 3.2494e+06 685862
threshold=-68.900892857142466 323.06335714285689 6151.8076500000016 141.11327142857115 475.94004285714351 -147.20824999999965
decision_type=2 2 2 2 2 2
left_child=2 3 5 -2 -3 -1
right_child=1 4 -4 -5 -6 -7
leaf_value=-10.624642396347109 -0.20784869010817106 11.103610945734465 -19.323390107322894 4.7828474706291129 19.873150514050536 -6.7033036737907228
leaf_weight=270 6086 252 226 693 189 204
leaf_count=270 6086 252 226 693 189 204
internal_value=-7.97326e-05 1.1964 -12.3251 0.302968 14.8984 -8.95464
internal_weight=7920 7220 700 6779 441 474
internal_count=7920 7220 700 6779 441 474
is_linear=0
shrinkage=0.05


Tree=5
num_leaves=7
num_cat=0
split_feature=2 2 2 2 2 2
split_gain=4.24935e+07 3.08617e+07 9.14279e+06 6.12067e+06 1.98241e+06 1.93138e+06
threshold=-7.2142071428572754 354.95193571428632 -269.87678571428609 166.6546285714285 -123.31404999999948 475.94004285714351
decision_type=2 2 2 2 2 2
left_child=2 3 -1 -2 -4 -3
right_child=1 5 4 -5 -6 -7
leaf_value=-19.353146429630144 0.098140408063895457 11.585712107357226 -10.325496886139737 5.279345247248652 -5.2689509833449186 18.884722596218712
leaf_weight=192 5897 189 319 630 504 189
leaf_count=192 5897 189 319 630 504 189
internal_value=-8.2684e-05 1.4045 -9.54738 0.598973 -7.23905 15.2754
internal_weight=7920 6905 1015 6527 823 378
internal_count=7920 6905 1015 6527 823 378
is_linear=0
shrinkage=0.05


Tree=6
num_leaves=7
num_cat=0
split_feature=2 2 2 2 5 8
split_gain=3.8365e+07 2.78686e+07 8.25721e+06 5.52484e+06 1.8509e+06 1.85064e+06
threshold=-7.2142071428572754 354.95193571428632 -269.87678571428609 166.6546285714285 -0.91509365977396839 12.16666666666667
decision_type=2 2 2 2 2 2
left_child=2 3 -1 -2 -3 -4
right_child=1 4 5 -5 -6 -7
leaf_value=-18.390502768847607 0.09323422778012512 17.487460000235753 -4.6105137586559293 5.0157963485954404 10.248232846037496 -9.3773581941033264
leaf_weight=192 5897 221 433 630 157 390
leaf_count=192 5897 221 433 630 157 390
internal_value=-7.28669e-05 1.33454 -9.07173 0.569066 14.5157 -6.87805
internal_weight=7920 6905 1015 6527 378 823
internal_count=7920 6905 1015 6527 378 823
is_linear=0
shrinkage=0.05


Tree=7
num_leaves=7
num_cat=0
split_feature=2 2 2 0 0 0
split_gain=3.47934e+07 2.64479e+07 5.94208e+06 5.82298e+06 5.46915e+06 519379
threshold=-68.900892857142466 222.81995714285679 428.75774999999982 5678.1866500000006 6151.8076500000016 4323.5925000000016
decision_type=2 2 2 2 2 2
left_child=4 3 -3 -2 5 -1
right_child=1 2 -4 -5 -6 -7
leaf_value=-5.4520606568202066 0.34033244477268454 6.7180578675128446 16.136663145828152 -6.5574122219167137 -17.030344637683573 -8.9040289925204377
leaf_weight=187 6143 504 252 321 226 287
leaf_count=187 6143 504 252 321 226 287
internal_value=-6.63025e-05 1.03237 9.87476 -0.00316848 -10.6351 -7.55652
internal_weight=7920 7220 756 6464 700 474
internal_count=7920 7220 756 6464 700 474
is_linear=0
shrinkage=0.05


Tree=8
num_leaves=7
num_cat=0
split_feature=2 2 2 2 2 8
split_gain=3.16439e+07 2.28449e+07 7.00681e+06 3.90788e+06 2.28996e+06 1.57532e+06
threshold=-7.2142071428572754 323.06335714285689 -269.87678571428609 141.11327142857115 475.94004285714351 12.16666666666667
decision_type=2 2 2 2 2 2
left_child=2 3 -1 -2 -3 -4
right_child=1 4 5 -5 -6 -7
leaf_value=-16.822843072887686 0.033560695488338906 9.0263042600729726 -4.1269145714247832 4.0047488359906191 16.383591627980532 -8.5240208457497992
leaf_weight=192 5771 252 433 693 189 390
leaf_count=192 5771 252 433 693 189 390
internal_value=-0.000156088 1.21192 -8.23896 0.459862 12.2094 -6.21841
internal_weight=7920 6905 1015 6464 441 823
internal_count=7920 6905 1015 6464 441 823
is_linear=0
shrinkage=0.05


Tree=9
num_leaves=7
num_cat=0
split_feature=2 2 0 2 0 3
split_gain=2.8622e+07 2.16931e+07 5.24326e+06 4.86186e+06 4.73122e+06 497675
threshold=-68.900892857142466 222.81995714285679 5678.1866500000006 428.75774999999982 6151.8076500000016 -8.9339631944442299
decision_type=2 2 2 2 2 2
left_child=4 2 -2 -3 5 -1
right_child=1 3 -4 -5 -6 -7
leaf_value=-4.8185695294177897 0.32436855668226294 6.0890113534328378 -6.221011002484409 14.608679910563669 -15.593331451458027 -8.1586846348407462
leaf_weight=197 6143 504 321 252 226 277
leaf_count=197 6143 504 321 252 226 277
internal_value=-0.00014843 0.936256 -0.00158471 8.94445 -9.64604 -6.78356
internal_weight=7920 7220 6464 756 700 474
internal_count=7920 7220 6464 756 700 474
is_linear=0
shrinkage=0.05


Tree=10
num_leaves=7
num_cat=0
split_feature=2 2 2 2 5 0
split_gain=2.61345e+07 1.86666e+07 6.26091e+06 3.89289e+06 1.58099e+06 1.58004e+06
threshold=-1.5155142857142858 354.95193571428632 -269.87678571428609 141.11327142857115 -0.91509365977396839 2783.6429000000003
decision_type=2 2 2 2 2 2
left_child=2 3 -1 -2 -3 -4
right_child=1 4 5 -5 -6 -7
leaf_value=-15.400694180351389 0.060903869595794302 14.662736999357605 -1.9820409495968463 3.8768440191071765 8.0026892118438901 -6.7365960552919395
leaf_weight=192 5708 221 241 756 157 645
leaf_count=192 5708 221 241 756 157 645
internal_value=-0.000227915 1.14015 -7.23246 0.507729 11.9249 -5.44701
internal_weight=7920 6842 1078 6464 378 886
internal_count=7920 6842 1078 6464 378 886
is_linear=0
shrinkage=0.05


Tree=11
num_leaves=6
num_cat=0
split_feature=2 2 0 2 0
split_gain=2.38503e+07 1.83874e+07 4.55028e+06 4.04423e+06 3.8345e+06
threshold=-123.31404999999948 222.81995714285679 5753.0497000000005 428.75774999999982 5835.0125000000016
decision_type=2 2 2 2 2
left_child=4 2 -2 -3 -1
right_child=1 3 -4 -5 -6
leaf_value=-6.3087404749930123 0.18700620726363246 5.5006698733273121 -5.7020427209793496 13.270669347000689 -15.017170223815382
leaf_weight=270 6308 504 345 252 241
leaf_count=270 6308 504 345 252 241
internal_value=-0.00020084 0.720949 -0.119189 8.10478 -10.4372
internal_weight=7920 7409 6653 756 511
internal_count=7920 7409 6653 756 511
is_linear=0
shrinkage=0.05


Tree=12
num_leaves=7
num_cat=0
split_feature=2 2 2 2 8 7
split_gain=2.1763e+07 1.52835e+07 5.18009e+06 3.30895e+06 1.47009e+06 1.40961e+06
threshold=-1.5155142857142858 354.95193571428632 -269.87678571428609 141.11327142857115 12.16666666666667 0.64278760968654003
decision_type=2 2 2 2 2 2
left_child=2 3 -1 -2 -4 -3
right_child=1 5 4 -5 -6 -7
leaf_value=-14.029813891124233 0.056195488150187003 6.9168101574350533 -3.0495964544340812 3.5743164643477972 -7.1396212589254775 13.256444811924196
leaf_weight=192 5708 148 470 756 416 230
leaf_count=192 5708 148 470 756 416 230
internal_value=-0.000241763 1.04039 -6.59994 0.468148 -4.97585 10.7991
internal_weight=7920 6842 1078 6464 886 378
internal_count=7920 6842 1078 6464 886 378
is_linear=0
shrinkage=0.05


Tree=13
num_leaves=7
num_cat=0
split_feature=2 2 0 2 0 5
split_gain=1.97502e+07 1.50785e+07 4.04212e+06 3.36715e+06 3.3416e+06 276225
threshold=-123.31404999999948 222.81995714285679 5753.0497000000005 428.75774999999982 6151.8076500000016 -0.83127174505093859
decision_type=2 2 2 2 2 2
left_child=4 2 -2 -3 5 -1
right_child=1 3 -4 -5 -6 -7
leaf_value=-7.9190296138427705 0.18380203826772487 4.9665762896466967 -5.3666781937455852 12.056052188260166 -14.660280141509498 -4.8838748707674275
leaf_weight=146 6308 504 345 252 194 171
leaf_count=146 6308 504 345 252 194 171
internal_value=-0.000232272 0.656011 -0.104789 7.34254 -9.49781 -6.30228
internal_weight=7920 7409 6653 756 511 317
internal_count=7920 7409 6653 756 511 317
is_linear=0
shrinkage=0.05


Tree=14
num_leaves=7
num_cat=0
split_feature=2 2 2 0 2 8
split_gain=1.81255e+07 1.25158e+07 4.28392e+06 2.46575e+06 1.43025e+06 1.27819e+06
threshold=-1.5155142857142858 323.06335714285689 -269.87678571428609 5678.1866500000006 475.94004285714351 12.16666666666667
decision_type=2 2 2 2 2 2
left_child=2 3 -1 -2 -3 -4
right_child=1 4 5 -5 -6 -7
leaf_value=-12.780017400405569 0.62577769210690892 6.5761282938860148 -2.7505066406132057 -3.6505748517706951 12.382257191507442 -6.563748053795428
leaf_weight=192 6045 252 470 356 189 416
leaf_count=192 6045 252 470 356 189 416
internal_value=-0.000319265 0.949377 -6.02328 0.38741 9.08685 -4.5463
internal_weight=7920 6842 1078 6401 441 886
internal_count=7920 6842 1078 6401 441 886
is_linear=0
shrinkage=0.05


Tree=15
num_leaves=7
num_cat=0
split_feature=2 2 0 2 0 0
split_gain=1.63639e+07 1.1556e+07 3.95868e+06 2.65139e+06 2.5928e+06 885467
threshold=-1.5155142857142858 222.81995714285679 6151.8076500000016 428.75774999999982 5678.1866500000006 2437.8937500000006
decision_type=2 2 2 2 2 2
left_child=2 4 5 -3 -2 -1
right_child=1 3 -4 -5 -6 -7
leaf_value=-1.1023643037267761 0.39349443388122951 4.6189277849516071 -10.969668362190326 10.911256150341789 -4.7477050353016237 -4.9235110562583175
leaf_weight=203 5831 504 269 252 255 606
leaf_count=203 5831 504 269 252 255 606
internal_value=-0.000342204 0.902024 -5.72314 6.72801 0.177336 -3.96723
internal_weight=7920 6842 1078 756 6086 809
internal_count=7920 6842 1078 756 6086 809
is_linear=0
shrinkage=0.05


Tree=16
num_leaves=6
num_cat=0
split_feature=2 2 1 0 2
split_gain=1.5037e+07 1.14251e+07 2.98523e+06 2.7278e+06 2.39424e+06
threshold=-123.31404999999948 222.81995714285679 242.77375000000032 5835.0125000000016 428.75774999999982
decision_type=2 2 2 2 2
left_child=3 2 -2 -1 -3
right_child=1 4 -4 -5 -6
leaf_value=-4.8087162523252056 0.11835776473044773 4.3884386960881772 -5.4725182517401638 -12.149030356663317 10.367849756418011
leaf_weight=270 6406 504 247 241 252
leaf_count=270 6406 504 247 241 252
internal_value=-0.000361854 0.572248 -0.090001 -8.28755 6.39264
internal_weight=7920 7409 6653 511 756
internal_count=7920 7409 6653 511 756
is_linear=0
shrinkage=0.05


Tree=17
num_leaves=7
num_cat=0
split_feature=2 2 2 1 0 5
split_gain=1.35764e+07 1.03272e+07 2.9141e+06 2.87342e+06 2.47006e+06 223836
threshold=-123.31404999999948 166.6546285714285 386.58639285714258 242.77375000000032 6151.8076500000016 -0.83127174505093859
decision_type=2 2 2 2 2 2
left_child=4 3 -3 -2 5 -1
right_child=1 2 -4 -5 -6 -7
leaf_value=-6.5788068586466268 0.0094143248756111755 3.4242445023320096 9.2275719945189323 -5.6237978222649154 -12.312213091728015 -3.8601615053276683
leaf_weight=146 6167 693 315 234 194 171
leaf_count=146 6167 693 315 234 194 171
internal_value=-0.00039142 0.5437 5.24513 -0.197364 -7.87483 -5.12903
internal_weight=7920 7409 1008 6401 511 317
internal_count=7920 7409 1008 6401 511 317
is_linear=0
shrinkage=0.05


Tree=18
num_leaves=7
num_cat=0
split_feature=2 2 2 0 2 8
split_gain=1.24407e+07 8.49771e+06 3.15839e+06 2.25475e+06 2.01721e+06 1.00205e+06
threshold=-1.5155142857142858 222.81995714285679 -269.87678571428609 5678.1866500000006 475.94004285714351 12.16666666666667
decision_type=2 2 2 2 2 2
left_child=2 3 -1 -2 -3 -4
right_child=1 4 5 -5 -6 -7
leaf_value=-10.791443138326388 0.366461232105118 4.2778815210639491 -2.1335009260257336 -4.427879734570161 10.24909681524101 -5.508234198716619
leaf_weight=192 5831 567 470 255 189 416
leaf_count=192 5831 567 470 255 189 416
internal_value=-0.000471068 0.786326 -4.99033 0.164887 5.78225 -3.72245
internal_weight=7920 6842 1078 6086 756 886
internal_count=7920 6842 1078 6086 756 886
is_linear=0
shrinkage=0.05


Tree=19
num_leaves=6
num_cat=0
split_feature=2 2 0 2 0
split_gain=1.12349e+07 8.56983e+06 2.42791e+06 2.37938e+06 2.15983e+06
threshold=-123.31404999999948 166.6546285714285 1767.9375000000002 386.58639285714258 5835.0125000000016
decision_type=2 2 2 2 2
left_child=4 2 -2 -3 -1
right_child=1 3 -4 -5 -6
leaf_value=-4.0694810251908109 0.28819044713785913 3.1317775188502388 -2.2027728797142934 8.3758666013897987 -10.59923061117653
leaf_weight=270 5197 693 1204 315 241
leaf_count=270 5197 693 1204 315 241
internal_value=-0.000497803 0.494453 -0.18062 4.77723 -7.16376
internal_weight=7920 7409 6401 1008 511
internal_count=7920 7409 6401 1008 511
is_linear=0
shrinkage=0.05


Tree=20
num_leaves=7
num_cat=0
split_feature=2 2 2 2 5 3
split_gain=1.02504e+07 6.9625e+06 2.64054e+06 2.02163e+06 1.14525e+06 976558
threshold=-1.5155142857142858 354.95193571428632 -269.87678571428609 141.11327142857115 -0.91509365977396839 34.596235416666794
decision_type=2 2 2 2 2 2
left_child=2 3 -1 -2 -3 -4
right_child=1 4 5 -5 -6 -7
leaf_value=-9.8340246956274306 0.005449963188887603 9.6181654700556329 -4.3061889753520575 2.7553368093901103 3.9973170233678212 -0.42642019057343178
leaf_weight=192 5708 221 672 756 157 214
leaf_count=192 5708 221 672 756 157 214
internal_value=-0.000504944 0.71368 -4.52985 0.327441 7.30029 -3.37063
internal_weight=7920 6842 1078 6464 378 886
internal_count=7920 6842 1078 6464 378 886
is_linear=0
shrinkage=0.05


Tree=21
num_leaves=7
num_cat=0
split_feature=2 2 0 2 0 5
split_gain=9.31043e+06 6.9955e+06 2.64747e+06 2.18416e+06 1.9333e+06 173509
threshold=-123.31404999999948 141.11327142857115 1767.9375000000002 428.75774999999982 6151.8076500000016 -0.83127174505093859
decision_type=2 2 2 2 2 2
left_child=4 2 -2 -3 5 -1
right_child=1 3 -4 -5 -6 -7
leaf_value=-5.3671687074259031 0.26882320540072557 2.8834688265403967 -2.4370478654030254 8.1608080879972871 -10.445633413722883 -2.9831319426727849
leaf_weight=146 5181 882 1094 252 194 171
leaf_count=146 5181 882 1094 252 194 171
internal_value=-0.000468268 0.450103 -0.203239 4.06237 -6.52143 -4.09457
internal_weight=7920 7409 6275 1134 511 317
internal_count=7920 7409 6275 1134 511 317
is_linear=0
shrinkage=0.05


Tree=22
num_leaves=7
num_cat=0
split_feature=2 2 2 2 3 5
split_gain=8.4087e+06 5.74519e+06 2.21399e+06 1.89297e+06 891437 887328
threshold=-1.5155142857142858 386.58639285714258 -269.87678571428609 121.03499999999998 34.596235416666794 -0.94670478576706751
decision_type=2 2 2 2 2 2
left_child=2 3 -1 -2 -4 -3
right_child=1 5 4 -5 -6 -7
leaf_value=-8.959602926694668 -0.022991028263398917 9.7282624068714334 -3.9352644107106629 2.3957572324394425 -0.22936597483839061 4.3661388312110168
leaf_weight=192 5582 167 672 945 214 148
leaf_count=192 5582 167 672 945 214 148
internal_value=-0.000507486 0.646344 -4.10283 0.327516 -3.04143 7.2307
internal_weight=7920 6842 1078 6527 886 315
internal_count=7920 6842 1078 6527 886 315
is_linear=0
shrinkage=0.05


Tree=23
num_leaves=7
num_cat=0
split_feature=1 2 0 3 3 2
split_gain=7.78698e+06 5.95687e+06 2.08721e+06 1.98305e+06 1.36617e+06 1.27816e+06
threshold=242.77375000000032 141.11327142857115 1767.9375000000002 -3.7752312500000467 -8.9339631944442299 -167.49642857142905
decision_type=2 2 2 2 2 2
left_child=1 2 -1 -3 -2 -6
right_child=4 3 -4 -5 5 -7
leaf_value=0.26063346031300694 -1.5552347163119951 2.1150357593046993 -2.1949526360059468 6.4573403582420177 -9.8637906087934972 -4.421839970842866
leaf_weight=5177 165 664 1038 436 199 241
leaf_count=5177 165 664 1038 436 199 241
internal_value=-0.000460999 0.450705 -0.149774 3.84047 -5.44722 -6.89987
internal_weight=7920 7315 6215 1100 605 440
internal_count=7920 7315 6215 1100 605 440
is_linear=0
shrinkage=0.05


Tree=24
num_leaves=7
num_cat=0
split_feature=2 2 0 0 3 5
split_gain=7.05213e+06 5.27816e+06 2.27224e+06 1.64993e+06 1.40316e+06 138178
threshold=-123.31404999999948 222.81995714285679 5753.0497000000005 6151.8076500000016 5.0601215277778246 -0.83127174505093859
decision_type=2 2 2 2 2 2
left_child=3 2 -2 5 -3 -1
right_child=1 4 -4 -5 -6 -7
leaf_value=-4.5694642945617234 0.15788757697879718 2.9890811044174961 -4.0036389272767687 -9.2998891906860557 7.7810805021289076 -2.4465372587435037
leaf_weight=146 6308 543 345 194 213 171
leaf_count=146 6308 543 345 194 213 171
internal_value=-0.000496029 0.391642 -0.0584831 -5.67577 4.3477 -3.43558
internal_weight=7920 7409 6653 511 756 317
internal_count=7920 7409 6653 511 756 317
is_linear=0
shrinkage=0.05


Tree=25
num_leaves=7
num_cat=0
split_feature=1 2 0 0 3 2
split_gain=6.51515e+06 4.99169e+06 1.84028e+06 1.76353e+06 1.20534e+06 1.05363e+06
threshold=242.77375000000032 141.11327142857115 5678.1866500000006 1767.9375000000002 -8.9339631944442299 -167.49642857142905
decision_type=2 2 2 2 2 2
left_child=1 3 -3 -1 -2 -6
right_child=4 2 -4 -5 5 -7
leaf_value=0.23971145336533112 -1.3279654656727631 4.9136409633437799 0.5254820833998648 -2.0174548469161162 -9.0384248582720765 -4.0965531722573214
leaf_weight=5177 165 749 351 1038 199 241
leaf_count=5177 165 749 351 1038 199 241
internal_value=-0.000530535 0.41215 3.51517 -0.137534 -4.98266 -6.34705
internal_weight=7920 7315 1100 6215 605 440
internal_count=7920 7315 1100 6215 605 440
is_linear=0
shrinkage=0.05


Tree=26
num_leaves=7
num_cat=0
split_feature=1 2 0 3 2 5
split_gain=5.88271e+06 4.67401e+06 2.41673e+06 1.08832e+06 951477 886979
threshold=242.77375000000032 386.58639285714258 6696.3177500000011 -8.9339631944442299 -167.49642857142905 -0.94670478576706751
decision_type=2 2 2 2 2 2
left_child=1 2 -1 -2 -5 -3
right_child=3 5 -4 4 -6 -7
leaf_value=0.26211371560951496 -1.2619672378861762 8.9411893870201578 -6.1745248296916886 -8.5887629684209834 -3.8925718825833857 3.5551935489145698
leaf_weight=6857 165 162 148 199 241 148
leaf_count=6857 165 162 148 199 241 148
internal_value=-0.000572173 0.391568 0.12526 -4.73472 -6.03119 6.38951
internal_weight=7920 7315 7005 605 440 310
internal_count=7920 7315 7005 605 440 310
is_linear=0
shrinkage=0.05


Tree=27
num_leaves=7
num_cat=0
split_feature=2 1 0 8 0 3
split_gain=5.42446e+06 4.2087e+06 1.64013e+06 1.32094e+06 1.2344e+06 870344
threshold=-1.5155142857142858 -423.97499999999985 6579.2891500000014 12.16666666666667 5913.1100500000002 -29.023433333333283
decision_type=2 2 2 2 2 2
left_child=2 3 5 -2 -3 -1
right_child=1 4 -4 -5 -6 -7
leaf_value=-0.063759755103417956 9.4455816265632375 0.37472105177215193 -7.9034598600937107 3.284732876250295 -2.9305818378623272 -3.4554493649668978
leaf_weight=267 144 6181 163 222 295 648
leaf_count=267 144 6181 163 222 295 648
internal_value=-0.000588762 0.51895 -3.2955 5.72781 0.223726 -2.46689
internal_weight=7920 6842 1078 366 6476 915
internal_count=7920 6842 1078 366 6476 915
is_linear=0
shrinkage=0.05


Tree=28
num_leaves=7
num_cat=0
split_feature=2 0 3 0 0 2
split_gain=5.00939e+06 4.95038e+06 1.97004e+06 2.07474e+06 1.50779e+06 1.02666e+06
threshold=121.03499999999998 5753.0497000000005 -70.700591319444229 6151.8076500000016 1420.6453000000001 -228.18482142857144
decision_type=2 2 2 2 2 2
left_child=1 4 -2 -4 -1 -3
right_child=2 5 3 -5 -6 -7
leaf_value=0.20522579398924085 -0.16552852548798672 -8.5802691848892163 5.3506977576424717 -0.75997618491939045 -1.8319948518381211 -3.7303292835080946
leaf_weight=5058 372 164 716 172 1106 332
leaf_count=5058 372 164 716 172 1106 332
internal_value=-0.000567202 -0.547624 2.88916 4.16758 -0.160548 -5.34798
internal_weight=7920 6660 1260 888 6164 496
internal_count=7920 6660 1260 888 6164 496
is_linear=0
shrinkage=0.05


Tree=29
num_leaves=7
num_cat=0
split_feature=2 0 3 3 0 1
split_gain=4.6132e+06 5.49588e+06 1.967e+06 2.39299e+06 1.49473e+06 908236
threshold=76.09687142857139 1072.2371000000003 -70.700591319444229 48.610775347222223 6579.2891500000014 -423.97499999999985
decision_type=2 2 2 2 2 2
left_child=1 -1 5 -4 -3 -2
right_child=2 4 3 -5 -6 -7
leaf_value=0.195613318207665 2.5298856904671627 -2.671141799935814 4.5160148463412222 -1.6194135898226845 -7.3552750014295487 -2.2304943507062993
leaf_weight=4905 158 1243 957 190 197 270
leaf_count=4905 158 1243 957 190 197 270
internal_value=-0.000598892 -0.601886 2.42057 3.49916 -3.31662 -0.471357
internal_weight=7920 6345 1575 1147 1440 428
internal_count=7920 6345 1575 1147 1440 428
is_linear=0
shrinkage=0.05


Tree=30
num_leaves=7
num_cat=0
split_feature=1 2 0 3 4 5
split_gain=4.21222e+06 3.63201e+06 1.88064e+06 935953 952573 803235
threshold=242.77375000000032 386.58639285714258 6696.3177500000011 -8.9339631944442299 -0.1950438958025166 -0.94670478576706751
decision_type=2 2 2 2 2 2
left_child=1 2 -1 -2 -5 -3
right_child=3 5 -4 4 -6 -7
leaf_value=0.2171881524416012 -0.78891852526779638 8.0449627351175792 -5.4608438706238003 -8.2959465834544979 -3.438590349912221 2.9262848572442994
leaf_weight=6857 165 162 148 159 281 148
leaf_count=6857 165 162 148 159 281 148
internal_value=-0.000610835 0.331213 0.0964617 -4.00659 -5.20869 5.61847
internal_weight=7920 7315 7005 605 440 310
internal_count=7920 7315 7005 605 440 310
is_linear=0
shrinkage=0.05


Tree=31
num_leaves=7
num_cat=0
split_feature=2 0 3 3 0 1
split_gain=4.02894e+06 4.70031e+06 1.80741e+06 2.12113e+06 1.26002e+06 750417
threshold=76.09687142857139 1072.2371000000003 -70.700591319444229 48.610775347222223 6579.2891500000014 -423.97499999999985
decision_type=2 2 2 2 2 2
left_child=1 -1 5 -4 -3 -2
right_child=2 4 3 -5 -6 -7
leaf_value=0.17497744159716044 2.2183241245131824 -2.4804402818857003 4.2533070080402258 -1.5231107021501551 -6.7812236822012695 -2.1088304480228479
leaf_weight=4905 158 1243 957 190 197 270
leaf_count=4905 158 1243 957 190 197 270
internal_value=-0.000623181 -0.562545 2.26204 3.29595 -3.07311 -0.509976
internal_weight=7920 6345 1575 1147 1440 428
internal_count=7920 6345 1575 1147 1440 428
is_linear=0
shrinkage=0.05


Tree=32
num_leaves=7
num_cat=0
split_feature=2 0 3 1 1 3
split_gain=3.65735e+06 3.57518e+06 1.48951e+06 1.5263e+06 1.01868e+06 990956
threshold=166.6546285714285 5753.0497000000005 -3.7752312500000467 -522.84254999999973 88.98615000000008 21.369491666666708
decision_type=2 2 2 2 2 2
left_child=1 4 3 -2 -1 -4
right_child=2 -3 5 -5 -6 -7
leaf_value=0.12123548759534408 4.9008584952354433 -4.3212579429591962 7.8696498947006637 -0.46124926938299232 -2.0613865579834214 2.8567139261298711
leaf_weight=5786 194 538 184 415 588 215
leaf_count=5786 194 538 184 415 588 215
internal_value=-0.00063146 -0.41107 2.81142 1.25211 -0.0804027 5.18234
internal_weight=7920 6912 1008 609 6374 399
internal_count=7920 6912 1008 609 6374 399
is_linear=0
shrinkage=0.05


Tree=33
num_leaves=7
num_cat=0
split_feature=2 0 3 3 0 1
split_gain=3.38515e+06 3.94947e+06 1.59154e+06 1.88152e+06 1.06681e+06 635844
threshold=76.09687142857139 1072.2371000000003 -70.700591319444229 48.610775347222223 6579.2891500000014 -173.0219499999998
decision_type=2 2 2 2 2 2
left_child=1 -1 5 -4 -3 -2
right_child=2 4 3 -5 -6 -7
leaf_value=0.16043675680137195 0.88098201995582459 -2.2716132272798508 3.9453683645648221 -1.494791721923189 -6.2289033586328681 -3.1535470656504234
leaf_weight=4905 279 1243 957 190 197 149
leaf_count=4905 279 1243 957 190 197 149
internal_value=-0.00054367 -0.515617 2.07348 3.04369 -2.81694 -0.527639
internal_weight=7920 6345 1575 1147 1440 428
internal_count=7920 6345 1575 1147 1440 428
is_linear=0
shrinkage=0.05


Tree=34
num_leaves=6
num_cat=0
split_feature=1 0 2 8 2
split_gain=3.2275e+06 3.07454e+06 1.68369e+06 1.16715e+06 867973
threshold=-423.97499999999985 5913.1100500000002 141.11327142857115 12.16666666666667 -228.18482142857144
decision_type=2 2 2 2 2
left_child=3 2 -2 -1 -3
right_child=1 4 -4 -5 -6
leaf_value=7.9879116006396913 -0.16928243301437543 -6.8766148576488746 2.5651198593881528 2.2609371302936569 -2.5243537600058659
leaf_weight=147 6320 153 617 226 457
leaf_count=147 6320 153 617 226 457
internal_value=-0.000568015 -0.225218 0.0742591 4.53327 -3.62545
internal_weight=7920 7547 6937 373 610
internal_count=7920 7547 6937 373 610
is_linear=0
shrinkage=0.05


Tree=35
num_leaves=6
num_cat=0
split_feature=1 0 2 8 2
split_gain=2.91465e+06 2.77601e+06 1.51977e+06 1.05421e+06 784090
threshold=-423.97499999999985 5913.1100500000002 141.11327142857115 12.16666666666667 -228.18482142857144
decision_type=2 2 2 2 2
left_child=3 2 -2 -1 -3
right_child=1 4 -4 -5 -6
leaf_value=7.5912146505471831 -0.16081964441900287 -6.5350165369448723 2.4370713841302689 2.1483883659219951 -2.3984116509621844
leaf_weight=147 6320 153 617 226 457
leaf_count=147 6320 153 617 226 457
internal_value=-0.000519128 -0.214003 0.0705634 4.30798 -3.44495
internal_weight=7920 7547 6937 373 610
internal_count=7920 7547 6937 373 610
is_linear=0
shrinkage=0.05


Tree=36
num_leaves=6
num_cat=0
split_feature=2 0 1 2 5
split_gain=2.70415e+06 2.96043e+06 1.78999e+06 899034 680522
threshold=386.58639285714258 5753.0497000000005 -308.51369999999969 -228.18482142857144 -0.94670478576706751
decision_type=2 2 2 2 2
left_child=1 2 -1 -3 -2
right_child=4 3 -4 -5 -6
leaf_value=4.6687849256594038 6.7121785161839362 -6.4521806032007394 -0.0088932162403644096 -2.2557399538599929 2.0426803076827289
leaf_weight=210 167 164 6657 574 148
leaf_count=210 167 164 6657 574 148
internal_value=-0.000473719 -0.188766 0.134814 -3.19575 4.53166
internal_weight=7920 7605 6867 738 315
internal_count=7920 7605 6867 738 315
is_linear=0
shrinkage=0.05


Tree=37
num_leaves=7
num_cat=0
split_feature=1 2 0 3 10 5
split_gain=2.53654e+06 2.16171e+06 1.23776e+06 647903 1.04624e+06 631952
threshold=273.85965000000039 386.58639285714258 5753.0497000000005 -8.9339631944442299 0.54112676056338038 -0.94670478576706751
decision_type=2 2 2 2 2 2
left_child=1 2 -1 -2 -5 -3
right_child=3 5 -4 4 -6 -7
leaf_value=0.23876746660943296 -0.43895965652400948 6.472788353675714 -2.4301791600001756 -2.2068775753889764 -7.4347024051495545 1.9412317316004097
leaf_weight=6602 146 162 464 237 161 148
leaf_count=6602 146 162 464 237 161 148
internal_value=-0.000420328 0.242762 0.0631878 -3.29208 -4.33498 4.32253
internal_weight=7920 7376 7066 544 398 310
internal_count=7920 7376 7066 544 398 310
is_linear=0
shrinkage=0.05


Tree=38
num_leaves=7
num_cat=0
split_feature=2 0 3 3 6 8
split_gain=2.37696e+06 3.00256e+06 1.67657e+06 2.70347e+06 1.32515e+06 896120
threshold=76.09687142857139 1072.2371000000003 -3.7752312500000467 48.610775347222223 -0.57357643635104605 12.66666666666667
decision_type=2 2 2 2 2 2
left_child=1 -1 4 -4 -2 -3
right_child=2 5 3 -5 -6 -7
leaf_value=0.157426929808819 -2.3741398137503942 -2.9304583742856121 5.5438594502632066 -1.4656651316083851 1.6906655615262043 0.71926872494893201
leaf_weight=4905 303 1246 494 190 588 194
leaf_count=4905 303 1246 494 190 588 194
internal_value=-0.000423655 -0.432034 1.73752 3.59747 0.307246 -2.4386
internal_weight=7920 6345 1575 684 891 1440
internal_count=7920 6345 1575 684 891 1440
is_linear=0
shrinkage=0.05


Tree=39
num_leaves=6
num_cat=0
split_feature=1 0 2 8 3
split_gain=2.20332e+06 2.06205e+06 1.15805e+06 904761 624532
threshold=-423.97499999999985 6151.8076500000016 141.11327142857115 12.16666666666667 -17.850571527777671
decision_type=2 2 2 2 2
left_child=3 2 -2 -1 -3
right_child=1 4 -4 -5 -6
leaf_value=6.786648796277273 -0.16631296058760381 -0.85661275320212926 2.0628297747157851 1.7464470924719315 -4.5311063792880955
leaf_weight=147 6397 178 640 226 332
leaf_count=147 6397 178 640 226 332
internal_value=-0.00039402 -0.186008 0.0366871 3.74564 -3.25282
internal_weight=7920 7547 7037 373 510
internal_count=7920 7547 7037 373 510
is_linear=0
shrinkage=0.05


Tree=40
num_leaves=6
num_cat=0
split_feature=1 2 2 3 10
split_gain=2.04112e+06 1.77956e+06 850157 562832 964432
threshold=273.85965000000039 475.94004285714351 76.09687142857139 -8.9339631944442299 0.54112676056338038
decision_type=2 2 2 2 2
left_child=1 2 -1 -2 -5
right_child=3 -3 -4 4 -6
leaf_value=-0.16637726818615056 -0.29473726043895798 5.0464430058515202 1.2326031326174469 -1.8832818717515771 -6.9005739521649154
leaf_weight=5859 146 185 1332 237 161
leaf_count=5859 146 185 1332 237 161
internal_value=-0.00034249 0.217802 0.0928934 -2.9531 -3.9251
internal_weight=7920 7376 7191 544 398
internal_count=7920 7376 7191 544 398
is_linear=0
shrinkage=0.05


Tree=41
num_leaves=7
num_cat=0
split_feature=2 1 3 1 0 4
split_gain=1.90569e+06 1.64966e+06 847102 707936 566194 127829
threshold=-123.31404999999948 -423.97499999999985 -70.700591319444229 308.68310000000002 6151.8076500000016 0.15208718494349097
decision_type=2 2 2 2 2 2
left_child=4 2 -2 -3 5 -1
right_child=1 3 -4 -5 -6 -7
leaf_value=-0.5879969268842461 0.72709677559466446 0.11365813226218213 5.5443719368321558 -3.0458468027986014 -5.0725458509494104 -2.5998424294483233
leaf_weight=152 162 6857 209 181 194 165
leaf_count=152 162 6857 209 181 194 165
internal_value=-0.000344095 0.203503 3.44848 0.0319823 -2.95055 -1.64005
internal_weight=7920 7409 371 7038 511 317
internal_count=7920 7409 371 7038 511 317
is_linear=0
shrinkage=0.05


Tree=42
num_leaves=6
num_cat=0
split_feature=2 2 1 3 2
split_gain=1.72084e+06 1.56959e+06 692033 559376 885005
threshold=-123.31404999999948 475.94004285714351 308.68310000000002 -8.9339631944442299 -269.87678571428609
decision_type=2 2 2 2 2
left_child=3 2 -2 -1 -5
right_child=1 -3 -4 4 -6
leaf_value=-0.46710551997949912 0.15330894954805929 4.6792197389547763 -2.994856341424601 -6.8676949600245329 -1.7198649584938206
leaf_weight=171 7042 189 178 148 192
leaf_count=171 7042 189 178 148 192
internal_value=-0.000357939 0.193351 0.0752909 -2.80383 -3.97425
internal_weight=7920 7409 7220 511 340
internal_count=7920 7409 7220 511 340
is_linear=0
shrinkage=0.05


Tree=43
num_leaves=7
num_cat=0
split_feature=2 0 3 3 6 8
split_gain=1.63699e+06 2.26009e+06 1.65027e+06 2.37013e+06 1.17051e+06 816410
threshold=76.09687142857139 1072.2371000000003 -3.7752312500000467 48.610775347222223 -0.57357643635104605 12.66666666666667
decision_type=2 2 2 2 2 2
left_child=1 -1 4 -4 -2 -3
right_child=2 5 3 -5 -6 -7
leaf_value=0.15284266973824021 -2.4965407879336885 -2.5689714001033099 5.1096539083815591 -1.4532165719713062 1.3236857396371802 0.91379476479994948
leaf_weight=4905 303 1246 494 190 588 194
leaf_count=4905 303 1246 494 190 588 194
internal_value=-0.000385608 -0.358568 1.44189 3.28717 0.0232091 -2.09946
internal_weight=7920 6345 1575 684 891 1440
internal_count=7920 6345 1575 684 891 1440
is_linear=0
shrinkage=0.05


Tree=44
num_leaves=5
num_cat=0
split_feature=2 0 1 2
split_gain=1.5266e+06 1.85803e+06 1.34204e+06 543565
threshold=428.75774999999982 5753.0497000000005 -337.66875000000022 -228.18482142857144
decision_type=2 2 2 2
left_child=1 2 -1 -3
right_child=-2 3 -4 -5
leaf_value=4.2876653784343963 3.8210509324733453 -5.0101414928291783 0.015508345629932288 -1.7624316777711113
leaf_weight=188 252 164 6717 599
leaf_count=188 252 164 6717 599
internal_value=-0.000360137 -0.126428 0.132429 -2.46614
internal_weight=7920 7668 6905 763
internal_count=7920 7668 6905 763
is_linear=0
shrinkage=0.05


Tree=45
num_leaves=7
num_cat=0
split_feature=2 0 3 3 8 8
split_gain=1.39874e+06 1.95733e+06 1.51701e+06 2.12194e+06 1.10595e+06 678056
threshold=76.09687142857139 738.22610000000009 -3.7752312500000467 48.610775347222223 12.16666666666667 12.66666666666667
decision_type=2 2 2 2 2 2
left_child=1 -1 4 -4 -2 -3
right_child=2 5 3 -5 -6 -7
leaf_value=0.16156623855640767 2.2545851018514718 -2.3098169304583114 4.8264912576988497 -1.383231990803911 -1.384123031693411 0.79114623093137559
leaf_weight=4825 332 1317 494 190 559 203
leaf_count=4825 332 1317 494 190 559 203
internal_value=-0.000333596 -0.331425 1.33286 3.10207 -0.0272781 -1.89543
internal_weight=7920 6345 1575 684 891 1520
internal_count=7920 6345 1575 684 891 1520
is_linear=0
shrinkage=0.05


Tree=46
num_leaves=6
num_cat=0
split_feature=1 0 5 3 3
split_gain=1.35357e+06 1.36683e+06 1.02079e+06 747702 605139
threshold=-423.97499999999985 6151.8076500000016 -0.97111091670450067 -70.700591319444229 2.9852111111111985
decision_type=2 2 2 2 2
left_child=3 2 -2 -1 -3
right_child=1 4 -4 -5 -6
leaf_value=0.38973511409400624 3.8400618169543357 -4.2943447006348157 -0.059772525290663341 4.9008409417071057 -0.84590818475538154
leaf_weight=163 171 265 6866 210 245
leaf_count=163 171 265 6866 210 245
internal_value=-0.000298246 -0.145781 0.0355261 2.93581 -2.64264
internal_weight=7920 7547 7037 373 510
internal_count=7920 7547 7037 373 510
is_linear=0
shrinkage=0.05


Tree=47
num_leaves=5
num_cat=0
split_feature=2 0 5 2
split_gain=1.28789e+06 1.30255e+06 1.49744e+06 557994
threshold=475.94004285714351 5753.0497000000005 -0.94670478576706751 -228.18482142857144
decision_type=2 2 2 2
left_child=1 2 -1 -3
right_child=-2 3 -4 -5
leaf_value=5.0431450600260934 4.0666236957672401 -4.613713246005954 0.0089473340527111336 -1.3393518675596288
leaf_weight=150 189 164 6794 623
leaf_count=150 189 164 6794 623
internal_value=-0.000258517 -0.100195 0.118403 -2.02667
internal_weight=7920 7731 6944 787
internal_count=7920 7731 6944 787
is_linear=0
shrinkage=0.05


Tree=48
num_leaves=7
num_cat=0
split_feature=2 0 3 5 1 5
split_gain=1.20164e+06 1.34491e+06 1.24646e+06 999995 707025 678486
threshold=222.81995714285679 5753.0497000000005 5.0601215277778246 -0.91509365977396839 75.886700000000488 -0.97111091670450067
decision_type=2 2 2 2 2 2
left_child=1 3 5 -1 -3 -2
right_child=2 4 -4 -5 -6 -7
leaf_value=3.7133904636916473 3.2842203684600002 -4.7504211196426978 5.1263692613517016 -0.09650131963675905 -1.1686793758331009 -0.54944497183319141
leaf_weight=176 165 216 213 6392 380 378
leaf_count=176 165 216 213 6392 380 378
internal_value=-0.000225614 -0.200387 1.8943 0.00614054 -2.47254 0.619377
internal_weight=7920 7164 756 6568 596 543
internal_count=7920 7164 756 6568 596 543
is_linear=0
shrinkage=0.05


Tree=49
num_leaves=6
num_cat=0
split_feature=1 0 5 8 3
split_gain=1.11908e+06 1.07049e+06 867094 694282 549006
threshold=-423.97499999999985 6151.8076500000016 -0.97111091670450067 12.16666666666667 2.9852111111111985
decision_type=2 2 2 2 2
left_child=3 2 -2 -1 -3
right_child=1 4 -4 -5 -6
leaf_value=5.3322839980189869 3.5344336199899056 -3.9152311098978938 -0.05983829203983182 0.92168924720539391 -0.63163737063485437
leaf_weight=147 171 265 6866 226 245
leaf_count=147 171 265 6866 226 245
internal_value=-0.000179238 -0.132462 0.0279928 2.66952 -2.34214
internal_weight=7920 7547 7037 373 510
internal_count=7920 7547 7037 373 510
is_linear=0
shrinkage=0.05


Tree=50
num_leaves=6
num_cat=0
split_feature=1 2 0 3 10
split_gain=1.09853e+06 936993 524751 468111 914598
threshold=273.85965000000039 475.94004285714351 4952.1960000000008 -8.9339631944442299 0.54112676056338038
decision_type=2 2 2 2 2
left_child=1 2 -1 -2 -5
right_child=3 -3 -4 4 -6
leaf_value=0.22890440714456139 0.25443858159642646 3.6636794466485259 -1.0731204151300515 -1.0686119262410814 -5.948953256342147
leaf_weight=6310 146 185 881 237 161
leaf_count=6310 146 185 881 237 161
internal_value=-0.000137572 0.159898 0.0692608 -2.16634 -3.05278
internal_weight=7920 7376 7191 544 398
internal_count=7920 7376 7191 544 398
is_linear=0
shrinkage=0.05


Tree=51
num_leaves=7
num_cat=0
split_feature=2 0 3 3 8 3
split_gain=1.06564e+06 1.57018e+06 1.35231e+06 1.08315e+06 648326 322982
threshold=76.09687142857139 738.22610000000009 -70.700591319444229 48.610775347222223 12.66666666666667 -94.367971180555614
decision_type=2 2 2 2 2 2
left_child=1 -1 5 -4 -3 -2
right_child=2 4 3 -5 -6 -7
leaf_value=0.15240285125708883 -2.8620050109169455 -2.095198232660703 2.7422272178848006 -1.3845832435404444 0.93648257820556557 -0.077226644990936164
leaf_weight=4825 177 1317 957 190 203 251
leaf_count=4825 177 1317 957 190 203 251
internal_value=-0.000155586 -0.289148 1.16352 2.05801 -1.68996 -1.23286
internal_weight=7920 6345 1575 1147 1520 428
internal_count=7920 6345 1575 1147 1520 428
is_linear=0
shrinkage=0.05


Tree=52
num_leaves=7
num_cat=0
split_feature=2 0 3 3 6 8
split_gain=961683 1.42183e+06 1.29128e+06 1.7331e+06 1.03262e+06 649753
threshold=76.09687142857139 1072.2371000000003 -3.7752312500000467 48.610775347222223 -0.57357643635104605 12.66666666666667
decision_type=2 2 2 2 2 2
left_child=1 -1 4 -4 -2 -3
right_child=2 5 3 -5 -6 -7
leaf_value=0.13092982622252264 -2.5159428443073444 -2.0744138994559633 4.2960449082156025 -1.3157165578522607 1.0722282104181515 1.0318771176460462
leaf_weight=4905 303 1246 494 190 588 194
leaf_count=4905 303 1246 494 190 588 194
internal_value=-0.000164147 -0.274698 1.10529 2.73758 -0.149444 -1.6555
internal_weight=7920 6345 1575 684 891 1440
internal_count=7920 6345 1575 684 891 1440
is_linear=0
shrinkage=0.05


Tree=53
num_leaves=6
num_cat=0
split_feature=1 0 5 8 1
split_gain=919815 856933 824189 617268 562846
threshold=-423.97499999999985 6151.8076500000016 -0.97111091670450067 12.16666666666667 75.886700000000488
decision_type=2 2 2 2 2
left_child=3 2 -2 -1 -3
right_child=1 4 -4 -5 -6
leaf_value=4.930831534878628 3.4420677175355516 -4.0289234337169457 -0.062150261647596766 0.77269163734324708 -0.66895370665432541
leaf_weight=147 171 216 6866 226 294
leaf_count=147 171 216 6866 226 294
internal_value=-0.000151983 -0.120081 0.0234797 2.42022 -2.0971
internal_weight=7920 7547 7037 373 510
internal_count=7920 7547 7037 373 510
is_linear=0
shrinkage=0.05


Tree=54
num_leaves=6
num_cat=0
split_feature=1 2 0 3 10
split_gain=865835 768072 453520 424112 833376
threshold=273.85965000000039 475.94004285714351 4952.1960000000008 -8.9339631944442299 0.54112676056338038
decision_type=2 2 2 2 2
left_child=1 2 -1 -2 -5
right_child=3 -3 -4 4 -6
leaf_value=0.20831472560553219 0.38009608375782872 3.3142275127031469 -1.0021177985475245 -0.87377045780670748 -5.5314437604428814
leaf_weight=6310 146 185 881 237 161
leaf_count=6310 146 185 881 237 161
internal_value=-0.000116713 0.141962 0.0599008 -1.92326 -2.76705
internal_weight=7920 7376 7191 544 398
internal_count=7920 7376 7191 544 398
is_linear=0
shrinkage=0.05


Tree=55
num_leaves=7
num_cat=0
split_feature=2 0 3 3 6 8
split_gain=837980 1.20826e+06 1.19575e+06 1.54158e+06 930595 530736
threshold=76.09687142857139 738.22610000000009 -3.7752312500000467 48.610775347222223 -0.57357643635104605 12.66666666666667
decision_type=2 2 2 2 2 2
left_child=1 -1 4 -4 -2 -3
right_child=2 5 3 -5 -6 -7
leaf_value=0.13093243982747871 -2.4221420672869214 -1.8518768025740238 4.072357298659556 -1.2203304216187663 0.98417040397537991 0.89098651788982686
leaf_weight=4825 303 1317 494 190 588 203
leaf_count=4825 303 1317 494 190 588 203
internal_value=-0.000133 -0.256403 1.03178 2.60253 -0.175622 -1.48522
internal_weight=7920 6345 1575 684 891 1520
internal_count=7920 6345 1575 684 891 1520
is_linear=0
shrinkage=0.05


Tree=56
num_leaves=7
num_cat=0
split_feature=2 3 0 5 8 5
split_gain=785383 1.05966e+06 858170 932474 743763 566609
threshold=222.81995714285679 5.0601215277778246 5753.0497000000005 -0.91509365977396839 12.16666666666667 -0.97111091670450067
decision_type=2 2 2 2 2 2
left_child=2 5 3 -1 -4 -2
right_child=1 -3 4 -5 -6 -7
leaf_value=3.5829358435620025 2.7918955441250142 4.51145903668671 -4.7403507309669708 -0.096083725793065733 -0.84742911996385628 -0.71123176843006575
leaf_weight=176 165 213 172 6392 424 378
leaf_count=176 165 213 172 6392 424 378
internal_value=-0.000122663 1.53151 -0.161943 0.00303187 -1.97695 0.35643
internal_weight=7920 756 7164 6568 596 543
internal_count=7920 756 7164 6568 596 543
is_linear=0
shrinkage=0.05


Tree=57
num_leaves=6
num_cat=0
split_feature=1 0 3 2 3
split_gain=748344 723962 956885 689675 597410
threshold=-423.97499999999985 4032.0266500000002 -39.933236111111107 121.03499999999998 -70.700591319444229
decision_type=2 2 2 2 2
left_child=4 3 -3 -2 -1
right_child=1 2 -4 -5 -6
leaf_value=-0.090012310627030176 -0.0036081712210031419 -3.4233310516266267 -0.40802593076342836 2.1781461119911696 3.9394639166681125
leaf_weight=163 5657 339 1165 386 210
leaf_count=163 5657 339 1165 386 210
internal_value=-8.81723e-05 -0.108262 -1.0895 0.13609 2.18306
internal_weight=7920 7547 1504 6043 373
internal_count=7920 7547 1504 6043 373
is_linear=0
shrinkage=0.05


Tree=58
num_leaves=4
num_cat=0
split_feature=2 2 3
split_gain=695269 656287 426392
threshold=-269.87678571428609 475.94004285714351 -87.475907638888984
decision_type=2 2 2
left_child=-1 2 -2
right_child=1 -3 -4
leaf_value=-2.964300229265282 -1.2032109494751959 2.9762023395613624 0.11821117114940945
leaf_weight=192 669 189 6870
leaf_count=192 669 189 6870
internal_value=-6.99254e-05 0.0739495 0.000806051
internal_weight=7920 7728 7539
internal_count=7920 7728 7539
is_linear=0
shrinkage=0.05


Tree=59
num_leaves=7
num_cat=0
split_feature=2 3 0 5 1 5
split_gain=646136 949577 713428 856071 674584 503773
threshold=222.81995714285679 5.0601215277778246 5753.0497000000005 -0.91509365977396839 75.886700000000488 -0.97111091670450067
decision_type=2 2 2 2 2 2
left_child=2 5 3 -1 -4 -2
right_child=1 -3 4 -5 -6 -7
leaf_value=3.433679329911195 2.5734430900898326 4.210055472095994 -4.0260574694190714 -0.091397132064337777 -0.53012524196912303 -0.72968454716916353
leaf_weight=176 165 213 216 6392 380 378
leaf_count=176 165 213 216 6392 380 378
internal_value=-7.32018e-05 1.38916 -0.146849 0.00357122 -1.80173 0.276914
internal_weight=7920 756 7164 6568 596 543
internal_count=7920 756 7164 6568 596 543
is_linear=0
shrinkage=0.05


Tree=60
num_leaves=7
num_cat=0
split_feature=1 1 3 3 10 0
split_gain=646321 552717 534374 386605 773601 279552
threshold=273.85965000000039 -423.97499999999985 -70.700591319444229 -8.9339631944442299 0.54112676056338038 5442.7358000000013
decision_type=2 2 2 2 2 2
left_child=1 2 -1 -2 -5 -3
right_child=3 5 -4 4 -6 -7
leaf_value=-0.15390171005231579 0.53653005132464326 0.11874773018401992 3.6566673765250295 -0.64414354904609572 -5.1304936136728454 -1.0159528485689358
leaf_weight=163 146 6411 210 237 161 592
leaf_count=163 146 6411 210 237 161 592
internal_value=-3.89938e-05 0.122715 1.9955 -1.66161 -2.46728 0.0226942
internal_weight=7920 7376 373 544 398 7003
internal_count=7920 7376 373 544 398 7003
is_linear=0
shrinkage=0.05


Tree=61
num_leaves=7
num_cat=0
split_feature=2 3 0 1 8 2
split_gain=590174 1.05047e+06 951885 639336 444450 17175.8
threshold=76.09687142857139 -94.367971180555614 438.41475000000008 -423.97499999999985 12.66666666666667 13.166214285714286
decision_type=2 2 2 2 2 2
left_child=2 -2 5 -3 -4 -1
right_child=1 3 4 -5 -6 -7
leaf_value=0.16075214756741177 -2.7529219888569267 3.4969638071926958 -1.5842379526640173 0.79864243179982819 0.87353510455983996 -0.36170403762646247
leaf_weight=4568 177 272 1404 1126 211 162
leaf_count=4568 177 272 1404 1126 211 162
internal_value=-5.36613e-05 0.86594 -0.215119 1.32576 -1.26279 0.142786
internal_weight=7920 1575 6345 1398 1615 4730
internal_count=7920 1575 6345 1398 1615 4730
is_linear=0
shrinkage=0.05


Tree=62
num_leaves=4
num_cat=0
split_feature=2 2 3
split_gain=560143 512148 362509
threshold=-269.87678571428609 475.94004285714351 -87.475907638888984
decision_type=2 2 2
left_child=-1 2 -2
right_child=1 -3 -4
leaf_value=-2.6606807819302221 -1.1083880748143837 2.630202678677283 0.11003065782609589
leaf_weight=192 669 189 6870
leaf_count=192 669 189 6870
internal_value=-4.69943e-05 0.0663914 0.00177727
internal_weight=7920 7728 7539
internal_count=7920 7728 7539
is_linear=0
shrinkage=0.05


Tree=63
num_leaves=7
num_cat=0
split_feature=1 2 3 1 3 5
split_gain=522609 459239 1.05285e+06 502326 378415 719868
threshold=273.85965000000039 76.09687142857139 -3.7752312500000467 -2.7760499999999992 2.9852111111111985 -0.97111091670450067
decision_type=2 2 2 2 2 2
left_child=1 3 -3 -1 -2 -6
right_child=4 2 -4 -5 5 -7
leaf_value=-1.4560607941942258 -3.2953448807614807 -0.23104293445310642 2.4381788176697072 0.066458486244865486 2.1105829641819001 -2.4385997189415827
leaf_weight=603 189 883 634 5256 149 206
leaf_count=603 189 883 634 5256 149 206
internal_value=-5.11409e-05 0.110331 0.885377 -0.0904588 -1.49416 -0.528659
internal_weight=7920 7376 1517 5859 544 355
internal_count=7920 7376 1517 5859 544 355
is_linear=0
shrinkage=0.05


Tree=64
num_leaves=4
num_cat=0
split_feature=2 2 0
split_gain=485320 457264 343356
threshold=-269.87678571428609 475.94004285714351 4952.1960000000008
decision_type=2 2 2
left_child=-1 2 -2
right_child=1 -3 -4
leaf_value=-2.4766310645508645 0.13933196595280448 2.4843208892094464 -0.82050154488892924
leaf_weight=192 6451 189 1088
leaf_count=192 6451 189 1088
internal_value=-6.63003e-05 0.0617757 0.000721971
internal_weight=7920 7728 7539
internal_count=7920 7728 7539
is_linear=0
shrinkage=0.05


Tree=65
num_leaves=7
num_cat=0
split_feature=2 3 0 3 8 2
split_gain=458777 916477 748988 631092 407180 11986.2
threshold=76.09687142857139 -94.367971180555614 438.41475000000008 48.610775347222223 12.66666666666667 13.166214285714286
decision_type=2 2 2 2 2 2
left_child=2 -2 5 -3 -4 -1
right_child=1 3 4 -5 -6 -7
leaf_value=0.14279867611119382 -2.6166515640998158 1.6142628005216619 -1.4267154061910947 -1.4799211790424369 0.92550924520166422 -0.29366410309505975
leaf_weight=4568 177 1208 1404 190 211 162
leaf_count=4568 177 1208 1404 190 211 162
internal_value=-6.7224e-05 0.763461 -0.189686 1.19298 -1.11901 0.127791
internal_weight=7920 1575 6345 1398 1615 4730
internal_count=7920 1575 6345 1398 1615 4730
is_linear=0
shrinkage=0.05


Tree=66
num_leaves=5
num_cat=0
split_feature=1 0 1 8
split_gain=444979 578479 544966 519698
threshold=-423.97499999999985 7001.0682500000012 413.82305000000002 12.16666666666667
decision_type=2 2 2 2
left_child=3 2 -2 -1
right_child=1 -3 -4 -5
leaf_value=3.9866104363589674 0.059541146224612124 -3.0674534424905135 -2.3578394417446185 0.1742916683793593
leaf_weight=147 7149 158 240 226
leaf_count=147 7149 158 240 226
internal_value=-8.36579e-05 -0.0834983 -0.0192855 1.68338
internal_weight=7920 7547 7389 373
internal_count=7920 7547 7389 373
is_linear=0
shrinkage=0.05


Tree=67
num_leaves=7
num_cat=0
split_feature=1 3 8 0 1 2
split_gain=406674 1.28862e+06 737400 528586 1.14831e+06 472196
threshold=-233.24634999999986 5.0601215277778246 12.16666666666667 6151.8076500000016 75.886700000000488 239.42946428571489
decision_type=2 2 2 2 2 2
left_child=1 2 -1 5 -5 -2
right_child=3 -3 -4 4 -6 -7
leaf_value=2.4062388872823051 -0.07506208651687625 5.2360882329674361 -1.2544124151711689 -5.4193214257694278 0.0053628799824391379 2.5277999076763344
leaf_weight=214 6558 150 381 145 294 178
leaf_count=214 6558 150 381 145 294 178
internal_value=-8.70823e-05 1.111 0.0640198 -0.115593 -1.79463 -0.00591599
internal_weight=7920 745 595 7175 439 6736
internal_count=7920 745 595 7175 439 6736
is_linear=0
shrinkage=0.05


Tree=68
num_leaves=4
num_cat=0
split_feature=8 2 0
split_gain=387405 839203 642670
threshold=11.750000000000002 428.75774999999982 7001.0682500000012
decision_type=2 2 2
left_child=-1 2 -2
right_child=1 -3 -4
leaf_value=-2.5607522087261594 0.026834137368048756 3.0229151088906372 -3.0916050284924594
leaf_weight=144 7379 229 168
leaf_count=144 7379 229 168
internal_value=-6.10922e-05 0.0476823 -0.0429843
internal_weight=7920 7776 7547
internal_count=7920 7776 7547
is_linear=0
shrinkage=0.05


Tree=69
num_leaves=5
num_cat=0
split_feature=2 5 3 1
split_gain=370576 416501 1.58382e+06 857996
threshold=-269.87678571428609 -0.97111091670450067 2.9852111111111985 211.00775000000002
decision_type=2 2 2 2
left_child=-1 2 -2 -3
right_child=1 3 -4 -5
leaf_value=-2.1641594957193564 -1.0280786214658879 0.080714717377749101 4.4499516118930869 -2.3977688800705517
leaf_weight=192 297 6828 236 367
leaf_count=192 297 6828 236 367
internal_value=-7.44632e-05 0.0539647 1.40126 -0.0460225
internal_weight=7920 7728 533 7195
internal_count=7920 7728 533 7195
is_linear=0
shrinkage=0.05


Tree=70
num_leaves=6
num_cat=0
split_feature=0 5 0 3 3
split_gain=360676 1.92097e+06 777186 762285 1.30118e+06
threshold=5442.7358000000013 -0.91509365977396839 4952.1960000000008 -72.35477326388876 -36.66323715277769
decision_type=2 2 2 2 2
left_child=1 -1 -3 -2 -5
right_child=3 2 -4 4 -6
leaf_value=5.693296044751218 2.5120391582145172 0.096451691881485765 -3.3087185734926265 -5.1468548489724357 -0.45567111869749699
leaf_weight=151 146 6500 171 182 770
leaf_count=151 146 6500 171 182 770
internal_value=-7.74221e-05 0.135324 0.00868298 -0.840698 -1.35697
internal_weight=7920 6822 6671 1098 952
internal_count=7920 6822 6671 1098 952
is_linear=0
shrinkage=0.05


Tree=71
num_leaves=4
num_cat=0
split_feature=8 2 0
split_gain=356301 751688 519019
threshold=11.750000000000002 475.94004285714351 4952.1960000000008
decision_type=2 2 2
left_child=-1 2 -2
right_child=1 -3 -4
leaf_value=-2.4558232429315305 0.15568864696148518 3.3438928424077625 -0.95807109956091008
leaf_weight=144 6357 168 1251
leaf_count=144 6357 168 1251
internal_value=-7.73992e-05 0.0457093 -0.0275511
internal_weight=7920 7776 7608
internal_count=7920 7776 7608
is_linear=0
shrinkage=0.05


Tree=72
num_leaves=7
num_cat=0
split_feature=2 3 7 0 8 2
split_gain=347201 837359 593999 557916 386420 10731.8
threshold=76.09687142857139 -94.367971180555614 0.84258872403671548 438.41475000000008 12.66666666666667 13.166214285714286
decision_type=2 2 2 2 2 2
left_child=3 -2 -3 5 -5 -1
right_child=1 2 -4 4 -6 -7
leaf_value=0.12317797147136278 -2.5666559086338192 0.50406623126716532 2.9366133626641298 -1.2668983462155925 1.0242780992515246 -0.2897945596337993
leaf_weight=4568 177 1071 327 1404 211 162
leaf_count=4568 177 1071 327 1404 211 162
internal_value=-7.29895e-05 0.664152 1.07474 -0.16503 -0.967107 0.108976
internal_weight=7920 1575 1398 6345 1615 4730
internal_count=7920 1575 1398 6345 1615 4730
is_linear=0
shrinkage=0.05


Tree=73
num_leaves=5
num_cat=0
split_feature=1 0 3 8
split_gain=318578 429315 434331 406582
threshold=-423.97499999999985 7001.0682500000012 48.610775347222223 12.16666666666667
decision_type=2 2 2 2
left_child=3 2 -2 -1
right_child=1 -3 -4 -5
leaf_value=3.4615612169375289 0.14366240494843494 -2.6412575133191716 -0.93936648775510112 0.089869556710583526
leaf_weight=147 6305 158 1084 226
leaf_count=147 6305 158 1084 226
internal_value=-6.64069e-05 -0.0706462 -0.0153285 1.42436
internal_weight=7920 7547 7389 373
internal_count=7920 7547 7389 373
is_linear=0
shrinkage=0.05


Tree=74
num_leaves=5
num_cat=0
split_feature=3 0 3 5
split_gain=329952 959740 694144 264542
threshold=76.512215277777742 7001.0682500000012 48.610775347222223 1.0000000180025095e-35
decision_type=2 2 2 2
left_child=1 2 -1 -2
right_child=3 -3 -4 -5
leaf_value=0.18906771564592084 3.1658401420686779 -3.9317186706195209 -1.3412780529706643 0.13930317056590114
leaf_weight=6643 144 156 833 144
leaf_count=6643 144 156 833 144
internal_value=-6.23715e-05 -0.0628508 0.0183951 1.65829
internal_weight=7920 7632 7476 288
internal_count=7920 7632 7476 288
is_linear=0
shrinkage=0.05


Tree=75
num_leaves=4
num_cat=0
split_feature=8 2 0
split_gain=321424 635416 459738
threshold=11.750000000000002 428.75774999999982 7001.0682500000012
decision_type=2 2 2
left_child=-1 2 -2
right_child=1 -3 -4
leaf_value=-2.3325300589717668 0.023575006231536577 2.6323245555162433 -2.6139623942459829
leaf_weight=144 7379 229 168
leaf_count=144 7379 229 168
internal_value=-7.04847e-05 0.0434176 -0.0354764
internal_weight=7920 7776 7547
internal_count=7920 7776 7547
is_linear=0
shrinkage=0.05


Tree=76
num_leaves=5
num_cat=0
split_feature=3 0 3 5
split_gain=300863 817895 626311 241817
threshold=76.512215277777742 7001.0682500000012 48.610775347222223 1.0000000180025095e-35
decision_type=2 2 2 2
left_child=1 2 -1 -2
right_child=3 -3 -4 -5
leaf_value=0.17708361216294841 3.024829030139693 -3.6315812416137407 -1.27656668987822 0.13121543267677571
leaf_weight=6643 144 156 833 144
leaf_count=6643 144 156 833 144
internal_value=-8.14175e-05 -0.0600382 0.0149641 1.58348
internal_weight=7920 7632 7476 288
internal_count=7920 7632 7476 288
is_linear=0
shrinkage=0.05


Tree=77
num_leaves=4
num_cat=0
split_feature=8 2 0
split_gain=292599 582200 419722
threshold=11.750000000000002 475.94004285714351 4952.1960000000008
decision_type=2 2 2
left_child=-1 2 -2
right_child=1 -3 -4
leaf_value=-2.2255009906045324 0.14171193344830546 2.9440384579833445 -0.85985679018397487
leaf_weight=144 6357 168 1251
leaf_count=144 6357 168 1251
internal_value=-8.72835e-05 0.0414049 -0.0230696
internal_weight=7920 7776 7608
internal_count=7920 7776 7608
is_linear=0
shrinkage=0.05


Tree=78
num_leaves=7
num_cat=0
split_feature=2 3 0 6 0 8
split_gain=291668 810735 962047 926159 457324 365878
threshold=76.09687142857139 -32.241250347222255 5442.7358000000013 -0.57357643635104605 438.41475000000008 12.66666666666667
decision_type=2 2 2 2 2 2
left_child=4 3 -3 -2 -1 -6
right_child=1 2 -4 -5 5 -7
leaf_value=0.096804347147511946 -3.3036177287974393 2.7738320555840503 -0.70846748591266751 0.60138285788295087 -1.1691875576492385 1.0601167864113483
leaf_weight=4730 225 590 298 462 1404 211
leaf_count=4730 225 590 298 462 1404 211
internal_value=-8.29151e-05 0.608709 1.60574 -0.68049 -0.151274 -0.877453
internal_weight=7920 1575 888 687 6345 1615
internal_count=7920 1575 888 687 6345 1615
is_linear=0
shrinkage=0.05


Tree=79
num_leaves=7
num_cat=0
split_feature=1 3 8 0 3 2
split_gain=275071 1.1164e+06 586744 310069 1.12867e+06 210816
threshold=-233.24634999999986 5.0601215277778246 12.16666666666667 3106.8960000000006 -62.414633680555418 101.82843571428522
decision_type=2 2 2 2 2 2
left_child=1 2 -1 5 -5 -2
right_child=3 -3 -4 4 -6 -7
leaf_value=2.0288962701309559 0.0113539287510823 4.7532630057524372 -1.2364638430597896 -4.300147559513082 -0.21101139857201773 1.5109811717758375
leaf_weight=214 5395 150 381 192 1344 244
leaf_count=214 5395 150 381 192 1344 244
internal_value=-8.28683e-05 0.913708 -0.0605981 -0.0950784 -0.724619 0.0764993
internal_weight=7920 745 595 7175 1536 5639
internal_count=7920 745 595 7175 1536 5639
is_linear=0
shrinkage=0.05


Tree=80
num_leaves=5
num_cat=0
split_feature=3 0 3 5
split_gain=264437 697124 581580 215932
threshold=76.512215277777742 7001.0682500000012 48.610775347222223 1.0000000180025095e-35
decision_type=2 2 2 2
left_child=1 2 -1 -2
right_child=3 -3 -4 -5
leaf_value=0.16919435140767289 2.8465618433417945 -3.3536025843043236 -1.2315843075451305 0.11229254895243151
leaf_weight=6643 144 156 833 144
leaf_count=6643 144 156 833 144
internal_value=-6.25881e-05 -0.0562727 0.0129712 1.48455
internal_weight=7920 7632 7476 288
internal_count=7920 7632 7476 288
is_linear=0
shrinkage=0.05


Tree=81
num_leaves=5
num_cat=0
split_feature=8 1 5 3
split_gain=264038 531014 283141 256842
threshold=11.750000000000002 -423.97499999999985 -0.91509365977396839 76.512215277777742
decision_type=2 2 2 2
left_child=-1 2 -2 -3
right_child=1 3 -4 -5
leaf_value=-2.1140834663474357 3.1312106689203136 -0.10961998569502403 0.24531417693177315 1.4108309188619206
leaf_weight=144 205 7138 145 288
leaf_count=144 205 7138 145 288
internal_value=-6.86501e-05 0.0393466 1.93973 -0.0504708
internal_weight=7920 7776 350 7426
internal_count=7920 7776 350 7426
is_linear=0
shrinkage=0.05


Tree=82
num_leaves=5
num_cat=0
split_feature=8 2 3 0
split_gain=238471 498406 448328 224682
threshold=11.750000000000002 222.81995714285679 5.0601215277778246 3106.8960000000006
decision_type=2 2 2 2
left_child=-1 3 -3 -2
right_child=1 2 -4 -5
leaf_value=-2.0091082961805937 0.056747471775476316 0.47973498473428705 3.2077068409073024 -0.63039111849400076
leaf_weight=144 5539 510 213 1514
leaf_count=144 5539 510 213 1514
internal_value=-4.90358e-05 0.0374093 1.28673 -0.0908224
internal_weight=7920 7776 723 7053
internal_count=7920 7776 723 7053
is_linear=0
shrinkage=0.05


Tree=83
num_leaves=7
num_cat=0
split_feature=2 3 3 2 2 5
split_gain=222052 749925 830207 407971 227958 224785
threshold=68.276635714285746 -70.700591319444229 48.610775347222223 0.68694285714285719 -269.87678571428609 -0.91509365977396839
decision_type=2 2 2 2 2 2
left_child=3 5 -3 4 -1 -2
right_child=1 2 -4 -5 -6 -7
leaf_value=-1.6738870307262699 0.24565649795236055 1.7575260588559574 -1.7513124515307066 -1.2213722590643816 0.075313992587104028 -2.1022506187430454
leaf_weight=192 160 997 202 759 5331 279
leaf_count=192 160 997 202 759 5331 279
internal_value=-3.96166e-05 0.518252 1.16541 -0.135243 0.0142133 -1.24791
internal_weight=7920 1638 1199 6282 5523 439
internal_count=7920 1638 1199 6282 5523 439
is_linear=0
shrinkage=0.05


Tree=84
num_leaves=5
num_cat=0
split_feature=3 0 3 5
split_gain=221270 627547 506736 202360
threshold=76.512215277777742 7001.0682500000012 48.610775347222223 1.0000000180025095e-35
decision_type=2 2 2 2
left_child=1 2 -1 -2
right_child=3 -3 -4 -5
leaf_value=0.16003692072997999 2.6764769626691427 -3.1799435267782514 -1.1475060095429885 0.030104061673427454
leaf_weight=6643 144 156 833 144
leaf_count=6643 144 156 833 144
internal_value=-6.71122e-05 -0.0514851 0.0142123 1.35797
internal_weight=7920 7632 7476 288
internal_count=7920 7632 7476 288
is_linear=0
shrinkage=0.05


Tree=85
num_leaves=4
num_cat=0
split_feature=8 2 0
split_gain=211576 458095 322659
threshold=11.750000000000002 475.94004285714351 4952.1960000000008
decision_type=2 2 2
left_child=-1 2 -2
right_child=1 -3 -4
leaf_value=-1.8924504283378867 0.12249638521996219 2.6099506936835115 -0.75566009012178881
leaf_weight=144 6357 168 1251
leaf_count=144 6357 168 1251
internal_value=-7.29782e-05 0.0352099 -0.0219811
internal_weight=7920 7776 7608
internal_count=7920 7776 7608
is_linear=0
shrinkage=0.05


Tree=86
num_leaves=6
num_cat=0
split_feature=1 3 8 5 0
split_gain=205210 983520 523888 342328 733084
threshold=-233.24634999999986 5.0601215277778246 12.16666666666667 -0.98812630719300909 5442.7358000000013
decision_type=2 2 2 2 2
left_child=1 2 -1 -2 -5
right_child=3 -3 -4 4 -6
leaf_value=1.8493533920704626 1.713394611887634 4.393022189077163 -1.2361653934776569 -2.9712627023889891e-05 -1.9318162455930747
leaf_weight=214 255 150 381 6389 531
leaf_count=214 255 150 381 6389 531
internal_value=-6.87964e-05 0.789199 -0.125175 -0.0821192 -0.148521
internal_weight=7920 745 595 7175 6920
internal_count=7920 745 595 7175 6920
is_linear=0
shrinkage=0.05


Tree=87
num_leaves=5
num_cat=0
split_feature=3 0 3 5
split_gain=202569 552251 460854 187114
threshold=76.512215277777742 7001.0682500000012 48.610775347222223 1.0000000180025095e-35
decision_type=2 2 2 2
left_child=1 2 -1 -2
right_child=3 -3 -4 -5
leaf_value=0.1514642032155912 2.5672133399700297 -2.9840118418833255 -1.0954785589477143 0.022528134625533533
leaf_weight=6643 144 156 833 144
leaf_count=6643 144 156 833 144
internal_value=-3.51341e-05 -0.0492324 0.0123979 1.29935
internal_weight=7920 7632 7476 288
internal_count=7920 7632 7476 288
is_linear=0
shrinkage=0.05


Tree=88
num_leaves=5
num_cat=0
split_feature=8 1 0 3
split_gain=196235 431308 250067 227948
threshold=11.750000000000002 -423.97499999999985 5678.1866500000006 -72.35477326388876
decision_type=2 2 2 2
left_child=-1 2 -2 -3
right_child=1 3 -4 -5
leaf_value=-1.8225238207701979 2.872939918622738 0.70372183784591347 0.16406891204061963 -0.14919678953083951
leaf_weight=144 204 889 146 6537
leaf_count=144 204 889 146 6537
internal_value=-4.18274e-05 0.0339378 1.74664 -0.047009
internal_weight=7920 7776 350 7426
internal_count=7920 7776 350 7426
is_linear=0
shrinkage=0.05


Tree=89
num_leaves=5
num_cat=0
split_feature=3 0 3 5
split_gain=185160 497854 410761 168986
threshold=76.512215277777742 7001.0682500000012 48.610775347222223 1.0000000180025095e-35
decision_type=2 2 2 2
left_child=1 2 -1 -2
right_child=3 -3 -4 -5
leaf_value=0.14274314576169797 2.4471462814561256 -2.8335597117615356 -1.0344816587892154 0.028817888806606164
leaf_weight=6643 144 156 833 144
leaf_count=6643 144 156 833 144
internal_value=-2.85713e-05 -0.0470642 0.0114522 1.24227
internal_weight=7920 7632 7476 288
internal_count=7920 7632 7476 288
is_linear=0
shrinkage=0.05


Tree=90
num_leaves=7
num_cat=0
split_feature=2 3 3 6 2 0
split_gain=182833 687828 1.20376e+06 687721 371283 209797
threshold=68.276635714285746 -3.7752312500000467 48.610775347222223 -0.57357643635104605 0.68694285714285719 1243.5515000000003
decision_type=2 2 2 2 2 2
left_child=4 3 -3 -2 -1 -6
right_child=1 2 -4 -5 5 -7
leaf_value=0.01985790713266709 -2.3164324997356105 2.9083511990190591 -1.637376332547277 0.55655210810090538 -0.37799348596161531 -2.0439530581403313
leaf_weight=5523 317 516 202 603 404 355
leaf_count=5523 317 516 202 603 404 355
internal_value=-3.50282e-05 0.470264 1.62897 -0.434819 -0.122718 -1.15886
internal_weight=7920 1638 718 920 6282 759
internal_count=7920 1638 718 920 6282 759
is_linear=0
shrinkage=0.05


Tree=91
num_leaves=5
num_cat=0
split_feature=8 1 5 3
split_gain=176168 389922 255215 208446
threshold=11.750000000000002 -423.97499999999985 -0.91509365977396839 -72.35477326388876
decision_type=2 2 2 2
left_child=-1 2 -2 -3
right_child=1 3 -4 -5
leaf_value=-1.7268356400111626 2.7917566445556661 0.67307649891739818 0.053220236056471526 -0.14254008289651277
leaf_weight=144 205 889 145 6537
leaf_count=144 205 889 145 6537
internal_value=-5.15241e-05 0.0321439 1.6606 -0.0448215
internal_weight=7920 7776 350 7426
internal_count=7920 7776 350 7426
is_linear=0
shrinkage=0.05


Tree=92
num_leaves=5
num_cat=0
split_feature=3 0 3 5
split_gain=175276 452904 351766 158481
threshold=76.512215277777742 7001.0682500000012 48.610775347222223 1.0000000180025095e-35
decision_type=2 2 2 2
left_child=1 2 -1 -2
right_child=3 -3 -4 -5
leaf_value=0.13150835352067256 2.3754731244054335 -2.7035271116882376 -0.95790292254740672 0.033478735089302068
leaf_weight=6643 144 156 833 144
leaf_count=6643 144 156 833 144
internal_value=-3.85398e-05 -0.0458016 0.0100108 1.20864
internal_weight=7920 7632 7476 288
internal_count=7920 7632 7476 288
is_linear=0
shrinkage=0.05


Tree=93
num_leaves=6
num_cat=0
split_feature=5 1 1 3 1
split_gain=173921 753599 528006 875940 184169
threshold=-0.98812630719300909 125.76704999999994 211.00775000000002 -8.9339631944442299 -233.24634999999986
decision_type=2 2 2 2 2
left_child=1 -1 4 -4 -2
right_child=2 -3 3 -5 -6
leaf_value=-0.78125873086772446 0.88892522143659658 3.7180976800238477 1.3329530212502023 -2.9556310026123103 -0.01639301520048354
leaf_weight=230 615 155 176 364 6380
leaf_count=230 615 155 176 364 6380
internal_value=-4.36881e-05 1.03511 -0.0530651 -1.55799 0.0633182
internal_weight=7920 385 7535 540 6995
internal_count=7920 385 7535 540 6995
is_linear=0
shrinkage=0.05


Tree=94
num_leaves=4
num_cat=0
split_feature=8 2 0
split_gain=161139 351972 264087
threshold=11.750000000000002 475.94004285714351 4952.1960000000008
decision_type=2 2 2
left_child=-1 2 -2
right_child=1 -3 -4
leaf_value=-1.6515149115899517 0.11134103878348341 2.2876513965031098 -0.68312236494516743
leaf_weight=144 6357 168 1251
leaf_count=144 6357 168 1251
internal_value=-2.77052e-05 0.0307638 -0.0193669
internal_weight=7920 7776 7608
internal_count=7920 7776 7608
is_linear=0
shrinkage=0.05


Tree=95
num_leaves=6
num_cat=0
split_feature=5 1 1 3 5
split_gain=162885 687557 466454 645528 211714
threshold=-0.98812630719300909 125.76704999999994 242.77375000000032 -8.9339631944442299 -0.87651811848132988
decision_type=2 2 2 2 2
left_child=1 -1 4 -4 -2
right_child=2 -3 3 -5 -6
leaf_value=-0.73325336856759471 0.91717896712929436 3.5644651864583681 1.1034732224834953 -2.7885342025900033 -0.034544134700959864
leaf_weight=230 642 155 156 332 6405
leaf_count=230 642 155 156 332 6405
internal_value=-2.59063e-05 1.00175 -0.0513376 -1.54466 0.0522781
internal_weight=7920 385 7535 488 7047
internal_count=7920 385 7535 488 7047
is_linear=0
shrinkage=0.05


Tree=96
num_leaves=7
num_cat=0
split_feature=3 3 5 5 0 3
split_gain=163538 1.07357e+06 2.28218e+06 533892 445284 2.8365e+06
threshold=7.2447708333331784 19.392639583333224 -0.5554380223489348 -0.97111091670450067 4952.1960000000008 -8.9339631944442299
decision_type=2 2 2 2 2 2
left_child=4 2 -2 -3 -1 -6
right_child=1 3 -4 -5 5 -7
leaf_value=0.040651014975890541 6.8799610499519011 2.3326433908400221 0.10255638963779815 -0.36265168308062651 0.2664026908023775 -6.8150967958523738
leaf_weight=3901 180 198 396 2394 673 178
leaf_count=3901 180 198 396 2394 673 178
internal_value=-1.18119e-05 0.278205 2.22875 -0.155941 -0.185509 -1.22106
internal_weight=7920 3168 576 2592 4752 851
internal_count=7920 3168 576 2592 4752 851
is_linear=0
shrinkage=0.05


Tree=97
num_leaves=5
num_cat=0
split_feature=3 0 3 5
split_gain=164240 422780 297143 144746
threshold=76.512215277777742 7001.0682500000012 48.610775347222223 1.0000000180025095e-35
decision_type=2 2 2 2
left_child=1 2 -1 -2
right_child=3 -3 -4 -5
leaf_value=0.12129620754802409 2.2851399127625185 -2.6121139359464696 -0.87996596479051414 0.046824510220823623
leaf_weight=6643 144 156 833 144
leaf_count=6643 144 156 833 144
internal_value=4.20928e-06 -0.0442947 0.00962958 1.17002
internal_weight=7920 7632 7476 288
internal_count=7920 7632 7476 288
is_linear=0
shrinkage=0.05


Tree=98
num_leaves=7
num_cat=0
split_feature=3 3 10 3 3 10
split_gain=155520 572236 1.50514e+06 1.06181e+06 552302 1.60254e+06
threshold=-36.66323715277769 -72.35477326388876 0.54112676056338038 -87.475907638888984 -29.023433333333283 0.47367965367965376
decision_type=2 2 2 2 2 2
left_child=1 3 -3 -1 5 -2
right_child=4 2 -4 -5 -6 -7
leaf_value=-0.69637166062026346 -1.2386269167905124 -2.6716318610218655 0.73828367946104934 2.4362112384461572 0.00096740873100594849 4.8416079830395153
leaf_weight=720 212 680 616 432 5040 220
leaf_count=720 212 680 616 432 5040 220
internal_value=-2.55395e-06 -0.331182 -1.05155 0.479441 0.14819 1.86182
internal_weight=7920 2448 1296 1152 5472 432
internal_count=7920 2448 1296 1152 5472 432
is_linear=0
shrinkage=0.05


Tree=99
num_leaves=7
num_cat=0
split_feature=3 3 5 5 0 3
split_gain=152494 960317 2.06429e+06 485183 387569 2.56644e+06
threshold=7.2447708333331784 19.392639583333224 -0.5554380223489348 -0.97111091670450067 4952.1960000000008 -8.9339631944442299
decision_type=2 2 2 2 2 2
left_child=4 2 -2 -3 -1 -6
right_child=1 3 -4 -5 5 -7
leaf_value=0.031890888816735748 6.5370697730316039 2.2304103718331114 0.091343701064764929 -0.33899080432805628 0.26963991411361921 -6.4662906830537255
leaf_weight=3901 180 198 396 2394 673 178
leaf_count=3901 180 198 396 2394 673 178
internal_value=1.90991e-05 0.268678 2.11347 -0.141933 -0.179106 -1.14522
internal_weight=7920 3168 576 2592 4752 851
internal_count=7920 3168 576 2592 4752 851
is_linear=0
shrinkage=0.05


end of trees

feature_importances:
Column_2=166
Column_3=102
Column_0=100
Column_1=52
Column_5=44
Column_8=39
Column_10=7
Column_6=6
Column_4=2
Column_7=2

parameters:
[boosting: gbdt]
[objective: regression]
[metric: l2]
[tree_learner: serial]
[device_type: cpu]
[data_sample_strategy: bagging]
[data: ]
[valid: ]
[num_iterations: 100]
[learning_rate: 0.05]
[num_leaves: 7]
[num_threads: 1]
[seed: 20250911]
[deterministic: 1]
[force_col_wise: 1]
[force_row_wise: 0]
[histogram_pool_size: -1]
[max_depth: 3]
[min_data_in_leaf: 144]
[min_sum_hessian_in_leaf: 0.001]
[bagging_fraction: 1]
[pos_bagging_fraction: 1]
[neg_bagging_fraction: 1]
[bagging_freq: 0]
[bagging_seed: 20250911]
[bagging_by_query: 0]
[feature_fraction: 1]
[feature_fraction_bynode: 1]
[feature_fraction_seed: 20250911]
[extra_trees: 0]
[extra_seed: 26685]
[early_stopping_round: 0]
[early_stopping_min_delta: 0]
[first_metric_only: 0]
[max_delta_step: 0]
[lambda_l1: 0]
[lambda_l2: 1]
[linear_lambda: 0]
[min_gain_to_split: 0]
[drop_rate: 0.1]
[max_drop: 50]
[skip_drop: 0.5]
[xgboost_dart_mode: 0]
[uniform_drop: 0]
[drop_seed: 2504]
[top_rate: 0.2]
[other_rate: 0.1]
[min_data_per_group: 100]
[max_cat_threshold: 32]
[cat_l2: 10]
[cat_smooth: 10]
[max_cat_to_onehot: 4]
[top_k: 20]
[monotone_constraints: ]
[monotone_constraints_method: basic]
[monotone_penalty: 0]
[feature_contri: ]
[forcedsplits_filename: ]
[refit_decay_rate: 0.9]
[cegb_tradeoff: 1]
[cegb_penalty_split: 0]
[cegb_penalty_feature_lazy: ]
[cegb_penalty_feature_coupled: ]
[path_smooth: 0]
[interaction_constraints: ]
[verbosity: -1]
[saved_feature_importance_type: 0]
[use_quantized_grad: 0]
[num_grad_quant_bins: 4]
[quant_train_renew_leaf: 0]
[stochastic_rounding: 1]
[linear_tree: 0]
[max_bin: 63]
[max_bin_by_feature: ]
[min_data_in_bin: 3]
[bin_construct_sample_cnt: 200000]
[data_random_seed: 20250911]
[is_enable_sparse: 1]
[enable_bundle: 1]
[use_missing: 1]
[zero_as_missing: 0]
[feature_pre_filter: 0]
[pre_partition: 0]
[two_round: 0]
[header: 0]
[label_column: ]
[weight_column: ]
[group_column: ]
[ignore_column: ]
[categorical_feature: ]
[forcedbins_filename: ]
[precise_float_parser: 0]
[parser_config_file: ]
[objective_seed: 19683]
[num_class: 1]
[is_unbalance: 0]
[scale_pos_weight: 1]
[sigmoid: 1]
[boost_from_average: 1]
[reg_sqrt: 0]
[alpha: 0.9]
[fair_c: 1]
[poisson_max_delta_step: 0.7]
[tweedie_variance_power: 1.5]
[lambdarank_truncation_level: 30]
[lambdarank_norm: 1]
[label_gain: ]
[lambdarank_position_bias_regularization: 0]
[eval_at: ]
[multi_error_top_k: 1]
[auc_mu_weights: ]
[num_machines: 1]
[local_listen_port: 12400]
[time_out: 120]
[machine_list_filename: ]
[machines: ]
[gpu_platform_id: -1]
[gpu_device_id: -1]
[gpu_device_id_list: ]
[gpu_use_dp: 0]
[num_gpu: 1]

end of parameters

pandas_categorical:null
