tree
version=v4
num_class=1
num_tree_per_iteration=1
label_index=0
max_feature_idx=18
objective=regression
feature_names=Column_0 Column_1 Column_2 Column_3 Column_4 Column_5 Column_6 Column_7 Column_8 Column_9 Column_10 Column_11 Column_12 Column_13 Column_14 Column_15 Column_16 Column_17 Column_18
feature_infos=[2055.4315000000001:7546.7527] [-4087.7071000000001:3851.9499999999998] [-745.96199999999953:553.97000000000025] [-300.25:569.23662499999955] [-204.93800347222259:31.102710416666923] [0:1] [0:1] [0:1] [0:1] [0:1] [0:1] [-1:1] [-1:1] [-1:1] [-1:1] [3164.466544965278:5319.7549513888889] [0:1] [-2211.6114749999997:2295.8055666666669] [-3958.9502999999995:4371.7547999999988]
tree_sizes=763 768 770 767 770 775 769 767 774 769 768 771 777 774 776 774 771 778 769 773 772 770 776 775 768 768 764 783 781 761 763 775 752 786 767 765 774 763 766 769 768 760 761 765 770 762 762 762 757 769 758 767 754 748 753 754 758 745 665 746 752 666 752 741 755 751 746 585 744 756 746 738 587 749 747 742 743 748 751 746 754 660 585 581 748 752 737 745 669 746 580 754 740 586 752 661 581 756 754 662

Tree=0
num_leaves=7
num_cat=0
split_feature=3 3 1 4 1 3
split_gain=3.9093e+07 1.33865e+07 7.36116e+06 5.24813e+06 3.08973e+06 2.467e+06
threshold=-10.862987499999688 125.26416666666684 -51.308549999999734 -91.635957638889053 89.751999999999967 -79.747387500000272
decision_type=2 2 2 2 2 2
left_child=3 2 -2 -1 -3 -5
right_child=1 4 -4 5 -6 -7
leaf_value=-51.774882391269372 -43.030950765246899 -37.451375173340523 -38.704147314184638 -48.258725712253863 -33.252471382492196 -44.184548242821599
leaf_weight=463 1792 910 2175 597 850 989
leaf_count=463 1792 910 2175 597 850 989
internal_value=-41.1687 -39.0481 -40.6587 -47.094 -35.4202 -45.7216
internal_weight=7776 5727 3967 2049 1760 1586
internal_count=7776 5727 3967 2049 1760 1586
is_linear=0
shrinkage=1


Tree=1
num_leaves=7
num_cat=0
split_feature=3 3 1 4 1 3
split_gain=3.52871e+07 1.20829e+07 6.64501e+06 4.7378e+06 2.78885e+06 2.22698e+06
threshold=-10.862987499999688 125.26416666666684 -38.941000000000251 -91.635957638889053 89.751999999999967 -79.747387500000272
decision_type=2 2 2 2 2 2
left_child=3 2 -2 -1 -3 -5
right_child=1 4 -4 5 -6 -7
leaf_value=-10.077046869746571 -1.6908243458495353 3.5316320143173869 2.4086289110107053 -6.7361477964834924 7.5208516745743825 -2.8652387142016771
leaf_weight=463 1862 910 2105 597 850 989
leaf_count=463 1862 910 2105 597 850 989
internal_value=-5.45437e-05 2.01469 0.484518 -5.62954 5.46142 -4.32565
internal_weight=7776 5727 3967 2049 1760 1586
internal_count=7776 5727 3967 2049 1760 1586
is_linear=0
shrinkage=0.05


Tree=2
num_leaves=7
num_cat=0
split_feature=3 3 1 4 1 3
split_gain=3.18985e+07 1.05181e+07 5.87197e+06 4.5514e+06 2.52224e+06 2.27315e+06
threshold=-5.6557874999994047 125.26416666666684 -38.941000000000251 -91.635957638889053 65.095000000000269 -79.747387500000272
decision_type=2 2 2 2 2 2
left_child=3 2 -2 -1 -3 -5
right_child=1 4 -4 5 -6 -7
leaf_value=-9.4338823760097679 -1.5557354366912448 3.2018334660391177 2.3545908330302634 -6.3999037134208807 6.9972791777751802 -2.5540683035085205
leaf_weight=483 1804 840 2050 597 920 1082
leaf_count=483 1804 840 2050 597 920 1082
internal_value=-0.000102618 1.98725 0.524297 -5.15913 5.18866 -3.92452
internal_weight=7776 5614 3854 2162 1760 1679
internal_count=7776 5614 3854 2162 1760 1679
is_linear=0
shrinkage=0.05


Tree=3
num_leaves=7
num_cat=0
split_feature=3 3 1 4 1 11
split_gain=2.88146e+07 9.84148e+06 5.73249e+06 3.8638e+06 2.04816e+06 1.83685e+06
threshold=-10.862987499999688 137.23540000000051 -51.308549999999734 -91.635957638889053 89.751999999999967 -0.1950438958025166
decision_type=2 2 2 2 2 2
left_child=3 2 -2 5 -3 -1
right_child=1 4 -4 -5 -6 -7
leaf_value=-5.4976057050274871 -1.5109009395387618 3.4414193284268908 2.2126332646230238 -3.9097082507517542 7.0963678732120172 -11.88720387763904
leaf_weight=203 1855 785 2332 1586 755 260
leaf_count=203 1855 785 2332 1586 755 260
internal_value=-0.000145018 1.82047 0.562999 -5.08721 5.23674 -9.1036
internal_weight=7776 5727 4187 2049 1540 463
internal_count=7776 5727 4187 2049 1540 463
is_linear=0
shrinkage=0.05


Tree=4
num_leaves=7
num_cat=0
split_feature=3 3 1 4 3 11
split_gain=2.60633e+07 9.2398e+06 5.1128e+06 3.41238e+06 2.09048e+06 1.70342e+06
threshold=-15.734799999999948 125.26416666666684 -21.371350000000117 -91.635957638889053 201.03327500000049 -0.2376293295203116
decision_type=2 2 2 2 2 2
left_child=3 2 -2 5 -3 -1
right_child=1 4 -4 -5 -6 -7
leaf_value=-5.1825391994759364 -1.3907063898452121 3.3536281747697809 2.1486173949582175 -3.8765602622537987 6.9182543915041279 -11.502227894403759
leaf_weight=186 2062 1100 2018 1492 660 258
leaf_count=186 2062 1100 2018 1492 660 258
internal_value=-0.000202432 1.66655 0.359968 -5.02629 4.69353 -8.87239
internal_weight=7776 5840 4080 1936 1760 444
internal_count=7776 5840 4080 1936 1760 444
is_linear=0
shrinkage=0.05


Tree=5
num_leaves=7
num_cat=0
split_feature=3 1 4 3 3 3
split_gain=2.36007e+07 7.57521e+06 3.80037e+06 3.17292e+06 2.82285e+06 2.25041e+06
threshold=-1.0000000180025095e-35 20.141799999999879 -91.635957638889053 191.55762499999994 137.23540000000051 -79.747387500000272
decision_type=2 2 2 2 2 2
left_child=2 4 -1 -3 -2 -4
right_child=1 3 5 -5 -6 -7
leaf_value=-8.1253660012732265 -0.85395564668208412 2.8470340043030915 -5.6917811006014816 7.2487496763869039 2.9900022955807417 -1.922210566913124
leaf_weight=501 2226 2163 597 505 607 1177
leaf_count=501 2226 2163 597 505 607 1177
internal_value=-0.000253541 1.77118 -4.28251 3.6826 -0.0295829 -3.19327
internal_weight=7776 5501 2275 2668 2833 1774
internal_count=7776 5501 2275 2668 2833 1774
is_linear=0
shrinkage=0.05


Tree=6
num_leaves=7
num_cat=0
split_feature=3 3 1 4 1 11
split_gain=2.13595e+07 7.64513e+06 4.24938e+06 2.78567e+06 1.93247e+06 1.5401e+06
threshold=-15.734799999999948 125.26416666666684 -51.308549999999734 -91.635957638889053 89.751999999999967 -0.2376293295203116
decision_type=2 2 2 2 2 2
left_child=3 2 -2 5 -3 -1
right_child=1 4 -4 -5 -6 -7
leaf_value=-4.5207022785821698 -1.4449562094010919 2.6561925985573351 1.7945657852970118 -3.5114496737430394 5.9760530404142429 -10.524637324009163
leaf_weight=186 1857 910 2223 1492 850 258
leaf_count=186 1857 910 2223 1492 850 258
internal_value=-0.000263404 1.50861 0.320114 -4.55026 4.26202 -8.02529
internal_weight=7776 5840 4080 1936 1760 444
internal_count=7776 5840 4080 1936 1760 444
is_linear=0
shrinkage=0.05


Tree=7
num_leaves=7
num_cat=0
split_feature=3 3 4 3 4 1
split_gain=1.93377e+07 6.46367e+06 4.33739e+06 2.79055e+06 1.4785e+06 1.31953e+06
threshold=-5.6557874999994047 157.85105833333321 -91.635957638889053 -88.506387500000059 -91.635957638889053 76.844949999999713
decision_type=2 2 2 2 2 2
left_child=3 2 -2 -1 -5 -3
right_child=1 5 -4 4 -6 -7
leaf_value=-6.6566525141992718 -3.2014757822322846 3.0066802980942011 1.294996143463744 -5.8447768545596483 -1.9707644312250672 6.3252658391195764
leaf_weight=684 624 564 3780 312 1166 646
leaf_count=684 624 564 3780 312 1166 646
internal_value=-0.000311791 1.54705 0.657312 -4.01715 -2.79195 4.78218
internal_weight=7776 5614 4404 2162 1478 1210
internal_count=7776 5614 4404 2162 1478 1210
is_linear=0
shrinkage=0.05


Tree=8
num_leaves=7
num_cat=0
split_feature=3 1 4 3 4 3
split_gain=1.74875e+07 5.98467e+06 2.93164e+06 2.40355e+06 2.36436e+06 1.74987e+06
threshold=-1.0000000180025095e-35 20.141799999999879 -91.635957638889053 191.55762499999994 -91.635957638889053 -79.747387500000272
decision_type=2 2 2 2 2 2
left_child=2 4 -1 -3 -2 -4
right_child=1 3 5 -5 -6 -7
leaf_value=-7.0615940238345436 -3.0733893095341265 2.4961982526275883 -4.9330241316982413 6.3272967815045789 0.61957124988283352 -1.60918183546001
leaf_weight=501 533 2163 597 505 2300 1177
leaf_count=501 533 2163 597 505 2300 1177
internal_value=-0.000341531 1.52451 -3.6865 3.22345 -0.0760608 -2.7299
internal_weight=7776 5501 2275 2668 2833 1774
internal_count=7776 5501 2275 2668 2833 1774
is_linear=0
shrinkage=0.05


Tree=9
num_leaves=7
num_cat=0
split_feature=3 3 4 15 1 15
split_gain=1.5943e+07 6.91058e+06 3.68371e+06 2.28069e+06 2.02218e+06 1.46831e+06
threshold=-31.550050000000052 104.85168750000027 -91.635957638889053 5274.3047280381952 -209.77969999999979 3390.6444892071763
decision_type=2 2 2 2 2 2
left_child=4 2 -2 -3 -1 -6
right_child=1 3 -4 -5 5 -7
leaf_value=-6.6399784365385264 -3.8640197430789152 2.7145959259456687 0.52033486483947644 7.1995346355438237 -6.324559523678019 -1.8474618189693333
leaf_weight=636 556 1866 3424 334 246 714
leaf_count=636 556 1866 3424 334 246 714
internal_value=-0.000370973 1.15028 -0.0929696 3.39845 -4.45383 -3.00011
internal_weight=7776 6180 3980 2200 1596 960
internal_count=7776 6180 3980 2200 1596 960
is_linear=0
shrinkage=0.05


Tree=10
num_leaves=7
num_cat=0
split_feature=3 4 3 15 3 11
split_gain=1.46083e+07 6.27499e+06 4.02168e+06 2.78498e+06 3.14349e+06 2.46123e+06
threshold=65.793024999999957 -91.635957638889053 -31.550050000000052 5281.0050107638899 201.03327500000049 -0.2376293295203116
decision_type=2 2 2 2 2 2
left_child=1 5 -3 4 -2 -1
right_child=3 2 -4 -5 -6 -7
leaf_value=-2.4968557860523752 1.0933452825940202 -3.344668425117991 0.11526959798066375 6.3091848970138367 5.1677707533603341 -8.2919070085377573
leaf_weight=312 2016 1214 2720 449 618 447
leaf_count=312 2016 1214 2720 449 618 447
internal_value=-0.00040543 -1.7568 -0.953017 2.67291 2.0509 -5.91617
internal_weight=7776 4693 3934 3083 2634 759
internal_count=7776 4693 3934 3083 2634 759
is_linear=0
shrinkage=0.05


Tree=11
num_leaves=7
num_cat=0
split_feature=3 4 3 15 3 11
split_gain=1.31862e+07 5.66478e+06 3.62987e+06 2.51417e+06 2.83757e+06 2.22168e+06
threshold=65.793024999999957 -91.635957638889053 -31.550050000000052 5281.0050107638899 201.03327500000049 -0.2376293295203116
decision_type=2 2 2 2 2 2
left_child=1 5 -3 4 -2 -1
right_child=3 2 -4 -5 -6 -7
leaf_value=-2.3724118355744945 1.0387051222359243 -3.1775726532672413 0.10950829687883248 5.994426683757041 4.9097997223528074 -7.8782370912177235
leaf_weight=312 2016 1214 2720 449 618 447
leaf_count=312 2016 1214 2720 449 618 447
internal_value=-0.000394439 -1.66911 -0.905408 2.53947 1.94848 -5.62107
internal_weight=7776 4693 3934 3083 2634 759
internal_count=7776 4693 3934 3083 2634 759
is_linear=0
shrinkage=0.05


Tree=12
num_leaves=7
num_cat=0
split_feature=3 1 3 15 3 1
split_gain=1.19444e+07 4.9494e+06 2.2299e+06 1.73656e+06 1.7045e+06 1.08014e+06
threshold=-1.0000000180025095e-35 20.141799999999879 -88.506387500000059 5274.3047280381952 94.574225000000084 -21.371350000000117
decision_type=2 2 2 2 2 2
left_child=2 4 -1 -3 -2 -4
right_child=1 3 5 -5 -6 -7
leaf_value=-5.4328500414938823 -1.1423342252682962 2.0908579210955334 -2.9592213645516887 5.0886042812701291 1.3920826391799761 -0.21521885234869376
leaf_weight=684 1775 2034 1045 634 1058 546
leaf_count=684 1775 2034 1045 634 1058 546
internal_value=-0.000383569 1.25983 -3.04682 2.80486 -0.195685 -2.01826
internal_weight=7776 5501 2275 2668 2833 1591
internal_count=7776 5501 2275 2668 2833 1591
is_linear=0
shrinkage=0.05


Tree=13
num_leaves=7
num_cat=0
split_feature=3 4 3 4 11 15
split_gain=1.10442e+07 4.9362e+06 2.90371e+06 2.26319e+06 2.01565e+06 1.99577e+06
threshold=65.793024999999957 -91.635957638889053 -31.550050000000052 -91.635957638889053 1.0000000180025095e-35 5274.3047280381952
decision_type=2 2 2 2 2 2
left_child=1 4 -3 -2 -1 -5
right_child=3 2 -4 5 -6 -7
leaf_value=-2.56431883446812 -0.6247240958714575 -2.8468819793739932 0.093080991904313917 2.2451022022912146 -7.7263274576858834 5.7480623044615182
leaf_weight=370 537 1214 2720 2038 389 508
leaf_count=370 537 1214 2720 2038 389 508
internal_value=-0.000371953 -1.52755 -0.81466 2.32407 -5.21662 2.94603
internal_weight=7776 4693 3934 3083 759 2546
internal_count=7776 4693 3934 3083 759 2546
is_linear=0
shrinkage=0.05


Tree=14
num_leaves=7
num_cat=0
split_feature=3 1 15 1 3 4
split_gain=9.96884e+06 4.66505e+06 2.99527e+06 2.22708e+06 1.81568e+06 1.20721e+06
threshold=65.793024999999957 -114.29000000000018 3395.5295407407411 65.095000000000269 -126.40522916666667 -91.635957638889053
decision_type=2 2 2 2 2 2
left_child=1 4 -3 5 -1 -2
right_child=3 2 -4 -5 -6 -7
leaf_value=-7.423359215259552 -1.5751707396672474 -2.8645235766792858 0.99353721015836927 3.6428215732468368 -2.684567740774316 1.6756301157637417
leaf_weight=226 367 683 1901 1440 1883 1276
leaf_count=226 367 683 1901 1440 1883 1276
internal_value=-0.000389843 -1.45131 -0.0269348 2.20798 -3.19565 0.948976
internal_weight=7776 4693 2584 3083 2109 1643
internal_count=7776 4693 2584 3083 2109 1643
is_linear=0
shrinkage=0.05


Tree=15
num_leaves=7
num_cat=0
split_feature=3 1 3 10 1 15
split_gain=9.17883e+06 4.76791e+06 1.96983e+06 1.94531e+06 1.52104e+06 1.24453e+06
threshold=-31.550050000000052 -21.371350000000117 165.17249999999925 1.0000000180025095e-35 -209.77969999999979 3390.6444892071763
decision_type=2 2 2 2 2 2
left_child=4 3 -3 -2 -1 -6
right_child=1 2 -4 -5 5 -7
leaf_value=-5.2750069831917576 -1.518652227427475 1.4948198030602946 4.3865281481067546 1.2652033746744855 -5.1794338215579874 -1.0596752042474449
leaf_weight=636 1942 2546 766 926 246 714
leaf_count=636 1942 2546 766 926 246 714
internal_value=-0.000423299 0.872654 2.16474 -0.619692 -3.37957 -2.11965
internal_weight=7776 6180 3312 2868 1596 960
internal_count=7776 6180 3312 2868 1596 960
is_linear=0
shrinkage=0.05


Tree=16
num_leaves=7
num_cat=0
split_feature=3 4 1 3 15 11
split_gain=8.39623e+06 3.94793e+06 2.20982e+06 2.19768e+06 2.50775e+06 1.56666e+06
threshold=50.636637500000013 -91.635957638889053 -21.371350000000117 201.03327500000049 5281.0050107638899 -0.2376293295203116
decision_type=2 2 2 2 2 2
left_child=1 5 -3 4 -2 -1
right_child=3 2 -4 -5 -6 -7
leaf_value=-2.0641376052178493 0.53170408784232326 -1.8533859832817201 0.63218779401086433 4.4450132893485756 4.4735141773118263 -6.849259251194546
leaf_weight=293 2266 2093 1560 660 490 414
leaf_count=293 2266 2093 1560 660 490 414
internal_value=-0.000439981 -1.45458 -0.792048 1.85544 1.2339 -4.87189
internal_weight=7776 4360 3653 3416 2756 707
internal_count=7776 4360 3653 3416 2756 707
is_linear=0
shrinkage=0.05


Tree=17
num_leaves=7
num_cat=0
split_feature=3 1 10 18 3 15
split_gain=7.78497e+06 3.99808e+06 1.70725e+06 1.63658e+06 1.37074e+06 851447
threshold=-31.550050000000052 -21.371350000000117 1.0000000180025095e-35 -35.381999999999145 -141.22181666666663 5283.1736671296303
decision_type=2 2 2 2 2 2
left_child=4 2 -2 -3 -1 -6
right_child=1 3 -4 -5 5 -7
leaf_value=-6.6960427806366996 -1.4050974165624832 0.66282656448577382 1.2028534698672795 2.9200190558600108 -3.3105096991160483 -0.56492457273602492
leaf_weight=228 1942 1370 926 1942 969 399
leaf_count=228 1942 1370 926 1942 969 399
internal_value=-0.000422387 0.803636 -0.562935 1.98682 -3.11243 -2.51071
internal_weight=7776 6180 2868 3312 1596 1368
internal_count=7776 6180 2868 3312 1596 1368
is_linear=0
shrinkage=0.05


Tree=18
num_leaves=7
num_cat=0
split_feature=3 4 17 15 3 11
split_gain=7.19835e+06 3.6215e+06 2.06672e+06 1.81079e+06 1.95204e+06 1.64587e+06
threshold=65.793024999999957 -91.635957638889053 103.98596249999993 5274.3047280381952 213.14193749999984 -0.2376293295203116
decision_type=2 2 2 2 2 2
left_child=1 5 -3 4 -2 -1
right_child=3 2 -4 -5 -6 -7
leaf_value=-1.5990135663804919 0.61069143374628299 0.17048521652003651 -2.2778835273805789 4.4657398894913367 4.072850342095081 -6.3355809273198247
leaf_weight=312 2021 2660 1274 553 509 447
leaf_count=312 2021 2660 1274 553 509 447
internal_value=-0.000447497 -1.23338 -0.62278 1.87613 1.30856 -4.3932
internal_weight=7776 4693 3934 3083 2530 759
internal_count=7776 4693 3934 3083 2530 759
is_linear=0
shrinkage=0.05


Tree=19
num_leaves=7
num_cat=0
split_feature=3 1 15 3 4 15
split_gain=6.69728e+06 3.2668e+06 1.50209e+06 1.44533e+06 1.29664e+06 926325
threshold=-15.734799999999948 29.993850000000069 3411.9851413194447 -141.22181666666663 -91.635957638889053 5281.0050107638899
decision_type=2 2 2 2 2 2
left_child=3 4 -3 -1 -2 -5
right_child=1 2 -4 5 -6 -7
leaf_value=-6.2804400598228707 -2.3476278881431254 0.8342406435436337 3.2114559866539047 -2.8539324476317454 0.24293190424345409 -0.36735654903991188
leaf_weight=228 594 1222 1458 1153 2566 555
leaf_count=228 594 1222 1458 1153 2566 555
internal_value=-0.000430868 0.844472 2.12823 -2.54822 -0.244616 -2.04663
internal_weight=7776 5840 2680 1936 3160 1708
internal_count=7776 5840 2680 1936 3160 1708
is_linear=0
shrinkage=0.05


Tree=20
num_leaves=7
num_cat=0
split_feature=3 1 15 15 3 15
split_gain=6.16459e+06 3.40953e+06 2.2946e+06 1.73806e+06 1.64912e+06 1.40321e+06
threshold=75.395725000000326 -114.29000000000018 3395.5295407407411 5274.3047280381952 227.39071250000009 5283.1736671296303
decision_type=2 2 2 2 2 2
left_child=1 5 -3 4 -2 -1
right_child=3 2 -4 -5 -6 -7
leaf_value=-3.5279657231087316 0.67148022030177801 -2.2915800577394019 0.97156925197036836 4.5327405854220126 4.149598739917681 -0.89385098674582475
leaf_weight=1368 1953 735 2009 496 412 803
leaf_count=1368 1953 735 2009 496 412 803
internal_value=-0.000457926 -1.07449 0.096995 1.84438 1.27889 -2.55453
internal_weight=7776 4915 2744 2861 2365 2171
internal_count=7776 4915 2744 2861 2365 2171
is_linear=0
shrinkage=0.05


Tree=21
num_leaves=7
num_cat=0
split_feature=3 1 8 4 1 15
split_gain=5.70913e+06 3.04991e+06 1.51896e+06 1.32136e+06 1.12823e+06 989026
threshold=-31.550050000000052 42.934350000000002 1.0000000180025095e-35 -91.635957638889053 -209.77969999999979 3390.6444892071763
decision_type=2 2 2 2 2 2
left_child=4 3 -3 -2 -1 -6
right_child=1 2 -4 -5 5 -7
leaf_value=-4.297621615531634 -2.2895246422915618 2.8177323250504926 0.29469299745247807 0.18831930722121393 -4.3081295952261218 -0.6363304435459155
leaf_weight=636 662 1762 902 2854 246 714
leaf_count=636 662 1762 902 2854 246 714
internal_value=-0.000411804 0.688152 1.96389 -0.278733 -2.66542 -1.58073
internal_weight=7776 6180 2664 3516 1596 960
internal_count=7776 6180 2664 3516 1596 960
is_linear=0
shrinkage=0.05


Tree=22
num_leaves=7
num_cat=0
split_feature=3 4 18 4 15 11
split_gain=5.30105e+06 2.54367e+06 1.86767e+06 1.61528e+06 1.4508e+06 1.2864e+06
threshold=50.636637500000013 -91.635957638889053 -1.0000000180025095e-35 -91.635957638889053 5274.3047280381952 0.15208718494349097
decision_type=2 2 2 2 2 2
left_child=1 -1 -3 5 -5 -2
right_child=3 2 -4 4 -6 -7
leaf_value=-3.8988999467869263 1.1344379706391647 -1.7738620473402769 0.48707809978820515 1.3819029997036483 4.1532593490680059 -3.5738631228683517
leaf_weight=707 334 1795 1858 2228 599 255
leaf_count=707 334 1795 1858 2228 599 255
internal_value=-0.000444137 -1.15588 -0.624077 1.4742 1.97037 -0.906563
internal_weight=7776 4360 3653 3416 2827 589
internal_count=7776 4360 3653 3416 2827 589
is_linear=0
shrinkage=0.05


Tree=23
num_leaves=7
num_cat=0
split_feature=1 10 1 3 15 4
split_gain=4.93139e+06 2.14053e+06 2.38583e+06 1.79236e+06 2.33032e+06 1.36976e+06
threshold=-51.308549999999734 1.0000000180025095e-35 -209.77969999999979 157.85105833333321 3390.6444892071763 -24.295867708333386
decision_type=2 2 2 2 2 2
left_child=1 2 -1 4 -2 -3
right_child=3 5 -4 -5 -6 -7
leaf_value=-4.2731096777987894 -1.5779382142400522 -2.5308433286948806 -1.0312219673296465 3.1860795570766047 1.4500945111815637 1.446937423195958
leaf_weight=869 866 288 1635 879 2378 861
leaf_count=869 866 288 1635 879 2378 861
internal_value=-0.000435361 -1.33794 -2.15756 1.18464 0.641511 0.448562
internal_weight=7776 3653 2504 4123 3244 1149
internal_count=7776 3653 2504 4123 3244 1149
is_linear=0
shrinkage=0.05


Tree=24
num_leaves=7
num_cat=0
split_feature=3 1 18 17 15 16
split_gain=4.64336e+06 2.99958e+06 1.28537e+06 1.19193e+06 744846 879462
threshold=-61.842649999999814 20.141799999999879 -35.381999999999145 113.36797500000013 5283.1736671296303 0.53054446049877757
decision_type=2 2 2 2 2 2
left_child=4 3 -3 -2 5 -1
right_child=1 2 -4 -5 -6 -7
leaf_value=-2.5705701950777091 0.16228990707151392 0.39226143093396248 2.4883787005448212 -1.7317422775441018 -1.1404809603770838 -6.1784469349043718
leaf_weight=417 2460 1228 1809 1253 323 286
leaf_count=417 2460 1228 1809 1253 323 286
internal_value=-0.000435007 0.476055 1.64123 -0.47717 -3.13265 -4.04505
internal_weight=7776 6750 3037 3713 1026 703
internal_count=7776 6750 3037 3713 1026 703
is_linear=0
shrinkage=0.05


Tree=25
num_leaves=7
num_cat=0
split_feature=3 1 15 15 4 1
split_gain=4.41125e+06 2.78437e+06 2.06508e+06 1.26188e+06 1.06079e+06 773940
threshold=104.85168750000027 -114.29000000000018 3395.5295407407411 5283.1736671296303 -38.845727083333252 149.2178999999999
decision_type=2 2 2 2 2 2
left_child=1 3 -3 -1 -2 -6
right_child=4 2 -4 -5 5 -7
leaf_value=-2.9039929271461102 0.10172361475841674 -1.867723774462424 0.98728581236169866 -0.49633378395997652 1.7560887887730048 4.0628775471423708
leaf_weight=1527 600 868 2335 846 1039 561
leaf_count=1527 600 868 2335 846 1039 561
internal_value=-0.000468406 -0.748511 0.213248 -2.04621 1.89496 2.56694
internal_weight=7776 5576 3203 2373 2200 1600
internal_count=7776 5576 3203 2373 2200 1600
is_linear=0
shrinkage=0.05


Tree=26
num_leaves=7
num_cat=0
split_feature=3 17 16 3 3 15
split_gain=4.02303e+06 2.46097e+06 1.99804e+06 1.30284e+06 824058 547232
threshold=-48.136674999999961 113.36797500000013 0.2952783707725628 165.17249999999925 -141.22181666666663 3390.6444892071763
decision_type=2 2 2 2 2 2
left_child=4 2 -2 -3 -1 -6
right_child=1 3 -4 -5 5 -7
leaf_value=-5.3074627690310043 2.4470002485899367 -1.5689538395956195 0.29541833845059295 1.6889869940343989 -4.5877366739903858 -1.4707394733192343
leaf_weight=228 1784 1632 2729 377 168 858
leaf_count=228 1784 1632 2729 377 168 858
internal_value=-0.000434449 0.498348 1.1463 -0.957047 -2.59291 -1.9851
internal_weight=7776 6522 4513 2009 1254 1026
internal_count=7776 6522 4513 2009 1254 1026
is_linear=0
shrinkage=0.05


Tree=27
num_leaves=7
num_cat=0
split_feature=3 4 18 11 15 3
split_gain=3.82481e+06 2.05172e+06 1.69803e+06 1.44044e+06 1.38202e+06 1.30992e+06
threshold=75.395725000000326 -91.635957638889053 -1.0000000180025095e-35 -1.0000000180025095e-35 5274.3047280381952 246.0756499999998
decision_type=2 2 2 2 2 2
left_child=1 3 -3 -1 5 -2
right_child=4 2 -4 -5 -6 -7
leaf_value=-0.96433899578688398 0.48806972791414927 -1.4199676323094903 0.61252294948704988 -5.1945659455349693 3.8497901385518869 3.9561760132859471
leaf_weight=390 2052 2034 2075 416 496 313
leaf_count=390 2052 2034 2075 416 496 313
internal_value=-0.000467393 -0.846466 -0.393683 -3.15141 1.45269 0.94854
internal_weight=7776 4915 4109 806 2861 2365
internal_count=7776 4915 4109 806 2861 2365
is_linear=0
shrinkage=0.05


Tree=28
num_leaves=7
num_cat=0
split_feature=1 10 1 15 0 18
split_gain=3.52442e+06 1.7856e+06 1.90669e+06 1.44465e+06 1.84728e+06 1.16032e+06
threshold=-51.308549999999734 1.0000000180025095e-35 -226.87299999999979 3390.6444892071763 2726.5032500000007 -44.064650000000022
decision_type=2 2 2 2 2 2
left_child=1 2 -1 4 -2 -5
right_child=3 -3 -4 5 -6 -7
leaf_value=-4.0002006844906202 2.8379261314674142 0.50046155488798794 -0.98161311640337012 0.33957448415945385 -1.6898727509797284 2.3709376988322526
leaf_weight=744 305 1149 1760 1146 853 1819
leaf_count=744 305 1149 1760 1146 853 1819
internal_value=-0.00043549 -1.13115 -1.87975 1.00142 -0.495898 1.58618
internal_weight=7776 3653 2504 4123 1158 2965
internal_count=7776 3653 2504 4123 1158 2965
is_linear=0
shrinkage=0.05


Tree=29
num_leaves=7
num_cat=0
split_feature=3 1 15 15 4 1
split_gain=3.3948e+06 2.1539e+06 1.72366e+06 1.0729e+06 942078 672084
threshold=104.85168750000027 -126.68619999999986 3390.6444892071763 5283.1736671296303 -38.845727083333252 149.2178999999999
decision_type=2 2 2 2 2 2
left_child=1 3 -3 -1 -2 -6
right_child=4 2 -4 -5 5 -7
leaf_value=-2.6526318073448887 -0.02735015965142782 -1.906270313814995 0.79001971585083652 -0.38725008878984729 1.5401695411002641 3.6895225866038182
leaf_weight=1458 600 773 2530 815 1039 561
leaf_count=1458 600 773 2530 815 1039 561
internal_value=-0.000417723 -0.656643 0.158622 -1.84089 1.66236 2.29562
internal_weight=7776 5576 3303 2273 2200 1600
internal_count=7776 5576 3303 2273 2200 1600
is_linear=0
shrinkage=0.05


Tree=30
num_leaves=7
num_cat=0
split_feature=3 17 16 3 16 17
split_gain=3.22366e+06 2.25485e+06 1.72295e+06 1.0345e+06 616179 437883
threshold=-61.842649999999814 113.36797500000013 0.32070990864933308 165.17249999999925 0.77806920999408513 133.45487500000016
decision_type=2 2 2 2 2 2
left_child=4 2 -2 -3 5 -1
right_child=1 3 -4 -5 -6 -7
leaf_value=-1.1656727310043082 2.1354674103073452 -1.4901710759276405 0.1885476704357123 1.4002796288520571 -4.8008822375171043 -3.7788325353797561
leaf_weight=557 1962 1712 2699 377 244 225
leaf_count=557 1962 1712 2699 377 244 225
internal_value=-0.000390099 0.396629 1.00837 -0.968114 -2.6102 -1.92141
internal_weight=7776 6750 4661 2089 1026 782
internal_count=7776 6750 4661 2089 1026 782
is_linear=0
shrinkage=0.05


Tree=31
num_leaves=7
num_cat=0
split_feature=3 17 16 15 11 18
split_gain=2.98957e+06 1.75474e+06 1.40025e+06 1.25659e+06 1.54861e+06 965200
threshold=50.636637500000013 -125.67918749999943 0.2952783707725628 5274.3047280381952 -0.15208718494349127 9.9902375000001502
decision_type=2 2 2 2 2 2
left_child=1 5 -3 4 -2 -1
right_child=3 2 -4 -5 -6 -7
leaf_value=-0.63765424362446632 2.0479747121632359 -0.31446558989415979 -2.4550583974510558 3.0854267314208244 -0.35261760110612017 2.126194912573204
leaf_weight=651 1146 1370 1727 649 1621 612
leaf_count=651 1146 1370 1727 649 1621 612
internal_value=-0.000418889 -0.868119 -1.50855 1.107 0.642009 0.702221
internal_weight=7776 4360 3097 3416 2767 1263
internal_count=7776 4360 3097 3416 2767 1263
is_linear=0
shrinkage=0.05


Tree=32
num_leaves=7
num_cat=0
split_feature=3 3 17 3 15 17
split_gain=2.8024e+06 1.99233e+06 1.95703e+06 584094 488459 341469
threshold=-61.842649999999814 201.03327500000049 113.36797500000013 -141.22181666666663 5283.1736671296303 -95.914149999999594
decision_type=2 2 2 2 2 2
left_child=3 2 -2 -1 -5 -3
right_child=1 5 -4 4 -6 -7
leaf_value=-4.6620681584987578 0.6804432725564199 4.7849511773028279 -1.2660418257634563 -2.6189523357445834 0.055920681853087684 2.2536396748704628
leaf_weight=228 4233 187 1857 551 247 473
leaf_count=228 4233 187 1857 551 247 473
internal_value=-0.000375445 0.369795 0.0867987 -2.4337 -1.79198 2.977
internal_weight=7776 6750 6090 1026 798 660
internal_count=7776 6750 6090 1026 798 660
is_linear=0
shrinkage=0.05


Tree=33
num_leaves=7
num_cat=0
split_feature=1 10 1 18 17 4
split_gain=2.69708e+06 1.24314e+06 1.78164e+06 1.21159e+06 1.11785e+06 1.04274e+06
threshold=-21.371350000000117 1.0000000180025095e-35 -209.77969999999979 -35.381999999999145 30.85022500000014 -149.93686180555525
decision_type=2 2 2 2 2 2
left_child=1 2 -1 -2 -5 -3
right_child=3 5 -4 4 -6 -7
leaf_value=-3.3436150505978226 -0.11517344641811685 -3.473005311530212 -0.63473946127664505 2.7572918454065971 0.50424493815938332 1.0625687916270619
leaf_weight=869 1534 144 2010 1187 1027 1005
leaf_count=869 1534 144 2010 1187 1027 1005
internal_value=-0.000361637 -0.898498 -1.45327 0.964853 1.71288 0.491616
internal_weight=7776 4028 2879 3748 2214 1149
internal_count=7776 4028 2879 3748 2214 1149
is_linear=0
shrinkage=0.05


Tree=34
num_leaves=7
num_cat=0
split_feature=3 4 11 17 15 3
split_gain=2.52786e+06 1.73343e+06 1.68788e+06 1.40727e+06 735224 736264
threshold=125.26416666666684 -91.635957638889053 -0.1950438958025166 85.525987499999943 5274.3047280381952 246.0756499999998
decision_type=2 2 2 2 2 2
left_child=1 2 -1 -3 5 -2
right_child=4 3 -4 -5 -6 -7
leaf_value=-0.098183298495826354 0.68791278389060928 0.51209711426627236 -4.2025519533566733 -1.2433373464709074 4.1962813636551983 3.4081338931207257
leaf_weight=452 1201 3242 561 1761 246 313
leaf_count=452 1201 3242 561 1761 246 313
internal_value=-0.000364407 -0.488007 -2.37309 -0.105921 1.66582 1.25216
internal_weight=7776 6016 1013 5003 1760 1514
internal_count=7776 6016 1013 5003 1760 1514
is_linear=0
shrinkage=0.05


Tree=35
num_leaves=7
num_cat=0
split_feature=3 17 16 3 3 16
split_gain=2.36928e+06 1.53411e+06 1.71208e+06 818261 676251 628533
threshold=-15.734799999999948 113.36797500000013 0.76805169106519544 -141.22181666666663 201.03327500000049 0.32070990864933308
decision_type=2 2 2 2 2 2
left_child=3 2 -2 -1 -3 -5
right_child=1 4 -4 5 -6 -7
leaf_value=-4.3231786790665847 1.7155783549950521 -1.0690633141789831 -0.54673465735011473 -0.10307389074252754 1.8155427708214571 -2.0266240632995642
leaf_weight=228 2832 1590 1186 789 232 919
leaf_count=228 2832 1590 1186 789 232 919
internal_value=-0.000325222 0.502209 1.04784 -1.51571 -0.700964 -1.13863
internal_weight=7776 5840 4018 1936 1822 1708
internal_count=7776 5840 4018 1936 1822 1708
is_linear=0
shrinkage=0.05


Tree=36
num_leaves=7
num_cat=0
split_feature=1 15 11 15 0 18
split_gain=2.23764e+06 1.11555e+06 1.1887e+06 1.11344e+06 1.38767e+06 882916
threshold=-21.371350000000117 5283.1736671296303 -0.55543802234893469 3390.6444892071763 2726.5032500000007 -44.064650000000022
decision_type=2 2 2 2 2 2
left_child=1 2 -1 4 -2 -5
right_child=3 -3 -4 5 -6 -7
leaf_value=0.2109475008144156 2.4867244672246356 0.44001908547763047 -2.0393231013264486 0.2860733330807313 -1.5314075143342243 2.1589079205195647
leaf_weight=836 292 1225 1967 1028 805 1623
leaf_count=836 292 1225 1967 1028 805 1623
internal_value=-0.000338134 -0.818407 -1.36834 0.878829 -0.460568 1.43305
internal_weight=7776 4028 2803 3748 1097 2651
internal_count=7776 4028 2803 3748 1097 2651
is_linear=0
shrinkage=0.05


Tree=37
num_leaves=7
num_cat=0
split_feature=3 15 11 1 15 3
split_gain=2.19266e+06 1.6204e+06 2.05498e+06 1.20696e+06 637122 579531
threshold=137.23540000000051 5283.1736671296303 -0.1950438958025166 132.73114999999964 5274.3047280381952 246.0756499999998
decision_type=2 2 2 2 2 2
left_child=1 2 -1 -3 5 -2
right_child=4 3 -4 -5 -6 -7
leaf_value=0.21063811908989216 0.71489872521853359 0.30644887003415566 -1.9616237455626337 3.9906887674516485 4.3000930976691505 3.1711450612848733
leaf_weight=2048 1025 1608 2323 257 202 313
leaf_count=2048 1025 1608 2323 257 202 313
internal_value=-0.000308294 -0.417595 -0.944011 0.81601 1.68861 1.29143
internal_weight=7776 6236 4371 1865 1540 1338
internal_count=7776 6236 4371 1865 1540 1338
is_linear=0
shrinkage=0.05


Tree=38
num_leaves=7
num_cat=0
split_feature=3 18 1 17 12 17
split_gain=2.06722e+06 1.59146e+06 1.34314e+06 825147 496221 442813
threshold=-61.842649999999814 -54.085550000000232 132.73114999999964 -136.42561249999969 -0.51864980417341189 85.525987499999943
decision_type=2 2 2 2 2 2
left_child=4 3 -3 -2 -1 -6
right_child=1 2 -4 -5 5 -7
leaf_value=-3.7437354633827056 0.87519939531676239 0.33828235926060057 2.3165162902593752 -1.1156223975631292 -0.22847299469639629 -2.7336634258742554
leaf_weight=314 697 2762 1244 2047 392 320
leaf_count=314 697 2762 1244 2047 392 320
internal_value=-0.000223874 0.317706 0.953016 -0.609802 -2.09014 -1.35666
internal_weight=7776 6750 4006 2744 1026 712
internal_count=7776 6750 4006 2744 1026 712
is_linear=0
shrinkage=0.05


Tree=39
num_leaves=7
num_cat=0
split_feature=4 3 11 0 18 15
split_gain=1.99532e+06 1.72816e+06 1.65227e+06 1.25251e+06 1.22733e+06 794559
threshold=-91.635957638889053 65.793024999999957 0.15208718494349097 6265.0832500000006 146.25734166666624 5274.3047280381952
decision_type=2 2 2 2 2 2
left_child=2 4 3 -1 -2 -3
right_child=1 5 -4 -5 -6 -7
leaf_value=1.0028035023566988 -0.83102406666720252 0.93084471965607851 -3.7561560477034761 -3.915138228535652 1.1659563644356792 3.1402276850461028
leaf_weight=542 2886 2038 585 169 1048 508
leaf_count=542 2886 2038 585 169 1048 508
internal_value=-0.000240275 0.358014 -1.79041 -0.170016 -0.298876 1.37274
internal_weight=7776 6480 1296 711 3934 2546
internal_count=7776 6480 1296 711 3934 2546
is_linear=0
shrinkage=0.05


Tree=40
num_leaves=7
num_cat=0
split_feature=3 18 17 4 11 11
split_gain=1.83285e+06 1.42341e+06 1.11816e+06 757757 672108 548518
threshold=104.85168750000027 -8.6011125000002249 30.85022500000014 -38.845727083333252 -0.55543802234893469 -0.40265084705289461
decision_type=2 2 2 2 2 2
left_child=1 4 -3 5 -1 -2
right_child=3 2 -4 -5 -6 -7
leaf_value=-0.45129656047963751 1.9041780849349312 1.2372103696299037 -0.72736410326725442 1.7894841695640662 -2.0412961463379795 -1.3297984900677118
leaf_weight=1227 192 1494 1404 1600 1451 408
leaf_count=1227 192 1494 1404 1600 1451 408
internal_value=-0.000242806 -0.482423 0.285506 1.22153 -1.31323 -0.29348
internal_weight=7776 5576 2898 2200 2678 600
internal_count=7776 5576 2898 2200 2678 600
is_linear=0
shrinkage=0.05


Tree=41
num_leaves=7
num_cat=0
split_feature=3 17 16 14 16 0
split_gain=1.7756e+06 1.45011e+06 1.45744e+06 529608 487192 297404
threshold=-88.506387500000059 -125.67918749999943 0.2952783707725628 0.9659258262890682 0.53054446049877757 4220.7112000000006
decision_type=2 2 2 2 2 2
left_child=4 3 -3 -2 5 -1
right_child=1 2 -4 -5 -6 -7
leaf_value=-2.4510776152686469 1.7027272161708209 0.76852311323123157 -0.94354008319413052 -0.61532240169019348 -4.1060294674079225 0.26337864827474899
leaf_weight=251 1722 2163 2920 287 265 168
leaf_count=251 1722 2163 2920 287 265 168
internal_value=-0.000228215 0.23454 -0.214988 1.37144 -2.43119 -1.36467
internal_weight=7776 7092 5083 2009 684 419
internal_count=7776 7092 5083 2009 684 419
is_linear=0
shrinkage=0.05


Tree=42
num_leaves=7
num_cat=0
split_feature=4 3 11 15 0 16
split_gain=1.74362e+06 1.45206e+06 1.44397e+06 1.24394e+06 891649 855972
threshold=-91.635957638889053 157.85105833333321 -0.1950438958025166 3390.6444892071763 6217.3253000000013 0.18370961737693611
decision_type=2 2 2 2 2 2
left_child=2 3 4 -2 -1 -4
right_child=1 -3 5 -5 -6 -7
leaf_value=1.3974475292471196 -1.665729975034584 2.0643543509194178 -0.05983681975072519 0.35048232528429657 -3.1046000351341778 -4.0945963471507039
leaf_weight=419 919 1021 172 4540 148 557
leaf_count=419 919 1021 172 4540 148 557
internal_value=-0.000251404 0.334646 -1.6737 0.0108184 0.218913 -3.14402
internal_weight=7776 6480 1296 5459 567 729
internal_count=7776 6480 1296 5459 567 729
is_linear=0
shrinkage=0.05


Tree=43
num_leaves=7
num_cat=0
split_feature=1 8 3 1 15 4
split_gain=1.63466e+06 1.12333e+06 1.00426e+06 974759 740852 691039
threshold=42.934350000000002 1.0000000180025095e-35 -141.22181666666663 275.09515000000016 5283.1736671296303 -25.021302083333918
decision_type=2 2 2 2 2 2
left_child=2 3 -1 -2 -4 -3
right_child=1 5 4 -5 -6 -7
leaf_value=-4.1863619680823509 1.2434938185981999 -2.4396723494972088 -0.83951989033089347 4.7235256527040317 0.55213691427666822 0.39342994760207045
leaf_weight=184 1622 286 3239 229 1356 860
leaf_count=184 1622 286 3239 229 1356 860
internal_value=-0.000271702 0.914996 -0.574325 1.67635 -0.428806 -0.31512
internal_weight=7776 2997 4779 1851 4595 1146
internal_count=7776 2997 4779 1851 4595 1146
is_linear=0
shrinkage=0.05


Tree=44
num_leaves=7
num_cat=0
split_feature=3 17 15 11 18 16
split_gain=1.55425e+06 1.12457e+06 925619 1.12857e+06 801258 639483
threshold=41.928100000000548 -76.124999999999986 5274.3047280381952 -0.15208718494349127 -8.6011125000002249 0.2952783707725628
decision_type=2 2 2 2 2 2
left_child=1 4 3 -2 -1 -3
right_child=2 5 -4 -5 -6 -7
leaf_value=-0.70401986131542615 1.5266846604806223 -0.45409482643191446 2.3732442785280061 -0.46493072481022707 1.5895958580767999 -2.0214312921175588
leaf_weight=778 1214 1219 709 1715 744 1397
leaf_count=778 1214 1219 709 1715 744 1397
internal_value=-0.000261671 -0.662996 0.753532 0.360785 0.417477 -1.29154
internal_weight=7776 4138 3638 2929 1522 2616
internal_count=7776 4138 3638 2929 1522 2616
is_linear=0
shrinkage=0.05


Tree=45
num_leaves=7
num_cat=0
split_feature=3 4 11 18 17 1
split_gain=1.49118e+06 1.31931e+06 1.27078e+06 1.10085e+06 263865 230133
threshold=201.03327500000049 -91.635957638889053 -0.1950438958025166 -54.085550000000232 -95.914149999999594 89.751999999999967
decision_type=2 2 2 2 2 2
left_child=1 2 -1 -3 -2 -6
right_child=4 3 -4 -5 5 -7
leaf_value=0.11697717585290474 3.8592420064388437 -0.72814229543363007 -3.1603027350780519 0.66011104386875996 0.48044439975319986 2.6888279474310339
leaf_weight=527 187 2406 673 3510 226 247
leaf_count=527 187 2406 673 3510 226 247
internal_value=-0.000236726 -0.211222 -1.72213 0.0954895 2.27145 1.6369
internal_weight=7776 7116 1200 5916 660 473
internal_count=7776 7116 1200 5916 660 473
is_linear=0
shrinkage=0.05


Tree=46
num_leaves=7
num_cat=0
split_feature=3 18 1 17 12 1
split_gain=1.41618e+06 1.23037e+06 1.0379e+06 668877 413060 333849
threshold=-88.506387500000059 -54.085550000000232 132.73114999999964 -115.67209166666724 -0.51864980417341189 -269.42999999999955
decision_type=2 2 2 2 2 2
left_child=4 3 -3 -2 -1 -6
right_child=1 2 -4 -5 5 -7
leaf_value=-4.1477109958988212 0.57376104299376574 0.23543640552698075 1.9419409250522222 -1.0867636780571768 -3.2078999934817207 -0.46771414500721004
leaf_weight=190 867 2933 1279 2013 168 326
leaf_count=190 867 2933 1279 2013 168 326
internal_value=-0.000199703 0.209465 0.753965 -0.586851 -2.17123 -1.4042
internal_weight=7776 7092 4212 2880 684 494
internal_count=7776 7092 4212 2880 684 494
is_linear=0
shrinkage=0.05


Tree=47
num_leaves=7
num_cat=0
split_feature=3 15 11 1 15 3
split_gain=1.33803e+06 1.25728e+06 1.60309e+06 832352 450967 469721
threshold=137.23540000000051 5283.1736671296303 -0.55543802234893469 132.73114999999964 5274.3047280381952 268.68695000000031
decision_type=2 2 2 2 2 2
left_child=1 2 -1 -3 5 -2
right_child=4 3 -4 -5 -6 -7
leaf_value=0.53460235371242593 0.58060074342686718 0.33719875429513257 -1.4818595791128231 3.3968226620508717 3.5159972435808537 3.156761325001717
leaf_weight=1500 1129 1608 2871 257 202 209
leaf_count=1500 1129 1608 2871 257 202 209
internal_value=-0.000229314 -0.326203 -0.789905 0.760414 1.31911 0.985063
internal_weight=7776 6236 4371 1865 1540 1338
internal_count=7776 6236 4371 1865 1540 1338
is_linear=0
shrinkage=0.05


Tree=48
num_leaves=7
num_cat=0
split_feature=4 11 3 15 0 15
split_gain=1.28236e+06 1.10843e+06 1.08878e+06 965754 927983 778729
threshold=-91.635957638889053 0.15208718494349097 46.304812500000033 3395.5295407407411 6265.0832500000006 5274.3047280381952
decision_type=2 2 2 2 2 2
left_child=1 4 3 -2 -1 -4
right_child=2 -3 5 -5 -6 -7
leaf_value=0.9013153124305644 -2.1158552772081665 -3.0453461408564255 0.57824658185396061 0.073595831725631819 -3.331814043697189 2.5743904539256475
leaf_weight=542 606 585 2296 2958 169 620
leaf_count=542 606 585 2296 2958 169 620
internal_value=-0.000153302 -1.43529 0.287051 -0.299174 -0.108138 1.0034
internal_weight=7776 1296 6480 3564 711 2916
internal_count=7776 1296 6480 3564 711 2916
is_linear=0
shrinkage=0.05


Tree=49
num_leaves=7
num_cat=0
split_feature=17 16 17 4 13 3
split_gain=1.24783e+06 1.08654e+06 1.27614e+06 506621 589740 479343
threshold=175.19191666666623 0.27873575826403657 -136.42561249999969 -91.635957638889053 0.60818202301879265 -88.506387500000059
decision_type=2 2 2 2 2 2
left_child=1 5 -3 -2 -5 -1
right_child=3 2 -4 4 -6 -7
leaf_value=-0.94184272015882931 -3.1604664209960163 1.02453098787942 -0.90277685607586811 -0.23721137067132944 -2.6064360304724898 1.4075118505825623
leaf_weight=241 275 1350 2357 1072 347 2134
leaf_count=241 275 1350 2357 1072 347 2134
internal_value=-0.000173701 0.334129 -0.200811 -1.19992 -0.818005 1.16882
internal_weight=7776 6082 3707 1694 1419 2375
internal_count=7776 6082 3707 1694 1419 2375
is_linear=0
shrinkage=0.05


Tree=50
num_leaves=7
num_cat=0
split_feature=3 15 11 1 17 4
split_gain=1.2074e+06 1.07478e+06 1.53314e+06 707317 238821 268599
threshold=191.55762499999994 5283.1736671296303 -0.55543802234893469 132.73114999999964 -95.914149999999594 -38.845727083333252
decision_type=2 2 2 2 2 2
left_child=1 2 -1 -3 -2 -6
right_child=4 3 -4 -5 5 -7
leaf_value=0.64568855373623846 3.2769602771219057 0.38211352457239306 -1.2068140292703928 3.0198201253811519 -0.37467603632898044 2.0359064698295914
leaf_weight=1669 218 1666 3372 299 164 388
leaf_count=1669 218 1666 3372 299 164 388
internal_value=-0.000199843 -0.206844 -0.593472 0.784806 1.87782 1.32034
internal_weight=7776 7006 5041 1965 770 552
internal_count=7776 7006 5041 1965 770 552
is_linear=0
shrinkage=0.05


Tree=51
num_leaves=7
num_cat=0
split_feature=1 10 1 15 0 4
split_gain=1.16029e+06 1.00557e+06 849308 707814 1.0853e+06 647369
threshold=-60.670549999999814 1.0000000180025095e-35 -226.87299999999979 3390.6444892071763 2790.1148500000004 -149.93686180555525
decision_type=2 2 2 2 2 2
left_child=1 2 -1 4 -2 -3
right_child=3 5 -4 -5 -6 -7
leaf_value=-2.6560814256476077 1.7144094970390986 -2.5800391634271063 -0.61869223233833814 0.95588468152739869 -1.531641291027821 0.99384429949533881
leaf_weight=744 379 144 1635 3071 798 1005
leaf_count=744 379 144 1635 3071 798 1005
internal_value=-0.000139837 -0.670235 -1.25671 0.556407 -0.485828 0.544088
internal_weight=7776 3528 2379 4248 1177 1149
internal_count=7776 3528 2379 4248 1177 1149
is_linear=0
shrinkage=0.05


Tree=52
num_leaves=7
num_cat=0
split_feature=18 1 15 11 13 16
split_gain=1.12355e+06 960425 720216 686929 653363 806692
threshold=-54.085550000000232 132.73114999999964 3390.6444892071763 -0.1950438958025166 -0.92300020391127913 0.95388321900888751
decision_type=2 2 2 2 2 2
left_child=4 3 -3 -2 5 -1
right_child=1 2 -4 -5 -6 -7
leaf_value=1.751378674434378 1.0526751705706121 0.17900419115964078 2.5437549232964685 -0.47831765438668578 -1.1121354918153954 -2.0076445627095079
leaf_weight=480 1099 530 820 2193 2452 202
leaf_count=480 1099 530 820 2193 2452 202
internal_value=-0.000156782 0.493644 1.61619 0.0329529 -0.731486 0.636693
internal_weight=7776 4642 1350 3292 3134 682
internal_count=7776 4642 1350 3292 3134 682
is_linear=0
shrinkage=0.05


Tree=53
num_leaves=7
num_cat=0
split_feature=3 18 17 18 16 0
split_gain=1.09447e+06 999935 802773 573656 354035 264783
threshold=-88.506387500000059 -93.5079250000001 49.708749999999789 -806.48391249999997 0.53054446049877757 4220.7112000000006
decision_type=2 2 2 2 2 2
left_child=4 3 -3 -2 5 -1
right_child=1 2 -4 -5 -6 -7
leaf_value=-2.0253816880877058 0.94687230956631829 1.2035690589836152 -0.11492997583347873 -1.011382729342986 -3.3361504411149796 0.53461759855761337
leaf_weight=251 461 2573 2093 1965 265 168
leaf_count=251 461 2573 2093 1965 265 168
internal_value=-0.000136541 0.184182 0.61224 -0.639029 -1.9087 -1.00011
internal_weight=7776 7092 4666 2426 684 419
internal_count=7776 7092 4666 2426 684 419
is_linear=0
shrinkage=0.05


Tree=54
num_leaves=7
num_cat=0
split_feature=3 17 16 4 4 4
split_gain=1.06299e+06 983024 1.06752e+06 322604 197313 227307
threshold=201.03327500000049 113.36797500000013 0.76013656991297696 -91.635957638889053 -38.845727083333252 -11.509612152777434
decision_type=2 2 2 2 2 2
left_child=1 2 -1 -3 -2 -6
right_child=4 3 -4 -5 5 -7
leaf_value=0.69401075239631582 0.54934463991930615 -2.4063571229939527 -0.91280300423174587 -0.78569381689182027 3.5968808287616385 1.3919346813112499
leaf_weight=3454 189 369 1474 1819 228 243
leaf_count=3454 189 369 1474 1819 228 243
internal_value=-0.000154161 -0.17829 0.213314 -1.05999 1.91784 2.46466
internal_weight=7776 7116 4928 2188 660 471
internal_count=7776 7116 4928 2188 660 471
is_linear=0
shrinkage=0.05


Tree=55
num_leaves=7
num_cat=0
split_feature=3 15 1 0 15 11
split_gain=1.00316e+06 810433 805096 738024 638938 823721
threshold=41.928100000000548 3390.6444892071763 -192.00780000000006 2863.4758000000006 5274.3047280381952 -0.15208718494349127
decision_type=2 2 2 2 2 2
left_child=1 3 -3 -1 5 -2
right_child=4 2 -4 -5 -6 -7
leaf_value=0.18283296498385343 1.2752276669669544 -1.2135870647697031 0.34295101591814608 -3.4962012960940978 1.951161118712224 -0.42626259704413533
leaf_weight=208 1214 1332 2204 394 709 1715
leaf_count=208 1214 1332 2204 394 709 1715
internal_value=-0.000132776 -0.532566 -0.243569 -2.22684 0.605457 0.279159
internal_weight=7776 4138 3536 602 3638 2929
internal_count=7776 4138 3536 602 3638 2929
is_linear=0
shrinkage=0.05


Tree=56
num_leaves=7
num_cat=0
split_feature=17 3 18 12 18 3
split_gain=958070 928822 581168 641404 525034 520841
threshold=-45.761574999999532 29.041862499999983 1.0000000180025095e-35 -0.97111091670450067 -122.69371666666665 137.23540000000051
decision_type=2 2 2 2 2 2
left_child=2 4 5 -4 -2 -1
right_child=1 -3 3 -5 -6 -7
leaf_value=-0.37760850750251657 -2.3844445024594303 0.23039416488275954 -0.99722377154333841 1.8764812722848729 -0.69968139066580548 1.7340725683647655
leaf_weight=1413 655 2339 231 1199 1572 367
leaf_count=1413 655 2339 231 1199 1572 367
internal_value=-0.000135038 -0.465442 0.66167 1.41189 -1.19605 0.0585066
internal_weight=7776 4566 3210 1430 2227 1780
internal_count=7776 4566 3210 1430 2227 1780
is_linear=0
shrinkage=0.05


Tree=57
num_leaves=7
num_cat=0
split_feature=4 15 11 0 18 4
split_gain=925814 844633 810104 705018 703916 616917
threshold=-91.635957638889053 3185.6351313368064 0.15208718494349097 6265.0832500000006 105.13639999999988 -158.33771458333283
decision_type=2 2 2 2 2 2
left_child=2 -2 3 -1 -3 -4
right_child=1 4 5 -5 -6 -7
leaf_value=0.79488084597056852 -3.5293687281526367 -0.029481667934412755 -0.77604903561059546 -2.8948211054153301 1.1022601427420209 -4.0450772004624822
leaf_weight=542 144 4323 260 169 2013 325
leaf_count=542 144 4323 260 169 2013 325
internal_value=-0.000132252 0.2439 -1.21954 -0.0849709 0.330199 -2.59598
internal_weight=7776 6480 1296 711 6336 585
internal_count=7776 6480 1296 711 6336 585
is_linear=0
shrinkage=0.05


Tree=58
num_leaves=6
num_cat=0
split_feature=3 18 1 13 2
split_gain=912856 868703 703845 515435 250924
threshold=-126.40522916666667 -54.085550000000232 132.73114999999964 -0.92300020391127913 -74.763999999999655
decision_type=2 2 2 2 2
left_child=4 3 -3 -2 -1
right_child=1 2 -4 -5 -6
leaf_value=-3.987334324872192 0.70591924601100642 0.15241516842569877 1.5336252570821871 -0.87989794476702343 -1.2638814953065687
leaf_weight=157 653 3101 1312 2368 185
leaf_count=157 653 3101 1312 2368 185
internal_value=-0.000185934 0.116158 0.563308 -0.536998 -2.5221
internal_weight=7776 7434 4413 3021 342
internal_count=7776 7434 4413 3021 342
is_linear=0
shrinkage=0.05


Tree=59
num_leaves=7
num_cat=0
split_feature=3 15 11 18 3 4
split_gain=887914 906466 1.17937e+06 534209 200538 162806
threshold=191.55762499999994 5283.1736671296303 -0.55543802234893469 193.95020000000014 268.68695000000031 -29.860240625000184
decision_type=2 2 2 2 2 2
left_child=1 2 -1 -3 5 -2
right_child=4 3 -4 -5 -6 -7
leaf_value=0.55436011030455823 -0.25149551317095759 0.31456025756223849 -1.0704198287868982 2.356505898654313 2.8839393704725067 1.6439504228532316
leaf_weight=1669 159 1563 3372 402 220 391
leaf_count=1669 159 1563 3372 402 220 391
internal_value=-0.000200681 -0.177408 -0.532476 0.733288 1.6103 1.09653
internal_weight=7776 7006 5041 1965 770 550
internal_count=7776 7006 5041 1965 770 550
is_linear=0
shrinkage=0.05


Tree=60
num_leaves=7
num_cat=0
split_feature=17 3 16 0 3 15
split_gain=863903 840946 516801 481587 406563 390422
threshold=-95.914149999999594 14.707850000000237 0.2952783707725628 2726.5032500000007 144.45048750000004 5283.1736671296303
decision_type=2 2 2 2 2 2
left_child=4 2 -2 -3 5 -1
right_child=1 3 -4 -5 -6 -7
leaf_value=0.018749822346993399 -0.25120276798112567 2.3077831779776314 -1.7568303172983921 -0.0004268400223802282 2.1470633932094652 1.4855819554774128
leaf_weight=1486 1032 246 1273 2655 432 652
leaf_count=1486 1032 246 1273 2655 432 652
internal_value=-0.000149296 -0.370425 -1.08313 0.196033 0.749764 0.466557
internal_weight=7776 5206 2305 2901 2570 2138
internal_count=7776 5206 2305 2901 2570 2138
is_linear=0
shrinkage=0.05


Tree=61
num_leaves=6
num_cat=0
split_feature=3 18 1 13 2
split_gain=805490 772638 615102 468033 225365
threshold=-126.40522916666667 -54.085550000000232 132.73114999999964 -0.92300020391127913 -74.763999999999655
decision_type=2 2 2 2 2
left_child=4 3 -3 -2 -1
right_child=1 2 -4 -5 -6
leaf_value=-3.757629082606563 0.67757050688933895 0.14675504764072719 1.4379605255117454 -0.83356522285407386 -1.1768358397868373
leaf_weight=157 653 3101 1312 2368 185
leaf_count=157 653 3101 1312 2368 185
internal_value=-0.000116425 0.109172 0.530874 -0.506812 -2.36909
internal_weight=7776 7434 4413 3021 342
internal_count=7776 7434 4413 3021 342
is_linear=0
shrinkage=0.05


Tree=62
num_leaves=7
num_cat=0
split_feature=17 16 17 13 4 18
split_gain=793908 690054 973195 402199 442701 300741
threshold=175.19191666666623 0.27873575826403657 -136.42561249999969 0.50000000000000022 -16.646995138888538 96.355049999999679
decision_type=2 2 2 2 2 2
left_child=1 -1 -3 4 -2 -5
right_child=3 2 -4 5 -6 -7
leaf_value=0.93170775219230517 -1.3699066556097932 0.91026558208628827 -0.77280041651517484 -3.0555078927946533 0.54326810569350725 -0.40189785576014786
leaf_weight=2375 642 1350 2357 322 570 160
leaf_count=2375 642 1350 2357 322 570 160
internal_value=-0.000133143 0.26652 -0.159788 -0.957096 -0.47044 -2.1773
internal_weight=7776 6082 3707 1694 1212 482
internal_count=7776 6082 3707 1694 1212 482
is_linear=0
shrinkage=0.05


Tree=63
num_leaves=7
num_cat=0
split_feature=4 15 11 16 15 3
split_gain=763979 734998 697330 637191 630785 590095
threshold=-91.635957638889053 3185.6351313368064 -0.1950438958025166 0.18370961737693611 5247.695945312501 114.52414999999975
decision_type=2 2 2 2 2 2
left_child=2 -2 4 -4 -1 -3
right_child=1 5 3 -5 -6 -7
leaf_value=2.0674787293191956 -3.2983360902194323 0.017400394163206569 0.52823045043587002 -2.9498522977494073 -1.2827061553509269 1.1199232005778346
leaf_weight=252 144 4701 172 557 315 1635
leaf_count=252 144 4701 172 557 315 1635
internal_value=-0.00014716 0.221533 -1.10786 -2.12964 0.207283 0.302037
internal_weight=7776 6480 1296 729 567 6336
internal_count=7776 6480 1296 729 567 6336
is_linear=0
shrinkage=0.05


Tree=64
num_leaves=7
num_cat=0
split_feature=17 3 18 12 15 13
split_gain=732054 683457 407131 575807 400776 400678
threshold=-45.761574999999532 32.816062500000051 1.0000000180025095e-35 -0.97111091670450067 5274.3047280381952 0.49999999999999961
decision_type=2 2 2 2 2 2
left_child=2 5 -1 -4 -3 -2
right_child=1 4 3 -5 -6 -7
leaf_value=0.07348383158447451 -0.54752921134072041 -0.11365307218227627 -1.0759893825446287 1.6464909575326989 1.580900835866152 -1.9501827182058566
leaf_weight=1780 1522 1850 231 1199 429 765
leaf_count=1780 1522 1850 231 1199 429 765
internal_value=-0.000164217 -0.4069 0.578335 1.20626 0.205884 -1.01736
internal_weight=7776 4566 3210 1430 2279 2287
internal_count=7776 4566 3210 1430 2279 2287
is_linear=0
shrinkage=0.05


Tree=65
num_leaves=7
num_cat=0
split_feature=3 15 11 1 3 18
split_gain=715074 804192 1.00272e+06 487568 151571 96339.5
threshold=201.03327500000049 5283.1736671296303 -0.59116893267988335 132.73114999999964 268.68695000000031 -73.012249999999753
decision_type=2 2 2 2 2 2
left_child=1 2 -1 -3 5 -2
right_child=4 3 -4 -5 -6 -7
leaf_value=0.55553077958866559 -0.022475500547722595 0.37376290832659564 -0.94866011543959672 2.5420304826882454 2.6427962446914002 1.5504901451134199
leaf_weight=1615 145 1671 3524 306 220 295
leaf_count=1615 145 1671 3524 306 220 295
internal_value=-0.000158493 -0.146263 -0.475932 0.710483 1.57295 1.03325
internal_weight=7776 7116 5139 1977 660 440
internal_count=7776 7116 5139 1977 660 440
is_linear=0
shrinkage=0.05


Tree=66
num_leaves=7
num_cat=0
split_feature=3 18 1 17 14 1
split_gain=703495 621940 493590 450786 311951 291284
threshold=-88.506387500000059 -93.5079250000001 132.73114999999964 -105.11124999999946 0.4613091308703498 -226.87299999999979
decision_type=2 2 2 2 2 2
left_child=4 3 -3 -2 5 -1
right_child=1 2 -4 -5 -6 -7
leaf_value=-2.2739746893509993 0.50805739838041764 0.14808589602422481 1.2695613889520523 -0.96128486476445518 -3.0718086370745219 0.26686322393772355
leaf_weight=192 759 3264 1402 1667 221 271
leaf_count=192 759 3264 1402 1667 221 271
internal_value=-0.000107533 0.147666 0.485257 -0.501566 -1.53027 -0.789419
internal_weight=7776 7092 4666 2426 684 463
internal_count=7776 7092 4666 2426 684 463
is_linear=0
shrinkage=0.05


Tree=67
num_leaves=5
num_cat=0
split_feature=3 15 11 1
split_gain=660034 633142 805875 625740
threshold=-141.22181666666663 5274.3047280381952 -0.59116893267988335 168.52775000000022
decision_type=2 2 2 2
left_child=-1 2 -2 -3
right_child=1 3 -4 -5
leaf_value=-2.6446443833898772 0.72815438238293229 0.45288163775261681 -0.63322105014671726 2.9228472849004508
leaf_weight=228 1547 2059 3650 292
leaf_count=228 1547 2059 3650 292
internal_value=-0.000128611 0.0800932 -0.227916 0.76077
internal_weight=7776 7548 5197 2351
internal_count=7776 7548 5197 2351
is_linear=0
shrinkage=0.05


Tree=68
num_leaves=7
num_cat=0
split_feature=3 15 0 1 1 1
split_gain=653126 780439 1.12321e+06 639944 186168 136493
threshold=182.75069999999985 3390.6444892071763 2790.1148500000004 -152.22080000000003 187.62320000000003 -178.64205000000013
decision_type=2 2 2 2 2 2
left_child=1 2 -1 -3 5 -2
right_child=4 3 -4 -5 -6 -7
leaf_value=0.91648740815580831 2.0126955167959202 -0.57683407780188622 -2.3587202997209089 0.50829361960285391 2.2238435457180339 0.24141528726083999
leaf_weight=383 148 2240 823 3450 328 404
leaf_count=383 148 2240 823 3450 328 404
internal_value=-0.00011687 -0.163871 -1.31869 0.0810817 1.28185 0.719105
internal_weight=7776 6896 1206 5690 880 552
internal_count=7776 6896 1206 5690 880 552
is_linear=0
shrinkage=0.05


Tree=69
num_leaves=7
num_cat=0
split_feature=17 16 17 13 4 10
split_gain=628551 570448 807626 348530 372384 274988
threshold=175.19191666666623 0.27873575826403657 -136.42561249999969 0.50000000000000022 -16.646995138888538 1.0000000180025095e-35
decision_type=2 2 2 2 2 2
left_child=1 5 -3 4 -2 -1
right_child=3 2 -4 -5 -6 -7
leaf_value=0.60068179576784719 -1.2235595109071555 0.82435873467309728 -0.70886824298507844 -1.9874386002265272 0.53108129025340711 2.0432539357721655
leaf_weight=1979 642 1350 2357 482 570 396
leaf_count=1979 642 1350 2357 482 570 396
internal_value=-9.19495e-05 0.237172 -0.150432 -0.851584 -0.3986 0.84197
internal_weight=7776 6082 3707 1694 1212 2375
internal_count=7776 6082 3707 1694 1212 2375
is_linear=0
shrinkage=0.05


Tree=70
num_leaves=7
num_cat=0
split_feature=4 2 1 0 11 1
split_gain=610677 618230 628626 587582 780769 403641
threshold=-91.635957638889053 140.57589999999985 29.993850000000069 6425.973750000001 0.89665931010743594 168.52775000000022
decision_type=2 2 2 2 2 2
left_child=3 2 -2 4 -1 -3
right_child=1 5 -4 -5 -6 -7
leaf_value=0.17996754489795508 -0.0040310153852838445 -1.6251413095540563 1.112137729998018 -3.147154271015971 -3.3637044180380671 0.28183905971765005
leaf_weight=854 3282 684 2048 253 189 466
leaf_count=854 3282 684 2048 253 189 466
internal_value=-8.68387e-05 0.198107 0.424974 -0.990446 -0.464781 -0.852826
internal_weight=7776 6480 5330 1296 1043 1150
internal_count=7776 6480 5330 1296 1043 1150
is_linear=0
shrinkage=0.05


Tree=71
num_leaves=7
num_cat=0
split_feature=3 15 0 1 3 4
split_gain=581592 725716 984995 543800 173030 210329
threshold=182.75069999999985 3390.6444892071763 2790.1148500000004 -152.22080000000003 268.68695000000031 -38.845727083333252
decision_type=2 2 2 2 2 2
left_child=1 2 -1 -3 5 -2
right_child=4 3 -4 -5 -6 -7
leaf_value=0.82495808661236281 -0.69790021358111698 -0.52492768047830463 -2.242177717570776 0.47537054156653008 2.4214330489953717 1.3318197910207303
leaf_weight=383 172 2240 823 3450 220 488
leaf_count=383 172 2240 823 3450 220 488
internal_value=-0.000124712 -0.154651 -1.26824 0.081557 1.2096 0.802607
internal_weight=7776 6896 1206 5690 880 660
internal_count=7776 6896 1206 5690 880 660
is_linear=0
shrinkage=0.05


Tree=72
num_leaves=5
num_cat=0
split_feature=3 18 13 15
split_gain=557358 558982 513206 433852
threshold=-141.22181666666663 -93.5079250000001 -0.92300020391127913 5274.3047280381952
decision_type=2 2 2 2
left_child=-1 2 -2 -3
right_child=1 3 -4 -5
leaf_value=-2.4302412822256962 0.77024897000042059 0.076587610342807477 -0.90959942966123164 1.0943636721656602
leaf_weight=228 589 3479 1983 1497
leaf_count=228 589 3479 1983 1497
internal_value=-0.000108263 0.0736102 -0.524756 0.382938
internal_weight=7776 7548 2572 4976
internal_count=7776 7548 2572 4976
is_linear=0
shrinkage=0.05


Tree=73
num_leaves=7
num_cat=0
split_feature=17 3 18 3 12 15
split_gain=559139 530898 383943 336917 346189 316458
threshold=-45.761574999999532 29.041862499999983 -122.69371666666665 144.45048750000004 0.19504389580251646 5274.3047280381952
decision_type=2 2 2 2 2 2
left_child=3 2 -2 4 -1 -3
right_child=1 5 -4 -5 -6 -7
leaf_value=-0.06335797418824253 -1.9241263774087334 -0.11200055357072712 -0.48357505242601367 1.6044494340453057 1.2603177983732754 1.3670840363507837
leaf_weight=1981 655 1893 1572 572 657 446
leaf_count=1981 655 1893 1572 572 657 446
internal_value=-0.000111844 -0.35558 -0.90794 0.50547 0.266659 0.170495
internal_weight=7776 4566 2227 3210 2638 2339
internal_count=7776 4566 2227 3210 2638 2339
is_linear=0
shrinkage=0.05


Tree=74
num_leaves=7
num_cat=0
split_feature=17 16 3 18 12 1
split_gain=530536 494930 418027 393156 320190 384950
threshold=175.19191666666623 0.77806920999408513 71.091666666667166 -168.47585000000069 0.065387565056496968 -60.670549999999814
decision_type=2 2 2 2 2 2
left_child=1 2 -1 -3 5 -2
right_child=4 3 -4 -5 -6 -7
leaf_value=0.1111808447327283 -1.2283975355905816 -1.5873847444873568 1.1016121659196292 0.071117247471463571 -1.4914351629544489 0.87160509754100757
leaf_weight=2886 411 580 1688 928 820 463
leaf_count=2886 411 580 1688 928 820 463
internal_value=-9.5648e-05 0.217886 0.476853 -0.567397 -0.782385 -0.1162
internal_weight=7776 6082 4574 1508 1694 874
internal_count=7776 6082 4574 1508 1694 874
is_linear=0
shrinkage=0.05


Tree=75
num_leaves=7
num_cat=0
split_feature=4 15 2 0 11 2
split_gain=517298 573650 532445 503710 721923 73638.9
threshold=-91.635957638889053 3185.6351313368064 140.57589999999985 6318.7023500000005 0.89665931010743594 -225.17260000000007
decision_type=2 2 2 2 2 2
left_child=3 -2 -3 4 -1 -5
right_child=1 2 -4 5 -6 -7
leaf_value=0.2772875526480712 -2.9272997066674051 0.46629111156795383 -0.73313635591285098 -1.909228669802348 -3.1469341700014315 -3.5096065311223867
leaf_weight=810 144 5212 1124 149 189 148
leaf_count=810 144 5212 1124 149 189 148
internal_value=-0.0001047 0.182308 0.253432 -0.911606 -0.373037 -2.71582
internal_weight=7776 6480 6336 1296 999 297
internal_count=7776 6480 6336 1296 999 297
is_linear=0
shrinkage=0.05


Tree=76
num_leaves=7
num_cat=0
split_feature=15 15 15 1 18 2
split_gain=499234 614850 806994 440306 432775 405323
threshold=5283.1736671296303 5165.514055208334 3390.6444892071763 168.52775000000022 193.95020000000014 -38.917400000000264
decision_type=2 2 2 2 2 2
left_child=1 2 -1 -3 5 -2
right_child=4 3 -4 -5 -6 -7
leaf_value=-0.7863069179763218 1.1741725679221628 -1.1702959176300742 0.7221182183478505 1.4350393007645446 2.1180503941460507 -0.42156945147429198
leaf_weight=1440 729 1839 2304 177 413 874
leaf_count=1440 729 1839 2304 177 413 874
internal_value=-0.000173293 -0.237197 0.1419 -0.940956 0.67682 0.304409
internal_weight=7776 5760 3744 2016 2016 1603
internal_count=7776 5760 3744 2016 2016 1603
is_linear=0
shrinkage=0.05


Tree=77
num_leaves=7
num_cat=0
split_feature=3 15 11 11 4 4
split_gain=496698 551544 739846 380984 126354 202052
threshold=201.03327500000049 5283.1736671296303 -0.59116893267988335 0.15208718494349097 -38.845727083333252 -11.509612152777434
decision_type=2 2 2 2 2 2
left_child=1 2 -1 -3 -2 -6
right_child=4 3 -4 -5 5 -7
leaf_value=0.49106655739902494 0.21725124332465626 -0.044468038107910626 -0.80099263813510435 1.3493792845162593 2.8146505174125389 0.74056246449834995
leaf_weight=1615 189 1081 3524 896 228 243
leaf_count=1615 189 1081 3524 896 228 243
internal_value=-0.000144882 -0.121913 -0.394929 0.587603 1.31094 1.74842
internal_weight=7776 7116 5139 1977 660 471
internal_count=7776 7116 5139 1977 660 471
is_linear=0
shrinkage=0.05


Tree=78
num_leaves=7
num_cat=0
split_feature=3 17 16 14 17 1
split_gain=483743 451056 557464 275474 261352 231475
threshold=-88.506387500000059 -76.124999999999986 0.063557172245525984 0.4613091308703498 -370.12451249999998 -226.87299999999979
decision_type=2 2 2 2 2 2
left_child=3 4 -3 5 -2 -1
right_child=1 2 -4 -5 -6 -7
leaf_value=-1.8967408305053344 -0.090148597029806349 2.8474353721555401 -0.28330279404337322 -2.7173467505446358 0.98742157176882872 0.36794511511483613
leaf_weight=192 823 146 4346 221 1777 271
leaf_count=192 823 146 4346 221 1777 271
internal_value=-0.000106985 0.122432 -0.180936 -1.26896 0.646426 -0.573254
internal_weight=7776 7092 4492 684 2600 463
internal_count=7776 7092 4492 684 2600 463
is_linear=0
shrinkage=0.05


Tree=79
num_leaves=7
num_cat=0
split_feature=3 15 11 1 4 15
split_gain=468932 547445 580702 490910 327348 313572
threshold=104.85168750000027 3390.6444892071763 -0.55543802234893469 -138.14195000000015 -38.845727083333252 5136.3647887152792
decision_type=2 2 2 2 2 2
left_child=1 2 -1 -3 -2 -6
right_child=4 3 -4 -5 5 -7
leaf_value=0.35646603232178886 -0.37763239808516968 -0.60792052623509574 -2.305294606388252 0.42458650198685199 1.8409959138372489 0.41444372970250032
leaf_weight=315 600 2044 584 2633 646 954
leaf_count=315 600 2044 584 2633 646 954
internal_value=-0.000106681 -0.244 -1.37328 -0.0266859 0.617883 0.991204
internal_weight=7776 5576 899 4677 2200 1600
internal_count=7776 5576 899 4677 2200 1600
is_linear=0
shrinkage=0.05


Tree=80
num_leaves=7
num_cat=0
split_feature=18 13 17 16 1 15
split_gain=445249 504136 592716 440651 388246 393662
threshold=-93.5079250000001 -0.95280922353748843 -45.761574999999532 0.94420378495119917 132.73114999999964 3390.6444892071763
decision_type=2 2 2 2 2 2
left_child=1 3 -3 -1 -2 -6
right_child=4 2 -4 -5 5 -7
leaf_value=1.892429205528972 -0.006113527185378032 -0.053738383749488056 -1.7206594018763148 -1.3096181106108886 -0.051480020196255999 1.6125489754065971
leaf_weight=345 3658 1098 1036 155 589 895
leaf_count=345 3658 1098 1036 155 589 895
internal_value=-0.000102987 -0.528616 -0.863411 0.899162 0.270679 0.952506
internal_weight=7776 2634 2134 500 5142 1484
internal_count=7776 2634 2134 500 5142 1484
is_linear=0
shrinkage=0.05


Tree=81
num_leaves=6
num_cat=0
split_feature=3 15 15 1 17
split_gain=435835 523232 915134 431198 55316.7
threshold=246.0756499999998 5274.3047280381952 5165.514055208334 117.41385000000038 85.525987499999943
decision_type=2 2 2 2 2
left_child=1 2 -1 -3 -2
right_child=4 3 -4 -5 -6
leaf_value=0.057953471330648723 2.3481309349097876 0.2207575671245576 -1.4345544899884279 1.9906616504741721 1.0331713981212001
leaf_weight=3575 185 2017 1440 414 145
leaf_count=3575 185 2017 1440 414 145
internal_value=-9.54961e-05 -0.0790034 -0.370804 0.522867 1.77521
internal_weight=7776 7446 5015 2431 330
internal_count=7776 7446 5015 2431 330
is_linear=0
shrinkage=0.05


Tree=82
num_leaves=5
num_cat=0
split_feature=3 17 16 14
split_gain=433608 420242 475606 295560
threshold=-141.22181666666663 -76.124999999999986 0.063557172245525984 0.9659258262890682
decision_type=2 2 2 2
left_child=-1 3 -3 -2
right_child=1 2 -4 -5
leaf_value=-2.143505123059172 0.75430086881289282 2.5069280993025149 -0.30865842382231379 -0.80304130127915008
leaf_weight=228 2405 154 4641 348
leaf_count=228 2405 154 4641 348
internal_value=-6.36164e-05 0.064958 -0.217727 0.557221
internal_weight=7776 7548 4795 2753
internal_count=7776 7548 4795 2753
is_linear=0
shrinkage=0.05


Tree=83
num_leaves=5
num_cat=0
split_feature=15 4 2 0
split_gain=421231 405787 500806 425395
threshold=3185.6351313368064 -91.635957638889053 140.57589999999985 6318.7023500000005
decision_type=2 2 2 2
left_child=-1 3 -3 -2
right_child=1 2 -4 -5
leaf_value=-2.6697435022428118 -0.26029142851755027 0.4220086744113572 -0.74123015116635305 -2.4131301086570995
leaf_weight=144 999 5212 1124 297
leaf_count=144 999 5212 1124 297
internal_value=-6.03972e-05 0.0506541 0.215567 -0.75513
internal_weight=7776 7632 6336 1296
internal_count=7776 7632 6336 1296
is_linear=0
shrinkage=0.05


Tree=84
num_leaves=7
num_cat=0
split_feature=3 15 0 1 15 15
split_gain=412625 520464 603248 406773 240392 434011
threshold=114.52414999999975 3390.6444892071763 2863.4758000000006 -138.14195000000015 5274.3047280381952 5165.514055208334
decision_type=2 2 2 2 2 2
left_child=1 2 -1 -3 5 -2
right_child=4 3 -4 -5 -6 -7
leaf_value=0.35934839695269938 1.0529307689338603 -0.52526795011635807 -2.2478374671769363 0.39861512810413313 1.9806319925934077 -0.57540747158403638
leaf_weight=352 1018 2107 598 2739 279 683
leaf_count=352 1018 2107 598 2739 279 683
internal_value=-9.37824e-05 -0.212983 -1.28244 -0.00310695 0.622885 0.399153
internal_weight=7776 5796 950 4846 1980 1701
internal_count=7776 5796 950 4846 1980 1701
is_linear=0
shrinkage=0.05


Tree=85
num_leaves=7
num_cat=0
split_feature=17 16 10 11 12 1
split_gain=396810 396006 382450 350677 314593 300346
threshold=175.19191666666623 0.77806920999408513 1.0000000180025095e-35 0.065387565056497135 0.065387565056496968 -60.670549999999814
decision_type=2 2 2 2 2 2
left_child=1 2 -1 -3 5 -2
right_child=4 3 -4 -5 -6 -7
leaf_value=0.2318139805316872 -0.99891613795629997 -1.4021855366806268 1.5305737328767597 0.13996842620037925 -1.3794587245966499 0.85600437991048117
leaf_weight=3912 411 639 662 869 820 463
leaf_count=3912 411 639 662 869 820 463
internal_value=-8.62481e-05 0.188432 0.420078 -0.514 -0.676639 -0.0164199
internal_weight=7776 6082 4574 1508 1694 874
internal_count=7776 6082 4574 1508 1694 874
is_linear=0
shrinkage=0.05


Tree=86
num_leaves=7
num_cat=0
split_feature=3 15 0 9 3 4
split_gain=386806 486904 771595 407171 135159 151987
threshold=182.75069999999985 3390.6444892071763 2790.1148500000004 1.0000000180025095e-35 268.68695000000031 -38.845727083333252
decision_type=2 2 2 2 2 2
left_child=1 2 -1 -3 5 -2
right_child=4 3 -4 -5 -6 -7
leaf_value=0.81421771269912524 -0.6483810568389865 -0.05261574895757596 -1.9002841828155868 1.5579772856437937 2.057336882006259 1.076855120990913
leaf_weight=383 172 5267 823 423 220 488
leaf_count=383 172 5267 823 423 220 488
internal_value=-8.85019e-05 -0.126109 -1.03826 0.06737 0.986474 0.626947
internal_weight=7776 6896 1206 5690 880 660
internal_count=7776 6896 1206 5690 880 660
is_linear=0
shrinkage=0.05


Tree=87
num_leaves=7
num_cat=0
split_feature=17 0 15 11 15 16
split_gain=375472 428745 625972 349236 329496 273341
threshold=-95.914149999999594 2726.5032500000007 3395.5295407407411 0.40265084705289472 5281.0050107638899 0.7963292047956988
decision_type=2 2 2 2 2 2
left_child=3 -2 -3 5 -5 -1
right_child=1 2 -4 4 -6 -7
leaf_value=0.52196794729179286 1.5439187410804962 -1.6159652953162718 -0.1047150944624524 0.73219206003592385 3.7070844255266717 -0.8891461643527766
leaf_weight=1748 314 823 4069 247 149 426
leaf_count=1748 314 823 4069 247 149 426
internal_value=-6.53995e-05 -0.244174 -0.359237 0.494322 1.85805 0.245175
internal_weight=7776 5206 4892 2570 396 2174
internal_count=7776 5206 4892 2570 396 2174
is_linear=0
shrinkage=0.05


Tree=88
num_leaves=6
num_cat=0
split_feature=3 18 18 15 2
split_gain=370950 386284 341294 304897 172363
threshold=-126.40522916666667 -54.085550000000232 -806.48391249999997 5274.3047280381952 -74.763999999999655
decision_type=2 2 2 2 2
left_child=4 2 -2 -3 -1
right_child=1 3 -4 -5 -6
leaf_value=-2.8209652770923661 0.85262290728297629 0.10186522357678612 -0.59384237581971921 1.0109371688893252 -0.56838151322257136
leaf_weight=157 485 3101 2536 1312 185
leaf_count=157 485 3101 2536 1312 185
internal_value=-3.70867e-05 0.0741282 -0.361417 0.372303 -1.60767
internal_weight=7776 7434 3021 4413 342
internal_count=7776 7434 3021 4413 342
is_linear=0
shrinkage=0.05


Tree=89
num_leaves=7
num_cat=0
split_feature=3 15 1 18 4 11
split_gain=361923 382765 374356 332110 326857 328258
threshold=41.928100000000548 3395.5295407407411 -21.371350000000117 193.95020000000014 -38.845727083333252 -0.77969889170510642
decision_type=2 2 2 2 2 2
left_child=1 2 -1 -3 5 -2
right_child=4 3 -4 -5 -6 -7
leaf_value=-3.1639270204676397 1.4311568325102642 -0.3535718583777262 -0.62356436760843281 0.86342639995484882 0.64799923450924091 -0.88358307094999056
leaf_weight=208 190 2751 476 703 2675 773
leaf_count=208 190 2751 476 703 2675 773
internal_value=-4.82075e-05 -0.319855 -1.39956 -0.105695 0.3637 -0.425874
internal_weight=7776 4138 684 3454 3638 963
internal_count=7776 4138 684 3454 3638 963
is_linear=0
shrinkage=0.05


Tree=90
num_leaves=5
num_cat=0
split_feature=3 15 15 1
split_gain=348692 382107 770224 368918
threshold=268.68695000000031 5274.3047280381952 5165.514055208334 168.52775000000022
decision_type=2 2 2 2
left_child=1 2 -1 -3
right_child=-2 3 -4 -5
leaf_value=0.089135118553841042 1.9575923786174121 0.23267548600933072 -1.2625563323700479 2.1384584738976424
leaf_weight=3636 220 2150 1483 287
leaf_count=3636 220 2150 1483 287
internal_value=-5.91802e-05 -0.0573095 -0.302627 0.4579
internal_weight=7776 7556 5119 2437
internal_count=7776 7556 5119 2437
is_linear=0
shrinkage=0.05


Tree=91
num_leaves=7
num_cat=0
split_feature=17 12 17 18 13 18
split_gain=340313 540834 665323 467859 255316 243727
threshold=113.36797500000013 0.19504389580251646 -95.914149999999594 211.97639999999981 0.50000000000000022 86.582024999999945
decision_type=2 2 2 2 2 2
left_child=1 2 -1 -3 -2 -6
right_child=4 3 -4 -5 5 -7
leaf_value=0.39053951157026456 -0.12580698306824789 0.44122218270402896 -1.0710518785966376 2.2196664554443553 -1.9133864763912147 -0.14681581540978872
leaf_weight=1999 1605 1603 1274 480 491 324
leaf_count=1999 1605 1603 1274 480 491 324
internal_value=-3.59364e-05 0.222301 -0.178531 0.85191 -0.492006 -1.21213
internal_weight=7776 5356 3273 2083 2420 815
internal_count=7776 5356 3273 2083 2420 815
is_linear=0
shrinkage=0.05


Tree=92
num_leaves=7
num_cat=0
split_feature=3 15 0 9 1 1
split_gain=342413 385071 617064 370118 114610 121154
threshold=182.75069999999985 3390.6444892071763 2790.1148500000004 1.0000000180025095e-35 187.62320000000003 -178.64205000000013
decision_type=2 2 2 2 2 2
left_child=1 2 -1 -3 5 -2
right_child=4 3 -4 -5 -6 -7
leaf_value=0.72684398036411346 1.705489333829024 -0.06093635736703349 -1.7006654226483364 1.4746264421222908 1.6671920435752234 0.037312222046800604
leaf_weight=383 148 5267 823 423 328 404
leaf_count=383 148 5267 823 423 328 404
internal_value=-3.5463e-05 -0.118604 -0.929776 0.0534579 0.92819 0.486852
internal_weight=7776 6896 1206 5690 880 552
internal_count=7776 6896 1206 5690 880 552
is_linear=0
shrinkage=0.05


Tree=93
num_leaves=5
num_cat=0
split_feature=3 2 10 15
split_gain=328012 358551 412796 363130
threshold=-141.22181666666663 131.02495000000025 1.0000000180025095e-35 5274.3047280381952
decision_type=2 2 2 2
left_child=-1 3 -3 -2
right_child=1 2 -4 -5
leaf_value=-1.864273748986065 -0.03769390189210358 -1.0567425481560786 1.555900408608573 0.79152057644272178
leaf_weight=228 4369 1114 174 1891
leaf_count=228 4369 1114 174 1891
internal_value=-8.93389e-06 0.0565438 -0.702859 0.212879
internal_weight=7776 7548 1288 6260
internal_count=7776 7548 1288 6260
is_linear=0
shrinkage=0.05


Tree=94
num_leaves=7
num_cat=0
split_feature=3 18 13 16 4 15
split_gain=327290 376828 492291 301912 237196 282708
threshold=104.85168750000027 115.38073750000014 -0.92300020391127913 0.53054446049877757 -38.845727083333252 5136.3647887152792
decision_type=2 2 2 2 2 2
left_child=1 2 -1 -3 -2 -6
right_child=4 3 -4 -5 5 -7
leaf_value=0.79382244468530649 -0.33112955526534016 0.75689909823575263 -0.72708963715522312 -0.8745834606520646 1.6409083485292415 0.28656047971187776
leaf_weight=636 600 1350 3232 358 646 954
leaf_count=636 600 1350 3232 358 646 954
internal_value=-1.24191e-05 -0.203769 -0.476872 0.414626 0.516276 0.834062
internal_weight=7776 5576 3868 1708 2200 1600
internal_count=7776 5576 3868 1708 2200 1600
is_linear=0
shrinkage=0.05


Tree=95
num_leaves=6
num_cat=0
split_feature=16 13 3 4 16
split_gain=321456 747707 374872 213988 207835
threshold=0.95388321900888751 -0.88616659541054421 -99.072499999999977 -16.02558923611036 0.83003251566404801
decision_type=2 2 2 2 2
left_child=1 4 -3 -2 -1
right_child=3 2 -4 -5 -6
leaf_value=0.93576060787802851 -2.6395404059822498 -1.4893560705262991 -0.011508960025857792 -0.24284701359177394 2.612616521143174
leaf_weight=659 184 461 6027 188 257
leaf_count=659 184 461 6027 188 257
internal_value=-1.8661e-06 0.0721402 -0.11673 -1.43221 1.40857
internal_weight=7776 7404 6488 372 916
internal_count=7776 7404 6488 372 916
is_linear=0
shrinkage=0.05


Tree=96
num_leaves=5
num_cat=0
split_feature=15 18 13 14
split_gain=312640 297554 437810 276405
threshold=3185.6351313368064 -93.5079250000001 0.8425887240367157 0.99050122555197695
decision_type=2 2 2 2
left_child=-1 2 -2 -3
right_child=1 3 -4 -5
leaf_value=-2.2999746457461656 -0.093402841442289442 0.35896441545407964 -1.8077532841797153 -1.22599522912339
leaf_weight=144 2138 4753 450 291
leaf_count=144 2138 4753 450 291
internal_value=-7.13752e-06 0.0436841 -0.392076 0.2673
internal_weight=7776 7632 2588 5044
internal_count=7776 7632 2588 5044
is_linear=0
shrinkage=0.05


Tree=97
num_leaves=7
num_cat=0
split_feature=17 2 1 14 18 1
split_gain=312505 382547 317379 224781 269147 179640
threshold=-45.761574999999532 150.63995000000003 -164.32230000000001 0.99050122555197695 1.0000000180025095e-35 275.09515000000016
decision_type=2 2 2 2 2 2
left_child=3 2 -2 4 -1 -3
right_child=1 5 -4 -5 -6 -7
leaf_value=0.069286336339988749 -0.6957148830909009 -1.8411277016083085 0.24978526116379784 -1.3917732264013853 1.0196735833325865 0.12005894028283413
leaf_weight=1738 1359 501 2554 169 1303 152
leaf_count=1738 1359 501 2554 169 1303 152
internal_value=-3.93653e-05 -0.265787 -0.0786844 0.377933 0.476707 -1.38513
internal_weight=7776 4566 3913 3210 3041 653
internal_count=7776 4566 3913 3210 3041 653
is_linear=0
shrinkage=0.05


Tree=98
num_leaves=7
num_cat=0
split_feature=3 15 15 1 11 15
split_gain=293569 304187 352277 299769 281932 435079
threshold=41.928100000000548 3395.5295407407411 3385.0409054687507 -226.87299999999979 -0.1950438958025166 5274.3047280381952
decision_type=2 2 2 2 2 2
left_child=1 2 -1 -3 -2 -6
right_child=4 3 -4 -5 5 -7
leaf_value=-0.62331824022072579 0.84983159310198608 -0.74889367360187931 -3.3049925808608536 0.23557901372270124 -0.37358470292119816 1.5026627551317215
leaf_weight=525 1510 1167 159 2287 1754 374
leaf_count=525 1510 1167 159 2287 1754 374
internal_value=-5.32748e-05 -0.288081 -1.2506 -0.0971644 0.32755 -0.0432798
internal_weight=7776 4138 684 3454 3638 2128
internal_count=7776 4138 684 3454 3638 2128
is_linear=0
shrinkage=0.05


Tree=99
num_leaves=6
num_cat=0
split_feature=3 15 15 11 17
split_gain=293781 322530 767855 345361 44044.2
threshold=246.0756499999998 5274.3047280381952 5165.514055208334 0.065387565056497135 85.525987499999943
decision_type=2 2 2 2 2
left_child=1 2 -1 -3 -2
right_child=4 3 -4 -5 -6
leaf_value=0.0987815566469748 1.968210554635653 -0.16400450459477842 -1.2683515360585358 1.0285593334642937 0.79685841057806805
leaf_weight=3575 185 1266 1440 1165 145
leaf_count=3575 185 1266 1440 1165 145
internal_value=-6.6446e-05 -0.064851 -0.29395 0.407692 1.45749
internal_weight=7776 7446 5015 2431 330
internal_count=7776 7446 5015 2431 330
is_linear=0
shrinkage=0.05


end of trees

feature_importances:
Column_3=132
Column_15=89
Column_1=79
Column_4=58
Column_17=44
Column_11=40
Column_18=40
Column_16=28
Column_0=20
Column_13=13
Column_2=10
Column_10=9
Column_12=8
Column_14=6
Column_8=2
Column_9=2

parameters:
[boosting: gbdt]
[objective: regression]
[metric: l2]
[tree_learner: serial]
[device_type: cpu]
[data_sample_strategy: bagging]
[data: ]
[valid: ]
[num_iterations: 100]
[learning_rate: 0.05]
[num_leaves: 7]
[num_threads: 1]
[seed: 20250911]
[deterministic: 1]
[force_col_wise: 1]
[force_row_wise: 0]
[histogram_pool_size: -1]
[max_depth: 3]
[min_data_in_leaf: 144]
[min_sum_hessian_in_leaf: 0.001]
[bagging_fraction: 1]
[pos_bagging_fraction: 1]
[neg_bagging_fraction: 1]
[bagging_freq: 0]
[bagging_seed: 20250911]
[bagging_by_query: 0]
[feature_fraction: 1]
[feature_fraction_bynode: 1]
[feature_fraction_seed: 20250911]
[extra_trees: 0]
[extra_seed: 26685]
[early_stopping_round: 0]
[early_stopping_min_delta: 0]
[first_metric_only: 0]
[max_delta_step: 0]
[lambda_l1: 0]
[lambda_l2: 1]
[linear_lambda: 0]
[min_gain_to_split: 0]
[drop_rate: 0.1]
[max_drop: 50]
[skip_drop: 0.5]
[xgboost_dart_mode: 0]
[uniform_drop: 0]
[drop_seed: 2504]
[top_rate: 0.2]
[other_rate: 0.1]
[min_data_per_group: 100]
[max_cat_threshold: 32]
[cat_l2: 10]
[cat_smooth: 10]
[max_cat_to_onehot: 4]
[top_k: 20]
[monotone_constraints: ]
[monotone_constraints_method: basic]
[monotone_penalty: 0]
[feature_contri: ]
[forcedsplits_filename: ]
[refit_decay_rate: 0.9]
[cegb_tradeoff: 1]
[cegb_penalty_split: 0]
[cegb_penalty_feature_lazy: ]
[cegb_penalty_feature_coupled: ]
[path_smooth: 0]
[interaction_constraints: ]
[verbosity: -1]
[saved_feature_importance_type: 0]
[use_quantized_grad: 0]
[num_grad_quant_bins: 4]
[quant_train_renew_leaf: 0]
[stochastic_rounding: 1]
[linear_tree: 0]
[max_bin: 63]
[max_bin_by_feature: ]
[min_data_in_bin: 3]
[bin_construct_sample_cnt: 200000]
[data_random_seed: 20250911]
[is_enable_sparse: 1]
[enable_bundle: 1]
[use_missing: 1]
[zero_as_missing: 0]
[feature_pre_filter: 0]
[pre_partition: 0]
[two_round: 0]
[header: 0]
[label_column: ]
[weight_column: ]
[group_column: ]
[ignore_column: ]
[categorical_feature: ]
[forcedbins_filename: ]
[precise_float_parser: 0]
[parser_config_file: ]
[objective_seed: 19683]
[num_class: 1]
[is_unbalance: 0]
[scale_pos_weight: 1]
[sigmoid: 1]
[boost_from_average: 1]
[reg_sqrt: 0]
[alpha: 0.9]
[fair_c: 1]
[poisson_max_delta_step: 0.7]
[tweedie_variance_power: 1.5]
[lambdarank_truncation_level: 30]
[lambdarank_norm: 1]
[label_gain: ]
[lambdarank_position_bias_regularization: 0]
[eval_at: ]
[multi_error_top_k: 1]
[auc_mu_weights: ]
[num_machines: 1]
[local_listen_port: 12400]
[time_out: 120]
[machine_list_filename: ]
[machines: ]
[gpu_platform_id: -1]
[gpu_device_id: -1]
[gpu_device_id_list: ]
[gpu_use_dp: 0]
[num_gpu: 1]

end of parameters

pandas_categorical:null
