tree
version=v4
num_class=1
num_tree_per_iteration=1
label_index=0
max_feature_idx=18
objective=regression
feature_names=Column_0 Column_1 Column_2 Column_3 Column_4 Column_5 Column_6 Column_7 Column_8 Column_9 Column_10 Column_11 Column_12 Column_13 Column_14 Column_15 Column_16 Column_17 Column_18
feature_infos=[2105.3899999999999:7339.7754999999997] [-4265.6854000000003:4179.6496000000006] [-721.10999999999967:1197.9700000000003] [-773.14499999999953:396.36499999999978] [-39.347378472221862:361.3569840277778] [0:1] [0:1] [0:1] [0:1] [0:1] [0:1] [-1:1] [-1:1] [-1:1] [-1:1] [2990.4295741319443:5104.1517192708334] [0:1] [-2118.7364499999994:2069.8333249999996] [-4581.3754500000023:4701.8170500000006]
tree_sizes=751 760 761 758 760 765 761 765 762 768 768 767 762 759 771 763 766 764 763 767 770 762 770 753 777 755 766 768 752 764 759 775 769 674 769 771 759 782 773 771 775 681 597 776 772 752 770 773 769 600 776 595 780 771 757 784 776 772 598 774 771 772 765 594 768 770 760 597 774 764 763 758 755 746 748 769 584 591 760 740 757 586 672 587 753 743 744 672 585 748 753 587 750 748 748 748 587 582 754 760

Tree=0
num_leaves=7
num_cat=0
split_feature=2 3 1 3 1 3
split_gain=7.89051e+07 4.93859e+07 2.00314e+07 1.16881e+07 8.30261e+06 4.72561e+06
threshold=410.60854999999998 4.0551999999993322 375.70030000000003 78.624937500000001 -20.991900000000438 -4.6966249999995844
decision_type=2 2 2 2 2 2
left_child=1 4 -2 -3 -1 -4
right_child=2 3 5 -5 -6 -7
leaf_value=48.693905104607445 59.114900322660148 56.159392905269492 71.60195231663765 62.350203032380541 53.126359549510482 82.475895025885961
leaf_weight=2485 197 1759 169 1345 1840 269
leaf_count=2485 197 1759 169 1345 1840 269
internal_value=55.4786 54.0318 72.3815 58.8433 50.5786 78.3265
internal_weight=8064 7429 635 3104 4325 438
internal_count=8064 7429 635 3104 4325 438
is_linear=0
shrinkage=1


Tree=1
num_leaves=7
num_cat=0
split_feature=2 3 1 3 3 3
split_gain=7.1242e+07 4.45733e+07 1.80863e+07 1.05493e+07 8.13399e+06 4.28431e+06
threshold=410.60854999999998 4.0551999999993322 375.70030000000003 78.624937500000001 -109.31056249999982 4.0551999999993322
decision_type=2 2 2 2 2 2
left_child=1 4 -2 -3 -1 -4
right_child=2 3 5 -5 -6 -7
leaf_value=-7.3529313888712338 3.4553594199093909 0.64672865144612102 15.57398373674414 6.528234116708858 -2.9108919361541239 25.835712836985387
leaf_weight=1697 197 1759 178 1345 2628 260
leaf_count=1697 197 1759 178 1345 2628 260
internal_value=0.000280031 -1.37453 16.0614 3.19654 -4.65511 21.7104
internal_weight=8064 7429 635 3104 4325 438
internal_count=8064 7429 635 3104 4325 438
is_linear=0
shrinkage=0.05


Tree=2
num_leaves=7
num_cat=0
split_feature=2 3 1 3 1 3
split_gain=6.43234e+07 4.023e+07 1.63301e+07 9.52154e+06 7.42231e+06 3.88546e+06
threshold=410.60854999999998 4.0551999999993322 375.70030000000003 78.624937500000001 -91.856049999999854 -14.029637499999579
decision_type=2 2 2 2 2 2
left_child=1 4 -2 -3 -1 -4
right_child=2 3 5 -5 -6 -7
leaf_value=-6.7111470957938781 3.2834641057734539 0.61441059847108348 14.138061400545631 6.2020648985309599 -2.5465785200779258 24.15800641315986
leaf_weight=1947 197 1759 156 1345 2378 282
leaf_count=1947 197 1759 156 1345 2378 282
internal_value=0.000525048 -1.30583 15.2618 3.03683 -4.42247 20.6296
internal_weight=8064 7429 635 3104 4325 438
internal_count=8064 7429 635 3104 4325 438
is_linear=0
shrinkage=0.05


Tree=3
num_leaves=7
num_cat=0
split_feature=2 3 1 3 15 3
split_gain=5.80761e+07 3.6319e+07 1.47442e+07 9.32229e+06 8.16626e+06 3.54265e+06
threshold=410.60854999999998 28.376437500000069 375.70030000000003 -109.31056249999982 5001.8272532118071 19.015487499999839
decision_type=2 2 2 2 2 2
left_child=1 3 -2 -1 -3 -4
right_child=2 4 5 -5 -6 -7
leaf_value=-6.7424830180973494 3.1201199372308426 2.6643395396760479 14.537963650226594 -2.1605765886212196 11.976464881665807 23.74122477769852
leaf_weight=1697 197 2259 199 3211 262 239
leaf_count=1697 197 2259 199 3211 262 239
internal_value=0.000741461 -1.24055 14.502 -3.74588 3.63649 19.6025
internal_weight=8064 7429 635 4908 2521 438
internal_count=8064 7429 635 4908 2521 438
is_linear=0
shrinkage=0.05


Tree=4
num_leaves=7
num_cat=0
split_feature=2 3 1 3 3 4
split_gain=5.28012e+07 3.17547e+07 1.90401e+07 8.1215e+06 6.54747e+06 3.73283e+06
threshold=364.73879999999991 9.3913999999999778 375.70030000000003 91.491012500000139 -109.31056249999982 332.19351736111145
decision_type=2 2 2 2 2 2
left_child=1 4 -2 -3 -1 -4
right_child=2 3 5 -5 -6 -7
leaf_value=-6.4865150214985139 2.2503974621808318 0.68999865567553553 12.988492316796036 6.1297389713394033 -2.4949293535202743 22.178583385895209
leaf_weight=1657 284 1847 188 1091 2707 290
leaf_count=1657 284 1847 188 1091 2707 290
internal_value=0.000996648 -1.3066 12.5166 2.7114 -4.01166 18.5987
internal_weight=8064 7302 762 2938 4364 478
internal_count=8064 7302 762 2938 4364 478
is_linear=0
shrinkage=0.05


Tree=5
num_leaves=7
num_cat=0
split_feature=4 1 3 11 3 1
split_gain=4.85711e+07 2.8816e+07 2.79005e+07 7.71377e+06 7.15087e+06 5.07792e+06
threshold=243.6065378472222 224.14499999999956 -4.6966249999995844 0.21643961393810304 91.491012500000139 -55.030249999999789
decision_type=2 2 2 2 2 2
left_child=2 -2 5 -3 -4 -1
right_child=1 3 4 -5 -6 -7
leaf_value=-6.0090611676140195 0.59374141861858976 21.099436597283006 0.34564576920311813 7.7968023004531863 5.393829080411737 -2.3972646789352043
leaf_weight=2045 437 422 2098 149 1053 1860
leaf_count=2045 437 422 2098 149 1053 1860
internal_value=0.00116533 10.2623 -1.46595 17.6479 2.03382 -4.28977
internal_weight=8064 1008 7056 571 3151 3905
internal_count=8064 1008 7056 571 3151 3905
is_linear=0
shrinkage=0.05


Tree=6
num_leaves=7
num_cat=0
split_feature=2 3 1 4 3 3
split_gain=4.40964e+07 2.49748e+07 1.99375e+07 7.95667e+06 6.28856e+06 5.68708e+06
threshold=298.07395000000048 14.403274999999896 375.70030000000003 154.20818923611162 134.13757499999977 -82.109537499999519
decision_type=2 2 2 2 2 2
left_child=1 5 -2 -4 -3 -1
right_child=2 4 3 -5 -6 -7
leaf_value=-5.6536129360901564 1.9491768741555384 1.1943490350837747 6.5522626692834116 19.791026454074171 7.3416446511711762 -2.0257446859564219
leaf_weight=2069 455 2204 160 401 512 2263
leaf_count=2069 455 2204 160 401 512 2263
internal_value=0.00127342 -1.40296 9.73425 16.0336 2.35547 -3.75935
internal_weight=8064 7048 1016 561 2716 4332
internal_count=8064 7048 1016 561 2716 4332
is_linear=0
shrinkage=0.05


Tree=7
num_leaves=7
num_cat=0
split_feature=4 1 3 11 3 1
split_gain=4.06528e+07 2.41973e+07 2.3148e+07 9.04974e+06 7.96888e+06 4.04701e+06
threshold=243.6065378472222 111.37419999999999 -38.107562499999851 0.34202014332566882 91.491012500000139 -91.856049999999854
decision_type=2 2 2 2 2 2
left_child=2 -2 5 -3 -4 -1
right_child=1 3 4 -5 -6 -7
leaf_value=-6.4172381838795802 -1.0948525392708659 18.614119143703668 -0.16323985035315369 5.187549245530783 4.9086081183216832 -2.7914232507716998
leaf_weight=1529 356 481 2920 171 1053 1554
leaf_count=1529 356 481 2920 171 1053 1554
internal_value=0.00139037 9.3889 -1.34082 15.1061 1.18189 -4.59113
internal_weight=8064 1008 7056 652 3973 3083
internal_count=8064 1008 7056 652 3973 3083
is_linear=0
shrinkage=0.05


Tree=8
num_leaves=7
num_cat=0
split_feature=4 1 3 2 15 11
split_gain=3.71629e+07 2.90294e+07 1.69913e+07 9.74795e+06 6.96546e+06 3.3915e+06
threshold=73.917099305556135 203.01410000000013 -4.6966249999995844 205.02909999999954 5022.7979585069452 -0.1950438958025166
decision_type=2 2 2 2 2 2
left_child=2 5 -1 -3 -4 -2
right_child=1 3 4 -5 -6 -7
leaf_value=-4.2739704074113254 4.5626042122751196 3.4903219070145277 0.44519472513656555 15.204726024005708 11.648189387495826 -1.5875540474770635
leaf_weight=3429 318 238 2473 707 146 753
leaf_count=3429 318 238 2473 707 146 753
internal_value=0.00143398 5.87882 -1.95834 12.2612 1.07393 0.241096
internal_weight=8064 2016 6048 945 2619 1071
internal_count=8064 2016 6048 945 2619 1071
is_linear=0
shrinkage=0.05


Tree=9
num_leaves=7
num_cat=0
split_feature=4 1 3 11 3 1
split_gain=3.37273e+07 2.26179e+07 1.87837e+07 8.05727e+06 7.5759e+06 3.06455e+06
threshold=154.20818923611162 111.37419999999999 -54.071162499999666 0.34202014332566882 78.624937500000001 -133.75635000000008
decision_type=2 2 2 2 2 2
left_child=2 -2 5 -3 -4 -1
right_child=1 3 4 -5 -6 -7
leaf_value=-6.4882990857223817 -1.1429186681906383 16.453346990741021 -0.60407890095190975 4.3673763928261211 4.0445720142447925 -3.0862926717998911
leaf_weight=1181 431 534 2977 187 1241 1513
leaf_count=1181 431 534 2977 187 1241 1513
internal_value=0.00154512 7.91836 -1.31888 13.3291 0.76426 -4.57952
internal_weight=8064 1152 6912 721 4218 2694
internal_count=8064 1152 6912 721 4218 2694
is_linear=0
shrinkage=0.05


Tree=10
num_leaves=7
num_cat=0
split_feature=4 1 3 11 3 11
split_gain=3.10771e+07 2.40326e+07 1.44011e+07 8.36276e+06 4.66405e+06 3.0558e+06
threshold=73.917099305556135 203.01410000000013 61.76886250000053 1.0000000180025095e-35 -54.071162499999666 -0.1950438958025166
decision_type=2 2 2 2 2 2
left_child=2 5 4 -3 -1 -2
right_child=1 3 -4 -5 -6 -7
leaf_value=-4.6151058869959076 4.3485874760020122 14.546244569955924 2.8276977853532035 4.5904958284718225 -1.4732611970839153 -1.4892650865986745
leaf_weight=2416 318 625 1319 320 2313 753
leaf_count=2416 318 625 1319 320 2313 753
internal_value=0.00155183 5.3762 -1.79059 11.1834 -3.07904 0.246542
internal_weight=8064 2016 6048 945 4729 1071
internal_count=8064 2016 6048 945 4729 1071
is_linear=0
shrinkage=0.05


Tree=11
num_leaves=7
num_cat=0
split_feature=4 1 3 11 3 1
split_gain=2.80802e+07 1.69183e+07 1.61314e+07 6.48056e+06 5.92604e+06 3.14277e+06
threshold=243.6065378472222 111.37419999999999 -38.107562499999851 0.34202014332566882 134.13757499999977 -91.856049999999854
decision_type=2 2 2 2 2 2
left_child=2 -2 5 -3 -4 -1
right_child=1 3 4 -5 -6 -7
leaf_value=-5.4363794080844894 -0.96250785356726642 15.552576224895436 0.24859223280984108 4.192361920682151 6.0071435241417177 -2.2415541067882367
leaf_weight=1529 356 481 3461 171 512 1554
leaf_count=1529 356 481 3461 171 512 1554
internal_value=0.00159039 7.80358 -1.11393 12.5841 0.992021 -3.82726
internal_weight=8064 1008 7056 652 3973 3083
internal_count=8064 1008 7056 652 3973 3083
is_linear=0
shrinkage=0.05


Tree=12
num_leaves=7
num_cat=0
split_feature=4 1 3 2 3 15
split_gain=2.60932e+07 1.99197e+07 1.2036e+07 7.35327e+06 3.70911e+06 3.00049e+06
threshold=73.917099305556135 203.01410000000013 61.76886250000053 205.02909999999954 -54.071162499999666 4994.0150336805564
decision_type=2 2 2 2 2 2
left_child=2 -2 4 -3 -1 -4
right_child=1 3 5 -5 -6 -7
leaf_value=-4.188281270839826 0.25631236496464865 2.5980017321379116 1.6882608103793277 12.769782800266341 -1.3864152921856743 8.956198506639053
leaf_weight=2416 1071 238 1158 707 2313 161
leaf_count=2416 1071 238 1158 707 2313 161
internal_value=0.00161849 4.92647 -1.64054 10.2135 -2.81844 2.58151
internal_weight=8064 2016 6048 945 4729 1319
internal_count=8064 2016 6048 945 4729 1319
is_linear=0
shrinkage=0.05


Tree=13
num_leaves=7
num_cat=0
split_feature=2 3 1 3 15 4
split_gain=2.35783e+07 1.39946e+07 1.12016e+07 5.00435e+06 4.2036e+06 4.03686e+06
threshold=298.07395000000048 56.883087500000109 375.70030000000003 -109.31056249999982 5003.9265953993063 243.6065378472222
decision_type=2 2 2 2 2 2
left_child=1 3 -2 -1 -3 -4
right_child=2 4 5 -5 -6 -7
leaf_value=-4.6283284656388561 1.283801858519253 2.1463691424673952 5.725613703469973 -1.2849105703878405 10.940073459780457 14.801830143556394
leaf_weight=1596 455 1559 184 3745 148 377
leaf_count=1596 455 1559 184 3745 148 377
internal_value=0.00166587 -1.02515 7.11873 -2.28467 2.91476 11.8404
internal_weight=8064 7048 1016 5341 1707 561
internal_count=8064 7048 1016 5341 1707 561
is_linear=0
shrinkage=0.05


Tree=14
num_leaves=7
num_cat=0
split_feature=4 1 3 11 3 15
split_gain=2.20237e+07 1.67695e+07 9.87687e+06 7.27818e+06 3.09417e+06 2.55001e+06
threshold=73.917099305556135 165.07740000000015 61.76886250000053 0.51864980417341211 -54.071162499999666 4994.0150336805564
decision_type=2 2 2 2 2 2
left_child=2 -2 4 -3 -1 -4
right_child=1 3 5 -5 -6 -7
leaf_value=-3.8250876211049167 -0.044047917249541296 11.193974033568161 1.4943452037748743 0.58120223823292505 -1.2660055184020873 8.1943661722423595
leaf_weight=2416 1006 808 1158 202 2313 161
leaf_count=2416 1006 808 1158 202 2313 161
internal_value=0.00176226 4.5263 -1.50692 9.07409 -2.57395 2.31775
internal_weight=8064 2016 6048 1010 4729 1319
internal_count=8064 2016 6048 1010 4729 1319
is_linear=0
shrinkage=0.05


Tree=15
num_leaves=7
num_cat=0
split_feature=4 11 3 3 12 3
split_gain=1.98781e+07 1.53316e+07 8.99089e+06 8.41112e+06 4.45193e+06 3.42082e+06
threshold=73.917099305556135 -0.1950438958025166 9.3913999999999778 -109.31056249999982 0.83127174505093893 146.28288750000004
decision_type=2 2 2 2 2 2
left_child=2 3 -1 -2 -3 -4
right_child=1 4 5 -5 -6 -7
leaf_value=-2.9616194054205298 0.58265816512230406 -1.222677240027948 0.21477054229020107 11.991927043693281 6.300418188216776 5.6734663113929447
leaf_weight=3710 213 882 2004 669 252 334
leaf_count=3710 213 882 2004 669 252 334
internal_value=0.00177536 4.30028 -1.43153 9.24041 0.4532 0.996676
internal_weight=8064 2016 6048 882 1134 2338
internal_count=8064 2016 6048 882 1134 2338
is_linear=0
shrinkage=0.05


Tree=16
num_leaves=7
num_cat=0
split_feature=4 1 3 15 11 17
split_gain=1.83301e+07 1.14779e+07 1.06162e+07 4.86249e+06 4.42657e+06 2.4044e+06
threshold=243.6065378472222 111.37419999999999 -54.071162499999666 5022.7979585069452 0.34202014332566882 11.392962500000433
decision_type=2 2 2 2 2 2
left_child=2 -2 5 -4 -3 -1
right_child=1 4 3 -5 -6 -7
leaf_value=-1.9623680930810214 -0.91462916005559336 12.696207356626068 0.27549573638266717 8.3161587691397845 3.3086900469175604 -4.9397560915761503
leaf_weight=1469 356 481 4129 196 171 1262
leaf_count=1469 356 481 4129 196 171 1262
internal_value=0.00181422 6.3054 -0.899463 0.64172 10.243 -3.33953
internal_weight=8064 1008 7056 4325 652 2731
internal_count=8064 1008 7056 4325 652 2731
is_linear=0
shrinkage=0.05


Tree=17
num_leaves=7
num_cat=0
split_feature=2 4 3 3 3 15
split_gain=1.69751e+07 1.09614e+07 9.89846e+06 8.39705e+06 4.00219e+06 1.99682e+06
threshold=253.05645000000007 73.917099305556135 78.624937500000001 -150.05886250000046 -109.31056249999982 4999.2510594618061
decision_type=2 2 2 2 2 2
left_child=2 -2 4 -3 -1 -4
right_child=1 3 5 -5 -6 -7
leaf_value=-4.0530558979602276 -1.6567033162378537 -1.794479923501159 2.3268337487341197 10.73839752392729 -1.0558037672273084 8.4916499985853839
leaf_weight=1538 391 164 1072 715 4035 149
leaf_count=1538 391 164 1072 715 4035 149
internal_value=0.0018275 5.30541 -0.990204 8.40069 -1.88354 3.08547
internal_weight=8064 1270 6794 879 5573 1221
internal_count=8064 1270 6794 879 5573 1221
is_linear=0
shrinkage=0.05


Tree=18
num_leaves=7
num_cat=0
split_feature=4 11 3 3 0 17
split_gain=1.53522e+07 1.26526e+07 7.12189e+06 6.94937e+06 3.73963e+06 2.71751e+06
threshold=73.917099305556135 -0.1950438958025166 61.76886250000053 -70.014150000000186 3673.1424500000007 5.3490124999998452
decision_type=2 2 2 2 2 2
left_child=2 3 5 -2 -3 -1
right_child=1 4 -4 -5 -6 -7
leaf_value=-0.9815258182054164 2.0289944107100468 3.2929867629478249 1.989937212263996 11.425435452361564 -2.451061832557957 -3.3792686442862343
leaf_weight=2398 297 540 1319 585 594 2331
leaf_count=2398 297 540 1319 585 594 2331
internal_value=0.00181671 3.77941 -1.2578 8.26721 0.284691 -2.16388
internal_weight=8064 2016 6048 882 1134 4729
internal_count=8064 2016 6048 882 1134 4729
is_linear=0
shrinkage=0.05


Tree=19
num_leaves=7
num_cat=0
split_feature=4 1 3 15 11 1
split_gain=1.43132e+07 9.01091e+06 8.53782e+06 4.41649e+06 3.58684e+06 2.46163e+06
threshold=243.6065378472222 111.37419999999999 -4.6966249999995844 5022.7979585069452 0.34202014332566882 -55.030249999999789
decision_type=2 2 2 2 2 2
left_child=2 -2 5 -4 -3 -1
right_child=1 4 3 -5 -6 -7
leaf_value=-3.5536072118510749 -0.8251658448985979 11.26908477254181 0.72717845585430818 9.6037085352402158 2.8201309802227246 -1.0395620372523202
leaf_weight=2045 356 481 3005 146 171 1860
leaf_count=2045 356 481 3005 146 171 1860
internal_value=0.00179981 5.57203 -0.794624 1.14138 9.06089 -2.35671
internal_weight=8064 1008 7056 3151 652 3905
internal_count=8064 1008 7056 3151 652 3905
is_linear=0
shrinkage=0.05


Tree=20
num_leaves=7
num_cat=0
split_feature=3 1 4 4 3 10
split_gain=1.3288e+07 7.59142e+06 7.7253e+06 7.12932e+06 3.18318e+06 2.04141e+06
threshold=78.624937500000001 33.091799999999928 122.17728715277805 243.6065378472222 -195.50831249999985 1.0000000180025095e-35
decision_type=2 2 2 2 2 2
left_child=1 4 -3 5 -1 -2
right_child=3 2 -4 -5 -6 -7
leaf_value=-5.5863132664793973 1.8722234249374079 -0.65989444707634781 5.1321916615829375 12.262368280969115 -1.7707136280192299 7.2922358602858512
leaf_weight=665 1063 2033 802 233 3061 207
leaf_count=665 1063 2033 802 233 3061 207
internal_value=0.00182762 -0.969748 0.979875 4.24084 -2.45302 2.76069
internal_weight=8064 6561 2835 1503 3726 1270
internal_count=8064 6561 2835 1503 3726 1270
is_linear=0
shrinkage=0.05


Tree=21
num_leaves=7
num_cat=0
split_feature=2 4 3 3 3 3
split_gain=1.23309e+07 8.10201e+06 7.05767e+06 6.46006e+06 3.27841e+06 1.65411e+06
threshold=253.05645000000007 73.917099305556135 91.491012500000139 -150.05886250000046 -109.31056249999982 179.77131250000005
decision_type=2 2 2 2 2 2
left_child=2 -2 4 -3 -1 -4
right_child=1 3 5 -5 -6 -7
leaf_value=-3.4919709713206113 -1.4633857332246036 -1.758150453648784 2.0494985608896985 9.2336727185976084 -0.79859950164618476 7.2569545697024527
leaf_weight=1538 391 164 816 715 4253 187
leaf_count=1538 391 164 816 715 4253 187
internal_value=0.00185119 4.52208 -0.843655 7.1832 -1.5144 3.02664
internal_weight=8064 1270 6794 879 5791 1003
internal_count=8064 1270 6794 879 5791 1003
is_linear=0
shrinkage=0.05


Tree=22
num_leaves=7
num_cat=0
split_feature=1 4 11 10 1 3
split_gain=1.11563e+07 1.22741e+07 4.2601e+06 4.20683e+06 4.21013e+06 3.21673e+06
threshold=99.450149999999908 122.17728715277805 0.34202014332566882 1.0000000180025095e-35 -164.37100000000007 84.983799999999988
decision_type=2 2 2 2 2 2
left_child=3 -2 -3 4 -1 -5
right_child=1 2 -4 5 -6 -7
leaf_value=-5.3683733801421916 0.19424655513210193 8.8259260759917968 1.4318570203799055 -0.027792626247585259 -1.3891189641620594 7.0927312668295288
leaf_weight=864 2171 739 265 960 2876 189
leaf_count=864 2171 739 265 960 2876 189
internal_value=0.001827 2.30918 6.87767 -1.49677 -2.30958 1.14862
internal_weight=8064 3175 1004 4889 3740 1149
internal_count=8064 3175 1004 4889 3740 1149
is_linear=0
shrinkage=0.05


Tree=23
num_leaves=7
num_cat=0
split_feature=3 1 4 4 3 3
split_gain=1.06057e+07 6.57946e+06 6.85009e+06 4.6832e+06 2.92187e+06 921037
threshold=113.50661249999986 85.944800000000228 122.17728715277805 243.6065378472222 -195.50831249999985 179.77131250000005
decision_type=2 2 2 2 2 2
left_child=1 4 -3 5 -1 -2
right_child=3 2 -4 -5 -6 -7
leaf_value=-4.7446564024054201 2.3831366048400642 -0.33175700168834016 5.1713072903758999 13.054192325912226 -1.2474469156434858 6.3966255803300882
leaf_weight=708 523 1873 809 155 3799 197
leaf_count=708 523 1873 809 155 3799 197
internal_value=0.00180236 -0.631045 1.3295 5.19606 -1.79775 3.48862
internal_weight=8064 7189 2682 875 4507 720
internal_count=8064 7189 2682 875 4507 720
is_linear=0
shrinkage=0.05


Tree=24
num_leaves=7
num_cat=0
split_feature=3 15 1 4 4 10
split_gain=9.63571e+06 5.76452e+06 5.37767e+06 4.91063e+06 2.62047e+06 2.53868e+06
threshold=78.624937500000001 5001.8272532118071 1.0000000180025095e-35 122.17728715277805 126.51184583333385 1.0000000180025095e-35
decision_type=2 2 2 2 2 2
left_child=2 4 5 -4 -2 -1
right_child=1 -3 3 -5 -6 -7
leaf_value=-3.0376853656527363 1.3516886615239057 11.09122418188236 -0.55385328516841614 3.8639672531091507 7.5570835674163135 0.015199124777610316
leaf_weight=2477 1083 219 2277 868 201 939
leaf_count=2477 1083 219 2277 868 201 939
internal_value=0.00184046 3.61159 -0.825509 0.666278 2.32822 -2.19874
internal_weight=8064 1503 6561 3145 1284 3416
internal_count=8064 1503 6561 3145 1284 3416
is_linear=0
shrinkage=0.05


Tree=25
num_leaves=7
num_cat=0
split_feature=3 15 3 15 4 3
split_gain=8.87278e+06 5.62247e+06 5.29049e+06 4.30787e+06 3.88753e+06 836275
threshold=113.50661249999986 5001.8272532118071 -195.50831249999985 5054.3207666666676 243.6065378472222 179.77131250000005
decision_type=2 2 2 2 2 2
left_child=1 2 -1 -3 5 -2
right_child=4 3 -4 -5 -6 -7
leaf_value=-5.6822354511964548 2.144167106553116 5.5965733875243657 -0.70111452975750432 -0.50616223047299858 11.912429900734853 5.9677675270070942
leaf_weight=590 523 591 5443 565 155 197
leaf_count=590 523 591 5443 565 155 197
internal_value=0.00187422 -0.576966 -1.18911 2.61598 4.75285 3.19717
internal_weight=8064 7189 6033 1156 875 720
internal_count=8064 7189 6033 1156 875 720
is_linear=0
shrinkage=0.05


Tree=26
num_leaves=7
num_cat=0
split_feature=2 4 3 3 15 15
split_gain=8.41066e+06 5.75747e+06 4.88657e+06 4.7918e+06 2.85089e+06 1.96187e+06
threshold=253.05645000000007 73.917099305556135 -18.339287499999724 -150.05886250000046 5022.7979585069452 5001.8272532118071
decision_type=2 2 2 2 2 2
left_child=2 -2 5 -3 -4 -1
right_child=1 3 4 -5 -6 -7
leaf_value=-2.5466328643798546 -1.3104258436405538 -1.721358289574132 0.31334887980588749 7.7443882231468564 6.9753858760263796 0.79170062440375877
leaf_weight=2879 391 164 3228 715 168 519
leaf_count=2879 391 164 3228 715 168 519
internal_value=0.00189663 3.73507 -0.696391 5.97836 0.644876 -2.03666
internal_weight=8064 1270 6794 879 3396 3398
internal_count=8064 1270 6794 879 3396 3398
is_linear=0
shrinkage=0.05


Tree=27
num_leaves=7
num_cat=0
split_feature=3 2 11 4 15 16
split_gain=7.73944e+06 5.46068e+06 3.642e+06 3.56798e+06 2.69104e+06 2.59355e+06
threshold=37.515587500000045 364.73879999999991 -0.6913484944011038 73.917099305556135 5019.4184664062514 0.052411758195548587
decision_type=2 2 2 2 2 2
left_child=2 4 3 -1 -2 -4
right_child=1 -3 5 -5 -6 -7
leaf_value=-0.26642747840350478 1.0468386071501632 9.0794360824321441 1.4542562429895873 5.5222799827050473 8.0904811194025239 -2.3108461527604378
leaf_weight=1165 2102 265 525 344 144 3519
leaf_count=1165 2102 265 525 344 144 3519
internal_value=0.00186532 2.30484 -1.03974 1.05598 1.50183 -1.82181
internal_weight=8064 2511 5553 1509 2246 4044
internal_count=8064 2511 5553 1509 2246 4044
is_linear=0
shrinkage=0.05


Tree=28
num_leaves=7
num_cat=0
split_feature=3 1 4 4 3 3
split_gain=7.2653e+06 4.7614e+06 4.49913e+06 3.12306e+06 2.32023e+06 759063
threshold=113.50661249999986 85.944800000000228 122.17728715277805 243.6065378472222 -195.50831249999985 179.77131250000005
decision_type=2 2 2 2 2 2
left_child=1 4 -3 5 -1 -2
right_child=3 2 -4 -5 -6 -7
leaf_value=-4.1403839916852538 1.9037944898315002 -0.20042674207429748 4.2594576030380935 10.718257474364378 -1.0240300735328103 5.5458158059553675
leaf_weight=708 523 1873 809 155 3799 197
leaf_count=708 523 1873 809 155 3799 197
internal_value=0.00191227 -0.521876 1.14594 4.30104 -1.51438 2.9066
internal_weight=8064 7189 2682 875 4507 720
internal_count=8064 7189 2682 875 4507 720
is_linear=0
shrinkage=0.05


Tree=29
num_leaves=7
num_cat=0
split_feature=3 2 15 15 3 1
split_gain=6.64002e+06 7.38577e+06 2.52667e+06 2.5207e+06 2.54375e+06 1.94446e+06
threshold=-54.071162499999666 364.73879999999991 5019.4184664062514 5001.8272532118071 -329.45217500000007 660.90475000000004
decision_type=2 2 2 2 2 2
left_child=3 2 -2 4 -1 -3
right_child=1 5 -4 -5 -6 -7
leaf_value=-8.3994767078085442 0.20827894874326724 4.220441270338422 5.0719418316661269 0.97282598238904028 -2.1067080063829784 10.774771138837615
leaf_weight=172 4237 256 284 639 2271 205
leaf_count=172 4237 256 284 639 2271 205
internal_value=0.00192243 1.13033 0.514858 -1.82191 -2.55301 7.15207
internal_weight=8064 4982 4521 3082 2443 461
internal_count=8064 4982 4521 3082 2443 461
is_linear=0
shrinkage=0.05


Tree=30
num_leaves=7
num_cat=0
split_feature=3 11 4 16 4 3
split_gain=6.29094e+06 4.49473e+06 5.97016e+06 2.78137e+06 2.61525e+06 684734
threshold=113.50661249999986 -0.2376293295203116 73.917099305556135 0.045302387035561512 243.6065378472222 179.77131250000005
decision_type=2 2 2 2 2 2
left_child=1 2 -1 -3 5 -2
right_child=4 3 -4 -5 -6 -7
leaf_value=-0.26690795133217826 1.7738494787251449 2.8652770276645638 4.9199861099298765 -1.9409012518447779 9.8749004541299286 5.2327713181876172
leaf_weight=2331 523 326 727 3805 155 197
leaf_count=2331 523 326 727 3805 155 197
internal_value=0.00189291 -0.485508 0.967414 -1.56102 4.00236 2.72619
internal_weight=8064 7189 3058 4131 875 720
internal_count=8064 7189 3058 4131 875 720
is_linear=0
shrinkage=0.05


Tree=31
num_leaves=7
num_cat=0
split_feature=3 2 11 11 3 1
split_gain=5.89339e+06 6.20603e+06 2.31312e+06 2.27397e+06 2.40721e+06 1.68957e+06
threshold=-54.071162499999666 364.73879999999991 -0.27976242230339682 0.15208718494349097 -380.93520000000007 660.90475000000004
decision_type=2 2 2 2 2 2
left_child=3 2 -2 4 -1 -3
right_child=1 5 -4 -5 -6 -7
leaf_value=-5.2736359717965131 2.1443362798589218 3.8527072084553051 -0.27719383349299359 -3.5141095105106275 -0.021649678227201149 9.961580214967718
leaf_weight=249 1452 256 3069 1119 1714 205
leaf_count=249 1452 256 3069 1119 1714 205
internal_value=0.00193751 1.06501 0.500826 -1.7163 -0.690193 6.58492
internal_weight=8064 4982 4521 3082 1963 461
internal_count=8064 4982 4521 3082 1963 461
is_linear=0
shrinkage=0.05


Tree=32
num_leaves=7
num_cat=0
split_feature=15 15 3 11 4 3
split_gain=5.65947e+06 5.08018e+06 4.72687e+06 4.6904e+06 3.41348e+06 2.1195e+06
threshold=5001.8272532118071 5054.3207666666676 -70.014150000000186 0.34202014332566882 73.917099305556135 -329.45217500000007
decision_type=2 2 2 2 2 2
left_child=2 3 5 -2 -4 -1
right_child=1 -3 4 -5 -6 -7
leaf_value=-7.854453802039858 9.0380136321664128 -0.47269235002345034 -0.37869242396457092 0.76054302212182323 2.9697237303233326 -2.0730071876916765
leaf_weight=172 440 576 3718 280 956 1922
leaf_count=172 440 576 3718 280 956 1922
internal_value=0.00188323 3.02755 -0.577862 5.82452 0.306667 -2.55141
internal_weight=8064 1296 6768 720 4674 2094
internal_count=8064 1296 6768 720 4674 2094
is_linear=0
shrinkage=0.05


Tree=33
num_leaves=6
num_cat=0
split_feature=3 11 4 16 4
split_gain=5.3432e+06 4.11635e+06 5.84487e+06 3.08628e+06 920322
threshold=159.64412500000029 -0.2376293295203116 73.917099305556135 0.052411758195548587 3.4460048611113057
decision_type=2 2 2 2 2
left_child=1 2 -1 -3 -2
right_child=4 3 -4 -5 -6
leaf_value=-0.13668981218817597 2.8764539908004716 2.6231276869251019 4.7945446664094922 -1.7200219261541907 7.9198947797082884
leaf_weight=2461 157 455 794 3979 218
leaf_count=2461 157 455 794 3979 218
internal_value=0.00180141 -0.282758 1.0673 -1.27385 5.82164
internal_weight=8064 7689 3255 4434 375
internal_count=8064 7689 3255 4434 375
is_linear=0
shrinkage=0.05


Tree=34
num_leaves=7
num_cat=0
split_feature=3 15 11 17 4 11
split_gain=5.02962e+06 3.42112e+06 3.88716e+06 2.90568e+06 2.08497e+06 1.99582e+06
threshold=32.527562499999938 5001.8272532118071 -0.15208718494349127 22.682700000000072 154.20818923611162 -0.65918890865109969
decision_type=2 2 2 2 2 2
left_child=3 4 -3 5 -2 -1
right_child=1 2 -4 -5 -6 -7
leaf_value=2.089460658564636 0.6319509846911282 12.124268734902145 1.7588086517368045 -2.162205873522058 6.3586691599371736 -0.69362705245092593
leaf_weight=931 2098 159 209 2411 171 2085
leaf_count=931 2098 159 209 2411 171 2085
internal_value=0.00181274 1.79279 6.25808 -0.868602 1.06615 0.165884
internal_weight=8064 2637 368 5427 2269 3016
internal_count=8064 2637 368 5427 2269 3016
is_linear=0
shrinkage=0.05


Tree=35
num_leaves=7
num_cat=0
split_feature=15 3 15 11 11 1
split_gain=4.73677e+06 4.35234e+06 4.24115e+06 3.80463e+06 3.17725e+06 1.12998e+06
threshold=5001.8272532118071 -195.50831249999985 5054.3207666666676 0.34202014332566882 -0.44218343748786698 74.215799999999959
decision_type=2 2 2 2 2 2
left_child=1 -1 3 -2 -3 -4
right_child=2 4 5 -5 -6 -7
leaf_value=-4.6277415616358999 8.2196992338345716 1.5178974233416818 -1.7068932025592269 0.76435354046550086 -0.91332176381971264 3.3929244565963743
leaf_weight=590 440 1974 432 280 4204 144
leaf_count=590 440 1974 432 280 4204 144
internal_value=0.00184676 -0.528537 2.7699 5.32548 -0.136377 -0.428268
internal_weight=8064 6768 1296 720 6178 576
internal_count=8064 6768 1296 720 6178 576
is_linear=0
shrinkage=0.05


Tree=36
num_leaves=7
num_cat=0
split_feature=3 17 12 3 1 1
split_gain=4.60835e+06 3.29992e+06 2.41704e+06 1.5049e+06 1.16904e+06 477844
threshold=134.13757499999977 22.682700000000072 -0.32136297141497067 -127.15775000000006 447.43810000000036 64.125850000000369
decision_type=2 2 2 2 2 2
left_child=1 2 -1 -3 5 -2
right_child=4 3 -4 -5 -6 -7
leaf_value=-0.74233771009766591 5.096518060667762 -3.559206316152089 1.6921686132112743 -0.96228829035082453 7.5142549301379296 1.5935790095206919
leaf_weight=1848 144 709 2272 2610 180 301
leaf_count=1848 144 709 2272 2610 180 301
internal_value=0.00179563 -0.344873 0.600271 -1.51794 4.12194 2.736
internal_weight=8064 7439 4120 3319 625 445
internal_count=8064 7439 4120 3319 625 445
is_linear=0
shrinkage=0.05


Tree=37
num_leaves=7
num_cat=0
split_feature=1 4 12 10 1 8
split_gain=4.35428e+06 4.04512e+06 3.05641e+06 2.59525e+06 2.63379e+06 1.72741e+06
threshold=99.450149999999908 122.17728715277805 -0.65918890865109969 1.0000000180025095e-35 -164.37100000000007 1.0000000180025095e-35
decision_type=2 2 2 2 2 2
left_child=3 5 -3 4 -1 -2
right_child=1 2 -4 -5 -6 -7
leaf_value=-3.9921227314594514 1.5354407519286928 -1.2144349894589848 5.5045378488679475 1.1431968091130258 -0.84498402229285274 -1.2922101672627477
leaf_weight=864 1168 215 789 1149 2876 1003
leaf_count=864 1168 215 789 1149 2876 1003
internal_value=0.00177177 1.44327 4.06594 -0.934464 -1.5729 0.229075
internal_weight=8064 3175 1004 4889 3740 2171
internal_count=8064 3175 1004 4889 3740 2171
is_linear=0
shrinkage=0.05


Tree=38
num_leaves=7
num_cat=0
split_feature=15 3 11 3 0 11
split_gain=4.09654e+06 3.72367e+06 3.6859e+06 4.48644e+06 3.19066e+06 2.77907e+06
threshold=5001.8272532118071 -195.50831249999985 1.0000000180025095e-35 -380.93520000000007 3769.6569500000005 -0.27976242230339682
decision_type=2 2 2 2 2 2
left_child=1 -1 3 -2 -4 -3
right_child=2 5 4 -5 -6 -7
leaf_value=-4.2831652165972036 -2.32936655472446 1.2435876801485817 5.2794056747569558 7.5191048687797988 -2.3762729233441253 -0.94796984150283792
leaf_weight=590 150 2309 193 498 455 3869
leaf_count=590 150 2309 193 498 455 3869
internal_value=0.00168839 -0.491551 2.57589 5.23929 -0.0914881 -0.128816
internal_weight=8064 6768 1296 648 648 6178
internal_count=8064 6768 1296 648 648 6178
is_linear=0
shrinkage=0.05


Tree=39
num_leaves=7
num_cat=0
split_feature=3 11 4 16 15 4
split_gain=3.95835e+06 2.64232e+06 2.89059e+06 2.22824e+06 1.98515e+06 1.10791e+06
threshold=91.491012500000139 -0.59116893267988335 73.917099305556135 0.045302387035561512 5001.8272532118071 73.917099305556135
decision_type=2 2 2 2 2 2
left_child=1 2 -1 -3 5 -2
right_child=4 3 -4 -5 -6 -7
leaf_value=-0.022076051652885911 0.87845610637014571 2.0399949279078142 4.379289803646337 -1.4920753742888633 7.3838296535870303 4.7097491558595577
leaf_weight=1573 824 498 488 4254 183 244
leaf_count=1573 824 498 488 4254 183 244
internal_value=0.00162942 -0.473158 1.02169 -1.12157 2.58565 1.75736
internal_weight=8064 6813 2061 4752 1251 1068
internal_count=8064 6813 2061 4752 1251 1068
is_linear=0
shrinkage=0.05


Tree=40
num_leaves=7
num_cat=0
split_feature=3 2 4 15 1 8
split_gain=3.78248e+06 3.44185e+06 1.8139e+06 1.76182e+06 1.66869e+06 1.70472e+06
threshold=-54.071162499999666 274.45769999999999 73.917099305556135 5022.7979585069452 -133.75635000000008 1.0000000180025095e-35
decision_type=2 2 2 2 2 2
left_child=4 3 -3 -2 -1 -6
right_child=1 2 -4 -5 5 -7
leaf_value=-2.7228126531788579 0.089685480779655324 -0.33493824907810016 5.5822697803584669 4.7034137758093149 0.48199166486189154 -3.1964716893579901
leaf_weight=1315 4071 172 522 217 1358 409
leaf_count=1315 4071 172 522 217 1358 409
internal_value=0.00165878 0.853327 4.11739 0.324212 -1.37488 -0.370773
internal_weight=8064 4982 694 4288 3082 1767
internal_count=8064 4982 694 4288 3082 1767
is_linear=0
shrinkage=0.05


Tree=41
num_leaves=6
num_cat=0
split_feature=3 17 12 3 4
split_gain=3.63953e+06 2.74299e+06 2.24687e+06 1.26483e+06 588141
threshold=159.64412500000029 22.682700000000072 -0.32136297141497067 -127.15775000000006 3.4460048611113057
decision_type=2 2 2 2 2
left_child=1 2 -1 -3 -2
right_child=4 3 -4 -5 -6
leaf_value=-0.65499051753801363 2.4488915748045414 -3.1635069879343813 1.6549116054415292 -0.79385375350375198 6.4826025068725901
leaf_weight=1913 157 709 2339 2728 218
leaf_count=1913 157 709 2339 2728 218
internal_value=0.00160437 -0.233248 0.615763 -1.28345 4.80483
internal_weight=8064 7689 4252 3437 375
internal_count=8064 7689 4252 3437 375
is_linear=0
shrinkage=0.05


Tree=42
num_leaves=5
num_cat=0
split_feature=3 11 4 16
split_gain=3.34093e+06 2.73159e+06 3.34228e+06 2.69583e+06
threshold=179.77131250000005 -0.65918890865109969 73.917099305556135 0.066518221551419968
decision_type=2 2 2 2
left_child=1 2 -1 -3
right_child=-2 3 -4 -5
leaf_value=0.21924720723732904 5.6796477098626452 1.6911653769252792 4.8412363740319471 -1.2323478075498784
leaf_weight=1588 250 944 518 4764
leaf_count=1588 250 944 518 4764
internal_value=0.0015612 -0.180806 1.35785 -0.74864
internal_weight=8064 7814 2106 5708
internal_count=8064 7814 2106 5708
is_linear=0
shrinkage=0.05


Tree=43
num_leaves=7
num_cat=0
split_feature=3 2 11 3 15 3
split_gain=3.29754e+06 2.45418e+06 1.86623e+06 1.93839e+06 1.60707e+06 1.28489e+06
threshold=-4.6966249999995844 537.92700000000025 -0.6913484944011038 -380.93520000000007 5019.4184664062514 -118.31523749999995
decision_type=2 2 2 2 2 2
left_child=2 4 3 -1 -2 -4
right_child=1 -3 5 -5 -6 -7
leaf_value=-4.5458369391086775 0.51415941267315313 6.526645971635225 -3.0366031289597841 1.3983309921985625 4.8403724542713684 -0.87282062248227299
leaf_weight=155 3226 197 1018 1135 229 2104
leaf_count=155 3226 197 1018 1135 229 2104
internal_value=0.00155257 1.11272 -0.918249 0.681141 0.802222 -1.57912
internal_weight=8064 3652 4412 1290 3455 3122
internal_count=8064 3652 4412 1290 3455 3122
is_linear=0
shrinkage=0.05


Tree=44
num_leaves=7
num_cat=0
split_feature=15 3 11 3 0 17
split_gain=3.1697e+06 3.10919e+06 3.09045e+06 3.4944e+06 2.58806e+06 2.17441e+06
threshold=5001.8272532118071 -195.50831249999985 1.0000000180025095e-35 -380.93520000000007 3673.1424500000007 -6.0808875000000162
decision_type=2 2 2 2 2 2
left_child=1 -1 3 -2 -4 -3
right_child=2 5 4 -5 -6 -7
leaf_value=-3.8970308006288841 -1.9754124976941292 0.90435156176146503 5.5840653087298078 6.7166446821837376 -1.9042463956115769 -0.97591958914288124
leaf_weight=590 150 2875 149 498 499 3303
leaf_count=590 150 2875 149 498 499 3303
internal_value=0.00150484 -0.432363 2.26585 4.70465 -0.176446 -0.10091
internal_weight=8064 6768 1296 648 648 6178
internal_count=8064 6768 1296 648 648 6178
is_linear=0
shrinkage=0.05


Tree=45
num_leaves=7
num_cat=0
split_feature=3 17 12 3 1 12
split_gain=2.91337e+06 2.36042e+06 1.85226e+06 945263 873542 334394
threshold=146.28288750000004 22.682700000000072 -0.32136297141497067 -127.15775000000006 447.43810000000036 0.13052619222005141
decision_type=2 2 2 2 2 2
left_child=1 2 -1 -3 5 -2
right_child=4 3 -4 -5 -6 -7
leaf_value=-0.61567421061378458 1.0062432980436145 -2.8485771222139746 1.4975804890848112 -0.7949261781579392 6.87651924483034 4.1441743599021272
leaf_weight=1880 205 709 2310 2665 150 145
leaf_count=1880 205 709 2310 2665 150 145
internal_value=0.0014572 -0.243085 0.549469 -1.22719 3.69399 2.31435
internal_weight=8064 7564 4190 3374 500 350
internal_count=8064 7564 4190 3374 500 350
is_linear=0
shrinkage=0.05


Tree=46
num_leaves=7
num_cat=0
split_feature=15 0 11 3 11 3
split_gain=2.86358e+06 2.79298e+06 3.28085e+06 2.75199e+06 1.93367e+06 775866
threshold=5001.8272532118071 3626.8700000000003 -0.36235178784537908 -195.50831249999985 -0.27976242230339682 -329.45217500000007
decision_type=2 2 2 2 2 2
left_child=3 -2 -3 5 -5 -1
right_child=1 2 -4 4 -6 -7
leaf_value=-6.4910724317407329 8.1284237694039074 4.4017369220716649 -1.0554481270008842 1.0456712937848067 -0.78240327435344681 -2.4971953136841982
leaf_weight=172 169 476 651 2309 3869 418
leaf_count=172 169 476 651 2309 3869 418
internal_value=0.00144179 2.15367 1.25131 -0.410944 -0.0991099 -3.67053
internal_weight=8064 1296 1127 6768 6178 590
internal_count=8064 1296 1127 6768 6178 590
is_linear=0
shrinkage=0.05


Tree=47
num_leaves=7
num_cat=0
split_feature=3 1 12 15 11 3
split_gain=2.68473e+06 1.93685e+06 1.75699e+06 1.69184e+06 1.6359e+06 1.62577e+06
threshold=-4.6966249999995844 203.01410000000013 -0.19504389580251641 5022.7979585069452 -0.6913484944011038 -380.93520000000007
decision_type=2 2 2 2 2 2
left_child=4 3 -3 -2 5 -1
right_child=1 2 -4 -5 -6 -7
leaf_value=-4.1181582800852947 -0.21619848957569621 0.34805692666260346 4.0698905708352617 5.1732338259617485 -1.4473070276375375 1.3256570055768464
leaf_weight=155 2187 538 772 155 3122 1135
leaf_count=155 2187 538 772 155 3122 1135
internal_value=0.00138674 1.004 2.54281 0.142545 -0.828558 0.668872
internal_weight=8064 3652 1310 2342 4412 1290
internal_count=8064 3652 1310 2342 4412 1290
is_linear=0
shrinkage=0.05


Tree=48
num_leaves=7
num_cat=0
split_feature=15 11 3 3 0 4
split_gain=2.5441e+06 2.59878e+06 2.94276e+06 2.47841e+06 2.07852e+06 1.99451e+06
threshold=5001.8272532118071 1.0000000180025095e-35 -380.93520000000007 -70.014150000000186 3769.6569500000005 73.917099305556135
decision_type=2 2 2 2 2 2
left_child=3 2 -2 -1 -3 -5
right_child=1 4 -4 5 -6 -7
leaf_value=-1.8164080679587362 -1.8635256574248638 4.1255981307476759 6.1127686551553699 -0.2707600815799393 -2.0534605779007014 2.2887629398420191
leaf_weight=2094 150 193 498 3718 455 956
leaf_count=2094 150 193 498 3718 455 956
internal_value=0.00134925 2.02997 4.26638 -0.387352 -0.209572 0.253131
internal_weight=8064 1296 648 6768 648 4674
internal_count=8064 1296 648 6768 648 4674
is_linear=0
shrinkage=0.05


Tree=49
num_leaves=5
num_cat=0
split_feature=3 17 16 15
split_gain=2.48887e+06 2.13531e+06 1.56748e+06 1.25885e+06
threshold=179.77131250000005 -6.0808875000000162 0.73821909270879427 5001.8272532118071
decision_type=2 2 2 2
left_child=1 2 -1 -3
right_child=-2 3 -4 -5
leaf_value=1.6058403239893559 4.902154163167296 -1.3082903702603772 -0.49221643834961326 1.0711262677580613
leaf_weight=2121 250 3500 1533 660
leaf_count=2121 250 3500 1533 660
internal_value=0.00132222 -0.156082 0.725727 -0.93062
internal_weight=8064 7814 3654 4160
internal_count=8064 7814 3654 4160
is_linear=0
shrinkage=0.05


Tree=50
num_leaves=7
num_cat=0
split_feature=3 2 12 1 8 15
split_gain=2.2892e+06 1.99213e+06 1.31031e+06 1.25947e+06 1.36258e+06 1.18858e+06
threshold=-54.071162499999666 274.45769999999999 -0.32136297141497067 -133.75635000000008 1.0000000180025095e-35 5022.7979585069452
decision_type=2 2 2 2 2 2
left_child=3 5 -3 -1 -5 -2
right_child=1 2 -4 4 -6 -7
leaf_value=-2.2406276381281587 0.06867384405400466 -0.56389092019434728 4.4162382118547745 0.56498447505718152 -2.7236472209052343 3.8582028705797615
leaf_weight=1315 4071 177 517 1358 409 217
leaf_count=1315 4071 177 517 1358 409 217
internal_value=0.00129194 0.66385 3.14711 -1.06959 -0.197331 0.261303
internal_weight=8064 4982 694 3082 1767 4288
internal_count=8064 4982 694 3082 1767 4288
is_linear=0
shrinkage=0.05


Tree=51
num_leaves=5
num_cat=0
split_feature=3 11 4 16
split_gain=2.19949e+06 2.0434e+06 2.33583e+06 2.16641e+06
threshold=179.77131250000005 -0.59116893267988335 73.917099305556135 0.052411758195548587
decision_type=2 2 2 2
left_child=1 2 -1 -3
right_child=-2 3 -4 -5
leaf_value=0.1891992946693325 4.6083647663612295 1.9387671105681734 3.8671214645549683 -1.050109233920798
leaf_weight=1751 250 693 572 4798
leaf_count=1751 250 693 572 4798
internal_value=0.00124829 -0.146722 1.0961 -0.672609
internal_weight=8064 7814 2323 5491
internal_count=8064 7814 2323 5491
is_linear=0
shrinkage=0.05


Tree=52
num_leaves=7
num_cat=0
split_feature=3 11 3 16 11 3
split_gain=2.09271e+06 1.5343e+06 1.55929e+06 1.26367e+06 1.29535e+06 1.2165e+06
threshold=32.527562499999938 -0.6913484944011038 -329.45217500000007 0.073868923038852188 -0.62577451934762984 -118.31523749999995
decision_type=2 2 2 2 2 2
left_child=1 2 -1 -2 -5 -3
right_child=3 5 -4 4 -6 -7
leaf_value=-2.8898229184011037 4.1285565596818925 -2.5635664572085641 1.5195376579654232 2.6235500476736675 0.0081540128904978911 -0.55729613775584042
leaf_weight=238 314 1018 1245 661 1662 2926
leaf_count=238 314 1018 1245 661 1662 2926
internal_value=0.00124511 -0.560207 0.810429 1.1565 0.753163 -1.07566
internal_weight=8064 5427 1483 2637 2323 3944
internal_count=8064 5427 1483 2637 2323 3944
is_linear=0
shrinkage=0.05


Tree=53
num_leaves=7
num_cat=0
split_feature=15 11 3 3 18 0
split_gain=2.05091e+06 2.26764e+06 2.19235e+06 2.13523e+06 1.60529e+06 1.05176e+06
threshold=5001.8272532118071 0.34202014332566882 -195.50831249999985 -380.93520000000007 33.616262499999955 3769.6569500000005
decision_type=2 2 2 2 2 2
left_child=2 3 -1 -2 -4 -3
right_child=1 5 4 -5 -6 -7
leaf_value=-3.2571343791162102 -1.4697248879231906 2.6499679121104158 -0.74939867711375752 4.8450071637263079 0.88561563572241175 -2.3048152395756918
leaf_weight=590 170 153 3609 622 2569 351
leaf_count=590 170 153 3609 622 2569 351
internal_value=0.00119692 1.8226 -0.347801 3.48943 -0.0694768 -0.798416
internal_weight=8064 1296 6768 792 6178 504
internal_count=8064 1296 6768 792 6178 504
is_linear=0
shrinkage=0.05


Tree=54
num_leaves=7
num_cat=0
split_feature=3 17 11 15 12 11
split_gain=1.94108e+06 1.76035e+06 1.22933e+06 738791 623775 504515
threshold=134.13757499999977 5.3490124999998452 -0.65918890865109969 5001.8272532118071 -0.19504389580251641 0.21643961393810304
decision_type=2 2 2 2 2 2
left_child=1 2 -1 -3 -2 -6
right_child=4 3 -4 -5 5 -7
leaf_value=1.948197217455893 0.88832685696366043 -1.3111892932842044 -0.042058532116547337 0.61886647119235683 5.655614475927492 1.7844837986343896
leaf_weight=1093 275 3088 2668 590 206 144
leaf_count=1093 275 3088 2668 590 206 144
internal_value=0.00114079 -0.223849 0.536702 -1.0015 2.67514 4.07254
internal_weight=8064 7439 3761 3678 625 350
internal_count=8064 7439 3761 3678 625 350
is_linear=0
shrinkage=0.05


Tree=55
num_leaves=7
num_cat=0
split_feature=1 8 10 1 12 11
split_gain=1.84572e+06 1.81979e+06 1.67141e+06 1.54574e+06 1.5153e+06 1.1392e+06
threshold=99.450149999999908 1.0000000180025095e-35 1.0000000180025095e-35 -164.37100000000007 -0.27976242230339682 -0.1950438958025166
decision_type=2 2 2 2 2 2
left_child=2 4 3 -1 -2 -4
right_child=1 -3 5 -5 -6 -7
leaf_value=-2.974086147846299 0.024582852780007991 -0.65169689909324624 2.8374145608122401 -0.56316950585955972 2.8682736797331252 -0.33310890748041566
leaf_weight=864 734 1147 504 2876 1294 645
leaf_count=864 734 1147 504 2876 1294 645
internal_value=0.00114291 0.939652 -0.608408 -1.12078 1.83957 1.05887
internal_weight=8064 3175 4889 3740 2028 1149
internal_count=8064 3175 4889 3740 2028 1149
is_linear=0
shrinkage=0.05


Tree=56
num_leaves=7
num_cat=0
split_feature=11 4 15 0 3 16
split_gain=1.73704e+06 2.78567e+06 3.59067e+06 2.77154e+06 1.47499e+06 929405
threshold=1.0000000180025095e-35 73.917099305556135 5022.7979585069452 4646.3367000000007 -137.86158750000001 0.045302387035561512
decision_type=2 2 2 2 2 2
left_child=1 2 -1 -3 -2 -6
right_child=4 3 -4 -5 5 -7
leaf_value=-0.58387662130370566 -3.6593376751002737 5.3468232444769228 5.2762379571228299 0.071277908940932583 3.1788220808868521 -0.59709029031421645
leaf_weight=2736 388 561 288 447 170 3474
leaf_count=2736 388 561 288 447 170 3474
internal_value=0.00109325 0.73484 -0.0242108 3.00976 -0.732654 -0.420113
internal_weight=8064 4032 3024 1008 4032 3644
internal_count=8064 4032 3024 1008 4032 3644
is_linear=0
shrinkage=0.05


Tree=57
num_leaves=7
num_cat=0
split_feature=18 11 15 3 12 16
split_gain=1.7269e+06 1.79529e+06 1.27415e+06 1.30581e+06 1.26255e+06 817366
threshold=33.616262499999955 0.69134849440110402 5001.8272532118071 -176.11730000000031 -0.44218343748786698 0.73821909270879427
decision_type=2 2 2 2 2 2
left_child=2 5 3 -1 -4 -2
right_child=1 -3 4 -5 -6 -7
leaf_value=-3.5156556256132108 2.3439497051707234 -0.71867658047387084 -1.2807887570938821 -0.64707169132041154 2.9126910999514699 0.21583912180387418
leaf_weight=446 1536 1156 294 3535 458 639
leaf_count=446 1536 1156 294 3535 458 639
internal_value=0.00109459 0.873133 -0.612685 -0.969248 1.2737 1.71911
internal_weight=8064 3331 4733 3981 752 2175
internal_count=8064 3331 4733 3981 752 2175
is_linear=0
shrinkage=0.05


Tree=58
num_leaves=5
num_cat=0
split_feature=3 17 16 15
split_gain=1.70135e+06 1.57317e+06 1.10982e+06 795406
threshold=179.77131250000005 -6.0808875000000162 0.73821909270879427 4999.2510594618061
decision_type=2 2 2 2
left_child=1 2 -1 -3
right_child=-2 3 -4 -5
leaf_value=1.3683481490181788 4.0529953826114946 -1.1128311453644064 -0.39705811412531444 0.70400300436995922
leaf_weight=2121 250 3430 1533 730
leaf_count=2121 250 3430 1533 730
internal_value=0.00103559 -0.129104 0.627783 -0.793919
internal_weight=8064 7814 3654 4160
internal_count=8064 7814 3654 4160
is_linear=0
shrinkage=0.05


Tree=59
num_leaves=7
num_cat=0
split_feature=3 4 11 15 11 3
split_gain=1.67502e+06 1.30742e+06 2.78438e+06 1.54798e+06 964900 1.50593e+06
threshold=-54.071162499999666 73.917099305556135 -0.2376293295203116 5022.7979585069452 -0.55543802234893469 -380.93520000000007
decision_type=2 2 2 2 2 2
left_child=4 3 -3 -2 5 -1
right_child=1 2 -4 -5 -6 -7
leaf_value=-3.9077731948996348 -0.17329313415120273 4.6774628092403772 0.043425526283452004 4.3841594216938553 -1.6226068080828941 0.95282752323807696
leaf_weight=188 3436 539 811 196 1879 1015
leaf_count=188 3436 539 811 196 1879 1015
internal_value=0.00101242 0.567763 1.8957 0.0737878 -0.915017 0.190618
internal_weight=8064 4982 1350 3632 3082 1203
internal_count=8064 4982 1350 3632 3082 1203
is_linear=0
shrinkage=0.05


Tree=60
num_leaves=7
num_cat=0
split_feature=3 18 11 18 12 11
split_gain=1.53141e+06 1.24798e+06 1.30087e+06 990404 773313 1.08e+06
threshold=91.491012500000139 -1.0000000180025095e-35 0.87651811848133032 -578.74316250000004 -0.19504389580251641 -1.0000000180025095e-35
decision_type=2 2 2 2 2 2
left_child=1 3 -3 -1 -2 -6
right_child=4 2 -4 -5 5 -7
leaf_value=0.93637432554552158 0.2286979545279012 0.87937908529395603 -1.4308147199651238 -1.3793962728714553 4.8016788831597772 0.8408956437974594
leaf_weight=554 561 2723 784 2752 328 362
leaf_count=554 561 2723 784 2752 328 362
internal_value=0.000988792 -0.294328 0.362668 -0.991167 1.60825 2.72793
internal_weight=8064 6813 3507 3306 1251 690
internal_count=8064 6813 3507 3306 1251 690
is_linear=0
shrinkage=0.05


Tree=61
num_leaves=7
num_cat=0
split_feature=3 4 11 15 1 8
split_gain=1.47541e+06 1.16928e+06 2.45115e+06 1.4001e+06 892512 1.0724e+06
threshold=-54.071162499999666 73.917099305556135 -0.2376293295203116 5022.7979585069452 -133.75635000000008 1.0000000180025095e-35
decision_type=2 2 2 2 2 2
left_child=4 3 -3 -2 -1 -6
right_child=1 2 -4 -5 5 -7
leaf_value=-1.8445335831668648 -0.16925058877050192 4.3987073693825449 0.05078705924865904 4.1650487547381045 0.55175964599742533 -2.3657483676362148
leaf_weight=1315 3436 539 811 196 1358 409
leaf_count=1315 3436 539 811 196 1358 409
internal_value=0.000969589 0.53288 1.78871 0.0657309 -0.858749 -0.1245
internal_weight=8064 4982 1350 3632 3082 1767
internal_count=8064 4982 1350 3632 3082 1767
is_linear=0
shrinkage=0.05


Tree=62
num_leaves=7
num_cat=0
split_feature=18 11 15 3 12 0
split_gain=1.4337e+06 1.45599e+06 990445 1.11555e+06 1.0991e+06 714803
threshold=33.616262499999955 0.69134849440110402 5001.8272532118071 -176.11730000000031 -0.44218343748786698 4825.2268500000009
decision_type=2 2 2 2 2 2
left_child=2 5 3 -1 -4 -2
right_child=1 -3 4 -5 -6 -7
leaf_value=-3.2262544931289669 2.1481698860622305 -0.63800035279466361 -1.2783373963883369 -0.57489625266057809 2.6341489898353361 0.16705097113320463
leaf_weight=446 1526 1156 294 3535 458 649
leaf_count=446 1526 1156 294 3535 458 649
internal_value=0.000950786 0.79552 -0.558303 -0.872669 1.10487 1.55737
internal_weight=8064 3331 4733 3981 752 2175
internal_count=8064 3331 4733 3981 752 2175
is_linear=0
shrinkage=0.05


Tree=63
num_leaves=5
num_cat=0
split_feature=3 17 0 16
split_gain=1.39193e+06 1.33695e+06 945269 731033
threshold=179.77131250000005 -6.0808875000000162 3524.9891500000008 0.045302387035561512
decision_type=2 2 2 2
left_child=1 2 -1 -3
right_child=-2 3 -4 -5
leaf_value=1.8274487931635126 3.6659268683171371 2.6745782585618532 0.062218143182101872 -0.85854475896429294
leaf_weight=1073 250 151 2581 4009
leaf_count=1073 250 151 2581 4009
internal_value=0.000898488 -0.116814 0.580938 -0.729687
internal_weight=8064 7814 3654 4160
internal_count=8064 7814 3654 4160
is_linear=0
shrinkage=0.05


Tree=64
num_leaves=7
num_cat=0
split_feature=3 11 15 16 1 15
split_gain=1.33295e+06 1.75138e+06 2.64076e+06 1.36898e+06 1.15401e+06 519573
threshold=-195.50831249999985 -0.2376293295203116 5019.4184664062514 0.038070711189728941 -164.37100000000007 4927.8956348958336
decision_type=2 2 2 2 2 2
left_child=4 2 -2 -3 -1 -6
right_child=1 3 -4 -5 5 -7
leaf_value=-3.6325777539590591 0.86113486388768501 3.482544375149482 7.7747021106824477 -0.58142933464388191 -2.3358842522422703 1.0524295865122333
leaf_weight=440 2570 217 145 4194 172 326
leaf_count=440 2570 217 145 4194 172 326
internal_value=0.000899264 0.234206 1.23309 -0.380757 -1.76989 -0.120167
internal_weight=8064 7126 2715 4411 938 498
internal_count=8064 7126 2715 4411 938 498
is_linear=0
shrinkage=0.05


Tree=65
num_leaves=7
num_cat=0
split_feature=3 11 3 3 12 15
split_gain=1.25612e+06 1.0197e+06 1.31068e+06 884432 843436 1.24645e+06
threshold=32.527562499999938 -0.59116893267988335 -380.93520000000007 -137.86158750000001 -0.021809693682668031 5001.8272532118071
decision_type=2 2 2 2 2 2
left_child=1 2 -1 -3 -2 -6
right_child=4 3 -4 -5 5 -7
leaf_value=-3.4407099108119592 0.03251415477904708 -2.4766315367975609 1.0464896365033149 -0.52217642359340932 1.2083334708382374 5.821497648989661
leaf_weight=181 1365 717 1538 2991 1104 168
leaf_count=181 1365 717 1538 2991 1104 168
internal_value=0.000895346 -0.434089 0.57229 -0.900667 0.895927 1.82171
internal_weight=8064 5427 1719 3708 2637 1272
internal_count=8064 5427 1719 3708 2637 1272
is_linear=0
shrinkage=0.05


Tree=66
num_leaves=7
num_cat=0
split_feature=18 11 4 3 15 16
split_gain=1.2507e+06 1.22913e+06 935072 864634 1.14205e+06 778247
threshold=33.616262499999955 -0.1950438958025166 73.917099305556135 -380.93520000000007 5001.8272532118071 0.038070711189728941
decision_type=2 2 2 2 2 2
left_child=3 2 -2 -1 -5 -3
right_child=1 5 -4 4 -6 -7
leaf_value=-3.900980632645743 1.2284245767466651 3.1807568523470917 4.4820040554215073 -0.70667176579182711 1.5701906906368208 -0.2633743929064804
leaf_weight=181 902 178 292 3912 640 1959
leaf_count=181 902 178 292 3912 640 1959
internal_value=0.000860928 0.742988 2.02719 -0.521481 -0.386276 0.0248558
internal_weight=8064 3331 1194 4733 4552 2137
internal_count=8064 3331 1194 4733 4552 2137
is_linear=0
shrinkage=0.05


Tree=67
num_leaves=5
num_cat=0
split_feature=3 17 12 18
split_gain=1.18986e+06 1.15745e+06 934287 535463
threshold=179.77131250000005 22.682700000000072 -0.23762932952031213 -41.567500000000557
decision_type=2 2 2 2
left_child=1 2 -1 -3
right_child=-2 3 -4 -5
leaf_value=-0.32997111964886283 3.3894294516602721 -1.507432586013715 1.1397676815243025 -0.25326384529136625
leaf_weight=2070 250 1480 2262 2002
leaf_count=2070 250 1480 2262 2002
internal_value=0.000852539 -0.107981 0.437555 -0.786619
internal_weight=8064 7814 4332 3482
internal_count=8064 7814 4332 3482
is_linear=0
shrinkage=0.05


Tree=68
num_leaves=7
num_cat=0
split_feature=3 17 1 8 12 10
split_gain=1.12474e+06 1.0033e+06 900245 1.08025e+06 756814 717280
threshold=-94.906312499999771 -47.837575000000008 -133.75635000000008 1.0000000180025095e-35 -0.065387565056497052 1.0000000180025095e-35
decision_type=2 2 2 2 2 2
left_child=2 4 5 -4 -2 -1
right_child=1 -3 3 -5 -6 -7
leaf_value=-3.0621890325668373 0.50971381901293056 -0.11954107975847826 0.84058510494386329 -2.7848411664089752 2.4926471902052665 -0.27776287098175273
leaf_weight=647 1296 3859 869 268 765 360
leaf_count=647 1296 3859 869 268 765 360
internal_value=0.000825032 0.356196 -0.980132 -0.0156531 1.24659 -2.06803
internal_weight=8064 5920 2144 1137 2061 1007
internal_count=8064 5920 2144 1137 2061 1007
is_linear=0
shrinkage=0.05


Tree=69
num_leaves=7
num_cat=0
split_feature=3 11 16 16 1 12
split_gain=1.08969e+06 1.04297e+06 1.23069e+06 1.09867e+06 393949 186873
threshold=146.28288750000004 -0.59116893267988335 0.46385873086651286 0.052411758195548587 447.43810000000036 0.13052619222005141
decision_type=2 2 2 2 2 2
left_child=1 2 -1 -3 5 -2
right_child=4 3 -4 -5 -6 -7
leaf_value=1.9186094965432681 0.3579805435016028 1.3466451675890341 -0.41517037258909195 -0.80719552353084034 4.3955838841318302 2.7007364315325266
leaf_weight=1128 205 678 1130 4628 150 145
leaf_count=1128 205 678 1130 4628 150 145
internal_value=0.00076889 -0.148788 0.751019 -0.531776 2.25905 1.33348
internal_weight=8064 7564 2258 5306 500 350
internal_count=8064 7564 2258 5306 500 350
is_linear=0
shrinkage=0.05


Tree=70
num_leaves=7
num_cat=0
split_feature=3 11 15 16 1 15
split_gain=1.0719e+06 1.31113e+06 2.28165e+06 1.00923e+06 938351 483983
threshold=-195.50831249999985 -0.2376293295203116 5019.4184664062514 0.038070711189728941 -164.37100000000007 5003.9265953993063
decision_type=2 2 2 2 2 2
left_child=4 2 -2 -3 -1 -6
right_child=1 3 -4 -5 5 -7
leaf_value=-3.2668072289755559 0.72856254110403307 2.9949815995786171 7.1547922128683901 -0.49437989296683682 -1.3172383677980473 1.8876605518711242
leaf_weight=440 2570 217 145 4194 309 189
leaf_count=440 2570 217 145 4194 309 189
internal_value=0.000789326 0.210006 1.07428 -0.32208 -1.58717 -0.0995759
internal_weight=8064 7126 2715 4411 938 498
internal_count=8064 7126 2715 4411 938 498
is_linear=0
shrinkage=0.05


Tree=71
num_leaves=7
num_cat=0
split_feature=18 11 18 3 4 3
split_gain=1.01776e+06 1.04934e+06 820900 807560 743356 289765
threshold=33.616262499999955 0.85470842479866238 -777.23000000000013 -137.86158750000001 -15.174238888888793 -75.881074999999768
decision_type=2 2 2 2 2 2
left_child=2 4 -1 -4 -2 -3
right_child=1 5 3 -5 -6 -7
leaf_value=1.3961035642971975 -0.26419466382039225 -2.538258877824596 -2.2247161010135783 -0.38744443590488598 1.7258869165901758 -0.32936248481825353
leaf_weight=523 634 187 721 3489 1802 708
leaf_count=523 634 187 721 3489 1802 708
internal_value=0.000797519 0.670258 -0.470399 -0.702547 1.20805 -0.793204
internal_weight=8064 3331 4733 4210 2436 895
internal_count=8064 3331 4733 4210 2436 895
is_linear=0
shrinkage=0.05


Tree=72
num_leaves=7
num_cat=0
split_feature=3 1 1 12 11 3
split_gain=977877 776302 1.0033e+06 870146 699290 898012
threshold=-4.6966249999995844 203.01410000000013 -412.90559999999999 -0.19504389580251641 -0.6913484944011038 -329.45217500000007
decision_type=2 2 2 2 2 2
left_child=4 2 -2 -3 5 -1
right_child=1 3 -4 -5 -6 -7
leaf_value=-2.2885595881290519 2.0546170164251953 0.035925139887483033 -0.47615688528626565 2.6546979010664167 -0.90469419496241876 1.1065308632490076
leaf_weight=238 496 538 1846 772 3122 1052
leaf_count=238 496 538 1846 772 3122 1052
internal_value=0.000741389 0.605838 0.0604707 1.58005 -0.500147 0.478862
internal_weight=8064 3652 2342 1310 4412 1290
internal_count=8064 3652 2342 1310 4412 1290
is_linear=0
shrinkage=0.05


Tree=73
num_leaves=7
num_cat=0
split_feature=15 11 4 3 4 0
split_gain=980290 1.41159e+06 1.68985e+06 1.38469e+06 988516 625169
threshold=5001.8272532118071 0.34202014332566882 3.6076201388891609 -329.45217500000007 332.19351736111145 3769.6569500000005
decision_type=2 2 2 2 2 2
left_child=3 2 -2 -1 -5 -3
right_child=1 5 -4 4 -6 -7
leaf_value=-4.6562998504652455 5.8334455177694 1.8515314912254159 0.9379883589388518 -0.25522254170837594 2.745178881657508 -1.9688134413466536
leaf_weight=172 264 153 528 6310 286 351
leaf_count=172 264 153 528 6310 286 351
internal_value=0.000717846 1.25996 2.57511 -0.240565 -0.12473 -0.807696
internal_weight=8064 1296 792 6768 6596 504
internal_count=8064 1296 792 6768 6596 504
is_linear=0
shrinkage=0.05


Tree=74
num_leaves=7
num_cat=0
split_feature=17 0 4 11 15 11
split_gain=942520 801755 1.28e+06 681405 614643 851613
threshold=-6.0808875000000162 3498.3936000000003 73.917099305556135 -0.6913484944011038 4999.2510594618061 -0.80625269229011332
decision_type=2 2 2 2 2 2
left_child=1 2 -1 -3 -2 -6
right_child=4 3 -4 -5 5 -7
leaf_value=0.72074883238204845 -0.78238874938863079 1.3662459695577316 4.6749983273527844 -0.39025603707260847 3.9502177795372817 -0.098295455787293484
leaf_weight=802 3538 775 274 1913 165 597
leaf_count=802 3538 775 274 1913 165 597
internal_value=0.000709777 0.578391 1.73109 0.116496 -0.50498 0.782379
internal_weight=8064 3764 1076 2688 4300 762
internal_count=8064 3764 1076 2688 4300 762
is_linear=0
shrinkage=0.05


Tree=75
num_leaves=7
num_cat=0
split_feature=3 12 11 1 17 15
split_gain=909836 1.01564e+06 1.65061e+06 795097 537581 372321
threshold=-195.50831249999985 -0.065387565056497052 -1.0000000180025095e-35 -164.37100000000007 -94.619999999999877 4927.8956348958336
decision_type=2 2 2 2 2 2
left_child=3 4 -3 -1 -2 -5
right_child=1 2 -4 5 -6 -7
leaf_value=-3.0083847262962067 0.54147826672958155 2.0235978363282334 -0.15571546225725766 -1.9685777101558068 -0.79571227252639642 0.89968379385974429
leaf_weight=440 1069 1541 1990 172 2526 326
leaf_count=440 1069 1541 1990 172 2526 326
internal_value=0.000732821 0.193486 0.795685 -1.46226 -0.398049 -0.0929205
internal_weight=8064 7126 3531 938 3595 498
internal_count=8064 7126 3531 938 3595 498
is_linear=0
shrinkage=0.05


Tree=76
num_leaves=5
num_cat=0
split_feature=3 18 18 11
split_gain=893894 837438 854233 791057
threshold=179.77131250000005 -11.449937500000031 -259.57001249999979 -0.80625269229011332
decision_type=2 2 2 2
left_child=1 2 -1 -3
right_child=-2 3 -4 -5
leaf_value=0.57493000989126608 2.9377326079929968 1.7766637689480786 -1.1525681734244044 0.046568641566215291
leaf_weight=997 250 815 2530 3472
leaf_count=997 250 815 2530 3472
internal_value=0.000680907 -0.0936506 -0.66422 0.375814
internal_weight=8064 7814 3527 4287
internal_count=8064 7814 3527 4287
is_linear=0
shrinkage=0.05


Tree=77
num_leaves=5
num_cat=0
split_feature=3 15 11 4
split_gain=865635 1.12533e+06 2.00614e+06 873738
threshold=-380.93520000000007 5001.8272532118071 1.0000000180025095e-35 73.917099305556135
decision_type=2 2 2 2
left_child=-1 3 -3 -2
right_child=1 2 -4 -5
leaf_value=-2.7879899176412355 -0.4279888920140093 3.924325976378932 -0.33124634369992523 1.0241429496742496
leaf_weight=268 5395 498 622 1281
leaf_count=268 5395 498 622 1281
internal_value=0.000672796 0.0968828 1.56278 -0.14924
internal_weight=8064 7796 1120 6676
internal_count=8064 7796 1120 6676
is_linear=0
shrinkage=0.05


Tree=78
num_leaves=7
num_cat=0
split_feature=3 4 11 15 11 16
split_gain=840213 676818 1.54763e+06 974702 576246 1.00042e+06
threshold=-54.071162499999666 73.917099305556135 -0.2376293295203116 5022.7979585069452 -0.55543802234893469 0.41578525990546539
decision_type=2 2 2 2 2 2
left_child=4 3 -3 -2 5 -1
right_child=1 2 -4 -5 -6 -7
leaf_value=1.7496733328443748 -0.14942248758843946 3.4314017412176838 -0.023378429936217558 3.4669714348078688 -1.1949511948766365 -1.1385645524037551
leaf_weight=560 3436 539 811 196 1879 643
leaf_count=560 3436 539 811 196 1879 643
internal_value=0.000647844 0.402047 1.35749 0.0466359 -0.648127 0.206255
internal_weight=8064 4982 1350 3632 3082 1203
internal_count=8064 4982 1350 3632 3082 1203
is_linear=0
shrinkage=0.05


Tree=79
num_leaves=7
num_cat=0
split_feature=17 12 1 3 18 18
split_gain=810542 853300 903334 504605 401986 858926
threshold=33.081612500000126 0.19504389580251646 33.091799999999928 -82.109537499999519 -80.144287499999322 -1129.98675
decision_type=2 2 2 2 2 2
left_child=1 3 -3 -1 5 -2
right_child=4 2 -4 -5 -6 -7
leaf_value=-1.2091789884161248 1.3301945082524904 0.03669620302158999 2.2310112475776855 0.28435785574465994 -0.20557168027206682 -2.0763869562782014
leaf_weight=780 233 853 1041 2049 2221 887
leaf_count=780 233 853 1041 2049 2221 887
internal_value=0.00065353 0.422231 1.2433 -0.127716 -0.595256 -1.36714
internal_weight=8064 4723 1894 2829 3341 1120
internal_count=8064 4723 1894 2829 3341 1120
is_linear=0
shrinkage=0.05


Tree=80
num_leaves=7
num_cat=0
split_feature=3 17 12 1 8 10
split_gain=782570 773353 647449 623277 856114 373163
threshold=-137.86158750000001 -114.30490000000007 0.49999999999999978 -133.75635000000008 1.0000000180025095e-35 1.0000000180025095e-35
decision_type=2 2 2 2 2 2
left_child=3 -2 -3 5 -5 -1
right_child=1 2 -4 4 -6 -7
leaf_value=-2.9071861438061064 1.2634471865323913 -0.44177820814101088 0.75116992292937834 0.89580524418651553 -3.1414285495000729 -0.53355491841211922
leaf_weight=474 1427 3473 1690 576 169 255
leaf_count=474 1427 3473 1690 576 169 255
internal_value=0.000623276 0.233605 -0.0512218 -1.04045 -0.023007 -2.07877
internal_weight=8064 6590 5163 1474 745 729
internal_count=8064 6590 5163 1474 745 729
is_linear=0
shrinkage=0.05


Tree=81
num_leaves=5
num_cat=0
split_feature=3 18 11 18
split_gain=762677 691821 705820 694261
threshold=179.77131250000005 -6.0696624999998212 0.87651811848133032 -378.00682499999942
decision_type=2 2 2 2
left_child=1 3 -3 -1
right_child=-2 2 -4 -5
leaf_value=0.64387247136074421 2.7134984827982596 0.70038482941032743 -0.87067069256741192 -0.97367146970513585
leaf_weight=870 250 3244 916 2784
leaf_count=870 250 3244 916 2784
internal_value=0.000566614 -0.0865667 0.354324 -0.588471
internal_weight=8064 7814 4160 3654
internal_count=8064 7814 4160 3654
is_linear=0
shrinkage=0.05


Tree=82
num_leaves=6
num_cat=0
split_feature=15 12 11 3 4
split_gain=735469 1.26189e+06 1.49802e+06 1.1191e+06 788677
threshold=5001.8272532118071 0.77969889170510653 -0.62577451934762984 -329.45217500000007 332.19351736111145
decision_type=2 2 2 2 2
left_child=3 2 -2 -1 -5
right_child=1 -3 -4 4 -6
leaf_value=-4.1781658102322181 2.811425530362774 4.0636148377827235 -1.1751206501055573 -0.22086625106779101 2.4591469612894161
leaf_weight=172 369 279 648 6310 286
leaf_count=172 369 279 648 6310 286
internal_value=0.000552 1.09128 0.272666 -0.208441 -0.104307
internal_weight=8064 1296 1017 6768 6596
internal_count=8064 1296 1017 6768 6596
is_linear=0
shrinkage=0.05


Tree=83
num_leaves=5
num_cat=0
split_feature=3 11 15 3
split_gain=750018 904878 2.98669e+06 930575
threshold=-380.93520000000007 -0.1950438958025166 5022.7979585069452 -137.86158750000001
decision_type=2 2 2 2
left_child=-1 2 -2 -3
right_child=1 3 -4 -5
leaf_value=-2.5952109621969299 0.35622631583318698 -2.5695724540212375 6.9627189280578454 -0.1361601123409667
leaf_weight=268 3123 434 180 4059
leaf_count=268 3123 434 180 4059
internal_value=0.000547714 0.0901025 0.718252 -0.371734
internal_weight=8064 7796 3303 4493
internal_count=8064 7796 3303 4493
is_linear=0
shrinkage=0.05


Tree=84
num_leaves=7
num_cat=0
split_feature=3 12 11 18 1 15
split_gain=705369 763763 1.396e+06 610438 586965 359865
threshold=-195.50831249999985 -0.36235178784537897 0.15208718494349097 -80.144287499999322 -91.856049999999854 4927.8956348958336
decision_type=2 2 2 2 2 2
left_child=4 3 -3 -2 -1 -6
right_child=1 2 -4 -5 5 -7
leaf_value=-2.3977371753454206 -1.406598594355138 1.5409487599541705 -0.27961801577392781 0.096719293489653302 -1.7887738303792091 1.2528364195734607
leaf_weight=524 1063 2037 2178 1848 154 260
leaf_count=524 1063 2037 2178 1848 154 260
internal_value=0.000532837 0.170251 0.600371 -0.452537 -1.28763 0.119832
internal_weight=8064 7126 4215 2911 938 414
internal_count=8064 7126 4215 2911 938 414
is_linear=0
shrinkage=0.05


Tree=85
num_leaves=7
num_cat=0
split_feature=3 17 16 0 1 12
split_gain=676270 653750 507913 418062 234930 132581
threshold=146.28288750000004 -6.0808875000000162 0.045302387035561512 3524.9891500000008 447.43810000000036 0.13052619222005141
decision_type=2 2 2 2 2 2
left_child=1 3 -3 -1 5 -2
right_child=4 2 -4 -5 -6 -7
leaf_value=1.2345727612306538 0.24328828211692932 2.3236602593616058 -0.66098055542995748 0.033280160028245624 3.4295385101773093 2.2162171422210459
leaf_weight=1017 205 147 3890 2510 150 145
leaf_count=1017 205 147 3890 2510 150 145
internal_value=0.000487704 -0.117331 -0.551752 0.379921 1.77953 1.06463
internal_weight=8064 7564 4037 3527 500 350
internal_count=8064 7564 4037 3527 500 350
is_linear=0
shrinkage=0.05


Tree=86
num_leaves=7
num_cat=0
split_feature=18 11 16 4 18 3
split_gain=655164 632343 583200 570953 507645 510988
threshold=33.616262499999955 -0.62577451934762984 0.066518221551419968 73.917099305556135 -777.23000000000013 -137.86158750000001
decision_type=2 2 2 2 2 2
left_child=4 3 -3 -2 -1 -6
right_child=1 2 -4 -5 5 -7
leaf_value=1.0902570262608184 0.98418245285943584 1.5472225304153371 -0.2677616710765503 4.0462328542923105 -1.7709169912598306 -0.30944134648236843
leaf_weight=523 613 572 1944 202 721 3489
leaf_count=523 613 572 1944 202 721 3489
internal_value=0.000518 0.537646 0.145317 1.74715 -0.377536 -0.560093
internal_weight=8064 3331 2516 815 4733 4210
internal_count=8064 3331 2516 815 4733 4210
is_linear=0
shrinkage=0.05


Tree=87
num_leaves=6
num_cat=0
split_feature=15 12 11 3 4
split_gain=635559 1.14386e+06 1.2255e+06 914351 688929
threshold=5001.8272532118071 0.77969889170510653 -0.62577451934762984 -329.45217500000007 332.19351736111145
decision_type=2 2 2 2 2
left_child=3 2 -2 -1 -5
right_child=1 -3 -4 4 -6
leaf_value=-3.7820030421535407 2.5313619404628471 3.8443707572136612 -1.0743758539090906 -0.20856576537322999 2.2962440072451735
leaf_weight=172 369 279 648 6310 286
leaf_count=172 369 279 648 6310 286
internal_value=0.000525079 1.01446 0.235102 -0.193754 -0.0996266
internal_weight=8064 1296 1017 6768 6596
internal_count=8064 1296 1017 6768 6596
is_linear=0
shrinkage=0.05


Tree=88
num_leaves=5
num_cat=0
split_feature=3 15 11 4
split_gain=642260 778889 1.32021e+06 636316
threshold=-380.93520000000007 5001.8272532118071 1.0000000180025095e-35 332.19351736111145
decision_type=2 2 2 2
left_child=-1 3 -3 -2
right_child=1 2 -4 -5
leaf_value=-2.401539345656186 -0.22478045436731151 3.2186915463937789 -0.23358497309048523 2.1818318242603065
leaf_weight=268 6390 498 622 286
leaf_count=268 6390 498 622 286
internal_value=0.000521191 0.0833933 1.30295 -0.12137
internal_weight=8064 7796 1120 6676
internal_count=8064 7796 1120 6676
is_linear=0
shrinkage=0.05


Tree=89
num_leaves=7
num_cat=0
split_feature=3 11 16 3 4 11
split_gain=613230 456927 669047 529908 414341 519805
threshold=32.527562499999938 -0.6913484944011038 0.4483088053971977 -195.50831249999985 -14.767460763888719 -0.48087430661751701
decision_type=2 2 2 2 2 2
left_child=1 2 -1 -3 -2 -6
right_child=4 3 -4 -5 5 -7
leaf_value=1.4822897458961908 -0.47388093884936444 -2.2203499793058095 -0.64094467485739193 -0.37927087095979961 2.20871155203056 0.4502257248520744
leaf_weight=758 646 439 725 3505 602 1389
leaf_count=758 646 439 725 3505 602 1389
internal_value=0.000510883 -0.303417 0.444563 -0.584709 0.625878 0.982764
internal_weight=8064 5427 1483 3944 2637 1991
internal_count=8064 5427 1483 3944 2637 1991
is_linear=0
shrinkage=0.05


Tree=90
num_leaves=7
num_cat=0
split_feature=18 18 4 13 3 17
split_gain=585720 560554 474127 468080 488803 334078
threshold=33.616262499999955 337.92616250000043 -15.174238888888793 0.60818202301879265 -380.93520000000007 63.546787499999489
decision_type=2 2 2 2 2 2
left_child=3 2 -2 4 -1 -5
right_child=1 -3 -4 5 -6 -7
leaf_value=-2.8120394267561224 -0.30339946094413406 -0.56047071915746993 1.3053434568639488 -0.51112127988358658 0.099664782791564058 -2.0924965581868675
leaf_weight=150 611 896 1824 870 3171 542
leaf_count=150 611 896 1824 870 3171 542
internal_value=0.000487982 0.508352 0.901712 -0.356969 -0.0326554 -1.11919
internal_weight=8064 3331 2435 4733 3321 1412
internal_count=8064 3331 2435 4733 3321 1412
is_linear=0
shrinkage=0.05


Tree=91
num_leaves=5
num_cat=0
split_feature=3 17 12 16
split_gain=569174 541909 406950 393346
threshold=179.77131250000005 -6.0808875000000162 0.32136297141497122 0.045302387035561512
decision_type=2 2 2 2
left_child=1 2 -1 -3
right_child=-2 3 -4 -5
leaf_value=0.0023573583859780975 2.3440735876500844 2.0320006802285975 1.1277769455361186 -0.55956363093966111
leaf_weight=2463 250 151 1191 4009
leaf_count=2463 250 151 1191 4009
internal_value=0.000433362 -0.0748391 0.36939 -0.465029
internal_weight=8064 7814 3654 4160
internal_count=8064 7814 3654 4160
is_linear=0
shrinkage=0.05


Tree=92
num_leaves=7
num_cat=0
split_feature=3 15 11 4 16 11
split_gain=553517 554841 2.27096e+06 651767 525553 866750
threshold=-94.906312499999771 5022.7979585069452 0.65918890865110003 73.917099305556135 0.41578525990546539 -0.55543802234893469
decision_type=2 2 2 2 2 2
left_child=4 3 -3 -2 5 -1
right_child=1 2 -4 -5 -6 -7
leaf_value=1.6906313918626257 -0.18938295776092606 6.7895750464437761 -2.0037914911033332 1.0199206377955434 -1.5482950140542737 -1.0815689460744573
leaf_weight=468 4099 145 147 1529 970 706
leaf_count=468 4099 145 147 1529 970 706
internal_value=0.000442366 0.249742 2.37105 0.13928 -0.687719 0.0240314
internal_weight=8064 5920 292 5628 2144 1174
internal_count=8064 5920 292 5628 2144 1174
is_linear=0
shrinkage=0.05


Tree=93
num_leaves=7
num_cat=0
split_feature=3 10 15 1 4 1
split_gain=528516 684573 1.06975e+06 830881 525082 339632
threshold=-195.50831249999985 1.0000000180025095e-35 5022.7979585069452 1.0000000180025095e-35 4.937497916666417 -91.856049999999854
decision_type=2 2 2 2 2 2
left_child=4 3 -3 -2 5 -1
right_child=1 2 -4 -5 -6 -7
leaf_value=-1.4155230203270914 -0.84682555709384 0.5195958759160425 4.5665208263097758 0.37477871488468184 -2.8834426253982661 0.87098207112485582
leaf_weight=339 2129 775 206 4016 289 310
leaf_count=339 2129 775 206 4016 289 310
internal_value=0.000449238 0.147358 1.37319 -0.0485279 -1.11459 -0.323696
internal_weight=8064 7126 981 6145 938 649
internal_count=8064 7126 981 6145 938 649
is_linear=0
shrinkage=0.05


Tree=94
num_leaves=7
num_cat=0
split_feature=18 11 4 18 3 3
split_gain=504805 497171 458506 444113 370434 192265
threshold=33.616262499999955 0.85470842479866238 -15.174238888888793 -777.23000000000013 -137.86158750000001 56.883087500000109
decision_type=2 2 2 2 2 2
left_child=3 2 -2 -1 -5 -3
right_child=1 5 -4 4 -6 -7
leaf_value=1.0414481004628973 -0.31402638476195299 -0.98117613741040055 1.2487938569818382 -1.5331129561331243 -0.28874839476493847 0.66643033880019875
leaf_weight=523 634 653 1802 721 3489 242
leaf_count=523 634 653 1802 721 3489 242
internal_value=0.000434135 0.471915 0.842088 -0.331415 -0.50217 -0.535431
internal_weight=8064 3331 2436 4733 4210 895
internal_count=8064 3331 2436 4733 4210 895
is_linear=0
shrinkage=0.05


Tree=95
num_leaves=7
num_cat=0
split_feature=17 12 1 13 17 15
split_gain=487805 578386 611332 356488 354473 315847
threshold=33.081612500000126 0.19504389580251646 43.7150999999999 0.34202014332566882 -27.919675000001003 4999.2510594618061
decision_type=2 2 2 2 2 2
left_child=1 4 -3 -2 -1 -5
right_child=3 2 -4 5 -6 -7
leaf_value=0.18078915484834288 -0.0228705156487276 0.040958429042287886 1.8414265260159206 -1.4333825265649001 -1.148081606235698 0.47640794460008395
leaf_weight=2178 1940 882 1012 1134 651 267
leaf_count=2178 1940 882 1012 1134 651 267
internal_value=0.000411434 0.32746 1.00345 -0.46188 -0.125304 -1.06934
internal_weight=8064 4723 1894 3341 2829 1401
internal_count=8064 4723 1894 3341 2829 1401
is_linear=0
shrinkage=0.05


Tree=96
num_leaves=5
num_cat=0
split_feature=3 15 11 4
split_gain=489177 615140 2.41727e+06 609339
threshold=-380.93520000000007 5022.7979585069452 -0.36235178784537908 73.917099305556135
decision_type=2 2 2 2
left_child=-1 3 -3 -2
right_child=1 2 -4 -5
leaf_value=-2.0959494672300205 -0.31792409210788269 7.0717141332117137 -0.36779860181144519 0.73193190057789037
leaf_weight=268 5395 150 394 1857
leaf_count=268 5395 150 394 1857
internal_value=0.000390459 0.0727151 1.69275 -0.0490265
internal_weight=8064 7796 544 7252
internal_count=8064 7796 544 7252
is_linear=0
shrinkage=0.05


Tree=97
num_leaves=5
num_cat=0
split_feature=3 18 18 3
split_gain=479449 457583 709532 450130
threshold=179.77131250000005 -41.567500000000557 -205.37673750000064 -195.50831249999985
decision_type=2 2 2 2
left_child=1 2 -1 -3
right_child=-2 3 -4 -5
leaf_value=0.41406007086656338 2.1513996511341569 -1.1193077854825619 -1.19154530712356 0.39483225805557876
leaf_weight=1125 250 552 1769 4368
leaf_count=1125 250 552 1769 4368
internal_value=0.000402069 -0.0686831 -0.567462 0.22476
internal_weight=8064 7814 2894 4920
internal_count=8064 7814 2894 4920
is_linear=0
shrinkage=0.05


Tree=98
num_leaves=7
num_cat=0
split_feature=10 1 4 15 15 1
split_gain=444140 994426 576487 2.06391e+06 494890 367375
threshold=1.0000000180025095e-35 -91.856049999999854 344.03370173611103 5022.7979585069452 3004.5797192708337 -318.59684999999939
decision_type=2 2 2 2 2 2
left_child=1 5 3 -2 -3 -1
right_child=2 4 -4 -5 -6 -7
leaf_value=-3.2861980908446839 0.40497148818427942 -1.4543807150537356 -2.0407301663093529 6.8519882416725153 0.31023389176402255 -0.97611562795099305
leaf_weight=197 864 431 144 144 4951 1333
leaf_count=197 864 431 144 144 4951 1333
internal_value=0.000385995 -0.151138 0.908875 1.33185 0.168677 -1.27551
internal_weight=8064 6912 1152 1008 5382 1530
internal_count=8064 6912 1152 1008 5382 1530
is_linear=0
shrinkage=0.05


Tree=99
num_leaves=7
num_cat=0
split_feature=12 4 11 15 3 1
split_gain=439948 724732 1.44532e+06 1.11658e+06 494780 406074
threshold=-0.36235178784537897 73.917099305556135 0.51864980417341211 5022.7979585069452 -109.31056249999982 -264.68035000000049
decision_type=2 2 2 2 2 2
left_child=4 3 -3 -2 5 -1
right_child=1 2 -4 -5 -6 -7
leaf_value=-4.1184431434085926 -0.33815604781997899 2.6092474259711214 -0.93700777121004397 2.6019675633194401 -0.18606738453812874 -0.99658978238053941
leaf_weight=145 3382 798 448 356 2568 367
leaf_count=145 3382 798 448 356 2568 367
internal_value=0.000365513 0.290671 1.33446 -0.0575233 -0.469343 -1.88701
internal_weight=8064 4984 1246 3738 3080 512
internal_count=8064 4984 1246 3738 3080 512
is_linear=0
shrinkage=0.05


end of trees

feature_importances:
Column_3=158
Column_11=77
Column_4=65
Column_15=62
Column_1=61
Column_12=28
Column_18=24
Column_16=23
Column_17=22
Column_2=18
Column_0=12
Column_10=9
Column_8=7
Column_13=2

parameters:
[boosting: gbdt]
[objective: regression]
[metric: l2]
[tree_learner: serial]
[device_type: cpu]
[data_sample_strategy: bagging]
[data: ]
[valid: ]
[num_iterations: 100]
[learning_rate: 0.05]
[num_leaves: 7]
[num_threads: 1]
[seed: 20250911]
[deterministic: 1]
[force_col_wise: 1]
[force_row_wise: 0]
[histogram_pool_size: -1]
[max_depth: 3]
[min_data_in_leaf: 144]
[min_sum_hessian_in_leaf: 0.001]
[bagging_fraction: 1]
[pos_bagging_fraction: 1]
[neg_bagging_fraction: 1]
[bagging_freq: 0]
[bagging_seed: 20250911]
[bagging_by_query: 0]
[feature_fraction: 1]
[feature_fraction_bynode: 1]
[feature_fraction_seed: 20250911]
[extra_trees: 0]
[extra_seed: 26685]
[early_stopping_round: 0]
[early_stopping_min_delta: 0]
[first_metric_only: 0]
[max_delta_step: 0]
[lambda_l1: 0]
[lambda_l2: 1]
[linear_lambda: 0]
[min_gain_to_split: 0]
[drop_rate: 0.1]
[max_drop: 50]
[skip_drop: 0.5]
[xgboost_dart_mode: 0]
[uniform_drop: 0]
[drop_seed: 2504]
[top_rate: 0.2]
[other_rate: 0.1]
[min_data_per_group: 100]
[max_cat_threshold: 32]
[cat_l2: 10]
[cat_smooth: 10]
[max_cat_to_onehot: 4]
[top_k: 20]
[monotone_constraints: ]
[monotone_constraints_method: basic]
[monotone_penalty: 0]
[feature_contri: ]
[forcedsplits_filename: ]
[refit_decay_rate: 0.9]
[cegb_tradeoff: 1]
[cegb_penalty_split: 0]
[cegb_penalty_feature_lazy: ]
[cegb_penalty_feature_coupled: ]
[path_smooth: 0]
[interaction_constraints: ]
[verbosity: -1]
[saved_feature_importance_type: 0]
[use_quantized_grad: 0]
[num_grad_quant_bins: 4]
[quant_train_renew_leaf: 0]
[stochastic_rounding: 1]
[linear_tree: 0]
[max_bin: 63]
[max_bin_by_feature: ]
[min_data_in_bin: 3]
[bin_construct_sample_cnt: 200000]
[data_random_seed: 20250911]
[is_enable_sparse: 1]
[enable_bundle: 1]
[use_missing: 1]
[zero_as_missing: 0]
[feature_pre_filter: 0]
[pre_partition: 0]
[two_round: 0]
[header: 0]
[label_column: ]
[weight_column: ]
[group_column: ]
[ignore_column: ]
[categorical_feature: ]
[forcedbins_filename: ]
[precise_float_parser: 0]
[parser_config_file: ]
[objective_seed: 19683]
[num_class: 1]
[is_unbalance: 0]
[scale_pos_weight: 1]
[sigmoid: 1]
[boost_from_average: 1]
[reg_sqrt: 0]
[alpha: 0.9]
[fair_c: 1]
[poisson_max_delta_step: 0.7]
[tweedie_variance_power: 1.5]
[lambdarank_truncation_level: 30]
[lambdarank_norm: 1]
[label_gain: ]
[lambdarank_position_bias_regularization: 0]
[eval_at: ]
[multi_error_top_k: 1]
[auc_mu_weights: ]
[num_machines: 1]
[local_listen_port: 12400]
[time_out: 120]
[machine_list_filename: ]
[machines: ]
[gpu_platform_id: -1]
[gpu_device_id: -1]
[gpu_device_id_list: ]
[gpu_use_dp: 0]
[num_gpu: 1]

end of parameters

pandas_categorical:null
