tree
version=v4
num_class=1
num_tree_per_iteration=1
label_index=0
max_feature_idx=18
objective=regression
feature_names=Column_0 Column_1 Column_2 Column_3 Column_4 Column_5 Column_6 Column_7 Column_8 Column_9 Column_10 Column_11 Column_12 Column_13 Column_14 Column_15 Column_16 Column_17 Column_18
feature_infos=[2052.4099999999999:7507.0587999999998] [-3916.2383999999997:4255.5460000000003] [-673.73999999999978:930.5654999999997] [-703.35500000000002:333.71499999999924] [-64.518832638888853:339.08788749999985] [0:1] [0:1] [0:1] [0:1] [0:1] [0:1] [-1:1] [-1:1] [-1:1] [-1:1] [2994.4235696180554:5129.4233362847226] [0:1] [-2143.0923750000002:2110.2798499999999] [-4344.497400000002:4297.4548500000001]
tree_sizes=755 765 766 765 765 767 766 760 761 765 764 767 766 766 763 770 768 760 768 769 765 762 772 756 772 767 760 779 770 771 764 767 770 767 776 767 770 761 772 767 767 772 770 751 764 760 763 760 762 755 776 768 755 746 767 759 749 744 742 756 751 759 748 749 760 748 749 749 748 753 663 744 761 588 667 665 750 753 750 747 589 586 751 593 745 744 745 751 587 746 753 749 589 592 753 750 747 753 754 666

Tree=0
num_leaves=7
num_cat=0
split_feature=4 3 1 3 11 10
split_gain=5.60428e+07 3.46858e+07 1.84922e+07 6.87124e+06 6.83232e+06 4.94877e+06
threshold=154.70986180555613 -13.893387500000697 283.21560000000005 72.952375000000089 0.065387565056497135 1.0000000180025095e-35
decision_type=2 2 2 2 2 2
left_child=1 -1 5 -3 -4 -2
right_child=2 3 4 -5 -6 -7
leaf_value=30.134065806198858 36.91630082111147 35.347356786941404 44.739624731724987 40.222891222319411 57.799478679790667 47.656922118997898
leaf_weight=3993 414 1896 155 1167 295 144
leaf_count=3993 414 1896 155 1167 295 144
internal_value=34.7799 33.2039 45.802 37.2061 53.3331 39.7062
internal_weight=8064 7056 1008 3063 450 558
internal_count=8064 7056 1008 3063 450 558
is_linear=0
shrinkage=1


Tree=1
num_leaves=7
num_cat=0
split_feature=4 3 11 3 3 3
split_gain=5.05987e+07 3.14982e+07 1.67542e+07 1.20599e+07 6.94547e+06 3.50516e+06
threshold=154.70986180555613 24.293712500000087 -0.1950438958025166 -99.643562499999675 -82.694412499999757 109.93072499999973
decision_type=2 2 2 2 2 2
left_child=1 4 -2 -4 -1 -3
right_child=2 5 3 -5 -6 -7
leaf_value=-5.6538277614324626 3.1533012157331362 2.2266618211925771 3.7362743474999256 20.437596946184954 -1.8847653918952858 6.6455577511138619
leaf_weight=2378 441 1525 146 421 2517 636
leaf_count=2378 441 1525 146 421 2517 636
internal_value=0.000306026 -1.49712 10.4734 16.1512 -3.71656 3.52965
internal_weight=8064 7056 1008 567 4895 2161
internal_count=8064 7056 1008 567 4895 2161
is_linear=0
shrinkage=0.05


Tree=2
num_leaves=7
num_cat=0
split_feature=4 3 1 11 3 10
split_gain=4.56761e+07 2.85449e+07 1.57574e+07 5.92591e+06 5.73967e+06 4.79162e+06
threshold=154.70986180555613 -13.893387500000697 249.53254999999993 0.21643961393810304 49.165712499999707 1.0000000180025095e-35
decision_type=2 2 2 2 2 2
left_child=1 -1 5 -4 -3 -2
right_child=2 4 3 -5 -6 -7
leaf_value=-4.2071474189289146 0.99620903985896669 -0.067274220574872354 9.7401620224792165 21.078155557258981 4.2662740287863556 11.678927247688689
leaf_weight=3993 381 1455 198 285 1608 144
leaf_count=3993 381 1455 198 285 1608 144
internal_value=0.00046843 -1.42226 9.95108 16.46 2.20838 3.94296
internal_weight=8064 7056 1008 483 3063 525
internal_count=8064 7056 1008 483 3063 525
is_linear=0
shrinkage=0.05


Tree=3
num_leaves=7
num_cat=0
split_feature=4 3 1 3 11 10
split_gain=4.12391e+07 2.58375e+07 1.42479e+07 5.28437e+06 5.19015e+06 3.82922e+06
threshold=154.70986180555613 14.249574999999597 283.21560000000005 -82.694412499999757 0.21643961393810304 1.0000000180025095e-35
decision_type=2 2 2 2 2 2
left_child=1 3 5 -1 -4 -2
right_child=2 -3 4 -5 -6 -7
leaf_value=-5.1609863359695627 1.652036139485707 2.8903768730784591 9.3792950519008773 -1.7983179931658442 20.432203243409887 11.099008379619697
leaf_weight=2378 414 2379 179 2299 271 144
leaf_count=2378 414 2379 179 2299 271 144
internal_value=0.00071453 -1.35114 9.45568 -3.50879 16.0661 4.10546
internal_weight=8064 7056 1008 4677 450 558
internal_count=8064 7056 1008 4677 450 558
is_linear=0
shrinkage=0.05


Tree=4
num_leaves=7
num_cat=0
split_feature=4 3 11 3 3 1
split_gain=3.72338e+07 2.34328e+07 1.3166e+07 9.78529e+06 5.15571e+06 3.03347e+06
threshold=154.70986180555613 -13.893387500000697 -0.1950438958025166 -99.643562499999675 87.038350000000051 37.432099999999998
decision_type=2 2 2 2 2 2
left_child=1 5 -2 -4 -3 -1
right_child=2 4 3 -5 -6 -7
leaf_value=-4.7246272165978542 2.4967848324815307 0.62540480494101969 2.8394381218216047 17.878900732163569 5.0538822156034842 -1.7357417682580143
leaf_weight=2766 441 2109 146 421 954 1227
leaf_count=2766 441 2109 146 421 954 1227
internal_value=0.000917503 -1.28362 8.98501 14.0181 2.00589 -3.80684
internal_weight=8064 7056 1008 567 3063 3993
internal_count=8064 7056 1008 567 3063 3993
is_linear=0
shrinkage=0.05


Tree=5
num_leaves=7
num_cat=0
split_feature=4 3 1 3 11 10
split_gain=3.36115e+07 2.13819e+07 1.22667e+07 5.1147e+06 4.77973e+06 4.06566e+06
threshold=154.70986180555613 24.293712500000087 225.15974999999983 -77.673624999999433 -0.15208718494349127 1.0000000180025095e-35
decision_type=2 2 2 2 2 2
left_child=1 3 5 -1 -4 -2
right_child=2 -3 4 -5 -6 -7
leaf_value=-4.6315734786141789 0.14627792282236948 2.9221681848443204 6.2730852426331616 -1.3979347863697718 17.104380115751404 10.066872831213063
leaf_weight=2497 359 2161 144 2398 361 144
leaf_count=2497 359 2161 144 2398 361 144
internal_value=0.00101067 -1.21944 8.53691 -3.04806 14.0344 3.00071
internal_weight=8064 7056 1008 4895 505 503
internal_count=8064 7056 1008 4895 505 503
is_linear=0
shrinkage=0.05


Tree=6
num_leaves=7
num_cat=0
split_feature=4 3 1 3 11 10
split_gain=3.03454e+07 1.93039e+07 1.10734e+07 5.83493e+06 4.31385e+06 3.67194e+06
threshold=154.70986180555613 44.181937499999783 225.15974999999983 -57.50794999999993 -0.15208718494349127 1.0000000180025095e-35
decision_type=2 2 2 2 2 2
left_child=1 3 5 -1 -4 -2
right_child=2 -3 4 -5 -6 -7
leaf_value=-4.1195037346472594 0.13898432946039571 3.4500706392970999 5.9615940172918913 -0.7923475777097424 16.251523890560339 9.567000192198261
leaf_weight=2967 359 1718 144 2371 361 144
leaf_count=2967 359 1718 144 2371 361 144
internal_value=0.00114917 -1.15849 8.11173 -2.64209 13.3349 2.85169
internal_weight=8064 7056 1008 5338 505 503
internal_count=8064 7056 1008 5338 505 503
is_linear=0
shrinkage=0.05


Tree=7
num_leaves=7
num_cat=0
split_feature=4 3 11 3 3 3
split_gain=2.73966e+07 1.75212e+07 1.00805e+07 7.52628e+06 4.29335e+06 3.2438e+06
threshold=154.70986180555613 -13.893387500000697 1.0000000180025095e-35 -62.42653749999976 101.71990000000007 18.82456249999996
decision_type=2 2 2 2 2 2
left_child=1 -1 5 -4 -3 -2
right_child=2 4 3 -5 -6 -7
leaf_value=-3.2824330480367041 -0.76285340072779828 0.68931016507492493 4.5051007719587659 17.26588382949064 5.0667325588321788 7.3344642402535234
leaf_weight=3993 289 2326 181 323 737 215
leaf_count=3993 289 2326 181 323 737 215
internal_value=0.00128051 -1.10058 7.70772 12.7011 1.74389 2.69904
internal_weight=8064 7056 1008 504 3063 504
internal_count=8064 7056 1008 504 3063 504
is_linear=0
shrinkage=0.05


Tree=8
num_leaves=7
num_cat=0
split_feature=4 3 1 3 11 3
split_gain=2.47337e+07 1.60087e+07 9.41081e+06 4.10435e+06 3.64212e+06 3.20994e+06
threshold=154.70986180555613 24.293712500000087 249.53254999999993 -87.755725000000197 0.40265084705289472 18.82456249999996
decision_type=2 2 2 2 2 2
left_child=1 3 5 -1 -4 -2
right_child=2 -3 4 -5 -6 -7
leaf_value=-4.1913950216876286 0.0057971526819351332 2.5381076444817445 7.8405111838005865 -1.2867420004280961 16.581576135895219 8.3833327256143093
leaf_weight=2259 358 2161 235 2636 248 167
leaf_count=2259 358 2161 235 2636 248 167
internal_value=0.0014075 -1.04553 7.32374 -2.6278 12.3537 2.68152
internal_weight=8064 7056 1008 4895 483 525
internal_count=8064 7056 1008 4895 483 525
is_linear=0
shrinkage=0.05


Tree=9
num_leaves=7
num_cat=0
split_feature=4 3 15 11 3 3
split_gain=2.23314e+07 1.46577e+07 8.82783e+06 1.06214e+07 4.50768e+06 1.60797e+06
threshold=154.70986180555613 44.181937499999783 4988.4451178819463 -0.2376293295203116 -87.755725000000197 120.02831249999964
decision_type=2 2 2 2 2 2
left_child=1 4 3 -2 -1 -3
right_child=2 5 -4 -5 -6 -7
leaf_value=-3.9819178519318856 2.3916376803648896 1.9965948912647464 -4.4774410765335473 13.61384724708263 -1.0409632985151143 5.3079179884263681
leaf_weight=2259 366 1187 144 498 3079 531
leaf_count=2259 366 1187 144 498 3079 531
internal_value=0.00152234 -0.993274 6.95918 8.86826 -2.28607 3.02255
internal_weight=8064 7056 1008 864 5338 1718
internal_count=8064 7056 1008 864 5338 1718
is_linear=0
shrinkage=0.05


Tree=10
num_leaves=7
num_cat=0
split_feature=3 4 2 11 1 3
split_gain=2.04048e+07 1.21069e+07 7.79509e+06 5.53755e+06 4.05944e+06 2.66341e+06
threshold=9.3532624999993477 154.70986180555613 410.93649999999985 -0.40265084705289461 37.432099999999998 109.93072499999973
decision_type=2 2 2 2 2 2
left_child=2 5 4 -3 -1 -2
right_child=1 3 -4 -5 -6 -7
leaf_value=-3.3547386451448888 1.020105591079596 4.4555507779752137 6.9600625127176698 15.826449082679455 -0.31353980170860218 4.7687882596214584
leaf_weight=3241 1853 188 236 251 1659 636
leaf_count=3241 1853 188 236 251 1659 636
internal_value=0.00153183 3.33198 -1.89741 10.9781 -2.32535 1.97952
internal_weight=8064 2928 5136 439 4900 2489
internal_count=8064 2928 5136 439 4900 2489
is_linear=0
shrinkage=0.05


Tree=11
num_leaves=7
num_cat=0
split_feature=3 2 3 1 8 3
split_gain=1.8764e+07 1.53619e+07 5.67055e+06 4.12946e+06 3.16368e+06 971308
threshold=-47.912499999999675 360.18175000000048 72.952375000000089 37.432099999999998 1.0000000180025095e-35 -382.42164999999972
decision_type=2 2 2 2 2 2
left_child=3 2 -2 5 -5 -1
right_child=1 -3 -4 4 -6 -7
leaf_value=-7.2136816076934345 0.15649972583767902 13.279101262072039 4.1297943561109722 2.0585395520381584 -3.2933494911531072 -3.5656332348677786
leaf_weight=199 2914 289 1297 651 478 2236
leaf_count=199 2914 289 1297 651 478 2236
internal_value=0.00163728 2.14788 1.38098 -2.70811 -0.208271 -3.86661
internal_weight=8064 4500 4211 3564 1129 2435
internal_count=8064 4500 4211 3564 1129 2435
is_linear=0
shrinkage=0.05


Tree=12
num_leaves=7
num_cat=0
split_feature=4 3 15 11 3 1
split_gain=1.75073e+07 1.11382e+07 7.30461e+06 8.56027e+06 3.09297e+06 1.957e+06
threshold=154.70986180555613 -28.132399999999958 4988.4451178819463 -0.2376293295203116 101.71990000000007 37.432099999999998
decision_type=2 2 2 2 2 2
left_child=1 5 3 -2 -3 -1
right_child=2 4 -4 -5 -6 -7
leaf_value=-3.5610812043416185 2.0845760331004453 0.38475333145374874 -4.2404200703522257 12.159014599834512 4.0420713021745529 -1.0407345237122898
leaf_weight=2544 366 2669 144 498 737 1106
leaf_count=2544 366 2669 144 498 737 1106
internal_value=0.00158983 -0.879227 6.16207 7.89871 1.17709 -2.79788
internal_weight=8064 7056 1008 864 3406 3650
internal_count=8064 7056 1008 864 3406 3650
is_linear=0
shrinkage=0.05


Tree=13
num_leaves=7
num_cat=0
split_feature=4 3 15 11 3 3
split_gain=1.58026e+07 1.01376e+07 6.59503e+06 7.80879e+06 3.32575e+06 1.15524e+06
threshold=154.70986180555613 44.181937499999783 4988.4451178819463 0.21643961393810304 -87.755725000000197 142.12791250000012
decision_type=2 2 2 2 2 2
left_child=1 4 3 -2 -1 -3
right_child=2 5 -4 -5 -6 -7
leaf_value=-3.3670457645736436 3.3601425155483442 1.8839937131604623 -4.0298612781228691 12.962279391416596 -0.84094152891258533 5.2215358677702639
leaf_weight=2259 492 1400 144 372 3079 318
leaf_count=2259 492 1400 144 372 3079 318
internal_value=0.00157128 -0.835267 5.85446 7.5046 -1.9104 2.50445
internal_weight=8064 7056 1008 864 5338 1718
internal_count=8064 7056 1008 864 5338 1718
is_linear=0
shrinkage=0.05


Tree=14
num_leaves=7
num_cat=0
split_feature=3 4 2 3 11 3
split_gain=1.44591e+07 7.23138e+06 7.08701e+06 3.92178e+06 3.27733e+06 1.1322e+06
threshold=38.767500000000389 154.70986180555613 410.93649999999985 -82.694412499999757 -0.40265084705289461 142.12791250000012
decision_type=2 2 2 2 2 2
left_child=2 5 3 -1 -3 -2
right_child=1 4 -4 -5 -6 -7
leaf_value=-3.1249363304235347 1.6792379468329408 4.500791266744268 6.6657203169678567 -0.47206835497801913 14.49197946867177 4.9612772860380367
leaf_weight=2516 1505 145 267 3121 192 318
leaf_count=2516 1505 145 267 3121 192 318
internal_value=0.00158689 3.50099 -1.27906 -1.65648 10.2191 2.25416
internal_weight=8064 2160 5904 5637 337 1823
internal_count=8064 2160 5904 5637 337 1823
is_linear=0
shrinkage=0.05


Tree=15
num_leaves=7
num_cat=0
split_feature=3 2 1 3 8 3
split_gain=1.32475e+07 1.02836e+07 3.6709e+06 3.28439e+06 3.10937e+06 1.03245e+06
threshold=-28.132399999999958 410.93649999999985 37.432099999999998 72.952375000000089 1.0000000180025095e-35 -87.755725000000197
decision_type=2 2 2 2 2 2
left_child=2 3 5 -2 -4 -1
right_child=1 -3 4 -5 -6 -7
leaf_value=-3.7800055762057592 0.41604105048802736 13.537078566576845 2.1205894179702511 3.5050432676874927 -2.7258204646501198 -1.7484358133927203
leaf_weight=1751 2466 185 802 1321 562 977
leaf_count=1751 2466 185 802 1321 562 977
internal_value=0.00168549 2.05838 -1.99471 1.4942 0.123221 -3.05333
internal_weight=8064 3972 4092 3787 1364 2728
internal_count=8064 3972 4092 3787 1364 2728
is_linear=0
shrinkage=0.05


Tree=16
num_leaves=7
num_cat=0
split_feature=4 3 15 11 3 1
split_gain=1.25088e+07 7.55834e+06 5.5183e+06 6.46342e+06 2.18713e+06 1.63817e+06
threshold=154.70986180555613 -28.132399999999958 4988.4451178819463 -0.2376293295203116 109.93072499999973 -160.50774999999973
decision_type=2 2 2 2 2 2
left_child=1 5 3 -2 -3 -1
right_child=2 4 -4 -5 -6 -7
leaf_value=-3.8188848009940664 1.6668338301477381 0.34343128033958376 -3.8318954693140657 10.420339889387659 3.5928456753281823 -1.5722139231875574
leaf_weight=1219 366 2770 144 498 636 2431
leaf_count=1219 366 2770 144 498 636 2431
internal_value=0.0016714 -0.742861 5.20897 6.71847 0.951069 -2.32338
internal_weight=8064 7056 1008 864 3406 3650
internal_count=8064 7056 1008 864 3406 3650
is_linear=0
shrinkage=0.05


Tree=17
num_leaves=7
num_cat=0
split_feature=4 3 15 11 1 3
split_gain=1.12908e+07 6.94955e+06 4.98228e+06 5.94242e+06 2.21679e+06 874538
threshold=154.70986180555613 44.181937499999783 4988.4451178819463 0.21643961393810304 37.432099999999998 161.63051249999992
decision_type=2 2 2 2 2 2
left_child=1 4 3 -2 -1 -3
right_child=2 5 -4 -5 -6 -7
leaf_value=-2.3451663321078171 2.7682804801858372 1.6283004461514818 -3.6416220527681809 11.144090787255413 -0.21040052431926132 5.020496049331963
leaf_weight=3464 492 1501 144 372 1874 217
leaf_count=3464 492 1501 144 372 1874 217
internal_value=0.00163001 -0.705729 4.94893 6.38325 -1.5959 2.05944
internal_weight=8064 7056 1008 864 5338 1718
internal_count=8064 7056 1008 864 5338 1718
is_linear=0
shrinkage=0.05


Tree=18
num_leaves=7
num_cat=0
split_feature=3 4 11 1 8 3
split_gain=1.04406e+07 8.96921e+06 4.82991e+06 2.33993e+06 2.311e+06 2.06919e+06
threshold=-47.912499999999675 154.70986180555613 0.48087430661751701 37.432099999999998 1.0000000180025095e-35 49.165712499999707
decision_type=2 2 2 2 2 2
left_child=3 5 -3 -1 -5 -2
right_child=1 2 -4 4 -6 -7
leaf_value=-2.8917194864278155 -0.28776682554211502 4.1573037725703772 13.547436005925414 1.7994628274230504 -2.7746913658987755 2.0603394663014618
leaf_weight=2435 2250 444 198 651 478 1608
leaf_count=2435 2250 444 198 651 478 1608
internal_value=0.00163756 1.60259 7.06989 -2.01965 -0.1379 0.691195
internal_weight=8064 4500 642 3564 1129 3858
internal_count=8064 4500 642 3564 1129 3858
is_linear=0
shrinkage=0.05


Tree=19
num_leaves=7
num_cat=0
split_feature=3 4 12 2 1 1
split_gain=9.44239e+06 6.68599e+06 3.39147e+06 3.14658e+06 1.76975e+06 1.396e+06
threshold=-4.4224999999998991 154.70986180555613 -0.32136297141497067 410.93649999999985 48.078199999999931 79.110000000000142
decision_type=2 2 2 2 2 2
left_child=3 5 -3 4 -1 -2
right_child=1 2 -4 -5 -6 -7
leaf_value=-2.3818496218275911 -0.015335168708830678 13.096942680242449 4.3676960686842596 4.3716047105634166 -0.25190733404894239 2.2078359655597555
leaf_weight=3105 1393 171 320 222 1422 1431
leaf_count=3105 1393 171 320 222 1422 1431
internal_value=0.00165248 2.04914 7.42826 -1.42771 -1.71301 1.11159
internal_weight=8064 3315 491 4749 4527 2824
internal_count=8064 3315 491 4749 4527 2824
is_linear=0
shrinkage=0.05


Tree=20
num_leaves=7
num_cat=0
split_feature=3 2 3 1 8 15
split_gain=8.7145e+06 7.55655e+06 2.64975e+06 1.92286e+06 2.07185e+06 969710
threshold=-47.912499999999675 410.93649999999985 94.139899999999685 37.432099999999998 1.0000000180025095e-35 4910.2276512152785
decision_type=2 2 2 2 2 2
left_child=3 2 -2 5 -5 -1
right_child=1 -3 -4 4 -6 -7
leaf_value=-3.6729532087022911 0.33914851765267207 10.634116080431182 3.3221442882534862 1.6952728343030519 -2.6357430059128366 -1.673807376755114
leaf_weight=1170 3329 213 958 651 478 1265
leaf_count=1170 3329 213 958 651 478 1265
internal_value=0.00170247 1.46434 1.00637 -1.84496 -0.139118 -2.6355
internal_weight=8064 4500 4287 3564 1129 2435
internal_count=8064 4500 4287 3564 1129 2435
is_linear=0
shrinkage=0.05


Tree=21
num_leaves=7
num_cat=0
split_feature=4 3 15 11 3 18
split_gain=8.01838e+06 4.81023e+06 3.97249e+06 4.8186e+06 1.77406e+06 764747
threshold=154.70986180555613 44.181937499999783 4988.4451178819463 -0.2376293295203116 -87.755725000000197 35.284874999999836
decision_type=2 2 2 2 2 2
left_child=1 4 3 -2 -1 -3
right_child=2 5 -4 -5 -6 -7
leaf_value=-2.3988941823662286 1.0910330267952963 0.80337914258196685 -3.4988705549157899 8.6478798180878282 -0.55395576225568743 2.9396763529197489
leaf_weight=2259 366 993 144 498 3079 725
leaf_count=2259 366 993 144 498 3079 725
internal_value=0.00166698 -0.594434 4.17083 5.45168 -1.33502 1.70609
internal_weight=8064 7056 1008 864 5338 1718
internal_count=8064 7056 1008 864 5338 1718
is_linear=0
shrinkage=0.05


Tree=22
num_leaves=7
num_cat=0
split_feature=1 8 1 3 2 15
split_gain=7.50956e+06 5.65349e+06 3.98755e+06 2.85344e+06 1.49495e+06 1.20754e+06
threshold=115.85684999999991 1.0000000180025095e-35 398.97024999999991 -67.815537500000332 243.53474999999983 4910.2276512152785
decision_type=2 2 2 2 2 2
left_child=3 2 -2 -1 -3 -5
right_child=1 4 -4 5 -6 -7
leaf_value=-2.4059382907330331 2.9166602722615771 -1.3153381789664007 9.7314406321655351 -0.73128475615869659 3.9794793311651655 1.4878477452514209
leaf_weight=2351 1399 992 253 2041 153 875
leaf_count=2351 1399 992 253 2041 153 875
internal_value=0.00162723 2.095 3.96558 -1.11023 -0.604966 -0.065111
internal_weight=8064 2797 1652 5267 1145 2916
internal_count=8064 2797 1652 5267 1145 2916
is_linear=0
shrinkage=0.05


Tree=23
num_leaves=7
num_cat=0
split_feature=3 4 2 18 16 3
split_gain=6.88077e+06 3.98337e+06 3.2046e+06 1.92206e+06 1.85203e+06 756181
threshold=38.767500000000389 154.70986180555613 410.93649999999985 5.53687500000001 0.45579176232340296 161.63051249999992
decision_type=2 2 2 2 2 2
left_child=2 5 3 -1 -3 -2
right_child=1 4 -4 -5 -6 -7
leaf_value=-2.0490240183570965 1.1144945088394367 3.9271386443258645 4.460619269658241 -0.20245855991484923 11.382270135127815 4.2545185426455161
leaf_weight=2848 1606 181 267 2789 156 217
leaf_count=2848 1606 181 267 2789 156 217
internal_value=0.00163057 2.41566 -0.881809 -1.1356 7.40164 1.49039
internal_weight=8064 2160 5904 5637 337 1823
internal_count=8064 2160 5904 5637 337 1823
is_linear=0
shrinkage=0.05


Tree=24
num_leaves=7
num_cat=0
split_feature=1 8 1 3 2 4
split_gain=6.47094e+06 4.9377e+06 3.40334e+06 2.47217e+06 1.27322e+06 1.23475e+06
threshold=115.85684999999991 1.0000000180025095e-35 335.88259999999997 -77.673624999999433 243.53474999999983 299.44270312499981
decision_type=2 2 2 2 2 2
left_child=3 2 -2 -1 -3 -5
right_child=1 4 -4 5 -6 -7
leaf_value=-2.3368554408400333 2.4490447158876218 -1.2339001208843903 7.8399457983770393 -0.35633887982159934 3.6525232246363317 4.2784489400734174
leaf_weight=2145 1272 992 380 2972 153 150
leaf_count=2145 1272 992 380 2972 153 150
internal_value=0.00169096 1.94492 3.69308 -1.03042 -0.578337 -0.132357
internal_weight=8064 2797 1652 5267 1145 3122
internal_count=8064 2797 1652 5267 1145 3122
is_linear=0
shrinkage=0.05


Tree=25
num_leaves=7
num_cat=0
split_feature=3 4 11 11 4 18
split_gain=5.90878e+06 5.07579e+06 3.48559e+06 1.582e+06 1.71243e+06 1.36456e+06
threshold=-42.920762500000357 154.70986180555613 0.40265084705289472 -0.59116893267988335 299.44270312499981 29.840074999999846
decision_type=2 2 2 2 2 2
left_child=3 5 -3 -1 -5 -2
right_child=1 2 -4 4 -6 -7
leaf_value=-3.2823478422656152 -0.26888051801655427 2.7657252599482964 10.715990322369796 -1.1727521514677972 4.3370454441781012 1.6595958844978149
leaf_weight=907 2151 412 207 2641 148 1598
leaf_count=907 2151 412 207 2641 148 1598
internal_value=0.001695 1.24656 5.43737 -1.46945 -0.878922 0.55335
internal_weight=8064 4368 619 3696 2789 3749
internal_count=8064 4368 619 3696 2789 3749
is_linear=0
shrinkage=0.05


Tree=26
num_leaves=7
num_cat=0
split_feature=3 4 2 1 16 3
split_gain=5.55615e+06 2.94197e+06 2.87887e+06 1.70514e+06 1.53081e+06 590539
threshold=49.165712499999707 154.70986180555613 410.93649999999985 37.432099999999998 0.35855882300646391 161.63051249999992
decision_type=2 2 2 2 2 2
left_child=2 5 3 -1 -3 -2
right_child=1 4 -4 -5 -6 -7
leaf_value=-1.6191022323818123 1.1339404247846188 3.4084113080780227 4.1617309343472177 0.14586152731445681 10.611472630994074 3.9348303097992314
leaf_weight=3703 1391 153 286 2170 144 217
leaf_count=3703 1391 153 286 2170 144 217
internal_value=0.00170173 2.36086 -0.728259 -0.967056 6.92469 1.51413
internal_weight=8064 1905 6159 5873 297 1608
internal_count=8064 1905 6159 5873 297 1608
is_linear=0
shrinkage=0.05


Tree=27
num_leaves=7
num_cat=0
split_feature=1 8 1 3 15 3
split_gain=5.12653e+06 4.20939e+06 2.68036e+06 1.98302e+06 1.27976e+06 1.14176e+06
threshold=115.85684999999991 1.0000000180025095e-35 335.88259999999997 -87.755725000000197 4910.2276512152785 -33.231037499999722
decision_type=2 2 2 2 2 2
left_child=3 2 -2 -1 -5 -3
right_child=1 5 -4 4 -6 -7
leaf_value=-2.1864526723635249 2.2413789105293609 -2.2587741804213319 7.0256980762315866 -0.82366667575386254 1.3077485985877251 0.90065569609821017
leaf_weight=1941 1272 543 380 2315 1011 602
leaf_count=1941 1272 543 380 2315 1011 602
internal_value=0.00175165 1.73138 3.34547 -0.916906 -0.175585 -0.598323
internal_weight=8064 2797 1652 5267 3326 1145
internal_count=8064 2797 1652 5267 3326 1145
is_linear=0
shrinkage=0.05


Tree=28
num_leaves=7
num_cat=0
split_feature=3 4 12 18 16 1
split_gain=4.71164e+06 3.20815e+06 1.89066e+06 1.73722e+06 1.57896e+06 1.0149e+06
threshold=14.249574999999597 154.70986180555613 -0.32136297141497067 88.010375000000082 0.45579176232340296 115.85684999999991
decision_type=2 2 2 2 2 2
left_child=3 -2 -3 4 -1 -5
right_child=1 2 -4 5 -6 -7
leaf_value=-2.6203453476375067 0.94537492030456738 10.211458811103897 3.189632801907341 -0.25276991457535863 -0.5467997446654882 2.6280886004581339
leaf_weight=1646 2379 148 273 1123 2076 419
leaf_count=1646 2379 148 273 1123 2076 419
internal_value=0.00170255 1.6585 5.67646 -0.87972 -1.46425 0.531227
internal_weight=8064 2800 421 5264 3722 1542
internal_count=8064 2800 421 5264 3722 1542
is_linear=0
shrinkage=0.05


Tree=29
num_leaves=7
num_cat=0
split_feature=1 8 1 3 15 3
split_gain=4.42658e+06 2.93197e+06 2.91514e+06 1.61295e+06 1.08941e+06 990616
threshold=79.110000000000142 1.0000000180025095e-35 283.21560000000005 -99.643562499999675 4910.2276512152785 -33.231037499999722
decision_type=2 2 2 2 2 2
left_child=3 2 -2 -1 -5 -3
right_child=1 5 -4 4 -6 -7
leaf_value=-2.2031527673516478 1.4995227920991523 -2.1169460556825954 5.873326251102891 -0.90396329883754523 1.0877424540616558 0.82479270562708429
leaf_weight=1671 1528 543 507 2219 993 603
leaf_count=1671 1528 543 507 2219 993 603
internal_value=0.00170146 1.45285 2.59156 -0.943746 -0.288074 -0.569698
internal_weight=8064 3181 2035 4883 3212 1146
internal_count=8064 3181 2035 4883 3212 1146
is_linear=0
shrinkage=0.05


Tree=30
num_leaves=7
num_cat=0
split_feature=3 4 2 18 16 18
split_gain=4.08142e+06 2.21233e+06 2.19399e+06 1.55612e+06 1.24749e+06 554189
threshold=49.165712499999707 154.70986180555613 410.93649999999985 -6.6926999999996033 0.35855882300646391 35.284874999999836
decision_type=2 2 2 2 2 2
left_child=2 5 3 -1 -3 -2
right_child=1 4 -4 -5 -6 -7
leaf_value=-1.7052042514696653 0.48573903732980633 2.8095274962388075 3.6448853072077556 -0.073571962956783601 9.3085593704519596 2.3617384625509579
leaf_weight=2731 920 153 286 3142 144 688
leaf_count=2731 920 153 286 3142 144 688
internal_value=0.00164156 2.02362 -0.623989 -0.832457 5.98124 1.28937
internal_weight=8064 1905 6159 5873 297 1608
internal_count=8064 1905 6159 5873 297 1608
is_linear=0
shrinkage=0.05


Tree=31
num_leaves=7
num_cat=0
split_feature=3 2 3 11 3 3
split_gain=3.84419e+06 3.55935e+06 1.49436e+06 1.34797e+06 1.45668e+06 704153
threshold=-57.50794999999993 410.93649999999985 109.93072499999973 -0.59116893267988335 -382.42164999999972 -123.18823750000023
decision_type=2 2 2 2 2 2
left_child=3 2 -2 5 -5 -1
right_child=1 -3 -4 4 -6 -7
leaf_value=-4.9945730572705935 0.20980578231766872 6.9922602657810273 2.6975353337211256 -4.2554798440663317 -0.33680892641631377 -1.9097145540671328
leaf_weight=306 3820 228 716 264 2259 471
leaf_count=306 3820 228 716 264 2259 471
internal_value=0.00166383 0.910184 0.602998 -1.30979 -0.748372 -3.12946
internal_weight=8064 4764 4536 3300 2523 777
internal_count=8064 4764 4536 3300 2523 777
is_linear=0
shrinkage=0.05


Tree=32
num_leaves=7
num_cat=0
split_feature=1 4 11 15 3 17
split_gain=3.66837e+06 2.22516e+06 2.4003e+06 1.79996e+06 1.33961e+06 947974
threshold=37.432099999999998 154.70986180555613 -0.62577451934762984 4910.2276512152785 -87.755725000000197 53.350787500000258
decision_type=2 2 2 2 2 2
left_child=4 3 -3 -2 -1 -6
right_child=1 2 -4 -5 5 -7
leaf_value=-2.0488678605946369 -0.080374269660759862 -1.5369070177728481 5.3894674350015137 2.8558816148008366 0.48990281543119008 -1.4637510281981956
leaf_weight=1751 2337 164 521 671 1611 1009
leaf_count=1751 2337 164 521 671 1611 1009
internal_value=0.00157074 1.1616 3.73136 0.575353 -0.978564 -0.262749
internal_weight=8064 3693 685 3008 4371 2620
internal_count=8064 3693 685 3008 4371 2620
is_linear=0
shrinkage=0.05


Tree=33
num_leaves=7
num_cat=0
split_feature=1 8 1 18 2 2
split_gain=3.341e+06 3.01905e+06 1.79186e+06 1.31795e+06 842252 808320
threshold=115.85684999999991 1.0000000180025095e-35 398.97024999999991 5.53687500000001 1.0000000180025095e-35 243.53474999999983
decision_type=2 2 2 2 2 2
left_child=3 2 -2 4 -1 -3
right_child=1 5 -4 -5 -6 -7
leaf_value=-0.70081944775011129 2.0615240873651848 -1.0973855556303043 6.6300838204702064 0.088868231892330576 -2.4572000183595608 2.7961469600920554
leaf_weight=1512 1399 992 253 2510 1245 153
leaf_count=1512 1399 992 253 2510 1245 153
internal_value=0.00151455 1.39781 2.76478 -0.740103 -1.49457 -0.575128
internal_weight=8064 2797 1652 5267 2757 1145
internal_count=8064 2797 1652 5267 2757 1145
is_linear=0
shrinkage=0.05


Tree=34
num_leaves=7
num_cat=0
split_feature=3 4 11 11 3 17
split_gain=3.17379e+06 2.85223e+06 2.63235e+06 1.16047e+06 1.26859e+06 1.09367e+06
threshold=-57.50794999999993 154.70986180555613 0.48087430661751701 -0.59116893267988335 -382.42164999999972 -19.498412500000082
decision_type=2 2 2 2 2 2
left_child=3 5 -3 -1 -5 -2
right_child=1 2 -4 4 -6 -7
leaf_value=-2.8785067361455106 1.2413119645585939 1.7513274269857639 8.5168690202327877 -3.9421012630271464 -0.28518136260058502 -0.40351756412923551
leaf_weight=777 1822 468 207 264 2259 2267
leaf_count=777 1822 468 207 264 2259 2267
internal_value=0.00148422 0.826992 3.83562 -1.19014 -0.669242 0.329519
internal_weight=8064 4764 675 3300 2523 4089
internal_count=8064 4764 675 3300 2523 4089
is_linear=0
shrinkage=0.05


Tree=35
num_leaves=7
num_cat=0
split_feature=3 17 4 11 11 3
split_gain=3.03887e+06 1.63203e+06 1.56453e+06 1.49959e+06 1.30018e+06 375498
threshold=72.952375000000089 -26.072587500000278 154.70986180555613 0.48087430661751701 0.21643961393810304 161.63051249999992
decision_type=2 2 2 2 2 2
left_child=1 4 5 -3 -1 -2
right_child=2 3 -4 -5 -6 -7
leaf_value=-0.2091351894905803 0.94477603075094041 -2.0068780357757694 5.881449394411856 -0.035316031792124149 2.1725397565099729 3.247805841581537
leaf_weight=1976 950 2107 230 1778 806 217
leaf_count=1976 950 2107 230 1778 806 217
internal_value=0.0014348 -0.442943 2.12097 -1.10482 0.481415 1.37543
internal_weight=8064 6667 1397 3885 2782 1167
internal_count=8064 6667 1397 3885 2782 1167
is_linear=0
shrinkage=0.05


Tree=36
num_leaves=7
num_cat=0
split_feature=1 15 11 4 3 3
split_gain=2.81124e+06 1.70143e+06 1.40036e+06 1.15761e+06 1.06284e+06 975190
threshold=37.432099999999998 3011.6349838541669 0.15208718494349097 299.44270312499981 -33.231037499999722 -106.14820000000007
decision_type=2 2 2 2 2 2
left_child=3 4 -3 5 -2 -1
right_child=1 2 -4 -5 -6 -7
leaf_value=-2.0848011661226753 -2.8246203243404056 0.63939778537822622 2.9857108932254346 3.0146902122046502 0.45339501220878448 -0.47664453411451158
leaf_weight=1433 362 1366 1190 184 775 2754
leaf_count=1433 362 1366 1190 184 775 2754
internal_value=0.00142504 1.01693 1.73251 -0.856597 -0.59183 -1.0274
internal_weight=8064 3693 2556 4371 1137 4187
internal_count=8064 3693 2556 4371 1137 4187
is_linear=0
shrinkage=0.05


Tree=37
num_leaves=7
num_cat=0
split_feature=3 4 2 18 16 18
split_gain=2.64653e+06 1.40802e+06 1.3396e+06 1.20855e+06 1.06268e+06 474545
threshold=49.165712499999707 154.70986180555613 410.93649999999985 -6.6926999999996033 0.35855882300646391 35.284874999999836
decision_type=2 2 2 2 2 2
left_child=2 5 3 -1 -3 -2
right_child=1 4 -4 -5 -6 -7
leaf_value=-1.434447926117447 0.30034207572410215 1.8660390050380262 2.8332592162780648 0.0034422773328994087 7.8559575097725318 2.0360695402609679
leaf_weight=2731 920 153 286 3142 144 688
leaf_count=2731 920 153 286 3142 144 688
internal_value=0.00136436 1.62956 -0.502427 -0.665321 4.78686 1.0438
internal_weight=8064 1905 6159 5873 297 1608
internal_count=8064 1905 6159 5873 297 1608
is_linear=0
shrinkage=0.05


Tree=38
num_leaves=7
num_cat=0
split_feature=3 2 17 15 3 1
split_gain=2.49343e+06 2.22964e+06 1.10413e+06 961301 1.38172e+06 1.00758e+06
threshold=-57.50794999999993 410.93649999999985 40.470300000000414 4910.2276512152785 -293.64249999999987 -179.12239999999971
decision_type=2 2 2 2 2 2
left_child=3 2 -2 5 -5 -1
right_child=1 -3 -4 4 -6 -7
leaf_value=-3.9303862781961847 1.0994632627509526 5.5468254386467706 -0.50802381796300211 -2.7365083289051815 0.75722685910854004 -1.1651977199215047
leaf_weight=434 2816 228 1720 377 1125 1364
leaf_count=434 2816 228 1720 377 1125 1364
internal_value=0.00137959 0.733075 0.489945 -1.05482 -0.120933 -1.83447
internal_weight=8064 4764 4536 3300 1502 1798
internal_count=8064 4764 4536 3300 1502 1798
is_linear=0
shrinkage=0.05


Tree=39
num_leaves=7
num_cat=0
split_feature=1 8 1 18 2 2
split_gain=2.34609e+06 2.28318e+06 1.24884e+06 1.05017e+06 768462 642446
threshold=115.85684999999991 1.0000000180025095e-35 335.88259999999997 5.53687500000001 1.0000000180025095e-35 182.09085000000007
decision_type=2 2 2 2 2 2
left_child=3 2 -2 4 -1 -3
right_child=1 5 -4 -5 -6 -7
leaf_value=-0.5355683604150675 1.6064079963348263 -1.1333121148561318 4.8722962971512729 0.11980828564567325 -2.2130878024185932 1.8320990866344227
leaf_weight=1512 1272 918 380 2510 1245 227
leaf_count=1512 1272 918 380 2510 1245 227
internal_value=0.00130481 1.17137 2.36013 -0.620156 -1.29363 -0.544324
internal_weight=8064 2797 1652 5267 2757 1145
internal_count=8064 2797 1652 5267 2757 1145
is_linear=0
shrinkage=0.05


Tree=40
num_leaves=7
num_cat=0
split_feature=3 17 11 17 4 3
split_gain=2.21915e+06 1.38451e+06 1.28443e+06 1.23784e+06 1.161e+06 328403
threshold=72.952375000000089 -26.072587500000278 0.48087430661751701 -352.70776249999875 154.70986180555613 161.63051249999992
decision_type=2 2 2 2 2 2
left_child=1 3 -3 -1 5 -2
right_child=4 2 -4 -5 -6 -7
leaf_value=-1.2974844340447067 0.76772298830728802 -1.822941301352357 0.0016900472506302805 1.1007018360211864 5.0519199582405427 2.9211194615298459
leaf_weight=728 950 2107 1778 2054 230 217
leaf_count=728 950 2107 1778 2054 230 217
internal_value=0.00126777 -0.378476 -0.988099 0.472898 1.81252 1.1703
internal_weight=8064 6667 3885 2782 1397 1167
internal_count=8064 6667 3885 2782 1397 1167
is_linear=0
shrinkage=0.05


Tree=41
num_leaves=7
num_cat=0
split_feature=3 4 12 15 11 3
split_gain=2.11307e+06 2.01644e+06 2.45561e+06 1.04127e+06 920208 1.0692e+06
threshold=-67.815537500000332 154.70986180555613 -0.32136297141497067 4910.2276512152785 -0.59116893267988335 -382.42164999999972
decision_type=2 2 2 2 2 2
left_child=4 3 -3 -2 -1 -6
right_child=1 2 -4 -5 5 -7
leaf_value=-2.6364609756367816 -0.21009346207189139 7.0420605046172291 0.89302516155010836 1.6064045376975185 -3.5562357513522205 -0.18362010461139325
leaf_weight=695 3287 253 451 1037 264 2077
leaf_count=695 3287 253 451 1037 264 2077
internal_value=0.00124606 0.630143 3.10969 0.225817 -1.04015 -0.565314
internal_weight=8064 5028 704 4324 3036 2341
internal_count=8064 5028 704 4324 3036 2341
is_linear=0
shrinkage=0.05


Tree=42
num_leaves=7
num_cat=0
split_feature=1 15 11 15 3 3
split_gain=1.98166e+06 1.3637e+06 1.21337e+06 890651 1.39785e+06 985119
threshold=37.432099999999998 3011.6349838541669 0.15208718494349097 4910.2276512152785 -261.39974999999976 -106.14820000000007
decision_type=2 2 2 2 2 2
left_child=3 -2 -3 5 -5 -1
right_child=1 2 -4 4 -6 -7
leaf_value=-3.2219828789194573 -0.58642840326775147 0.47704157675694792 2.6609571607340845 -2.5072261240848914 0.82447875513062652 -0.81363219829739275
leaf_weight=541 1137 1366 1190 400 1464 1966
leaf_count=541 1137 1366 1190 400 1464 1966
internal_value=0.00120208 0.853806 1.49445 -0.719182 0.10856 -1.33442
internal_weight=8064 3693 2556 4371 1864 2507
internal_count=8064 3693 2556 4371 1864 2507
is_linear=0
shrinkage=0.05


Tree=43
num_leaves=7
num_cat=0
split_feature=3 18 16 1 4 17
split_gain=1.92331e+06 1.45881e+06 1.70313e+06 714281 693599 208881
threshold=109.93072499999973 88.010375000000082 0.45579176232340296 104.15369999999986 32.500230902777737 40.470300000000414
decision_type=2 2 2 2 2 2
left_child=1 2 -1 -3 5 -2
right_child=4 3 -4 -5 -6 -7
leaf_value=-1.6788246999107166 2.3852800124724705 0.1909011414733133 0.13706664616338898 2.1259798633470521 5.4652297654667414 0.4961495450212936
leaf_weight=2390 374 1376 2807 729 147 241
leaf_count=2390 374 1376 2807 729 147 241
internal_value=0.00112234 -0.248439 -0.698189 0.861746 2.38978 1.64699
internal_weight=8064 7302 5197 2105 762 615
internal_count=8064 7302 5197 2105 762 615
is_linear=0
shrinkage=0.05


Tree=44
num_leaves=7
num_cat=0
split_feature=3 2 18 11 3 17
split_gain=1.82714e+06 2.042e+06 1.05278e+06 1.04849e+06 868158 311102
threshold=-99.643562499999675 496.28430000000009 123.38186249999968 -0.48087430661751701 -382.42164999999972 -50.054575000000106
decision_type=2 2 2 2 2 2
left_child=3 2 -2 5 -5 -1
right_child=1 -3 -4 4 -6 -7
leaf_value=-1.9410244945700716 -0.05068706083222807 5.594647952308879 1.6396291829847656 -3.2807442716940152 -0.15186457814727095 -4.419849590076903
leaf_weight=253 4474 187 1159 260 1473 258
leaf_count=253 4474 187 1159 260 1473 258
internal_value=0.00112277 0.468466 0.297328 -1.21064 -0.622908 -3.19875
internal_weight=8064 5820 5633 2244 1733 511
internal_count=8064 5820 5633 2244 1733 511
is_linear=0
shrinkage=0.05


Tree=45
num_leaves=7
num_cat=0
split_feature=3 2 11 3 18 17
split_gain=1.70352e+06 1.52609e+06 851045 997136 721107 685877
threshold=-28.132399999999958 317.94684999999987 0.21643961393810304 -382.42164999999972 47.887500000000053 11.560000000000857
decision_type=2 2 2 2 2 2
left_child=2 4 5 -4 -2 -1
right_child=1 -3 3 -5 -6 -7
leaf_value=-0.74133942908381334 -0.088865174341867206 4.119019113737461 -2.9864090522466751 0.46064075357261691 1.3595451858152043 -2.6151273630874812
leaf_weight=1383 2291 307 238 1716 1374 755
leaf_count=1383 2291 307 238 1716 1374 755
internal_value=0.00105045 0.738574 -0.71485 0.0394723 0.454363 -1.40395
internal_weight=8064 3972 4092 1954 3665 2138
internal_count=8064 3972 4092 1954 3665 2138
is_linear=0
shrinkage=0.05


Tree=46
num_leaves=7
num_cat=0
split_feature=3 17 11 11 4 17
split_gain=1.63658e+06 1.28294e+06 1.1764e+06 1.09362e+06 587102 185744
threshold=109.93072499999973 -26.072587500000278 0.48087430661751701 0.21643961393810304 32.500230902777737 40.470300000000414
decision_type=2 2 2 2 2 2
left_child=1 3 -3 -1 5 -2
right_child=4 2 -4 -5 -6 -7
leaf_value=-0.048286925280440277 2.2171937528491021 -1.5451290962522117 0.12905473671345638 2.0408667688523177 5.0339427471160896 0.43594591691474288
leaf_weight=2186 374 2333 1906 877 147 241
leaf_count=2186 374 2333 1906 877 147 241
internal_value=0.000994877 -0.229214 -0.792506 0.550352 2.20442 1.52102
internal_weight=8064 7302 4239 3063 762 615
internal_count=8064 7302 4239 3063 762 615
is_linear=0
shrinkage=0.05


Tree=47
num_leaves=7
num_cat=0
split_feature=3 2 17 11 3 17
split_gain=1.53467e+06 1.70077e+06 957097 890052 737465 253754
threshold=-99.643562499999675 496.28430000000009 46.712925000000276 -0.48087430661751701 -335.65917500000018 -50.054575000000106
decision_type=2 2 2 2 2 2
left_child=3 2 -2 5 -5 -1
right_child=1 -3 -4 4 -6 -7
leaf_value=-1.8050294724007057 0.76225391771426265 5.1076108948664469 -0.59497885557670183 -2.4885937777367069 -0.014428077534023665 -4.0442846635881535
leaf_weight=253 3603 187 2030 387 1346 258
leaf_count=253 3603 187 2030 387 1346 258
internal_value=0.000996366 0.429306 0.273121 -1.10956 -0.568056 -2.9413
internal_weight=8064 5820 5633 2244 1733 511
internal_count=8064 5820 5633 2244 1733 511
is_linear=0
shrinkage=0.05


Tree=48
num_leaves=7
num_cat=0
split_feature=1 0 18 15 15 3
split_gain=1.46675e+06 1.78398e+06 937978 875599 1.71239e+06 724183
threshold=126.53324999999997 4491.3158500000009 104.86345000000007 4910.2276512152785 4913.3718228298612 -99.643562499999675
decision_type=2 2 2 2 2 2
left_child=3 2 -2 5 -5 -1
right_child=1 -3 -4 4 -6 -7
leaf_value=-2.4623266315535939 -0.40535894303654252 3.2997509844075794 2.0048451736380786 4.1671502688362194 -0.20743858983728641 -0.61314479200568328
leaf_weight=668 1494 623 552 252 1931 2544
leaf_count=668 1494 623 552 252 1931 2544
internal_value=0.000927468 0.959443 0.245563 -0.473357 0.29923 -0.998366
internal_weight=8064 2669 2046 5395 2183 3212
internal_count=8064 2669 2046 5395 2183 3212
is_linear=0
shrinkage=0.05


Tree=49
num_leaves=7
num_cat=0
split_feature=3 17 17 11 4 3
split_gain=1.40606e+06 991550 1.05054e+06 930342 759783 265951
threshold=72.952375000000089 -26.072587500000278 -352.70776249999875 -0.59116893267988335 154.70986180555613 161.63051249999992
decision_type=2 2 2 2 2 2
left_child=1 2 -1 -3 5 -2
right_child=4 3 -4 -5 -6 -7
leaf_value=-1.2118130302110328 0.56105223974677199 -2.177359504208753 0.99749762813068943 -0.3770497537215815 4.0631819969785479 2.4985329439333821
leaf_weight=728 950 949 2054 2936 230 217
leaf_count=728 950 949 2054 2936 230 217
internal_value=0.000916947 -0.301356 0.419133 -0.817264 1.44266 0.923151
internal_weight=8064 6667 2782 3885 1397 1167
internal_count=8064 6667 2782 3885 1397 1167
is_linear=0
shrinkage=0.05


Tree=50
num_leaves=7
num_cat=0
split_feature=4 12 11 15 15 11
split_gain=1.32509e+06 1.77769e+06 1.54113e+06 1.35675e+06 9.76525e+06 1.14164e+06
threshold=154.70986180555613 0.065387565056496968 -0.62577451934762984 4910.2276512152785 4911.3434236111116 0.48087430661751701
decision_type=2 2 2 2 2 2
left_child=3 2 -2 -1 -5 -3
right_child=1 5 -4 4 -6 -7
leaf_value=-0.72415649400184956 -0.49639909373175711 -2.210486014883954 5.4482903852277715 13.314934753631725 -0.089081045459440497 2.9331010618327578
leaf_weight=4752 154 322 371 144 2160 161
leaf_count=4752 154 322 371 144 2160 161
internal_value=0.000898095 1.69574 3.70689 -0.241428 0.754083 -0.493439
internal_weight=8064 1008 525 7056 2304 483
internal_count=8064 1008 525 7056 2304 483
is_linear=0
shrinkage=0.05


Tree=51
num_leaves=7
num_cat=0
split_feature=3 4 12 15 11 3
split_gain=1.30464e+06 1.34897e+06 2.03253e+06 1.03845e+06 775882 706189
threshold=-106.14820000000007 154.70986180555613 -0.32136297141497067 4910.2276512152785 -0.40265084705289461 -335.65917500000018
decision_type=2 2 2 2 2 2
left_child=4 3 -3 -2 -1 -6
right_child=1 2 -4 -5 5 -7
leaf_value=-2.7520638131818109 -0.32417262083024329 5.6151970553479789 0.36998085583604517 1.3160406929049424 -2.3839177804328311 0.071719447855038379
leaf_weight=515 3874 291 503 1284 385 1212
leaf_count=515 3874 291 503 1284 385 1212
internal_value=0.000965874 0.379817 2.29699 0.0843077 -1.06638 -0.5214
internal_weight=8064 5952 794 5158 2112 1597
internal_count=8064 5952 794 5158 2112 1597
is_linear=0
shrinkage=0.05


Tree=52
num_leaves=7
num_cat=0
split_feature=3 18 16 12 4 17
split_gain=1.25842e+06 1.18956e+06 1.1236e+06 668424 419909 151251
threshold=109.93072499999973 5.53687500000001 0.45579176232340296 0.89665931010743583 32.500230902777737 40.470300000000414
decision_type=2 2 2 2 2 2
left_child=1 2 -1 -3 5 -2
right_child=4 3 -4 -5 -6 -7
leaf_value=-2.0325157902140831 1.9831740511258442 0.80532148185069097 -0.19644203147336295 -0.8213936119155012 4.3262487149721869 0.37590755541031523
leaf_weight=1277 374 2817 2395 813 147 241
leaf_count=1277 374 2817 2395 813 147 241
internal_value=0.000929443 -0.200938 -0.835347 0.440865 1.93309 1.35497
internal_weight=8064 7302 3672 3630 762 615
internal_count=8064 7302 3672 3630 762 615
is_linear=0
shrinkage=0.05


Tree=53
num_leaves=7
num_cat=0
split_feature=3 2 15 1 18 11
split_gain=1.19368e+06 970525 787238 848342 588028 372039
threshold=-28.132399999999958 317.94684999999987 3011.6349838541669 115.85684999999991 47.887500000000053 0.55543802234893513
decision_type=2 2 2 2 2 2
left_child=2 4 -1 -4 -2 -3
right_child=1 5 3 -5 -6 -7
leaf_value=-2.2150736890947038 -0.098917878222029382 1.5638820456977813 -0.67742947337830006 1.3270773855378994 1.2090244590212 5.0541462786785978
leaf_weight=635 2291 154 2808 649 1374 153
leaf_count=635 2291 154 2808 649 1374 153
internal_value=0.000910495 0.618281 -0.59836 -0.300838 0.391623 3.31409
internal_weight=8064 3972 4092 3457 3665 307
internal_count=8064 3972 4092 3457 3665 307
is_linear=0
shrinkage=0.05


Tree=54
num_leaves=7
num_cat=0
split_feature=1 15 11 3 10 1
split_gain=1.11652e+06 997676 762047 656917 617725 1.58526e+06
threshold=9.0077000000001153 3011.6349838541669 1.0000000180025095e-35 -33.231037499999722 1.0000000180025095e-35 -200.28724999999983
decision_type=2 2 2 2 2 2
left_child=4 3 -3 -2 5 -1
right_child=1 2 -4 -5 -6 -7
leaf_value=-3.3067427842156274 -2.3544667973288762 0.24673608659070614 1.8718253826003215 0.16690455141105676 0.38331862812963752 -0.38711636929631837
leaf_weight=585 378 1400 1488 811 1150 2252
leaf_count=585 378 1400 1488 811 1150 2252
internal_value=0.000903177 0.582641 1.0844 -0.63598 -0.593963 -0.990107
internal_weight=8064 4077 2888 1189 3987 2837
internal_count=8064 4077 2888 1189 3987 2837
is_linear=0
shrinkage=0.05


Tree=55
num_leaves=7
num_cat=0
split_feature=3 4 12 15 11 3
split_gain=1.07326e+06 1.16506e+06 1.86999e+06 931047 691586 636363
threshold=-114.19249999999987 154.70986180555613 0.38268343236509 4910.2276512152785 -0.40265084705289461 -382.42164999999972
decision_type=2 2 2 2 2 2
left_child=4 3 -3 -2 -1 -6
right_child=1 2 -4 -5 5 -7
leaf_value=-2.7113067872530108 -0.3276002579825455 4.0027873317960285 -0.92370323917695463 1.2009511952561629 -2.7440071359562239 -0.031775363792480214
leaf_weight=458 3942 496 314 1332 260 1262
leaf_count=458 3942 496 314 1332 260 1262
internal_value=0.000837067 0.329919 2.09423 0.0586048 -1.01 -0.496598
internal_weight=8064 6084 810 5274 1980 1522
internal_count=8064 6084 810 5274 1980 1522
is_linear=0
shrinkage=0.05


Tree=56
num_leaves=7
num_cat=0
split_feature=3 18 16 12 4 1
split_gain=1.03937e+06 1.00507e+06 989181 641782 341503 137831
threshold=109.93072499999973 5.53687500000001 0.45579176232340296 -0.4026508470528945 32.500230902777737 154.48784999999978
decision_type=2 2 2 2 2 2
left_child=1 2 -1 -3 5 -2
right_child=4 3 -4 -5 -6 -7
leaf_value=-1.8890919452482118 0.43545473228147497 1.6729728143894751 -0.16635075075387062 0.058128539686495895 3.9149863512305596 1.936379820144758
leaf_weight=1277 288 784 2395 2846 147 327
leaf_count=1277 288 784 2395 2846 147 327
internal_value=0.000785702 -0.182673 -0.765814 0.407264 1.75675 1.23536
internal_weight=8064 7302 3672 3630 762 615
internal_count=8064 7302 3672 3630 762 615
is_linear=0
shrinkage=0.05


Tree=57
num_leaves=7
num_cat=0
split_feature=3 2 15 3 18 1
split_gain=965840 974824 736216 883173 661516 639033
threshold=-106.14820000000007 496.28430000000009 4916.418582291667 -261.39974999999976 123.38186249999968 -179.12239999999971
decision_type=2 2 2 2 2 2
left_child=2 4 5 -4 -2 -1
right_child=1 -3 3 -5 -6 -7
leaf_value=-3.7161296155501007 -0.06128138565400848 3.8602109755315475 -1.6162457616163945 1.2848209229521017 1.2649403234539101 -1.0364262955870531
leaf_weight=320 4582 188 467 596 1182 729
leaf_count=320 4582 188 467 596 1182 729
internal_value=0.00078338 0.326752 -0.917574 0.00999537 0.210854 -1.85664
internal_weight=8064 5952 2112 1063 5764 1049
internal_count=8064 5952 2112 1063 5764 1049
is_linear=0
shrinkage=0.05


Tree=58
num_leaves=7
num_cat=0
split_feature=3 17 17 11 4 3
split_gain=931992 868033 906469 799302 395808 168482
threshold=87.038350000000051 -26.072587500000278 -352.70776249999875 0.48087430661751701 32.500230902777737 161.63051249999992
decision_type=2 2 2 2 2 2
left_child=1 2 -1 -3 5 -2
right_child=4 3 -4 -5 -6 -7
leaf_value=-1.0380526350297123 0.50196446626545999 -1.3335847316555118 0.9723380796377058 0.080380928283633593 3.2349138684740897 2.111043089345733
leaf_weight=760 715 2201 2130 1830 218 210
leaf_count=760 715 2201 2130 1830 218 210
internal_value=0.000744089 -0.217752 0.443478 -0.69181 1.3228 0.869154
internal_weight=8064 6921 2890 4031 1143 925
internal_count=8064 6921 2890 4031 1143 925
is_linear=0
shrinkage=0.05


Tree=59
num_leaves=7
num_cat=0
split_feature=1 15 11 15 3 17
split_gain=878971 852402 789105 574537 873622 543598
threshold=37.432099999999998 3011.6349838541669 0.15208718494349097 4910.2276512152785 -261.39974999999976 23.948750000000704
decision_type=2 2 2 2 2 2
left_child=3 -2 -3 5 -5 -1
right_child=1 2 -4 4 -6 -7
leaf_value=-0.27740140955931708 -0.57003245423588844 0.25471364979488448 2.0157754862876525 -1.8822542455242459 0.75165044699105799 -1.7522463594387749
leaf_weight=1325 1137 1366 1190 400 1464 1182
leaf_count=1325 1137 1366 1190 400 1464 1182
internal_value=0.000734962 0.568567 1.07508 -0.479039 0.185729 -0.973183
internal_weight=8064 3693 2556 4371 1864 2507
internal_count=8064 3693 2556 4371 1864 2507
is_linear=0
shrinkage=0.05


Tree=60
num_leaves=7
num_cat=0
split_feature=3 4 12 15 15 1
split_gain=857090 918303 1.64912e+06 791627 635504 675964
threshold=-114.19249999999987 154.70986180555613 -0.32136297141497067 4910.2276512152785 3011.6349838541669 -179.12239999999971
decision_type=2 2 2 2 2 2
left_child=4 3 -3 -2 -1 -6
right_child=1 2 -4 -5 5 -7
leaf_value=-3.6767734345865444 -0.30222220026668056 4.7960022091915047 0.1287324520123215 1.1072432592008139 -1.904032756925135 0.11607653986863818
leaf_weight=186 3942 300 510 1332 647 1147
leaf_count=186 3942 300 510 1332 647 1147
internal_value=0.000689161 0.294769 1.86113 0.0538944 -0.902632 -0.613124
internal_weight=8064 6084 810 5274 1980 1794
internal_count=8064 6084 810 5274 1980 1794
is_linear=0
shrinkage=0.05


Tree=61
num_leaves=7
num_cat=0
split_feature=11 4 15 12 3 4
split_gain=858458 1.39855e+06 1.61083e+06 750549 820996 784038
threshold=0.34202014332566882 154.70986180555613 4910.2276512152785 -0.59116893267988335 -123.18823750000023 154.70986180555613
decision_type=2 2 2 2 2 2
left_child=3 2 -2 5 -5 -1
right_child=1 -3 -4 4 -6 -7
leaf_value=0.052925606295389477 -0.59596465894979622 3.4369011897925503 1.9861957762852402 -2.9346705025415463 -0.54618858191440445 3.36773343311221
leaf_weight=1421 1848 392 896 410 2894 203
leaf_count=1421 1848 392 896 410 2894 203
internal_value=0.000656347 0.647237 0.247606 -0.410852 -0.843378 0.469094
internal_weight=8064 3136 2744 4928 3304 1624
internal_count=8064 3136 2744 4928 3304 1624
is_linear=0
shrinkage=0.05


Tree=62
num_leaves=7
num_cat=0
split_feature=18 16 3 16 4 3
split_gain=848491 832380 624881 716249 554732 462541
threshold=5.53687500000001 0.45579176232340296 -335.65917500000018 0.40941049064110141 154.70986180555613 -93.77827499999988
decision_type=2 2 2 2 2 2
left_child=1 5 -2 -4 -3 -1
right_child=2 4 3 -5 -6 -7
leaf_value=-3.184442623680638 -2.3033565876955655 -0.25157878455242905 0.20048808576909993 1.6875407584298363 1.9459841157241566 -1.0027720378986367
leaf_weight=309 186 2306 2636 1168 327 1132
leaf_count=309 186 2306 2636 1168 327 1132
internal_value=0.000653087 -0.506853 0.518841 0.657404 0.0219782 -1.47248
internal_weight=8064 4074 3990 3804 2633 1441
internal_count=8064 4074 3990 3804 2633 1441
is_linear=0
shrinkage=0.05


Tree=63
num_leaves=7
num_cat=0
split_feature=3 18 12 12 11 15
split_gain=810884 643821 827858 477768 477644 676717
threshold=49.165712499999707 -38.98749999999972 0.065387565056496968 -0.1088409674838548 0.15208718494349097 4909.1513838541678
decision_type=2 2 2 2 2 2
left_child=1 3 -3 -1 -2 -6
right_child=4 2 -4 -5 5 -7
leaf_value=-0.44954822154589069 0.24783895252604282 1.0307031595512577 -0.4784599545125458 -1.9844555219434619 1.1381492105208506 4.9014517528785246
leaf_weight=1647 1133 1517 2263 732 625 147
leaf_count=1647 1133 1517 2263 732 625 147
internal_value=0.000602397 -0.278261 0.127314 -0.922463 0.90186 1.86015
internal_weight=8064 6159 3780 2379 1905 772
internal_count=8064 6159 3780 2379 1905 772
is_linear=0
shrinkage=0.05


Tree=64
num_leaves=7
num_cat=0
split_feature=3 11 15 12 4 13
split_gain=785112 1.03711e+06 2.29633e+06 674214 634718 324374
threshold=-261.39974999999976 0.34202014332566882 4910.2276512152785 -0.59116893267988335 -2.8532451388887234 0.38231920253318424
decision_type=2 2 2 2 2 2
left_child=4 3 -3 -2 5 -1
right_child=1 2 -4 -5 -6 -7
leaf_value=0.23780218938429409 0.59222928455494184 0.09221519449070649 3.4907234972854937 -0.69472609158201859 -4.0902813326685052 -2.5667758646372119
leaf_weight=320 1476 1995 661 3272 189 151
leaf_count=320 1476 1995 661 3272 189 151
internal_value=0.000599598 0.147982 0.938999 -0.294613 -1.65048 -0.664863
internal_weight=8064 7404 2656 4748 660 471
internal_count=8064 7404 2656 4748 660 471
is_linear=0
shrinkage=0.05


Tree=65
num_leaves=7
num_cat=0
split_feature=3 18 12 16 12 4
split_gain=752548 805131 609939 583778 215764 358515
threshold=120.02831249999964 -13.563362500000038 0.72219205899833583 0.45579176232340296 0.19504389580251646 3.1238843749995344
decision_type=2 2 2 2 2 2
left_child=1 3 -3 -1 5 -2
right_child=4 2 -4 -5 -6 -7
leaf_value=-1.6842643731917937 0.87859695057669096 0.75738723618659154 -0.53865049501651774 -0.26455268577634372 0.68314461408820204 4.1665162124676618
leaf_weight=1063 166 2742 1356 2268 303 166
leaf_count=1063 166 2742 1356 2268 303 166
internal_value=0.000551394 -0.140749 0.32851 -0.717985 1.65127 2.53013
internal_weight=8064 7429 4098 3331 635 332
internal_count=8064 7429 4098 3331 635 332
is_linear=0
shrinkage=0.05


Tree=66
num_leaves=7
num_cat=0
split_feature=3 4 4 15 3 1
split_gain=726952 665736 5.22086e+06 561486 698166 521176
threshold=-106.14820000000007 3.5567385416659367 9.7080503472220716 4916.418582291667 -293.64249999999987 -254.85964999999985
decision_type=2 2 2 2 2 2
left_child=3 -2 -3 5 -5 -1
right_child=1 2 -4 4 -6 -7
leaf_value=-3.8254237719055073 -0.17025119373373929 8.6304402461099397 0.2306376196979425 -1.7191143222153187 0.95956405053788429 -1.0528300083451294
leaf_weight=212 3429 200 2323 375 688 837
leaf_count=212 3429 200 2323 375 688 837
internal_value=0.000548612 0.283346 0.899651 -0.796183 0.0138653 -1.61627
internal_weight=8064 5952 2523 2112 1063 1049
internal_count=8064 5952 2523 2112 1063 1049
is_linear=0
shrinkage=0.05


Tree=67
num_leaves=7
num_cat=0
split_feature=17 17 11 4 18 1
split_gain=702233 745482 732918 801407 412199 362595
threshold=-26.072587500000278 -352.70776249999875 0.69134849440110402 154.70986180555613 67.230299999999957 154.48784999999978
decision_type=2 2 2 2 2 2
left_child=1 -1 4 -4 -2 -3
right_child=2 5 3 -5 -6 -7
leaf_value=-0.67292101267647542 -1.1896019747349509 0.5617815151974862 0.047356667915088399 3.4339814537583884 0.14592389020279473 1.8378600038614374
leaf_weight=910 2284 1621 1430 198 773 848
leaf_count=910 2284 1621 1430 198 773 848
internal_value=0.000540111 0.549858 -0.395682 0.461099 -0.851961 1.00063
internal_weight=8064 3379 4685 1628 3057 2469
internal_count=8064 3379 4685 1628 3057 2469
is_linear=0
shrinkage=0.05


Tree=68
num_leaves=7
num_cat=0
split_feature=3 15 1 11 15 3
split_gain=689465 539234 699475 413225 983795 341474
threshold=14.249574999999597 3011.6349838541669 126.53324999999997 1.0000000180025095e-35 4910.2276512152785 -114.19249999999987
decision_type=2 2 2 2 2 2
left_child=1 5 -3 -2 -5 -1
right_child=3 2 -4 4 -6 -7
leaf_value=-3.3490898979220165 0.083925320679785434 -0.4107762144656939 1.2084992470967508 0.70929215064394135 4.5805589662999227 -0.94944524340002256
leaf_weight=186 1538 3534 821 1069 193 723
leaf_count=186 1538 3534 821 1069 193 723
internal_value=0.000538922 -0.336635 -0.105305 0.634321 1.30449 -1.4436
internal_weight=8064 5264 4355 2800 1262 909
internal_count=8064 5264 4355 2800 1262 909
is_linear=0
shrinkage=0.05


Tree=69
num_leaves=7
num_cat=0
split_feature=3 11 15 17 4 13
split_gain=663623 839565 1.93503e+06 592458 582136 288214
threshold=-261.39974999999976 0.34202014332566882 4910.2276512152785 46.712925000000276 -2.8532451388887234 0.38231920253318424
decision_type=2 2 2 2 2 2
left_child=4 3 -3 -2 5 -1
right_child=1 2 -4 -5 -6 -7
leaf_value=0.27702157842778713 0.092650842792673771 0.070417825093787759 3.190130340320894 -1.1410655104570189 -3.8539388395140044 -2.3665002662492429
leaf_weight=320 3383 1995 661 1365 189 151
leaf_count=320 3383 1995 661 1365 189 151
internal_value=0.000523588 0.136024 0.847731 -0.262195 -1.51745 -0.573695
internal_weight=8064 7404 2656 4748 660 471
internal_count=8064 7404 2656 4748 660 471
is_linear=0
shrinkage=0.05


Tree=70
num_leaves=6
num_cat=0
split_feature=3 18 16 12 16
split_gain=658229 697010 564994 461098 145456
threshold=142.12791250000012 5.53687500000001 0.45579176232340296 -0.4026508470528945 0.43674895420432241
decision_type=2 2 2 2 2
left_child=1 2 -1 -3 -2
right_child=4 3 -4 -5 -6
leaf_value=-1.3928203432157658 1.1820227801766061 1.4264620059891182 -0.12815590426932619 0.090872389977940185 3.1654354208034041
leaf_weight=1360 220 824 2516 2983 161
leaf_count=1360 220 824 2516 2983 161
internal_value=0.000474277 -0.100235 -0.572143 0.380251 2.02625
internal_weight=8064 7683 3876 3807 381
internal_count=8064 7683 3876 3807 381
is_linear=0
shrinkage=0.05


Tree=71
num_leaves=7
num_cat=0
split_feature=3 4 12 15 4 15
split_gain=617471 648971 1.29244e+06 532671 524705 489754
threshold=-114.19249999999987 154.70986180555613 0.38268343236509 4910.2276512152785 9.7080503472220716 4910.2276512152785
decision_type=2 2 2 2 2 2
left_child=4 3 -3 -2 5 -1
right_child=1 2 -4 -5 -6 -7
leaf_value=-1.4483869670462726 -0.24452796502813798 3.153621416577181 -0.94166059724897855 0.91164785367111834 -2.15011017668136 0.42814793288626041
leaf_weight=561 3942 496 314 1332 508 911
leaf_count=561 3942 496 314 1332 508 911
internal_value=0.000477488 0.250087 1.56686 0.047593 -0.766244 -0.287524
internal_weight=8064 6084 810 5274 1980 1472
internal_count=8064 6084 810 5274 1980 1472
is_linear=0
shrinkage=0.05


Tree=72
num_leaves=7
num_cat=0
split_feature=1 15 2 3 10 1
split_gain=601898 491720 652531 498718 462547 999850
threshold=-37.796449999999815 3011.6349838541669 1.0000000180025095e-35 -99.643562499999675 1.0000000180025095e-35 -297.14389999999975
decision_type=2 2 2 2 2 2
left_child=4 3 -3 -2 5 -1
right_child=1 2 -4 -5 -6 -7
leaf_value=-4.4085927169720982 -3.2164843910405425 1.6486532774011415 0.18939701697577671 -0.12008644114813519 0.2966221926753288 -0.61160205197637563
leaf_weight=189 146 1143 2320 1128 1149 1989
leaf_count=189 146 1143 2320 1128 1149 1989
internal_value=0.00045181 0.362442 0.671377 -0.477177 -0.514905 -0.942965
internal_weight=8064 4737 3463 1274 3327 2178
internal_count=8064 4737 3463 1274 3327 2178
is_linear=0
shrinkage=0.05


Tree=73
num_leaves=5
num_cat=0
split_feature=3 17 17 11
split_gain=588691 641474 666047 553006
threshold=161.63051249999992 -26.072587500000278 -352.70776249999875 -0.62577451934762984
decision_type=2 2 2 2
left_child=1 2 -1 -3
right_child=-2 3 -4 -5
leaf_value=-0.7197443578290601 2.3645021258849725 -1.4570759994001368 0.88507005672397543 -0.15556847749678746
leaf_weight=883 254 1068 2407 3452
leaf_count=883 254 1068 2407 3452
internal_value=0.000390642 -0.0767888 0.454268 -0.463347
internal_weight=8064 7810 3290 4520
internal_count=8064 7810 3290 4520
is_linear=0
shrinkage=0.05


Tree=74
num_leaves=6
num_cat=0
split_feature=3 11 4 12 4
split_gain=591826 755319 1.52335e+06 497429 293002
threshold=-335.65917500000018 0.34202014332566882 154.70986180555613 -0.62577451934762995 -11.252324305555247
decision_type=2 2 2 2 2
left_child=4 3 -3 -2 -1
right_child=1 2 -4 -5 -6
leaf_value=-0.45443139038587871 0.4768725624249317 0.311711651815337 3.841187174204086 -0.61847546982460955 -3.1770262823655058
leaf_weight=189 1499 2467 348 3354 207
leaf_count=189 1499 2467 348 3354 207
internal_value=0.0003768 0.0978227 0.749247 -0.280115 -1.88202
internal_weight=8064 7668 2815 4853 396
internal_count=8064 7668 2815 4853 396
is_linear=0
shrinkage=0.05


Tree=75
num_leaves=6
num_cat=0
split_feature=18 3 16 3 16
split_gain=551023 506485 457464 432358 449850
threshold=5.53687500000001 142.12791250000012 0.45579176232340296 -335.65917500000018 0.40941049064110141
decision_type=2 2 2 2 2
left_child=1 2 -1 -2 -5
right_child=3 -3 -4 4 -6
leaf_value=-1.2732683460951444 -1.9295620545266783 2.0517697174345431 -0.13528491398922723 0.17109595111390782 1.3495998205350979
leaf_weight=1360 186 198 2516 2636 1168
leaf_count=1360 186 198 2516 2636 1168
internal_value=0.000360314 -0.40862 -0.534803 0.417949 0.53321
internal_weight=8064 4074 3876 3990 3804
internal_count=8064 4074 3876 3990 3804
is_linear=0
shrinkage=0.05


Tree=76
num_leaves=7
num_cat=0
split_feature=1 10 15 1 11 15
split_gain=529829 814646 650154 578044 418464 559463
threshold=-129.0183499999998 1.0000000180025095e-35 4916.418582291667 -297.14389999999975 -0.77969889170510642 4910.2276512152785
decision_type=2 2 2 2 2 2
left_child=1 3 -3 -1 -2 -6
right_child=4 2 -4 -5 5 -7
leaf_value=-4.1229343228767581 -0.54593147311065005 -0.63441492023989354 1.82226420808281 -1.0931676722011241 0.16034237104386065 1.4489823023458217
leaf_weight=189 1276 717 430 927 3407 1118
leaf_count=189 1276 717 430 927 3407 1118
internal_value=0.00034375 -0.648379 0.287357 -1.60951 0.253482 0.478979
internal_weight=8064 2263 1147 1116 5801 4525
internal_count=8064 2263 1147 1116 5801 4525
is_linear=0
shrinkage=0.05


Tree=77
num_leaves=7
num_cat=0
split_feature=3 11 15 4 17 13
split_gain=528277 623587 1.64843e+06 488810 459629 249775
threshold=-261.39974999999976 0.34202014332566882 4910.2276512152785 -2.8532451388887234 46.712925000000276 0.38231920253318424
decision_type=2 2 2 2 2 2
left_child=3 4 -3 5 -2 -1
right_child=1 2 -4 -5 -6 -7
leaf_value=0.3024937834045226 0.090550326468449432 0.017156112719633299 2.8965526972112343 -3.4950464367474385 -0.99609871013199103 -2.1583498000216328
leaf_weight=320 3383 1995 661 189 1365 151
leaf_count=320 3383 1995 661 189 1365 151
internal_value=0.000308179 0.121204 0.734573 -1.35405 -0.221994 -0.48934
internal_weight=8064 7404 2656 660 4748 471
internal_count=8064 7404 2656 660 4748 471
is_linear=0
shrinkage=0.05


Tree=78
num_leaves=7
num_cat=0
split_feature=3 17 17 18 4 15
split_gain=511388 479722 696331 551721 245098 169274
threshold=87.038350000000051 -50.054575000000106 -352.70776249999875 -64.317212500000082 30.603430902777294 4913.3718228298612
decision_type=2 2 2 2 2 2
left_child=1 2 -1 -3 5 -2
right_child=4 3 -4 -5 -6 -7
leaf_value=-0.85499803879140401 0.90679537253751574 -1.2604231087066873 0.96668919452657409 -0.079681286843166776 2.392931039431248 -0.92342421130130159
leaf_weight=760 751 1476 1688 2997 241 151
leaf_count=760 751 1476 1688 2997 241 151
internal_value=0.000272048 -0.161578 0.401015 -0.469497 0.97958 0.599723
internal_weight=8064 6921 2448 4473 1143 902
internal_count=8064 6921 2448 4473 1143 902
is_linear=0
shrinkage=0.05


Tree=79
num_leaves=7
num_cat=0
split_feature=3 15 18 4 12 17
split_gain=489292 398789 454053 392127 980895 372762
threshold=-52.539350000000233 3001.1902547743061 -38.98749999999972 154.70986180555613 -0.44218343748786698 53.350787500000258
decision_type=2 2 2 2 2 2
left_child=1 -1 -3 5 -5 -2
right_child=3 2 -4 4 -6 -7
leaf_value=-2.1779916152602339 0.50648164659425565 -1.0326670834053524 0.20056247431733432 4.2956638170771617 0.14719290180434627 -0.5058563230123686
leaf_weight=304 2570 1228 1900 208 448 1406
leaf_count=304 2570 1228 1900 208 448 1406
internal_value=0.000265566 -0.452131 -0.283758 0.335486 1.4671 0.14846
internal_weight=8064 3432 3128 4632 656 3976
internal_count=8064 3432 3128 4632 656 3976
is_linear=0
shrinkage=0.05


Tree=80
num_leaves=5
num_cat=0
split_feature=3 11 4 17
split_gain=479981 596241 1.23982e+06 413732
threshold=-382.42164999999972 0.34202014332566882 154.70986180555613 -43.326662499999422
decision_type=2 2 2 2
left_child=-1 3 -3 -2
right_child=1 2 -4 -5
leaf_value=-2.0924291351831186 0.22676507660545103 0.25079056036410891 3.3891395798466664 -0.69508040537295246
leaf_weight=264 2277 2552 358 2613
leaf_count=264 2277 2552 358 2613
internal_value=0.000261172 0.0713498 0.637915 -0.26587
internal_weight=8064 7800 2910 4890
internal_count=8064 7800 2910 4890
is_linear=0
shrinkage=0.05


Tree=81
num_leaves=5
num_cat=0
split_feature=3 18 12 1
split_gain=463368 484147 534336 334572
threshold=161.63051249999992 -38.98749999999972 0.065387565056496968 -179.12239999999971
decision_type=2 2 2 2
left_child=1 3 -3 -1
right_child=-2 2 -4 -5
leaf_value=-1.4781422692921216 2.0976829450621324 0.89665393845721264 -0.18232267544409225 -0.2607866910036602
leaf_weight=752 254 1894 2908 2256
leaf_count=752 254 1894 2908 2256
internal_value=0.000254806 -0.0682184 0.243344 -0.565516
internal_weight=8064 7810 4802 3008
internal_count=8064 7810 4802 3008
is_linear=0
shrinkage=0.05


Tree=82
num_leaves=7
num_cat=0
split_feature=3 4 4 4 11 1
split_gain=441436 493616 464896 4.82975e+06 400753 360418
threshold=-123.18823750000023 9.7080503472220716 3.5567385416659367 9.7080503472220716 -0.40265084705289461 -145.93034999999983
decision_type=2 2 2 2 2 2
left_child=1 4 -2 -4 -1 -3
right_child=2 5 3 -5 -6 -7
leaf_value=-1.9020622489361987 -0.16687564959545928 -4.0440535267958273 8.0381547826787703 0.079709277418355234 0.22485260853265748 -1.0966996738390558
leaf_weight=276 3598 155 206 2412 1104 313
leaf_count=276 3598 155 206 2412 1104 313
internal_value=0.000248717 -0.678013 0.201971 0.708758 -0.2016 -2.07939
internal_weight=8064 1848 6216 2618 1380 468
internal_count=8064 1848 6216 2618 1380 468
is_linear=0
shrinkage=0.05


Tree=83
num_leaves=5
num_cat=0
split_feature=3 11 15 12
split_gain=429068 529358 1.32041e+06 357407
threshold=-382.42164999999972 0.21643961393810304 4910.2276512152785 -0.80625269229011354
decision_type=2 2 2 2
left_child=-1 3 -3 -2
right_child=1 2 -4 -5
leaf_value=-1.9783483860515199 0.53600778939978688 -0.088197258238653528 2.1387512227657512 -0.51910793577344883
leaf_weight=264 1038 2298 936 3528
leaf_count=264 1038 2298 936 3528
internal_value=0.000243306 0.067456 0.556799 -0.279181
internal_weight=8064 7800 3234 4566
internal_count=8064 7800 3234 4566
is_linear=0
shrinkage=0.05


Tree=84
num_leaves=7
num_cat=0
split_feature=3 15 2 3 4 12
split_gain=423989 340096 504207 260172 258183 463151
threshold=18.82456249999996 3011.6349838541669 -74.67444999999951 -114.19249999999987 154.70986180555613 0.13052619222005141
decision_type=2 2 2 2 2 2
left_child=1 3 -3 -1 -2 -6
right_child=4 2 -4 -5 5 -7
leaf_value=-2.7863646075687307 0.30885217065792681 0.74478330542814186 -0.41879641295565917 -0.70307782948838449 3.2968784959324733 -0.11047237226837561
leaf_weight=186 2273 1326 3119 761 210 189
leaf_count=186 2273 1326 3119 761 210 189
internal_value=0.000231692 -0.254981 -0.0715963 -1.11476 0.515145 1.68663
internal_weight=8064 5392 4445 947 2672 399
internal_count=8064 5392 4445 947 2672 399
is_linear=0
shrinkage=0.05


Tree=85
num_leaves=7
num_cat=0
split_feature=1 15 2 1 2 11
split_gain=420905 727810 696813 463303 421555 407611
threshold=126.53324999999997 3008.0458508680563 79.261500000000083 -179.12239999999971 182.09085000000007 0.69134849440110402
decision_type=2 2 2 2 2 2
left_child=2 4 3 -1 -2 -3
right_child=1 5 -4 -5 -6 -7
leaf_value=-0.62843159753470279 -1.14032963404474 0.66263137500854286 -1.1682894387619516 0.50786320843988519 1.3265347146987916 2.4015353188719804
leaf_weight=1400 752 1229 1502 2493 224 464
leaf_count=1400 752 1229 1502 2493 224 464
internal_value=0.000222165 0.51369 -0.253847 0.0991726 -0.573386 1.14035
internal_weight=8064 2669 5395 3893 976 1693
internal_count=8064 2669 5395 3893 976 1693
is_linear=0
shrinkage=0.05


Tree=86
num_leaves=7
num_cat=0
split_feature=3 15 15 4 4 1
split_gain=416608 498332 2.01451e+06 688343 437461 339478
threshold=-261.39974999999976 4910.2276512152785 4913.3718228298612 154.70986180555613 -25.171700694444549 -145.93034999999983
decision_type=2 2 2 2 2 2
left_child=4 3 -3 -2 -1 -6
right_child=1 2 -4 -5 5 -7
leaf_value=0.39353665870496601 -0.37820811864179427 4.6660256870378527 0.14789635203221371 1.2891574242688175 -4.0918074742641322 -1.0904454425755274
leaf_weight=260 4568 284 1837 715 152 248
leaf_count=260 4568 284 1837 715 152 248
internal_value=0.000223217 0.107583 0.754784 -0.152346 -1.2025 -2.23832
internal_weight=8064 7404 2121 5283 660 400
internal_count=8064 7404 2121 5283 660 400
is_linear=0
shrinkage=0.05


Tree=87
num_leaves=7
num_cat=0
split_feature=18 16 18 3 4 13
split_gain=408074 650854 631333 454872 423069 328276
threshold=88.010375000000082 0.45579176232340296 -64.317212500000082 -180.42962500000019 299.44270312499981 0.76604444311897846
decision_type=2 2 2 2 2 2
left_child=1 3 -3 -1 5 -2
right_child=4 2 -4 -5 -6 -7
leaf_value=-2.903114166397315 0.15101330787059056 -0.30401453079494434 1.161500003026658 -0.59449165606287979 3.0670274648317108 2.0518842802496713
leaf_weight=233 1900 1878 1206 2434 156 257
leaf_count=233 1900 1878 1206 2434 156 257
internal_value=0.000217862 -0.225353 0.269267 -0.797195 0.560927 0.378342
internal_weight=8064 5751 3084 2667 2313 2157
internal_count=8064 5751 3084 2667 2313 2157
is_linear=0
shrinkage=0.05


Tree=88
num_leaves=5
num_cat=0
split_feature=3 17 17 18
split_gain=397889 431971 500694 357789
threshold=161.63051249999992 -26.072587500000278 -352.70776249999875 54.688749999999807
decision_type=2 2 2 2
left_child=1 2 -1 -3
right_child=-2 3 -4 -5
leaf_value=-0.64532674383287791 1.9438144454067829 -0.70409798614746311 0.74608575621916851 0.23073819876692495
leaf_weight=883 254 2955 2407 1565
leaf_count=883 254 2955 2407 1565
internal_value=0.000223275 -0.0632278 0.372563 -0.380442
internal_weight=8064 7810 3290 4520
internal_count=8064 7810 3290 4520
is_linear=0
shrinkage=0.05


Tree=89
num_leaves=7
num_cat=0
split_feature=3 15 15 4 4 13
split_gain=369103 454223 1.81782e+06 603047 410861 224834
threshold=-261.39974999999976 4910.2276512152785 4913.3718228298612 154.70986180555613 -2.8532451388887234 0.087155742747658194
decision_type=2 2 2 2 2 2
left_child=4 3 -3 -2 5 -1
right_child=1 2 -4 -5 -6 -7
leaf_value=0.55860410347475231 -0.35828825638354933 4.434573049330921 0.14266837053588705 1.2023565673961321 -3.0946510420974933 -1.6633480975765211
leaf_weight=281 4568 284 1837 715 189 190
leaf_count=281 4568 284 1837 715 189 190
internal_value=0.000221849 0.101276 0.71917 -0.146883 -1.13186 -0.33935
internal_weight=8064 7404 2121 5283 660 471
internal_count=8064 7404 2121 5283 660 471
is_linear=0
shrinkage=0.05


Tree=90
num_leaves=7
num_cat=0
split_feature=1 10 15 1 2 1
split_gain=365625 588674 592240 464685 363732 754418
threshold=-129.0183499999998 1.0000000180025095e-35 4916.418582291667 -297.14389999999975 1.0000000180025095e-35 115.85684999999991
decision_type=2 2 2 2 2 2
left_child=1 3 -3 -1 -2 -6
right_child=4 2 -4 -5 5 -7
leaf_value=-3.60908796443751 0.69585588717346214 -0.62299596445079164 1.7217057388301793 -0.89288464689001068 -0.95575104744116701 0.52914523121383461
leaf_weight=189 2317 717 430 927 1505 1979
leaf_count=189 2317 717 430 927 1505 1979
internal_value=0.00021833 -0.538684 0.256746 -1.35571 0.210503 -0.112383
internal_weight=8064 2263 1147 1116 5801 3484
internal_count=8064 2263 1147 1116 5801 3484
is_linear=0
shrinkage=0.05


Tree=91
num_leaves=7
num_cat=0
split_feature=11 4 15 17 12 3
split_gain=359793 695897 797493 501767 457443 367848
threshold=0.65918890865110003 154.70986180555613 4910.2276512152785 78.754749999999845 -0.75166088996455083 -131.2393625000004
decision_type=2 2 2 2 2 2
left_child=3 2 -2 5 -5 -1
right_child=1 -3 -4 4 -6 -7
leaf_value=-0.95306877348969588 -0.50121162856512513 2.904598486140697 1.6754847245311737 0.59085810591127808 -1.5537023464929236 0.25377135182204197
leaf_weight=758 1287 273 624 326 1041 3755
leaf_count=758 1287 273 624 326 1041 3755
internal_value=0.000187987 0.548045 0.210051 -0.20336 -1.04221 0.0509052
internal_weight=8064 2184 1911 5880 1367 4513
internal_count=8064 2184 1911 5880 1367 4513
is_linear=0
shrinkage=0.05


Tree=92
num_leaves=5
num_cat=0
split_feature=3 18 12 17
split_gain=346747 383497 409735 255297
threshold=161.63051249999992 -38.98749999999972 0.065387565056496968 -26.072587500000278
decision_type=2 2 2 2
left_child=1 3 -3 -1
right_child=-2 2 -4 -5
leaf_value=0.048417046277106149 1.8145839577445799 0.7903403289596449 -0.1544960912144796 -0.88722958305146227
leaf_weight=1240 254 1894 2908 1768
leaf_count=1240 254 1894 2908 1768
internal_value=0.000193568 -0.0590395 0.218252 -0.501636
internal_weight=8064 7810 4802 3008
internal_count=8064 7810 4802 3008
is_linear=0
shrinkage=0.05


Tree=93
num_leaves=5
num_cat=0
split_feature=3 11 15 2
split_gain=345435 428999 1.07604e+06 306053
threshold=-382.42164999999972 0.21643961393810304 4910.2276512152785 64.452149999999861
decision_type=2 2 2 2
left_child=-1 3 -3 -2
right_child=1 2 -4 -5
leaf_value=-1.7751247937499355 0.065680608469810137 -0.081235531463825339 1.9291012980894704 -0.77963136691152357
leaf_weight=264 2853 2298 936 1713
leaf_count=264 2853 2298 936 1713
internal_value=0.000193881 0.0605014 0.501022 -0.251552
internal_weight=8064 7800 3234 4566
internal_count=8064 7800 3234 4566
is_linear=0
shrinkage=0.05


Tree=94
num_leaves=7
num_cat=0
split_feature=1 10 15 2 2 15
split_gain=331937 504554 523828 438751 318301 714840
threshold=-129.0183499999998 1.0000000180025095e-35 4916.418582291667 29.179050000000192 1.0000000180025095e-35 3003.7398454861118
decision_type=2 2 2 2 2 2
left_child=1 3 -3 -1 5 -2
right_child=4 2 -4 -5 -6 -7
leaf_value=-0.80588579512726766 -0.93734257165308144 -0.60422992921436947 1.6008868648979615 -3.3922069871407006 -0.10150633971833517 1.1385853469946801
leaf_weight=917 540 717 430 199 3484 1777
leaf_count=917 540 717 430 199 3484 1777
internal_value=0.000180213 -0.513295 0.223123 -1.26969 0.200543 0.654574
internal_weight=8064 2263 1147 1116 5801 2317
internal_count=8064 2263 1147 1116 5801 2317
is_linear=0
shrinkage=0.05


Tree=95
num_leaves=7
num_cat=0
split_feature=3 11 15 4 18 2
split_gain=326461 365746 1.07711e+06 356758 292321 209693
threshold=-261.39974999999976 0.34202014332566882 4910.2276512152785 -7.2045496527778132 123.38186249999968 -74.67444999999951
decision_type=2 2 2 2 2 2
left_child=3 4 -3 5 -2 -1
right_child=1 2 -4 -5 -6 -7
leaf_value=1.1751027100752383 -0.3429423837922102 -0.014967388626867402 2.3125528025595625 -2.5930186357010498 0.70992585518306139 -1.0992383370391163
leaf_weight=169 3958 1995 661 241 790 250
leaf_count=169 3958 1995 661 241 790 250
internal_value=0.000151969 0.0951894 0.564936 -1.06453 -0.167647 -0.181289
internal_weight=8064 7404 2656 660 4748 419
internal_count=8064 7404 2656 660 4748 419
is_linear=0
shrinkage=0.05


Tree=96
num_leaves=7
num_cat=0
split_feature=17 17 17 18 18 18
split_gain=322341 515134 394979 317563 236956 173154
threshold=-43.326662499999422 -352.70776249999875 509.06535000000014 47.887500000000053 166.51974500000048 -38.98749999999972
decision_type=2 2 2 2 2 2
left_child=1 4 3 -2 -1 -4
right_child=2 -3 5 -5 -6 -7
leaf_value=-1.0897293375453092 -0.74610772205968667 0.84584532329389273 0.1464754727500224 0.12262035083570594 0.69393821619022855 1.7938847728470961
leaf_weight=650 2719 2080 341 1715 260 299
leaf_count=650 2719 2080 341 1715 260 299
internal_value=0.000145289 0.411872 -0.24251 -0.410146 -0.579908 0.917722
internal_weight=8064 2990 5074 4434 910 640
internal_count=8064 2990 5074 4434 910 640
is_linear=0
shrinkage=0.05


Tree=97
num_leaves=7
num_cat=0
split_feature=3 17 17 18 11 15
split_gain=315050 277743 524047 316398 168421 150771
threshold=87.038350000000051 -50.054575000000106 -248.8101250000004 -64.317212500000082 0.77969889170510676 4915.5560921006954
decision_type=2 2 2 2 2 2
left_child=1 2 -1 -3 5 -2
right_child=4 3 -4 -5 -6 -7
leaf_value=-0.67484604418172034 0.7626823925191899 -0.96013486647200341 0.84904516372456884 -0.065979819436868398 2.0637284539712288 -0.95322491452584868
leaf_weight=880 786 1476 1568 2997 205 152
leaf_count=880 786 1476 1568 2997 205 152
internal_value=0.000148976 -0.126887 0.301189 -0.361182 0.768807 0.483906
internal_weight=8064 6921 2448 4473 1143 938
internal_count=8064 6921 2448 4473 1143 938
is_linear=0
shrinkage=0.05


Tree=98
num_leaves=7
num_cat=0
split_feature=3 4 4 4 4 11
split_gain=307305 385711 316042 3.94237e+06 327018 297255
threshold=-123.18823750000023 10.44017048611113 3.5567385416659367 9.7080503472220716 2.7783979166665635 -0.40265084705289461
decision_type=2 2 2 2 2 2
left_child=1 5 4 -4 -2 -1
right_child=2 -3 3 -5 -6 -7
leaf_value=-1.6056199003050762 -0.00600032856463408 -1.8279714921571053 7.2082288498463845 0.017998280199580406 -1.8876287484361278 0.21421767261206998
leaf_weight=280 3351 455 206 2412 247 1113
leaf_count=280 3351 455 206 2412 247 1113
internal_value=0.000147859 -0.565763 0.168456 0.586305 -0.135661 -0.152468
internal_weight=8064 1848 6216 2618 3598 1393
internal_count=8064 1848 6216 2618 3598 1393
is_linear=0
shrinkage=0.05


Tree=99
num_leaves=6
num_cat=0
split_feature=3 11 4 12 4
split_gain=299591 339950 951484 411572 163730
threshold=-335.65917500000018 0.69134849440110402 154.70986180555613 -0.62577451934762995 -11.252324305555247
decision_type=2 2 2 2 2
left_child=4 3 -3 -2 -1
right_child=1 2 -4 -5 -6
leaf_value=-0.27239381125098783 0.46816807546919953 0.23350727301261018 3.676904794014177 -0.4195612769912061 -2.3071552916053828
leaf_weight=189 1976 1620 228 3844 207
leaf_count=189 1976 1620 228 3844 207
internal_value=0.000153569 0.0694852 0.660101 -0.118132 -1.33915
internal_weight=8064 7668 1848 5820 396
internal_count=8064 7668 1848 5820 396
is_linear=0
shrinkage=0.05


end of trees

feature_importances:
Column_3=150
Column_4=77
Column_11=64
Column_1=60
Column_15=58
Column_17=38
Column_18=36
Column_2=32
Column_12=25
Column_16=16
Column_8=10
Column_10=10
Column_13=5
Column_0=1

parameters:
[boosting: gbdt]
[objective: regression]
[metric: l2]
[tree_learner: serial]
[device_type: cpu]
[data_sample_strategy: bagging]
[data: ]
[valid: ]
[num_iterations: 100]
[learning_rate: 0.05]
[num_leaves: 7]
[num_threads: 1]
[seed: 20250911]
[deterministic: 1]
[force_col_wise: 1]
[force_row_wise: 0]
[histogram_pool_size: -1]
[max_depth: 3]
[min_data_in_leaf: 144]
[min_sum_hessian_in_leaf: 0.001]
[bagging_fraction: 1]
[pos_bagging_fraction: 1]
[neg_bagging_fraction: 1]
[bagging_freq: 0]
[bagging_seed: 20250911]
[bagging_by_query: 0]
[feature_fraction: 1]
[feature_fraction_bynode: 1]
[feature_fraction_seed: 20250911]
[extra_trees: 0]
[extra_seed: 26685]
[early_stopping_round: 0]
[early_stopping_min_delta: 0]
[first_metric_only: 0]
[max_delta_step: 0]
[lambda_l1: 0]
[lambda_l2: 1]
[linear_lambda: 0]
[min_gain_to_split: 0]
[drop_rate: 0.1]
[max_drop: 50]
[skip_drop: 0.5]
[xgboost_dart_mode: 0]
[uniform_drop: 0]
[drop_seed: 2504]
[top_rate: 0.2]
[other_rate: 0.1]
[min_data_per_group: 100]
[max_cat_threshold: 32]
[cat_l2: 10]
[cat_smooth: 10]
[max_cat_to_onehot: 4]
[top_k: 20]
[monotone_constraints: ]
[monotone_constraints_method: basic]
[monotone_penalty: 0]
[feature_contri: ]
[forcedsplits_filename: ]
[refit_decay_rate: 0.9]
[cegb_tradeoff: 1]
[cegb_penalty_split: 0]
[cegb_penalty_feature_lazy: ]
[cegb_penalty_feature_coupled: ]
[path_smooth: 0]
[interaction_constraints: ]
[verbosity: -1]
[saved_feature_importance_type: 0]
[use_quantized_grad: 0]
[num_grad_quant_bins: 4]
[quant_train_renew_leaf: 0]
[stochastic_rounding: 1]
[linear_tree: 0]
[max_bin: 63]
[max_bin_by_feature: ]
[min_data_in_bin: 3]
[bin_construct_sample_cnt: 200000]
[data_random_seed: 20250911]
[is_enable_sparse: 1]
[enable_bundle: 1]
[use_missing: 1]
[zero_as_missing: 0]
[feature_pre_filter: 0]
[pre_partition: 0]
[two_round: 0]
[header: 0]
[label_column: ]
[weight_column: ]
[group_column: ]
[ignore_column: ]
[categorical_feature: ]
[forcedbins_filename: ]
[precise_float_parser: 0]
[parser_config_file: ]
[objective_seed: 19683]
[num_class: 1]
[is_unbalance: 0]
[scale_pos_weight: 1]
[sigmoid: 1]
[boost_from_average: 1]
[reg_sqrt: 0]
[alpha: 0.9]
[fair_c: 1]
[poisson_max_delta_step: 0.7]
[tweedie_variance_power: 1.5]
[lambdarank_truncation_level: 30]
[lambdarank_norm: 1]
[label_gain: ]
[lambdarank_position_bias_regularization: 0]
[eval_at: ]
[multi_error_top_k: 1]
[auc_mu_weights: ]
[num_machines: 1]
[local_listen_port: 12400]
[time_out: 120]
[machine_list_filename: ]
[machines: ]
[gpu_platform_id: -1]
[gpu_device_id: -1]
[gpu_device_id_list: ]
[gpu_use_dp: 0]
[num_gpu: 1]

end of parameters

pandas_categorical:null
