tree
version=v4
num_class=1
num_tree_per_iteration=1
label_index=0
max_feature_idx=18
objective=regression
feature_names=Column_0 Column_1 Column_2 Column_3 Column_4 Column_5 Column_6 Column_7 Column_8 Column_9 Column_10 Column_11 Column_12 Column_13 Column_14 Column_15 Column_16 Column_17 Column_18
feature_infos=[1995.7175999999999:6988.0407999999998] [-4381.8038999999999:3772.5299999999997] [-992.53369999999995:679.22440000000006] [-400.74499999999989:750.18499999999995] [-158.15577916666643:35.305790972222894] [0:1] [0:1] [0:1] [0:1] [0:1] [0:1] [-1:1] [-1:1] [-1:1] [-1:1] [2994.4235696180554:5326.2871546874994] [0:1] [-2222.8330749999986:2061.0624750000006] [-4232.1472500000036:3713.7829500000016]
tree_sizes=767 771 773 769 784 768 779 775 776 764 774 772 775 775 771 782 777 772 773 776 773 770 779 776 782 771 777 768 768 755 768 776 773 771 757 767 769 761 762 680 686 764 774 771 681 764 764 755 759 777 765 603 770 763 767 762 760 761 757 757 754 748 762 758 753 752 745 753 759 756 674 747 589 750 755 754 745 673 748 753 757 744 731 751 591 750 759 760 744 753 752 500 749 741 673 756 751 749 666 756

Tree=0
num_leaves=7
num_cat=0
split_feature=3 1 3 3 4 4
split_gain=3.31257e+07 1.00672e+07 5.23126e+06 4.71777e+06 3.50706e+06 1.77069e+06
threshold=-32.858787500000282 33.902949999999699 -139.8395624999998 46.961162500000235 -78.39448611111105 -26.406796180555371
decision_type=2 2 2 2 2 2
left_child=2 4 -1 -3 -2 -4
right_child=1 3 5 -5 -6 -7
leaf_value=-27.408130622061154 -21.460469098492375 -16.037615965472614 -24.779984512923026 -11.659120706778801 -16.358603698805762 -20.338425258529753
leaf_weight=408 385 865 269 2133 2644 1360
leaf_count=408 385 865 269 2133 2644 1360
internal_value=-16.8384 -14.9753 -22.3491 -12.9217 -17.0084 -21.0763
internal_weight=8064 6027 2037 2998 3029 1629
internal_count=8064 6027 2037 2998 3029 1629
is_linear=0
shrinkage=1


Tree=1
num_leaves=7
num_cat=0
split_feature=3 1 3 3 4 4
split_gain=2.99007e+07 9.08642e+06 4.73804e+06 4.25794e+06 3.16592e+06 1.74231e+06
threshold=-32.858787500000282 33.902949999999699 -161.40678750000026 46.961162500000235 -78.39448611111105 -78.39448611111105
decision_type=2 2 2 2 2 2
left_child=2 4 -1 -3 -2 -4
right_child=1 3 5 -5 -6 -7
leaf_value=-11.370439786008209 -4.3915904342201708 0.76076498517280511 -8.0528842154349984 4.9204105255893156 0.45578944145027545 -3.6255221747343995
leaf_weight=272 385 865 261 2133 2644 1504
leaf_count=272 385 865 261 2133 2644 1504
internal_value=-0.000125095 1.76997 -5.23572 3.7209 -0.161581 -4.28441
internal_weight=8064 6027 2037 2998 3029 1765
internal_count=8064 6027 2037 2998 3029 1765
is_linear=0
shrinkage=0.05


Tree=2
num_leaves=7
num_cat=0
split_feature=3 1 3 3 11 4
split_gain=2.69901e+07 8.2012e+06 4.36278e+06 3.84293e+06 2.88926e+06 1.45213e+06
threshold=-32.858787500000282 33.902949999999699 -139.8395624999998 46.961162500000235 -0.27976242230339682 -26.406796180555371
decision_type=2 2 2 2 2 2
left_child=2 4 -1 -3 -2 -4
right_child=1 3 5 -5 -6 -7
leaf_value=-9.5944545735939801 -1.8175335662617493 0.7227707267495832 -7.1661661176659441 4.6745052737799222 1.2786213229830419 -3.1440356908411249
leaf_weight=408 1401 865 269 2133 1628 1360
leaf_count=408 1401 865 269 2133 1628 1360
internal_value=-0.000250907 1.68149 -4.9745 3.53495 -0.153567 -3.81221
internal_weight=8064 6027 2037 2998 3029 1629
internal_count=8064 6027 2037 2998 3029 1629
is_linear=0
shrinkage=0.05


Tree=3
num_leaves=7
num_cat=0
split_feature=3 1 3 3 4 3
split_gain=2.43626e+07 7.43766e+06 3.94792e+06 3.53929e+06 3.12184e+06 1.62916e+06
threshold=-32.858787500000282 16.36520000000019 -161.40678750000026 46.961162500000235 -36.53851840277752 -80.917175000000029
decision_type=2 2 2 2 2 2
left_child=2 4 -1 -3 -2 -4
right_child=1 3 5 -5 -6 -7
leaf_value=-10.326034801608914 -4.1233000061499911 0.6805303457669043 -5.4958737006203497 4.3216980187685961 0.44368750233371435 -2.4452491935447451
leaf_weight=272 443 948 816 2257 2379 949
leaf_count=272 443 948 816 2257 2379 949
internal_value=-0.000331627 1.59745 -4.72626 3.24523 -0.274449 -3.85794
internal_weight=8064 6027 2037 3205 2822 1765
internal_count=8064 6027 2037 3205 2822 1765
is_linear=0
shrinkage=0.05


Tree=4
num_leaves=7
num_cat=0
split_feature=3 1 2 3 11 8
split_gain=2.20064e+07 6.26577e+06 5.0062e+06 3.36045e+06 2.93655e+06 2.42752e+06
threshold=-11.059899999999969 1.0000000180025095e-35 -285.76809999999995 -99.331312499999953 -0.27976242230339682 1.0000000180025095e-35
decision_type=2 2 2 2 2 2
left_child=2 4 -1 -4 -2 -3
right_child=1 5 3 -5 -6 -7
leaf_value=-12.648090233569903 -1.9556834386179216 4.0543366063694259 -6.0161285093039467 -2.0026429381999402 1.6021166745079374 0.89836694843660703
leaf_weight=150 1165 2345 759 1668 1153 824
leaf_count=150 1165 2345 759 1668 1153 824
internal_value=-0.000420111 1.78957 -3.81091 -3.25975 -0.186065 3.23427
internal_weight=8064 5487 2577 2427 2318 3169
internal_count=8064 5487 2577 2427 2318 3169
is_linear=0
shrinkage=0.05


Tree=5
num_leaves=7
num_cat=0
split_feature=3 1 3 4 11 4
split_gain=2.00229e+07 6.49918e+06 3.39159e+06 3.08372e+06 3.75173e+06 2.86219e+06
threshold=-45.600337500000016 33.902949999999699 46.961162500000235 -78.39448611111105 0.15208718494349097 -78.39448611111105
decision_type=2 2 2 2 2 2
left_child=3 5 -3 4 -1 -2
right_child=1 2 -4 -5 -6 -7
leaf_value=-14.847387181810644 -4.1544192281147332 0.46866931440397197 4.0659116953611374 -3.751107475493705 -3.6688131189504207 0.31760602802409399
leaf_weight=151 409 946 2133 1466 150 2809
leaf_count=151 409 946 2133 1466 150 2809
internal_value=-0.000498679 1.31941 2.9612 -4.7023 -9.30726 -0.251892
internal_weight=8064 6297 3079 1767 301 3218
internal_count=8064 6297 3079 1767 301 3218
is_linear=0
shrinkage=0.05


Tree=6
num_leaves=7
num_cat=0
split_feature=3 1 2 3 11 3
split_gain=1.81579e+07 5.54668e+06 3.41606e+06 2.73553e+06 2.34535e+06 2.11317e+06
threshold=-32.858787500000282 33.902949999999699 -259.49979999999999 63.788687500000158 -0.27976242230339682 -110.07403750000024
decision_type=2 2 2 2 2 2
left_child=2 4 -1 -3 -2 -4
right_child=1 3 5 -5 -6 -7
leaf_value=-11.146847973292388 -1.6295267813991803 0.83417944476120809 -5.8789905120656263 4.0058227380699574 1.1600147161268024 -2.3087431568501962
leaf_weight=157 1401 1043 618 1955 1628 1262
leaf_count=157 1401 1043 618 1955 1628 1262
internal_value=-0.000607523 1.37879 -4.08059 2.90306 -0.130341 -3.48487
internal_weight=8064 6027 2037 2998 3029 1880
internal_count=8064 6027 2037 2998 3029 1880
is_linear=0
shrinkage=0.05


Tree=7
num_leaves=7
num_cat=0
split_feature=3 3 1 8 11 4
split_gain=1.6622e+07 5.2461e+06 4.41233e+06 2.96123e+06 2.76423e+06 2.42756e+06
threshold=14.191174999999705 -80.917175000000029 62.502250000000011 1.0000000180025095e-35 1.0000000180025095e-35 -78.39448611111105
decision_type=2 2 2 2 2 2
left_child=1 5 4 -4 -2 -1
right_child=2 -3 3 -5 -6 -7
leaf_value=-10.483479551416664 -0.90210232164466919 -1.339816968797171 4.688094422339204 0.79638490664375416 2.4466931700723733 -4.4520319849826473
leaf_weight=206 1542 2143 1552 714 1025 882
leaf_count=206 1542 2143 1552 714 1025 882
internal_value=-0.000669924 -2.77654 1.85527 3.46274 0.4355 -5.60259
internal_weight=8064 3231 4833 2266 2567 1088
internal_count=8064 3231 4833 2266 2567 1088
is_linear=0
shrinkage=0.05


Tree=8
num_leaves=7
num_cat=0
split_feature=3 1 2 4 3 8
split_gain=1.50096e+07 4.2889e+06 3.91207e+06 2.81661e+06 2.36264e+06 1.94715e+06
threshold=-11.059899999999969 -9.0630499999999738 -285.76809999999995 -26.406796180555371 -110.07403750000024 1.0000000180025095e-35
decision_type=2 2 2 2 2 2
left_child=2 3 -1 -2 -4 -3
right_child=1 5 4 -5 -6 -7
leaf_value=-10.959178756921251 -3.9798890294112597 3.3431698750476766 -5.2933315877444018 0.62515094386821379 -1.7351110509931378 0.53083988654748959
leaf_weight=150 405 2436 630 1822 1797 824
leaf_count=150 405 2436 630 1822 1797 824
internal_value=-0.000693711 1.4776 -3.14766 -0.213727 -2.66055 2.6327
internal_weight=8064 5487 2577 2227 2427 3260
internal_count=8064 5487 2577 2227 2427 3260
is_linear=0
shrinkage=0.05


Tree=9
num_leaves=7
num_cat=0
split_feature=3 1 10 3 4 1
split_gain=1.378e+07 4.92831e+06 3.62383e+06 3.32349e+06 2.14116e+06 582998
threshold=-66.51257500000041 -75.39205000000014 1.0000000180025095e-35 46.961162500000235 -78.39448611111105 -36.508249999999855
decision_type=2 2 2 2 2 2
left_child=4 2 -2 -3 -1 -6
right_child=1 3 -4 -5 5 -7
leaf_value=-8.8048136511432986 -2.8212803268377882 0.13291178963357403 1.271016217786646 2.9319028250070076 -4.4515306119692521 -2.00959355275997
leaf_weight=246 1224 1704 968 2808 747 367
leaf_count=246 1224 1704 968 2808 747 367
internal_value=-0.000767309 0.930332 -1.01434 1.8751 -4.58785 -3.64957
internal_weight=8064 6704 2192 4512 1360 1114
internal_count=8064 6704 2192 4512 1360 1114
is_linear=0
shrinkage=0.05


Tree=10
num_leaves=7
num_cat=0
split_feature=3 2 11 4 3 3
split_gain=1.25342e+07 4.24656e+06 4.04134e+06 6.09216e+06 2.56756e+06 2.02207e+06
threshold=14.191174999999705 -285.76809999999995 -0.15208718494349127 -78.39448611111105 -99.331312499999953 85.875000000000242
decision_type=2 2 2 2 2 2
left_child=1 -1 3 -2 -3 -4
right_child=2 4 5 -5 -6 -7
leaf_value=-9.8756019406269004 -6.9004725862723753 -4.4893140631757289 1.5977704630909164 1.0671143600140514 -1.1350840603588466 4.5351688615189358
leaf_weight=179 268 759 1149 2218 2293 1198
leaf_count=179 268 759 1149 2218 2293 1198
internal_value=-0.000814226 -2.41131 1.61084 0.20575 -1.97044 3.09843
internal_weight=8064 3231 4833 2486 3052 2347
internal_count=8064 3231 4833 2486 3052 2347
is_linear=0
shrinkage=0.05


Tree=11
num_leaves=7
num_cat=0
split_feature=3 1 8 15 1 11
split_gain=1.14391e+07 4.3566e+06 3.22564e+06 2.15539e+06 1.98875e+06 1.61087e+06
threshold=-66.51257500000041 73.429850000000229 1.0000000180025095e-35 5023.217121875 -203.92500000000015 -0.51864980417341167
decision_type=2 2 2 2 2 2
left_child=4 3 -3 -2 5 -1
right_child=1 2 -4 -5 -6 -7
leaf_value=-11.154611186385155 0.57801390741211522 3.6785486570263601 0.081600034424131607 -1.9303301377790918 -2.7309382705733336 -4.8550092473074251
leaf_weight=144 2748 1743 970 1243 866 350
leaf_count=144 2748 1743 970 1243 866 350
internal_value=-0.000867739 0.847465 2.39301 -0.2035 -4.1802 -6.71016
internal_weight=8064 6704 2713 3991 1360 494
internal_count=8064 6704 2713 3991 1360 494
is_linear=0
shrinkage=0.05


Tree=12
num_leaves=7
num_cat=0
split_feature=3 2 11 4 3 3
split_gain=1.06723e+07 5.25713e+06 3.76715e+06 4.92222e+06 2.60276e+06 1.30881e+06
threshold=28.029099999999975 -323.17305000000005 -0.15208718494349127 -78.39448611111105 -80.917175000000029 116.94278749999991
decision_type=2 2 2 2 2 2
left_child=1 -1 3 -2 -3 -4
right_child=2 4 5 -5 -6 -7
leaf_value=-11.34714271161063 -6.3198901964358898 -3.7436521718523852 2.1461066350882048 1.0603643684336947 -0.74200209741529344 4.6976613501871336
leaf_weight=144 252 1024 1238 2110 2447 849
leaf_count=144 252 1024 1238 2110 2447 849
internal_value=-0.000925614 -2.01853 1.63855 0.270629 -1.62836 3.18584
internal_weight=8064 3615 4449 2362 3471 2087
internal_count=8064 3615 4449 2362 3471 2087
is_linear=0
shrinkage=0.05


Tree=13
num_leaves=7
num_cat=0
split_feature=3 2 11 4 3 3
split_gain=9.63307e+06 4.74851e+06 3.40053e+06 4.44392e+06 2.35762e+06 1.18747e+06
threshold=28.029099999999975 -323.17305000000005 -0.15208718494349127 -78.39448611111105 -66.51257500000041 92.136237500000121
decision_type=2 2 2 2 2 2
left_child=1 -1 3 -2 -3 -4
right_child=2 4 5 -5 -6 -7
leaf_value=-10.783698429773594 -6.0051447221412957 -3.2436710990283864 1.7391983573626431 1.0073712492763136 -0.54615895037467777 4.1336664210081953
leaf_weight=144 252 1287 966 2110 2184 1121
leaf_count=144 252 1287 966 2110 2184 1121
internal_value=-0.000967678 -1.91782 1.55664 0.256986 -1.54701 3.02671
internal_weight=8064 3615 4449 2362 3471 2087
internal_count=8064 3615 4449 2362 3471 2087
is_linear=0
shrinkage=0.05


Tree=14
num_leaves=7
num_cat=0
split_feature=3 3 11 4 1 3
split_gain=8.71671e+06 3.10446e+06 2.9871e+06 4.44554e+06 1.60272e+06 1.47804e+06
threshold=14.191174999999705 -161.40678750000026 -0.15208718494349127 -78.39448611111105 -149.69514999999976 85.875000000000242
decision_type=2 2 2 2 2 2
left_child=1 -1 3 -2 -3 -4
right_child=2 4 5 -5 -6 -7
leaf_value=-7.1137020021349517 -5.9353367275797311 -3.1962956479527742 1.3389580973396482 0.87083768692470276 -0.72220289554114425 3.8502603809888307
leaf_weight=272 268 977 1149 2218 1982 1198
leaf_count=272 268 977 1149 2218 1982 1198
internal_value=-0.0010042 -2.01118 1.343 0.135015 -1.5399 2.62192
internal_weight=8064 3231 4833 2486 2959 2347
internal_count=8064 3231 4833 2486 2959 2347
is_linear=0
shrinkage=0.05


Tree=15
num_leaves=7
num_cat=0
split_feature=3 2 1 3 8 11
split_gain=7.92329e+06 4.14993e+06 2.87276e+06 2.06565e+06 1.86917e+06 1.82219e+06
threshold=32.335524999999969 -323.17305000000005 62.502250000000011 -80.917175000000029 1.0000000180025095e-35 1.0000000180025095e-35
decision_type=2 2 2 2 2 2
left_child=1 -1 5 -3 -4 -2
right_child=2 3 4 -5 -6 -7
leaf_value=-9.8337241323788973 -0.8702078552116117 -3.2421276622363706 3.8100135000174769 -0.58708996890219256 0.55025444153105629 2.0655772420569973
leaf_weight=149 1416 1024 1427 2570 636 842
leaf_count=149 1416 1024 1427 2570 636 842
internal_value=-0.00102162 -1.68473 1.45752 -1.34425 2.80582 0.224966
internal_weight=8064 3743 4321 3594 2063 2258
internal_count=8064 3743 4321 3594 2063 2258
is_linear=0
shrinkage=0.05


Tree=16
num_leaves=7
num_cat=0
split_feature=3 1 10 4 11 3
split_gain=7.23136e+06 3.03515e+06 2.80988e+06 1.81597e+06 2.7918e+06 1.71247e+06
threshold=-45.600337500000016 -75.39205000000014 1.0000000180025095e-35 -78.39448611111105 0.15208718494349097 116.94278749999991
decision_type=2 2 2 2 2 2
left_child=3 2 -2 4 -1 -3
right_child=1 5 -4 -5 -6 -7
leaf_value=-11.135347893598833 -2.5496098003853405 0.72204987040595459 1.2205745844779079 -2.0975300313047835 -1.5087399718777235 2.7562317580437394
leaf_weight=151 1078 2581 911 1466 150 1727
leaf_count=151 1078 2581 911 1466 150 1727
internal_value=-0.00102082 0.792194 -0.823048 -2.82662 -6.35892 1.53797
internal_weight=8064 6297 1989 1767 301 4308
internal_count=8064 6297 1989 1767 301 4308
is_linear=0
shrinkage=0.05


Tree=17
num_leaves=7
num_cat=0
split_feature=3 1 4 3 15 11
split_gain=6.58674e+06 3.00389e+06 2.05865e+06 1.64179e+06 1.49556e+06 2.03397e+06
threshold=-66.51257500000041 -19.04734999999982 -26.406796180555371 80.229637500000322 5023.217121875 0.15208718494349097
decision_type=2 2 2 2 2 2
left_child=4 2 -2 -3 -1 -6
right_child=1 3 -4 -5 5 -7
leaf_value=-2.2619501912980589 -3.4568660361830013 0.46819141069124098 0.040163908838212262 2.5305321909535032 -10.438132034572179 -2.3605458755809141
leaf_weight=1047 513 1843 2322 2026 148 165
leaf_count=1047 513 1843 2322 2026 148 165
internal_value=-0.00104783 0.642685 -0.593628 1.54851 -3.17241 -6.20106
internal_weight=8064 6704 2835 3869 1360 313
internal_count=8064 6704 2835 3869 1360 313
is_linear=0
shrinkage=0.05


Tree=18
num_leaves=7
num_cat=0
split_feature=3 2 11 4 3 18
split_gain=6.06963e+06 3.46274e+06 2.59306e+06 3.2903e+06 1.58469e+06 1.01972e+06
threshold=32.335524999999969 -323.17305000000005 -0.2376293295203116 -78.39448611111105 -110.07403750000024 -6.628662500000245
decision_type=2 2 2 2 2 2
left_child=1 -1 3 -2 -3 -4
right_child=2 4 5 -5 -6 -7
leaf_value=-8.9184542026519775 -5.5516231385935022 -3.4195813174848446 1.278062758516199 0.73417601295149015 -0.67495134245169575 3.4814417921348735
leaf_weight=149 232 639 938 1954 2955 1197
leaf_count=149 232 639 938 1954 2955 1197
internal_value=-0.00109141 -1.47475 1.27549 0.0648312 -1.16375 2.51445
internal_weight=8064 3743 4321 2186 3594 2135
internal_count=8064 3743 4321 2186 3594 2135
is_linear=0
shrinkage=0.05


Tree=19
num_leaves=7
num_cat=0
split_feature=1 4 11 3 10 18
split_gain=5.60654e+06 3.77937e+06 5.95683e+06 2.3085e+06 2.05453e+06 924106
threshold=-75.39205000000014 -26.406796180555371 -0.51864980417341167 46.961162500000235 1.0000000180025095e-35 31.542200000000552
decision_type=2 2 2 2 2 2
left_child=1 2 -1 5 -3 -2
right_child=3 4 -4 -5 -6 -7
leaf_value=-11.13881845599413 -1.139028223869154 -2.0245899263221396 -1.1818346488333884 1.9765354333107912 0.93335083882172276 0.90740706437342888
leaf_weight=249 1179 1413 377 2808 1003 1035
leaf_count=249 1179 1413 377 2808 1003 1035
internal_value=-0.00111786 -1.69475 -5.15381 1.02491 -0.796726 -0.182384
internal_weight=8064 3042 626 5022 2416 2214
internal_count=8064 3042 626 5022 2416 2214
is_linear=0
shrinkage=0.05


Tree=20
num_leaves=7
num_cat=0
split_feature=3 18 2 1 11 12
split_gain=5.23346e+06 2.74159e+06 1.77507e+06 1.35166e+06 1.26418e+06 1.14407e+06
threshold=-66.51257500000041 -6.628662500000245 -323.17305000000005 -203.92500000000015 -0.75166088996455094 -0.15208718494349094
decision_type=2 2 2 2 2 2
left_child=3 2 -2 5 -3 -1
right_child=1 4 -4 -5 -6 -7
leaf_value=-2.2780150877254388 -5.4526232326065589 -0.1538336444685518 -0.2146321628345485 -1.6343505917153522 2.0575285661574418 -7.1182915653659506
leaf_weight=226 170 850 2990 866 2694 268
leaf_count=226 170 850 2990 866 2694 268
internal_value=-0.0011343 0.572672 -0.498059 -2.828 1.52726 -4.91299
internal_weight=8064 6704 3160 1360 3544 494
internal_count=8064 6704 3160 1360 3544 494
is_linear=0
shrinkage=0.05


Tree=21
num_leaves=7
num_cat=0
split_feature=3 2 11 3 17 18
split_gain=4.9146e+06 3.49171e+06 2.00137e+06 2.24202e+06 1.43903e+06 752340
threshold=46.961162500000235 -323.17305000000005 -0.15208718494349127 273.10406250000011 31.504574999999935 -6.628662500000245
decision_type=2 2 2 2 2 2
left_child=1 -1 3 -2 -3 -4
right_child=2 4 5 -5 -6 -7
leaf_value=-8.3112850063805848 -0.75013828579256969 -0.074783332479624029 1.3586126897652087 2.8006904843598304 -1.9973264818189618 3.4489644639989558
leaf_weight=165 1570 2244 775 619 1718 973
leaf_count=165 1570 2244 775 619 1718 973
internal_value=-0.0011693 -1.20663 1.26245 0.254777 -0.908729 2.52348
internal_weight=8064 4127 3937 2189 3962 1748
internal_count=8064 4127 3937 2189 3962 1748
is_linear=0
shrinkage=0.05


Tree=22
num_leaves=7
num_cat=0
split_feature=1 4 11 3 10 8
split_gain=4.64603e+06 3.24227e+06 5.17574e+06 1.86496e+06 1.75112e+06 900601
threshold=-75.39205000000014 -26.406796180555371 -0.55543802234893469 85.875000000000242 1.0000000180025095e-35 1.0000000180025095e-35
decision_type=2 2 2 2 2 2
left_child=1 2 -1 -2 -3 -5
right_child=3 4 -4 5 -6 -7
leaf_value=-10.476889314367014 0.088851956201037863 -1.8447091804263398 -1.1419409855119305 2.556502809146775 0.88609258456942275 0.061835776108737084
leaf_weight=241 2842 1413 385 1722 1003 458
leaf_count=241 2842 1413 385 1722 1003 458
internal_value=-0.0011327 -1.54288 -4.74672 0.932877 -0.711122 2.03266
internal_weight=8064 3042 626 5022 2416 2180
internal_count=8064 3042 626 5022 2416 2180
is_linear=0
shrinkage=0.05


Tree=23
num_leaves=7
num_cat=0
split_feature=3 1 8 3 15 18
split_gain=4.31815e+06 1.98788e+06 2.04466e+06 1.60368e+06 1.55388e+06 872259
threshold=-32.858787500000282 84.943499999999872 1.0000000180025095e-35 -161.40678750000026 5023.217121875 -30.897612499999237
decision_type=2 2 2 2 2 2
left_child=3 4 -3 -1 -2 -5
right_child=1 2 -4 5 -6 -7
leaf_value=-5.5579943190127503 0.63867121192017939 2.8521579615935706 -0.15581998940540387 -2.8510342597550267 -1.5902811850703595 -0.56357454935049522
leaf_weight=272 2424 1567 883 674 1153 1091
leaf_count=272 2424 1567 883 674 1153 1091
internal_value=-0.00113726 0.671538 1.76844 -1.99078 -0.0800466 -1.43821
internal_weight=8064 6027 2450 2037 3577 1765
internal_count=8064 6027 2450 2037 3577 1765
is_linear=0
shrinkage=0.05


Tree=24
num_leaves=7
num_cat=0
split_feature=3 18 12 1 11 10
split_gain=3.94633e+06 2.31102e+06 1.69995e+06 1.18831e+06 1.12331e+06 1.03538e+06
threshold=-73.652737500000043 -6.628662500000245 0.065387565056496968 -261.56970000000041 -0.75166088996455094 1.0000000180025095e-35
decision_type=2 2 2 2 2 2
left_child=3 2 -2 5 -3 -1
right_child=1 4 -4 -5 -6 -7
leaf_value=-7.377138127141869 0.47010322560536744 -0.24161727170917513 -1.8590458148836912 -1.6116842091361154 1.8236322977753323 -1.9296113497307226
leaf_weight=203 1862 864 1351 867 2763 154
leaf_count=203 1862 864 1351 867 2763 154
internal_value=-0.0011252 0.466875 -0.509529 -2.61467 1.33173 -5.03918
internal_weight=8064 6840 3213 1224 3627 357
internal_count=8064 6840 3213 1224 3627 357
is_linear=0
shrinkage=0.05


Tree=25
num_leaves=7
num_cat=0
split_feature=3 2 1 8 17 15
split_gain=3.80855e+06 2.81891e+06 1.70245e+06 1.9593e+06 1.24519e+06 1.1343e+06
threshold=46.961162500000235 -323.17305000000005 128.70589999999996 1.0000000180025095e-35 31.504574999999935 5023.217121875
decision_type=2 2 2 2 2 2
left_child=1 -1 5 -4 -3 -2
right_child=2 4 3 -5 -6 -7
leaf_value=-7.4458864762122374 1.1205298147411444 -0.018932055629175864 3.9301396155731982 0.21118340290108845 -1.8072804990351861 -1.107758579230335
leaf_weight=165 1559 2244 890 588 1718 900
leaf_count=165 1559 2244 890 588 1718 900
internal_value=-0.00113544 -1.06231 1.11124 2.45175 -0.794655 0.304852
internal_weight=8064 4127 3937 1478 3962 2459
internal_count=8064 4127 3937 1478 3962 2459
is_linear=0
shrinkage=0.05


Tree=26
num_leaves=7
num_cat=0
split_feature=1 4 11 3 10 18
split_gain=3.5361e+06 2.75356e+06 4.55246e+06 1.52242e+06 1.45364e+06 933112
threshold=-75.39205000000014 -26.406796180555371 -0.51864980417341167 116.94278749999991 1.0000000180025095e-35 37.314737499999872
decision_type=2 2 2 2 2 2
left_child=1 2 -1 5 -3 -2
right_child=3 4 -4 -5 -6 -7
leaf_value=-9.5307217144727705 -0.57918439751727646 -1.6125094076518438 -0.82692249735827161 2.0157551976274894 0.8755211374053149 1.1112748209589363
leaf_weight=249 1809 1413 377 1727 1003 1486
leaf_count=249 1809 1413 377 1727 1003 1486
internal_value=-0.00111039 -1.34615 -4.29866 0.81373 -0.579671 0.183295
internal_weight=8064 3042 626 5022 2416 3295
internal_count=8064 3042 626 5022 2416 3295
is_linear=0
shrinkage=0.05


Tree=27
num_leaves=7
num_cat=0
split_feature=3 11 4 3 18 3
split_gain=3.30895e+06 1.90939e+06 2.83448e+06 1.46763e+06 980755 957480
threshold=-11.059899999999969 1.0000000180025095e-35 -78.39448611111105 -161.40678750000026 -30.897612499999237 157.47779999999992
decision_type=2 2 2 2 2 2
left_child=3 2 -2 -1 -5 -3
right_child=1 5 -4 4 -6 -7
leaf_value=-4.9457298574976001 -4.5715259078246211 1.2517705980314515 0.37915569144437733 -2.3826509944900471 -0.25886127814204757 3.7850654504965484
leaf_weight=272 323 2022 2685 877 1428 457
leaf_count=272 323 2022 2685 877 1428 457
internal_value=-0.00110786 0.69299 -0.153793 -1.47869 -1.0676 1.72012
internal_weight=8064 5487 3008 2577 2305 2479
internal_count=8064 5487 3008 2577 2305 2479
is_linear=0
shrinkage=0.05


Tree=28
num_leaves=7
num_cat=0
split_feature=1 10 1 3 3 18
split_gain=3.08749e+06 3.1224e+06 5.29682e+06 1.4591e+06 952050 870164
threshold=-110.80725000000028 1.0000000180025095e-35 -363.5957499999999 124.77853749999964 28.029099999999975 37.314737499999872
decision_type=2 2 2 2 2 2
left_child=1 2 -1 5 -3 -2
right_child=3 4 -4 -5 -6 -7
leaf_value=-10.824160538686289 -0.56336501803919348 -1.1260230294561813 -1.7861762608158924 1.8909265014452981 1.7908355033924257 0.97649360506559713
leaf_weight=184 2050 482 1316 1709 664 1659
leaf_count=184 2050 482 1316 1709 664 1659
internal_value=-0.00109427 -1.40077 -2.90131 0.682599 0.564112 0.125476
internal_weight=8064 2646 1500 5418 1146 3709
internal_count=8064 2646 1500 5418 1146 3709
is_linear=0
shrinkage=0.05


Tree=29
num_leaves=7
num_cat=0
split_feature=3 18 12 3 4 15
split_gain=2.82437e+06 1.78642e+06 1.58243e+06 984257 959581 268591
threshold=-80.917175000000029 -6.628662500000245 0.065387565056496968 178.8366124999998 -78.39448611111105 5011.9004950520839
decision_type=2 2 2 2 2 2
left_child=4 2 -2 -3 -1 -6
right_child=1 3 -4 -5 5 -7
leaf_value=-5.4347555412870392 0.4513749256542835 0.71592379723737964 -1.7770505388240185 2.7640493418547427 -1.2418880842667033 -3.5327011130177057
leaf_weight=206 1899 2976 1371 730 727 155
leaf_count=206 1899 2976 1371 730 727 155
internal_value=-0.00109933 0.368543 -0.483186 1.12 -2.36932 -1.64801
internal_weight=8064 6976 3270 3706 1088 882
internal_count=8064 6976 3270 3706 1088 882
is_linear=0
shrinkage=0.05


Tree=30
num_leaves=7
num_cat=0
split_feature=1 10 1 3 3 18
split_gain=2.69654e+06 2.73533e+06 4.71211e+06 1.26759e+06 831495 752326
threshold=-110.80725000000028 1.0000000180025095e-35 -363.5957499999999 124.77853749999964 28.029099999999975 37.314737499999872
decision_type=2 2 2 2 2 2
left_child=1 2 -1 5 -3 -2
right_child=3 4 -4 -5 -6 -7
leaf_value=-10.186361640144039 -0.5219311450909131 -1.0496034528898155 -1.6618475917893645 1.7640903983574514 1.6763327565946078 0.90987230192151769
leaf_weight=184 2050 482 1316 1709 664 1659
leaf_count=184 2050 482 1316 1709 664 1659
internal_value=-0.0010943 -1.30915 -2.71361 0.637849 0.529907 0.118573
internal_weight=8064 2646 1500 5418 1146 3709
internal_count=8064 2646 1500 5418 1146 3709
is_linear=0
shrinkage=0.05


Tree=31
num_leaves=7
num_cat=0
split_feature=3 2 11 3 17 15
split_gain=2.44135e+06 1.75397e+06 1.62776e+06 1.84464e+06 1.08366e+06 603082
threshold=42.236824999999961 -323.17305000000005 -0.1950438958025166 273.10406250000011 19.566562500000831 5191.4751899305566
decision_type=2 2 2 2 2 2
left_child=1 -1 3 -2 -3 -4
right_child=2 4 5 -5 -6 -7
leaf_value=-6.0076545979268854 -0.97245948549272476 0.1281414186844004 2.2291384039910187 2.2663489098587362 -1.5543120365898755 -0.81020700307923121
leaf_weight=159 1573 2032 1703 609 1808 180
leaf_count=159 1573 2032 1703 609 1808 180
internal_value=-0.00109581 -0.878116 0.861689 -0.0678783 -0.664212 1.93833
internal_weight=8064 3999 4065 2182 3840 1883
internal_count=8064 3999 4065 2182 3840 1883
is_linear=0
shrinkage=0.05


Tree=32
num_leaves=7
num_cat=0
split_feature=1 10 1 17 11 3
split_gain=2.33415e+06 2.41224e+06 4.16768e+06 1.18119e+06 861200 827100
threshold=-110.80725000000028 1.0000000180025095e-35 -363.5957499999999 12.847955000000095 -0.62577451934762984 80.229637500000322
decision_type=2 2 2 2 2 2
left_child=1 2 -1 5 -5 -2
right_child=3 -3 -4 4 -6 -7
leaf_value=-9.5647668704471069 0.53699593940002921 0.50896372488929642 -1.547846435448869 -1.7142172173751238 0.36670286341163094 2.2296708315352305
leaf_weight=184 1665 1146 1316 687 1792 1274
leaf_count=184 1665 1146 1316 687 1792 1274
internal_value=-0.00107029 -1.21806 -2.53697 0.59339 -0.210437 1.27125
internal_weight=8064 2646 1500 5418 2479 2939
internal_count=8064 2646 1500 5418 2479 2939
is_linear=0
shrinkage=0.05


Tree=33
num_leaves=7
num_cat=0
split_feature=3 18 12 11 3 18
split_gain=2.1794e+06 1.50594e+06 1.23006e+06 993610 847632 500235
threshold=-52.069425000000585 -43.229999999999784 0.065387565056496968 1.0000000180025095e-35 -161.40678750000026 -127.31568750000041
decision_type=2 2 2 2 2 2
left_child=4 2 -2 -3 -1 -6
right_child=1 3 -4 -5 5 -7
leaf_value=-4.1756314924020907 0.36168266067991067 0.21415785489775996 -1.922735349304681 1.7924208695497659 -3.1420971961200239 -0.66558085629195585
leaf_weight=272 1453 1974 990 2015 249 1111
leaf_count=272 1453 1974 990 2015 249 1111
internal_value=-0.00107372 0.413017 -0.564462 1.01165 -1.63233 -1.12098
internal_weight=8064 6432 2443 3989 1632 1360
internal_count=8064 6432 2443 3989 1632 1360
is_linear=0
shrinkage=0.05


Tree=34
num_leaves=7
num_cat=0
split_feature=3 2 15 11 3 16
split_gain=2.09105e+06 2.69789e+06 2.61183e+06 721891 935620 605306
threshold=157.47779999999992 -372.32880000000017 5048.3842533854177 1.0000000180025095e-35 297.74446250000011 0.35340124225640573
decision_type=2 2 2 2 2 2
left_child=1 -1 -3 4 -2 -5
right_child=3 2 -4 5 -6 -7
leaf_value=-6.6236955342585579 -0.20577724674243694 0.15297382268345022 -2.8654867191645077 1.8449068841521243 2.4919213848298387 5.6368197190003047
leaf_weight=170 771 5288 828 292 550 165
leaf_count=170 771 5288 828 292 550 165
internal_value=-0.00106676 -0.429308 -0.256075 1.51234 0.918448 3.2233
internal_weight=8064 6286 6116 1778 1321 457
internal_count=8064 6286 6116 1778 1321 457
is_linear=0
shrinkage=0.05


Tree=35
num_leaves=7
num_cat=0
split_feature=1 4 11 17 15 11
split_gain=1.95441e+06 1.7893e+06 3.43935e+06 1.08519e+06 904938 850918
threshold=-75.39205000000014 -26.406796180555371 -0.6913484944011038 12.847955000000095 5048.3842533854177 -0.62577451934762984
decision_type=2 2 2 2 2 2
left_child=1 2 -1 -2 -3 -5
right_child=3 4 -4 5 -6 -7
leaf_value=-8.7526720671886853 1.2713204693941318 0.16101786935429213 -0.8259187346053235 -1.7637239272883045 -2.1029954164348248 0.39627017704861001
leaf_weight=201 2755 1836 425 631 580 1636
leaf_count=201 2755 1836 425 631 580 1636
internal_value=-0.00101075 -1.00096 -3.38099 0.604774 -0.38314 -0.205458
internal_weight=8064 3042 626 5022 2416 2267
internal_count=8064 3042 626 5022 2416 2267
is_linear=0
shrinkage=0.05


Tree=36
num_leaves=7
num_cat=0
split_feature=3 2 11 3 17 15
split_gain=1.96213e+06 1.54205e+06 1.11707e+06 1.42031e+06 805919 604275
threshold=52.606249999999825 -323.17305000000005 -0.2376293295203116 297.74446250000011 42.79958750000015 5191.4751899305566
decision_type=2 2 2 2 2 2
left_child=1 -1 3 -2 -3 -4
right_child=2 4 5 -5 -6 -7
leaf_value=-5.3909615692165165 -0.7563319775883901 0.029550975811622523 2.0362704320622167 2.2937966110655008 -1.4038452303525779 -1.0209510711828869
leaf_weight=170 1507 2450 1614 510 1634 179
leaf_count=170 1507 2450 1614 510 1634 179
internal_value=-0.00103223 -0.739063 0.822983 0.0156499 -0.544151 1.73066
internal_weight=8064 4254 3810 2017 4084 1793
internal_count=8064 4254 3810 2017 4084 1793
is_linear=0
shrinkage=0.05


Tree=37
num_leaves=7
num_cat=0
split_feature=3 2 15 11 3 12
split_gain=1.82787e+06 1.84183e+06 1.83618e+06 922712 1.00932e+06 614538
threshold=116.94278749999991 -372.32880000000017 5048.3842533854177 -0.2376293295203116 297.74446250000011 0.32136297141497122
decision_type=2 2 2 2 2 2
left_child=1 -1 -3 4 -2 -5
right_child=3 2 -4 5 -6 -7
leaf_value=-5.9408425316510609 -0.56265075516930818 0.006292023743658017 -2.7298251766515409 3.7526475745016707 2.1793312047486086 1.1701435647167022
leaf_weight=150 977 4799 702 436 510 490
leaf_count=150 977 4799 702 436 510 490
internal_value=-0.00100674 -0.492911 -0.343305 1.15071 0.378606 2.38883
internal_weight=8064 5651 5501 2413 1487 926
internal_count=8064 5651 5501 2413 1487 926
is_linear=0
shrinkage=0.05


Tree=38
num_leaves=7
num_cat=0
split_feature=3 18 12 12 15 1
split_gain=1.765e+06 1.34154e+06 1.65772e+06 670624 921117 565402
threshold=-80.917175000000029 37.314737499999872 0.065387565056496968 -0.19504389580251641 5011.9004950520839 107.91499999999952
decision_type=2 2 2 2 2 2
left_child=3 2 -2 -1 -5 -3
right_child=1 5 -4 4 -6 -7
leaf_value=-0.61611954618611675 0.61778632427471969 0.57876772198507709 -1.4019318432795269 -1.780311144282446 -6.2832687769571081 2.029999534586048
leaf_weight=538 2263 1801 1842 390 160 1070
leaf_count=538 2263 1801 1842 390 160 1070
internal_value=-0.00096957 0.291239 -0.288624 -1.87309 -3.09929 1.12015
internal_weight=8064 6976 4105 1088 550 2871
internal_count=8064 6976 4105 1088 550 2871
is_linear=0
shrinkage=0.05


Tree=39
num_leaves=6
num_cat=0
split_feature=3 2 15 8 1
split_gain=1.67908e+06 2.21006e+06 2.22318e+06 492491 1.0622e+06
threshold=202.71718750000039 -372.32880000000017 5048.3842533854177 1.0000000180025095e-35 172.51500000000013
decision_type=2 2 2 2 2
left_child=1 -1 -3 4 -2
right_child=3 2 -4 -5 -6
leaf_value=-5.4127756749542018 1.2225517532460934 0.2249930910319804 -2.3815749403233317 -0.54293664473492953 4.9477558708938947
leaf_weight=205 810 5633 956 210 250
leaf_count=205 810 5633 956 210 250
internal_value=-0.000963592 -0.312964 -0.153499 1.66705 2.10497
internal_weight=8064 6794 6589 1270 1060
internal_count=8064 6794 6589 1270 1060
is_linear=0
shrinkage=0.05


Tree=40
num_leaves=6
num_cat=0
split_feature=3 18 12 11 12
split_gain=1.62377e+06 1.45776e+06 1.1922e+06 843396 525382
threshold=-139.8395624999998 -43.229999999999784 0.065387565056496968 -0.77969889170510642 -0.19504389580251641
decision_type=2 2 2 2 2
left_child=4 2 -2 -3 -1
right_child=1 3 -4 -5 -6
leaf_value=-1.249110909101778 0.084415768607633571 -0.57552977874260813 -2.0153933156164139 1.037637271492365 -4.8417684523955637
leaf_weight=202 1731 1030 1108 3787 206
leaf_count=202 1731 1030 1108 3787 206
internal_value=-0.000927449 0.163032 -0.735515 0.692652 -3.07045
internal_weight=8064 7656 2839 4817 408
internal_count=8064 7656 2839 4817 408
is_linear=0
shrinkage=0.05


Tree=41
num_leaves=7
num_cat=0
split_feature=3 11 4 1 11 17
split_gain=1.57474e+06 1.26773e+06 1.6241e+06 889798 829717 475079
threshold=14.191174999999705 0.065387565056497135 -78.39448611111105 -203.92500000000015 0.065387565056497135 25.356600000000302
decision_type=2 2 2 2 2 2
left_child=3 2 -2 4 -1 -5
right_child=1 -3 -4 5 -6 -7
leaf_value=-3.7667614720297191 -3.5908576691846052 1.5300899895073021 0.30036654926287876 0.28106348855322916 -0.73256382205349924 -1.161469983914122
leaf_weight=432 299 2009 2525 1329 471 999
leaf_count=432 299 2009 2525 1329 471 999
internal_value=-0.000927948 0.570325 -0.112754 -0.855332 -2.1867 -0.338195
internal_weight=8064 4833 2824 3231 903 2328
internal_count=8064 4833 2824 3231 903 2328
is_linear=0
shrinkage=0.05


Tree=42
num_leaves=7
num_cat=0
split_feature=3 15 11 2 8 1
split_gain=1.53175e+06 1.75585e+06 2.49142e+06 1.18934e+06 507689 1.29617e+06
threshold=157.47779999999992 5048.3842533854177 -0.32136297141497078 -323.17305000000005 1.0000000180025095e-35 172.51500000000013
decision_type=2 2 2 2 2 2
left_child=1 3 -3 -1 5 -2
right_child=4 2 -4 -5 -6 -7
leaf_value=-3.7236653596473239 0.84693375531780102 -6.6578082285316817 -0.73950370064909188 0.11414775645617595 -0.6216707748328818 4.3232488351330121
leaf_weight=209 1139 250 611 5216 289 350
leaf_count=209 1139 250 611 5216 289 350
internal_value=-0.000925817 -0.367448 -2.46367 -0.0343643 1.29437 1.66642
internal_weight=8064 6286 861 5425 1778 1489
internal_count=8064 6286 861 5425 1778 1489
is_linear=0
shrinkage=0.05


Tree=43
num_leaves=7
num_cat=0
split_feature=17 11 4 3 15 3
split_gain=1.43113e+06 1.60602e+06 1.41966e+06 1.04559e+06 1.28866e+06 829280
threshold=42.79958750000015 -0.65918890865109969 -36.53851840277752 202.71718750000039 5048.3842533854177 18.395000000000213
decision_type=2 2 2 2 2 2
left_child=3 2 -2 4 -1 -3
right_child=1 5 -4 -5 -6 -7
leaf_value=0.58077653565703169 -7.1924261334824244 -1.1106082656372429 -1.7583691722540142 2.2053452995067331 -1.9339675821663951 0.76972512851633568
leaf_weight=3507 145 1155 687 786 595 1189
leaf_count=3507 145 1155 687 786 595 1189
internal_value=-0.000919566 -0.827114 -2.71291 0.535964 0.215627 -0.156883
internal_weight=8064 3176 832 4888 4102 2344
internal_count=8064 3176 832 4888 4102 2344
is_linear=0
shrinkage=0.05


Tree=44
num_leaves=6
num_cat=0
split_feature=3 18 12 3 12
split_gain=1.35039e+06 1.27788e+06 1.07533e+06 716551 462924
threshold=-139.8395624999998 -43.229999999999784 0.065387565056496968 190.84975000000011 -0.19504389580251641
decision_type=2 2 2 2 2
left_child=4 2 -2 -3 -1
right_child=1 3 -4 -5 -6
leaf_value=-1.0910336126981697 0.086011666628181535 0.37513916758271854 -1.908215556959949 2.0255683487717242 -4.4627139590644607
leaf_weight=202 1731 4032 1108 785 206
leaf_count=202 1731 4032 1108 785 206
internal_value=-0.000925911 0.148595 -0.69269 0.644465 -2.80015
internal_weight=8064 7656 2839 4817 408
internal_count=8064 7656 2839 4817 408
is_linear=0
shrinkage=0.05


Tree=45
num_leaves=7
num_cat=0
split_feature=3 11 4 11 3 17
split_gain=1.30148e+06 1.35333e+06 2.6635e+06 726624 799878 628541
threshold=116.94278749999991 0.27976242230339698 -26.406796180555371 -0.2376293295203116 273.10406250000011 -64.467500000000186
decision_type=2 2 2 2 2 2
left_child=1 2 -1 4 -2 -3
right_child=3 5 -4 -5 -6 -7
leaf_value=-4.6339308805859654 -0.66912462580298093 1.8903826452072421 -0.50656426174627911 2.069630667110232 1.6923215909579465 0.00016962693305054569
leaf_weight=465 886 548 2427 926 601 2211
leaf_count=465 886 548 2427 926 601 2211
internal_value=-0.000910458 -0.415986 -1.17157 0.970924 0.285796 0.376158
internal_weight=8064 5651 2892 2413 1487 2759
internal_count=8064 5651 2892 2413 1487 2759
is_linear=0
shrinkage=0.05


Tree=46
num_leaves=7
num_cat=0
split_feature=17 11 3 1 8 13
split_gain=1.25806e+06 1.41824e+06 1.23998e+06 951674 966013 751556
threshold=42.79958750000015 -0.65918890865109969 217.36645000000024 107.91499999999952 1.0000000180025095e-35 0.64278760968653947
decision_type=2 2 2 2 2 2
left_child=3 2 -2 5 -5 -1
right_child=1 -3 -4 4 -6 -7
leaf_value=-0.42846816853301056 -3.8835553277300918 -0.1456614147971815 0.23718537793828115 2.4839782921652649 0.026472708283151587 1.3468021417941975
leaf_weight=2448 562 2344 270 976 677 787
leaf_count=2448 562 2344 270 976 677 787
internal_value=-0.000865914 -0.775493 -2.54762 0.502507 1.47811 0.0036964
internal_weight=8064 3176 832 4888 1653 3235
internal_count=8064 3176 832 4888 1653 3235
is_linear=0
shrinkage=0.05


Tree=47
num_leaves=7
num_cat=0
split_feature=3 18 12 11 12 15
split_gain=1.21349e+06 1.01494e+06 990448 592782 588421 859550
threshold=-66.51257500000041 -6.628662500000245 0.065387565056496968 -0.75166088996455094 -0.15208718494349094 5023.217121875
decision_type=2 2 2 2 2 2
left_child=4 2 -2 -3 -1 -6
right_child=1 3 -4 -5 5 -7
leaf_value=-0.33478229815477806 0.38256749605511697 -0.2946685611273378 -1.408432320318977 1.2194157329254227 -1.362800916821181 -5.4650092703658482
leaf_weight=689 1822 850 1338 2694 500 171
leaf_count=689 1822 850 1338 2694 500 171
internal_value=-0.000824863 0.27548 -0.375979 0.856294 -1.36205 -2.4148
internal_weight=8064 6704 3160 3544 1360 671
internal_count=8064 6704 3160 3544 1360 671
is_linear=0
shrinkage=0.05


Tree=48
num_leaves=7
num_cat=0
split_feature=3 18 15 3 12 12
split_gain=1.16578e+06 856877 811614 1.34209e+06 802476 712579
threshold=46.961162500000235 -71.569287499999504 5048.3842533854177 273.10406250000011 -0.32136297141497067 0.065387565056496968
decision_type=2 2 2 2 2 2
left_child=1 5 4 -4 -2 -1
right_child=2 -3 3 -5 -6 -7
leaf_value=-0.98002238136693376 2.1858594867205898 -0.13401951349161739 -1.8106587081169239 2.3618969048900107 0.44310117406278748 -3.7569552050386363
leaf_weight=856 988 2955 692 266 1991 316
leaf_count=856 988 2955 692 266 1991 316
internal_value=-0.000828655 -0.587935 0.614605 -0.650845 1.02164 -1.73132
internal_weight=8064 4127 3937 958 2979 1172
internal_count=8064 4127 3937 958 2979 1172
is_linear=0
shrinkage=0.05


Tree=49
num_leaves=7
num_cat=0
split_feature=17 17 11 4 15 3
split_gain=1.13378e+06 1.18106e+06 1.10261e+06 2.01097e+06 1.01099e+06 720713
threshold=-18.677200000000081 -374.13822500000055 -0.65918890865109969 -78.39448611111105 5023.217121875 -11.059899999999969
decision_type=2 2 2 2 2 2
left_child=1 4 3 -2 -1 -4
right_child=2 -3 5 -5 -6 -7
leaf_value=0.21049960069186149 -6.7995213889102377 1.2105441282774247 -1.0065604521296858 -0.98399060032454233 -3.4027934587304145 0.52335170791242891
leaf_weight=648 172 2620 1227 1060 275 2062
leaf_count=648 172 2620 1227 1060 275 2062
internal_value=-0.000797704 0.668815 -0.525589 -1.80076 -0.868568 -0.0475324
internal_weight=8064 3543 4521 1232 923 3289
internal_count=8064 3543 4521 1232 923 3289
is_linear=0
shrinkage=0.05


Tree=50
num_leaves=7
num_cat=0
split_feature=3 15 11 2 4 0
split_gain=1.10063e+06 1.59354e+06 1.93162e+06 1.39399e+06 405665 370566
threshold=202.71718750000039 5048.3842533854177 -0.32136297141497078 -372.32880000000017 -17.259546527778181 4483.4471000000003
decision_type=2 2 2 2 2 2
left_child=1 3 -3 -1 -2 -6
right_child=4 2 -4 -5 5 -7
leaf_value=-4.5080284931041579 3.1246771886422944 -5.3521078175820485 -0.61317543065924263 0.19630198379808109 0.25022687049711062 2.3068708806857465
leaf_weight=161 256 312 688 5633 695 319
leaf_count=161 256 312 688 5633 695 319
internal_value=-0.000821356 -0.253425 -2.09559 0.0648257 1.34964 0.898873
internal_weight=8064 6794 1000 5794 1270 1014
internal_count=8064 6794 1000 5794 1270 1014
is_linear=0
shrinkage=0.05


Tree=51
num_leaves=5
num_cat=0
split_feature=3 17 17 11
split_gain=1.04703e+06 1.01547e+06 1.0837e+06 872510
threshold=-161.40678750000026 -18.677200000000081 -374.13822500000055 -0.62577451934762984
decision_type=2 2 2 2
left_child=-1 2 -2 -3
right_child=1 3 -4 -5
leaf_value=-3.0444423559384468 -0.73763897190672889 -1.5098316073110181 1.2804834267739031 0.050249184393556412
leaf_weight=272 902 1259 2527 3104
leaf_count=272 902 1259 2527 3104
internal_value=-0.000808774 0.105814 0.749555 -0.400175
internal_weight=8064 7792 3429 4363
internal_count=8064 7792 3429 4363
is_linear=0
shrinkage=0.05


Tree=52
num_leaves=7
num_cat=0
split_feature=3 11 4 15 8 17
split_gain=1.06536e+06 1.04215e+06 2.12822e+06 575370 954025 480462
threshold=116.94278749999991 0.27976242230339698 -26.406796180555371 3066.8858354166673 1.0000000180025095e-35 -64.467500000000186
decision_type=2 2 2 2 2 2
left_child=1 2 -1 -2 -5 -3
right_child=3 5 -4 4 -6 -7
leaf_value=-4.1343313505913057 3.7569976624791268 1.6426973821391746 -0.44494639559214727 1.0645568210296219 -2.0170684930842575 -0.0099203822285502778
leaf_weight=465 161 548 2427 1965 287 2211
leaf_count=465 161 548 2427 1965 287 2211
internal_value=-0.000792892 -0.376332 -1.03938 0.878474 0.671107 0.318803
internal_weight=8064 5651 2892 2413 2252 2759
internal_count=8064 5651 2892 2413 2252 2759
is_linear=0
shrinkage=0.05


Tree=53
num_leaves=7
num_cat=0
split_feature=18 12 4 0 3 15
split_gain=1.0256e+06 1.42119e+06 1.83756e+06 871573 482026 380195
threshold=37.314737499999872 -0.021809693682668031 -78.39448611111105 6451.6223500000006 -139.8395624999998 5191.4751899305566
decision_type=2 2 2 2 2 2
left_child=1 3 -3 -1 -2 -6
right_child=4 2 -4 -5 5 -7
leaf_value=0.82923768562263322 -1.917170395124268 -5.1958151497478999 -0.85510493206697624 -1.3676445805019488 0.93855017177261768 -1.4928208669844798
leaf_weight=1966 170 279 1892 585 3003 169
leaf_count=1966 170 279 1892 585 3003 169
internal_value=-0.000754128 -0.475094 -1.41507 0.325106 0.669395 0.80858
internal_weight=8064 4722 2171 2551 3342 3172
internal_count=8064 4722 2171 2551 3342 3172
is_linear=0
shrinkage=0.05


Tree=54
num_leaves=7
num_cat=0
split_feature=3 15 11 17 15 8
split_gain=980132 1.21348e+06 1.74628e+06 770942 425759 1.03155e+06
threshold=157.47779999999992 5048.3842533854177 -0.32136297141497078 25.356600000000302 3101.1999779513894 1.0000000180025095e-35
decision_type=2 2 2 2 2 2
left_child=1 3 -3 -1 -2 -6
right_child=4 2 -4 -5 5 -7
leaf_value=0.51397771400228442 3.3852726319055453 -5.547969000154283 -0.59317292770845631 -0.68582996314377298 1.2504590918690235 -2.6296083858604424
leaf_weight=3024 173 250 611 2401 1411 194
leaf_count=3024 173 250 611 2401 1411 194
internal_value=-0.000772597 -0.293963 -2.03661 -0.0170625 1.03536 0.780121
internal_weight=8064 6286 861 5425 1778 1605
internal_count=8064 6286 861 5425 1778 1605
is_linear=0
shrinkage=0.05


Tree=55
num_leaves=7
num_cat=0
split_feature=18 12 4 12 11 0
split_gain=946763 816216 1.12364e+06 687769 690289 666148
threshold=-43.229999999999784 0.065387565056496968 -78.39448611111105 -0.4026508470528945 0.065387565056497135 6451.6223500000006
decision_type=2 2 2 2 2 2
left_child=1 5 -3 -2 -5 -1
right_child=3 2 -4 4 -6 -7
leaf_value=0.48802713375688561 1.2681659715464191 -5.7257266403792748 -1.135194358944893 -0.7999210102258828 0.62672657895595152 -1.7288624067641132
leaf_weight=1390 1611 153 999 1478 1986 447
leaf_count=1390 1611 153 999 1478 1986 447
internal_value=-0.000760669 -0.706569 -1.74931 0.414993 0.0179574 -0.0520591
internal_weight=8064 2989 1152 5075 3464 1837
internal_count=8064 2989 1152 5075 3464 1837
is_linear=0
shrinkage=0.05


Tree=56
num_leaves=7
num_cat=0
split_feature=3 11 4 15 3 15
split_gain=929007 707058 1.49644e+06 643253 1.06469e+06 813576
threshold=52.606249999999825 0.27976242230339698 -36.53851840277752 5048.3842533854177 273.10406250000011 4161.3261597222236
decision_type=2 2 2 2 2 2
left_child=1 2 -1 5 -5 -2
right_child=3 -3 -4 4 -6 -7
leaf_value=-4.1908987046484327 -0.077857326239270844 0.13150248354282604 -0.57348979668501598 -1.6145444978343542 2.1117172833239097 1.6369569820726757
leaf_weight=340 1166 2142 1772 679 266 1699
leaf_count=340 1166 2142 1772 679 266 1699
internal_value=-0.000766078 -0.508598 -1.15755 0.566231 -0.564547 0.939277
internal_weight=8064 4254 2112 3810 945 2865
internal_count=8064 4254 2112 3810 945 2865
is_linear=0
shrinkage=0.05


Tree=57
num_leaves=7
num_cat=0
split_feature=3 15 11 2 4 4
split_gain=870848 1.22298e+06 1.52971e+06 1.03274e+06 363293 313398
threshold=202.71718750000039 5048.3842533854177 1.0000000180025095e-35 -372.32880000000017 -17.259546527778181 11.437660763888973
decision_type=2 2 2 2 2 2
left_child=1 3 -3 -1 -2 -6
right_child=4 2 -4 -5 5 -7
leaf_value=-3.8826244199809468 2.8801695885100487 -4.1957127665333891 -0.21759982253565935 0.16653280431652831 0.3248563649599665 2.4943252737749191
leaf_weight=161 256 407 593 5633 805 209
leaf_count=161 256 407 593 5633 805 209
internal_value=-0.000743747 -0.225437 -1.83927 0.0533668 1.20051 0.774032
internal_weight=8064 6794 1000 5794 1270 1014
internal_count=8064 6794 1000 5794 1270 1014
is_linear=0
shrinkage=0.05


Tree=58
num_leaves=7
num_cat=0
split_feature=18 12 4 0 3 0
split_gain=861144 1.19195e+06 1.47804e+06 693286 418101 346700
threshold=37.314737499999872 -0.021809693682668031 -113.65335972222282 6451.6223500000006 -139.8395624999998 2574.9008500000004
decision_type=2 2 2 2 2 2
left_child=1 3 -3 -1 -2 -6
right_child=4 2 -4 -5 5 -7
leaf_value=0.74707789428953042 -1.795586291264895 -5.0146749854588712 -0.83817585079822432 -1.2122711174077603 2.5829222995772145 0.59425412555994794
leaf_weight=1966 170 237 1934 585 236 2936
leaf_count=1966 170 237 1934 585 236 2936
internal_value=-0.000721622 -0.43537 -1.29621 0.297457 0.613351 0.74298
internal_weight=8064 4722 2171 2551 3342 3172
internal_count=8064 4722 2171 2551 3342 3172
is_linear=0
shrinkage=0.05


Tree=59
num_leaves=7
num_cat=0
split_feature=17 11 4 1 8 17
split_gain=837687 1.02388e+06 874253 653679 760308 613065
threshold=42.79958750000015 -0.65918890865109969 -36.53851840277752 107.91499999999952 1.0000000180025095e-35 258.15802500000046
decision_type=2 2 2 2 2 2
left_child=3 2 -2 -1 -5 -3
right_child=1 5 -4 4 -6 -7
leaf_value=-0.0033647543443332353 -5.6538115082538294 -0.76854538386533422 -1.389446918989077 2.1109647466756303 -0.069108799403220164 0.87613513034806356
leaf_weight=3235 145 1388 687 976 677 956
leaf_count=3235 145 1388 687 976 677 956
internal_value=-0.000716148 -0.632812 -2.13853 0.410036 1.2186 -0.0976751
internal_weight=8064 3176 832 4888 1653 2344
internal_count=8064 3176 832 4888 1653 2344
is_linear=0
shrinkage=0.05


Tree=60
num_leaves=7
num_cat=0
split_feature=3 18 12 4 11 3
split_gain=814960 856723 730472 617332 520868 611954
threshold=116.94278749999991 -127.31568750000041 -0.32136297141497067 -36.53851840277752 -0.15208718494349127 297.74446250000011
decision_type=2 2 2 2 2 2
left_child=1 3 -3 -1 5 -2
right_child=4 2 -4 -5 -6 -7
leaf_value=-4.4067520295640072 -0.47536339390088922 0.71816525731033909 -0.56296362488270579 -1.0869917843881891 1.7645996289884345 1.6183990030345463
leaf_weight=165 1040 1900 2682 904 849 524
leaf_count=165 1040 1900 2682 904 849 524
internal_value=-0.000710699 -0.329166 -0.0316821 -1.60304 0.768316 0.226713
internal_weight=8064 5651 4582 1069 2413 1564
internal_count=8064 5651 4582 1069 2413 1564
is_linear=0
shrinkage=0.05


Tree=61
num_leaves=7
num_cat=0
split_feature=3 18 12 3 0 4
split_gain=781591 697101 574308 515534 335814 236020
threshold=-122.49845000000003 -115.61736249999966 -0.44218343748786698 273.10406250000011 6078.5550000000012 -4.5704430555560966
decision_type=2 2 2 2 2 2
left_child=4 3 -3 -2 5 -1
right_child=1 2 -4 -5 -6 -7
leaf_value=-3.7952763910333704 -1.1056006506350904 1.0885286247992181 0.037608416522628446 1.3630846472645579 -0.0090412704456040906 -1.2476431330349862
leaf_weight=207 1474 1966 3834 246 173 164
leaf_count=207 1474 1966 3834 246 173 164
internal_value=-0.000690236 0.131802 0.39396 -0.751934 -1.82909 -2.67548
internal_weight=8064 7520 5800 1720 544 371
internal_count=8064 7520 5800 1720 544 371
is_linear=0
shrinkage=0.05


Tree=62
num_leaves=7
num_cat=0
split_feature=17 17 18 11 4 3
split_gain=738781 883659 791410 768044 1.33315e+06 516327
threshold=-18.677200000000081 -374.13822500000055 25.356600000000302 -0.65918890865109969 -78.39448611111105 -11.059899999999969
decision_type=2 2 2 2 2 2
left_child=1 2 -1 4 -2 -5
right_child=3 -3 -4 5 -6 -7
leaf_value=-2.7485889422569389 -5.5586347764080681 1.0084396803372806 0.30283767617360913 -0.83705417768762791 -0.82352036315382482 0.45788006882548471
leaf_weight=330 172 2620 593 1227 1060 2062
leaf_count=330 172 2620 593 1227 1060 2062
internal_value=-0.000678466 0.539848 -0.789932 -0.424302 -1.48856 -0.0253179
internal_weight=8064 3543 923 4521 1232 3289
internal_count=8064 3543 923 4521 1232 3289
is_linear=0
shrinkage=0.05


Tree=63
num_leaves=7
num_cat=0
split_feature=3 15 11 15 15 8
split_gain=730246 917010 1.34113e+06 703718 387311 895021
threshold=157.47779999999992 5048.3842533854177 -0.32136297141497078 4161.3261597222236 3101.1999779513894 1.0000000180025095e-35
decision_type=2 2 2 2 2 2
left_child=1 3 -3 -1 -2 -6
right_child=4 2 -4 -5 5 -7
leaf_value=-0.85248976190607151 3.134802302769546 -4.8458351134778974 -0.50372233793529031 0.37312728806990375 1.0884338155875601 -2.5256732359299292
leaf_weight=1709 173 250 611 3716 1411 194
leaf_count=1709 173 250 611 3716 1411 194
internal_value=-0.000695373 -0.253766 -1.76866 -0.0130563 0.893658 0.650288
internal_weight=8064 6286 861 5425 1778 1605
internal_count=8064 6286 861 5425 1778 1605
is_linear=0
shrinkage=0.05


Tree=64
num_leaves=7
num_cat=0
split_feature=18 12 4 0 0 3
split_gain=701434 986644 1.274e+06 634385 351689 287852
threshold=37.314737499999872 -0.065387565056497052 -113.65335972222282 6451.6223500000006 2574.9008500000004 -139.8395624999998
decision_type=2 2 2 2 2 2
left_child=1 3 -3 -1 -2 -6
right_child=4 2 -4 -5 5 -7
leaf_value=0.72270978741744862 2.4018768808021207 -4.5871115217585707 -0.74208661142755583 -1.1559062786362175 -1.5959007828545995 0.52641898658726549
leaf_weight=1927 238 241 1969 585 168 2936
leaf_count=1927 238 241 1969 585 168 2936
internal_value=-0.000686214 -0.392964 -1.16327 0.284928 0.553525 0.411074
internal_weight=8064 4722 2210 2512 3342 3104
internal_count=8064 4722 2210 2512 3342 3104
is_linear=0
shrinkage=0.05


Tree=65
num_leaves=7
num_cat=0
split_feature=3 11 4 15 15 2
split_gain=680992 549816 1.04677e+06 528122 740622 440813
threshold=46.961162500000235 0.27976242230339698 -36.53851840277752 3030.3338556423619 4161.3261597222236 -90.400200000000027
decision_type=2 2 2 2 2 2
left_child=1 2 -1 -2 -5 -3
right_child=3 5 -4 4 -6 -7
leaf_value=-3.59671866066821 2.8000790029894316 1.3310026804045758 -0.53252763377362378 -0.86178109656155266 0.7458479962315423 -0.31506843595765532
leaf_weight=332 228 553 1713 969 2740 1529
leaf_count=332 228 553 1713 969 2740 1529
internal_value=-0.000679369 -0.449404 -1.03151 0.469695 0.325726 0.122574
internal_weight=8064 4127 2045 3937 3709 2082
internal_count=8064 4127 2045 3937 3709 2082
is_linear=0
shrinkage=0.05


Tree=66
num_leaves=7
num_cat=0
split_feature=17 11 3 17 15 17
split_gain=671217 832216 691765 570836 675902 536000
threshold=42.79958750000015 -0.65918890865109969 251.64927500000002 -374.13822500000055 5023.217121875 172.32374999999982
decision_type=2 2 2 2 2 2
left_child=3 2 -2 4 -1 -3
right_child=1 5 -4 -5 -6 -7
leaf_value=0.13005641084652284 -2.7872023405151696 -0.84816413935851953 0.47920027388706465 0.62772379220116736 -2.82440651949981 0.66346760600503751
leaf_weight=648 612 1159 220 3965 275 1185
leaf_count=648 612 1159 220 3965 275 1185
internal_value=-0.000648062 -0.566462 -1.92395 0.367033 -0.752305 -0.0840076
internal_weight=8064 3176 832 4888 923 2344
internal_count=8064 3176 832 4888 923 2344
is_linear=0
shrinkage=0.05


Tree=67
num_leaves=7
num_cat=0
split_feature=3 15 11 15 4 4
split_gain=657933 987072 1.16887e+06 794150 354458 279698
threshold=202.71718750000039 5048.3842533854177 1.0000000180025095e-35 4161.3261597222236 -17.259546527778181 11.437660763888973
decision_type=2 2 2 2 2 2
left_child=1 3 -3 -1 -2 -6
right_child=4 2 -4 -5 5 -7
leaf_value=-0.79519086771753278 2.702409644755408 -3.7056521459190428 -0.22817137136127214 0.45764670902533827 0.19822553037376914 2.2475205439045314
leaf_weight=1864 256 407 593 3930 805 209
leaf_count=1864 256 407 593 3930 805 209
internal_value=-0.000643925 -0.195947 -1.64579 0.054526 1.04348 0.622413
internal_weight=8064 6794 1000 5794 1270 1014
internal_count=8064 6794 1000 5794 1270 1014
is_linear=0
shrinkage=0.05


Tree=68
num_leaves=7
num_cat=0
split_feature=18 12 16 12 4 0
split_gain=647030 552500 832604 519681 575701 494453
threshold=-43.229999999999784 0.065387565056496968 0.44103170326578384 -0.44218343748786698 -10.190612847222381 6451.6223500000006
decision_type=2 2 2 2 2 2
left_child=1 5 -3 -2 -5 -1
right_child=3 2 -4 4 -6 -7
leaf_value=0.41971295546234128 1.1150938176503711 -0.82364941799010527 -4.3665925300684734 -0.79091181085708362 0.51634580251262885 -1.4902337978660529
leaf_weight=1390 1524 952 200 1371 2180 447
leaf_count=1390 1524 952 200 1371 2180 447
internal_value=-0.000606293 -0.584089 -1.442 0.343092 0.0115482 -0.0455952
internal_weight=8064 2989 1152 5075 3551 1837
internal_count=8064 2989 1152 5075 3551 1837
is_linear=0
shrinkage=0.05


Tree=69
num_leaves=7
num_cat=0
split_feature=3 11 3 11 15 12
split_gain=648168 591578 623274 543587 1.27891e+06 540276
threshold=85.875000000000242 -0.15208718494349127 409.35882499999985 -0.8433914458128855 4951.0613877604183 0.83127174505093893
decision_type=2 2 2 2 2 2
left_child=3 2 -2 4 -1 -5
right_child=1 -3 -4 5 -6 -7
leaf_value=-0.42679625164378776 -0.31790691579445307 1.4394522450542742 2.5513282379170308 0.12138479071683513 -5.5472348759755681 -1.2968997326069507
leaf_weight=494 1637 1198 213 3533 161 828
leaf_count=494 1637 1198 213 3533 161 828
internal_value=-0.00060958 0.574338 0.0136427 -0.350024 -1.69195 -0.148133
internal_weight=8064 3048 1850 5016 655 4361
internal_count=8064 3048 1850 5016 655 4361
is_linear=0
shrinkage=0.05


Tree=70
num_leaves=6
num_cat=0
split_feature=0 15 1 15 14
split_gain=616418 825083 1.15766e+06 1.03963e+06 196680
threshold=2574.9008500000004 4161.3261597222236 172.51500000000013 3101.1999779513894 0.76604444311897812
decision_type=2 2 2 2 2
left_child=4 3 -3 -2 -1
right_child=1 2 -4 -5 -6
leaf_value=2.9119268518578902 0.074328285498452981 -0.044444306251638144 2.2608400716937234 -2.2634724518680467 0.65467277096875143
leaf_weight=221 1036 5149 608 878 172
leaf_count=221 1036 5149 608 878 172
internal_value=-0.000600654 -0.0996546 0.199368 -0.998702 1.92819
internal_weight=8064 7671 5757 1914 393
internal_count=8064 7671 5757 1914 393
is_linear=0
shrinkage=0.05


Tree=71
num_leaves=7
num_cat=0
split_feature=3 15 11 15 0 15
split_gain=607457 856654 1.03364e+06 729266 144371 167754
threshold=297.74446250000011 5048.3842533854177 0.065387565056497135 4161.3261597222236 3103.9787000000006 5055.5470207465287
decision_type=2 2 2 2 2 2
left_child=1 3 -3 -1 -2 -6
right_child=4 2 -4 -5 5 -7
leaf_value=-0.65896717741607813 2.7677181315294077 -2.8903803927520531 0.026300011281783765 0.49188851961565816 0.17241944594438685 2.0611424975818204
leaf_weight=2058 162 570 649 4152 257 216
leaf_count=2058 162 570 649 4152 257 216
internal_value=-0.000548345 -0.127498 -1.33878 0.110449 1.48253 1.03745
internal_weight=8064 7429 1219 6210 635 473
internal_count=8064 7429 1219 6210 635 473
is_linear=0
shrinkage=0.05


Tree=72
num_leaves=5
num_cat=0
split_feature=3 17 17 11
split_gain=604537 592654 786566 525530
threshold=-161.40678750000026 -24.630412500000372 -260.04877499999947 -0.62577451934762984
decision_type=2 2 2 2
left_child=-1 2 -2 -3
right_child=1 3 -4 -5
leaf_value=-2.3132305422163273 -0.55664572438259474 -1.143057918878682 1.108670572846272 0.050866602794771044
leaf_weight=272 1030 1294 2271 3197
leaf_count=272 1030 1294 2271 3197
internal_value=-0.00050871 0.0805093 0.589036 -0.293319
internal_weight=8064 7792 3301 4491
internal_count=8064 7792 3301 4491
is_linear=0
shrinkage=0.05


Tree=73
num_leaves=7
num_cat=0
split_feature=3 15 11 15 8 2
split_gain=588277 617577 587501 435854 644574 242993
threshold=116.94278749999991 5113.995031510417 0.27976242230339698 3066.8858354166673 1.0000000180025095e-35 6.8550000000002465
decision_type=2 2 2 2 2 2
left_child=1 2 -1 -2 -5 -3
right_child=3 5 -4 4 -6 -7
leaf_value=-0.64378916567955047 3.1580792981165429 -0.87942985898992987 0.41246163597843827 0.79588425853730227 -1.7370588167382974 -3.4295511048436169
leaf_weight=2758 161 177 2517 1965 287 199
leaf_count=2758 161 177 2517 1965 287 199
internal_value=-0.000500965 -0.279562 -0.13981 0.652877 0.472453 -2.23461
internal_weight=8064 5651 5275 2413 2252 376
internal_count=8064 5651 5275 2413 2252 376
is_linear=0
shrinkage=0.05


Tree=74
num_leaves=7
num_cat=0
split_feature=12 4 11 2 0 13
split_gain=575406 951648 3.96757e+06 811803 656266 360262
threshold=-0.36235178784537897 -78.39448611111105 -1.0000000180025095e-35 -132.49850000000035 6451.6223500000006 -0.76604444311897835
decision_type=2 2 2 2 2 2
left_child=4 2 -2 -3 -1 -6
right_child=1 3 -4 -5 5 -7
leaf_value=0.90157102259899868 -6.1849248570917501 1.29546614415858 1.784945984557271 -0.41151838785620243 -0.18551659815162092 -2.9052815239586516
leaf_weight=2464 308 869 315 3492 450 166
leaf_count=2464 308 869 315 3492 450 166
internal_value=-0.000490324 -0.332493 -2.15881 -0.071155 0.536684 -0.921961
internal_weight=8064 4984 623 4361 3080 616
internal_count=8064 4984 623 4361 3080 616
is_linear=0
shrinkage=0.05


Tree=75
num_leaves=7
num_cat=0
split_feature=18 12 4 3 15 3
split_gain=562202 753557 926151 527030 329187 334795
threshold=37.314737499999872 -0.021809693682668031 -113.65335972222282 116.94278749999991 5191.4751899305566 -5.4329999999999918
decision_type=2 2 2 2 2 2
left_child=1 3 -3 -1 5 -2
right_child=4 2 -4 -5 -6 -7
leaf_value=-0.16556147356676088 -0.070903197283330166 -3.9796538465664164 -0.67358062311256117 1.5326953765754932 -1.6417535946339545 0.99767292916642225
leaf_weight=1956 1149 237 1934 595 170 2023
leaf_count=1956 1149 237 1934 595 170 2023
internal_value=-0.00050118 -0.351695 -1.03616 0.230988 0.495666 0.6107
internal_weight=8064 4722 2171 2551 3342 3172
internal_count=8064 4722 2171 2551 3342 3172
is_linear=0
shrinkage=0.05


Tree=76
num_leaves=7
num_cat=0
split_feature=3 15 11 15 0 0
split_gain=552729 732177 915890 678282 132375 148611
threshold=297.74446250000011 5048.3842533854177 0.065387565056497135 4161.3261597222236 3103.9787000000006 3828.5900000000006
decision_type=2 2 2 2 2 2
left_child=1 3 -3 -1 -2 -6
right_child=4 2 -4 -5 5 -7
leaf_value=-0.64364702897250381 2.6448094962930391 -2.7019728807768346 0.043523308147801663 0.46625044216831768 -0.089181962547202911 1.7153587810984772
leaf_weight=2058 162 570 649 4152 191 282
leaf_count=2058 162 570 649 4152 191 282
internal_value=-0.000500926 -0.121597 -1.24142 0.0983849 1.41419 0.988024
internal_weight=8064 7429 1219 6210 635 473
internal_count=8064 7429 1219 6210 635 473
is_linear=0
shrinkage=0.05


Tree=77
num_leaves=6
num_cat=0
split_feature=0 12 4 17 14
split_gain=543781 732682 1.10394e+06 584061 168600
threshold=2574.9008500000004 -0.32136297141497067 -10.190612847222381 -49.7878499999997 0.76604444311897812
decision_type=2 2 2 2 2
left_child=4 3 -3 -2 -1
right_child=1 2 -4 -5 -6
leaf_value=2.7219667200301148 1.3222930088506319 -1.5025708587854318 0.11212869771195284 -0.061043793228211574 0.63181756321405402
leaf_weight=221 1260 1714 2765 1932 172
leaf_count=221 1260 1714 2765 1932 172
internal_value=-0.000466976 -0.093502 -0.505973 0.485253 1.81112
internal_weight=8064 7671 4479 3192 393
internal_count=8064 7671 4479 3192 393
is_linear=0
shrinkage=0.05


Tree=78
num_leaves=7
num_cat=0
split_feature=3 11 4 4 0 11
split_gain=531030 433162 671164 520638 302607 377316
threshold=-52.069425000000585 0.15208718494349097 -78.39448611111105 -26.406796180555371 5812.1518500000011 0.51864980417341211
decision_type=2 2 2 2 2 2
left_child=4 2 -2 -3 5 -1
right_child=1 3 -4 -5 -6 -7
leaf_value=-2.1747912372291931 -2.056651643689086 2.2780684541027214 0.088807677112690886 0.38282555023707604 0.17731434576353938 -0.32459805611125586
leaf_weight=567 409 429 3286 2308 529 536
leaf_count=567 409 429 3286 2308 529 536
internal_value=-0.000423643 0.203979 -0.149166 0.680611 -0.805642 -1.2768
internal_weight=8064 6432 3695 2737 1632 1103
internal_count=8064 6432 3695 2737 1632 1103
is_linear=0
shrinkage=0.05


Tree=79
num_leaves=7
num_cat=0
split_feature=3 18 11 4 15 12
split_gain=524182 646750 482780 404518 333159 398966
threshold=157.47779999999992 -115.61736249999966 -0.77969889170510642 -36.53851840277752 5256.6641513888899 -0.36235178784537897
decision_type=2 2 2 2 2 2
left_child=1 3 -3 -1 5 -2
right_child=4 2 -4 -5 -6 -7
leaf_value=-3.3107720551123982 2.3780400045085375 -1.1029946457786659 0.25397116890603066 -0.83788202421077007 -1.0652640007842671 0.54457078144649962
leaf_weight=194 398 775 4219 1098 219 1161
leaf_count=194 398 775 4219 1098 219 1161
internal_value=-0.000412558 -0.214824 0.0432101 -1.21147 0.757319 1.01386
internal_weight=8064 6286 4994 1292 1778 1559
internal_count=8064 6286 4994 1292 1778 1559
is_linear=0
shrinkage=0.05


Tree=80
num_leaves=7
num_cat=0
split_feature=17 11 16 17 1 8
split_gain=518141 580248 487727 458488 424978 532577
threshold=42.79958750000015 -0.65918890865109969 0.38606151848484688 172.32374999999982 118.72280000000025 1.0000000180025095e-35
decision_type=2 2 2 2 2 2
left_child=4 2 -2 -3 -1 -6
right_child=1 3 -4 -5 5 -7
leaf_value=0.0029160871654043286 0.63807910941742563 -0.80141562603221372 -2.2753590325001221 0.59665233137598028 1.8073662167689806 -0.055069671496418775
leaf_weight=3325 184 1159 648 1185 887 676
leaf_count=3325 184 1159 648 1185 887 676
internal_value=-0.000411395 -0.497537 -1.63105 -0.0946748 0.322634 1.00234
internal_weight=8064 3176 832 2344 4888 1563
internal_count=8064 3176 832 2344 4888 1563
is_linear=0
shrinkage=0.05


Tree=81
num_leaves=7
num_cat=0
split_feature=3 15 11 15 16 2
split_gain=497114 656156 785841 612540 128358 206397
threshold=297.74446250000011 5048.3842533854177 0.065387565056497135 4161.3261597222236 0.61725418054374759 -115.14729999999962
decision_type=2 2 2 2 2 2
left_child=1 3 -3 -1 5 -2
right_child=4 2 -4 -5 -6 -7
leaf_value=-0.61213985651156144 3.3058162644405495 -2.5282197592815878 0.01493531152061545 0.44259889430747468 0.15947793487240289 1.0449969833500707
leaf_weight=2058 148 570 649 4152 169 318
leaf_count=2058 148 570 649 4152 169 318
internal_value=-0.000391367 -0.115234 -1.17533 0.0930152 1.34125 1.76857
internal_weight=8064 7429 1219 6210 635 466
internal_count=8064 7429 1219 6210 635 466
is_linear=0
shrinkage=0.05


Tree=82
num_leaves=7
num_cat=0
split_feature=0 15 12 1 1 13
split_gain=487167 756216 915173 898675 240288 117122
threshold=2621.5448000000001 4161.3261597222236 -0.32136297141497067 172.51500000000013 1003.66665 0.17364817766693033
decision_type=2 2 2 2 2 2
left_child=4 2 -2 -3 5 -1
right_child=1 3 -4 -5 -6 -7
leaf_value=-0.042399806495245343 0.10554075105909384 -0.038747375592164408 -2.1591823808099959 1.9938653937688 3.2049535414062698 1.7114253104055253
leaf_weight=196 912 5149 872 607 144 184
leaf_count=196 912 5149 872 607 144 184
internal_value=-0.000360465 -0.102889 -1.00202 0.175911 1.47234 0.809084
internal_weight=8064 7540 1784 5756 524 380
internal_count=8064 7540 1784 5756 524 380
is_linear=0
shrinkage=0.05


Tree=83
num_leaves=7
num_cat=0
split_feature=18 12 3 12 0 3
split_gain=473316 467350 448968 396352 411576 310551
threshold=-43.229999999999784 0.83127174505093893 166.65363750000009 -0.44218343748786698 2621.5448000000001 9.5874875000004085
decision_type=2 2 2 2 2 2
left_child=1 5 -3 -2 -5 -1
right_child=3 2 -4 4 -6 -7
leaf_value=-0.94709652723972715 0.967850913375494 -3.5889727031325438 -0.15037041866850712 1.4467546937394939 -0.19663396720756854 0.1747892553509737
leaf_weight=1003 1524 221 166 433 3118 1599
leaf_count=1003 1524 221 166 433 3118 1599
internal_value=-0.000312842 -0.49936 -2.11821 0.293649 0.0041076 -0.257865
internal_weight=8064 2989 387 5075 3551 2602
internal_count=8064 2989 387 5075 3551 2602
is_linear=0
shrinkage=0.05


Tree=84
num_leaves=5
num_cat=0
split_feature=3 17 17 11
split_gain=463437 450978 629929 379451
threshold=-161.40678750000026 -24.630412500000372 -260.04877499999947 0.55543802234893513
decision_type=2 2 2 2
left_child=-1 2 -2 -3
right_child=1 3 -4 -5
leaf_value=-2.0252295451559426 -0.51104733500336985 -0.62865977284110097 0.97925014879953565 0.3102976255548528
leaf_weight=272 1030 2706 2271 1785
leaf_count=272 1030 2706 2271 1785
internal_value=-0.000311417 0.0706244 0.514224 -0.255474
internal_weight=8064 7792 3301 4491
internal_count=8064 7792 3301 4491
is_linear=0
shrinkage=0.05


Tree=85
num_leaves=7
num_cat=0
split_feature=3 15 11 15 4 4
split_gain=463949 632157 762277 513733 373696 249197
threshold=202.71718750000039 5048.3842533854177 -0.75166088996455094 4161.3261597222236 -17.259546527778181 11.437660763888973
decision_type=2 2 2 2 2 2
left_child=1 3 -3 -1 -2 -6
right_child=4 2 -4 -5 5 -7
leaf_value=-0.64728827918622522 2.5796438500111205 -4.2817202663288434 -0.67980601323722101 0.36036782729829997 0.044178133156548068 1.9782818121711412
leaf_weight=1864 256 178 822 3930 805 209
leaf_count=1864 256 178 822 3930 805 209
internal_value=-0.000307472 -0.164311 -1.32458 0.0361369 0.876487 0.444381
internal_weight=8064 6794 1000 5794 1270 1014
internal_count=8064 6794 1000 5794 1270 1014
is_linear=0
shrinkage=0.05


Tree=86
num_leaves=7
num_cat=0
split_feature=3 15 15 1 10 2
split_gain=449152 532196 611610 349643 1.05136e+06 470530
threshold=85.875000000000242 3047.750282378473 4161.3261597222236 -300.32089999999988 1.0000000180025095e-35 -40.182549999999758
decision_type=2 2 2 2 2 2
left_child=3 -2 -3 4 -1 -5
right_child=1 2 -4 5 -6 -7
leaf_value=-3.9540913385819767 3.0195355755194946 -0.90676082304295091 0.74740335213141307 0.58485772974290706 -0.15148994642531069 -0.51697332754462866
leaf_weight=247 192 761 2095 1576 681 2512
leaf_count=247 192 761 2095 1576 681 2512
internal_value=-0.000296104 0.478313 0.306477 -0.291163 -1.16677 -0.0921578
internal_weight=8064 3048 2856 5016 928 4088
internal_count=8064 3048 2856 5016 928 4088
is_linear=0
shrinkage=0.05


Tree=87
num_leaves=7
num_cat=0
split_feature=18 12 17 12 0 15
split_gain=427543 398364 395871 387816 471372 309903
threshold=-88.071824999999976 0.83127174505093893 1.0000000180025095e-35 -0.32136297141497067 2621.5448000000001 5113.995031510417
decision_type=2 2 2 2 2 2
left_child=1 2 -1 5 -5 -2
right_child=3 -3 -4 4 -6 -7
leaf_value=0.45856113862510173 0.9975674445123941 -2.5161192944707973 -0.97239919138499953 1.3876811887644516 -0.30030864646967731 -0.76366034276963934
leaf_weight=846 1849 239 1125 473 3244 288
leaf_count=846 1849 239 1125 473 3244 288
internal_value=-0.000288602 -0.592668 -0.358276 0.223409 -0.0851911 0.759963
internal_weight=8064 2210 1971 5854 3717 2137
internal_count=8064 2210 1971 5854 3717 2137
is_linear=0
shrinkage=0.05


Tree=88
num_leaves=7
num_cat=0
split_feature=3 15 11 15 16 2
split_gain=430050 539248 672445 507532 116497 184499
threshold=297.74446250000011 5048.3842533854177 0.065387565056497135 4161.3261597222236 0.61725418054374759 -115.14729999999962
decision_type=2 2 2 2 2 2
left_child=1 3 -3 -1 5 -2
right_child=4 2 -4 -5 -6 -7
leaf_value=-0.56018493274672776 3.1080291085595255 -2.3196065920396935 0.032887637872177251 0.39989979392056174 0.12192852161386435 0.97064126979758181
leaf_weight=2058 148 570 649 4152 169 318
leaf_count=2058 148 570 649 4152 169 318
internal_value=-0.000284759 -0.1071 -1.06813 0.0816878 1.24758 1.65467
internal_weight=8064 7429 1219 6210 635 466
internal_count=8064 7429 1219 6210 635 466
is_linear=0
shrinkage=0.05


Tree=89
num_leaves=7
num_cat=0
split_feature=3 15 8 18 11 1
split_gain=417714 475174 576318 319127 393099 295473
threshold=85.875000000000242 3047.750282378473 1.0000000180025095e-35 -127.31568750000041 -0.93178607664859747 -261.56970000000041
decision_type=2 2 2 2 2 2
left_child=3 -2 -3 5 -5 -1
right_child=1 2 -4 4 -6 -7
leaf_value=-2.6124189518882659 2.8625295516740472 0.57560200000730599 -1.5226687118317193 -1.9937365488977883 0.037564425975200752 -0.58709520151679007
leaf_weight=242 192 2480 376 253 3822 699
leaf_count=242 192 2480 376 253 3822 699
internal_value=-0.000259649 0.461296 0.298923 -0.280762 -0.0890089 -1.11017
internal_weight=8064 3048 2856 5016 4075 941
internal_count=8064 3048 2856 5016 4075 941
is_linear=0
shrinkage=0.05


Tree=90
num_leaves=7
num_cat=0
split_feature=18 12 16 0 2 1
split_gain=402823 529664 788559 492430 253163 386540
threshold=75.792649999999426 -0.065387565056497052 0.44103170326578384 6451.6223500000006 -33.975400000000029 -110.80725000000028
decision_type=2 2 2 2 2 2
left_child=1 3 -3 -1 5 -2
right_child=4 2 -4 -5 -6 -7
leaf_value=0.61252020757302006 -0.048029859963949623 -0.39145027760091244 -2.838749426713516 -0.99646551474582457 0.071820717514459925 1.8256511814870475
leaf_weight=2120 461 2383 381 612 1425 682
leaf_count=2120 461 2383 381 612 1425 682
internal_value=-0.000266762 -0.241822 -0.7297 0.251856 0.5166 1.07057
internal_weight=8064 5496 2764 2732 2568 1143
internal_count=8064 5496 2764 2732 2568 1143
is_linear=0
shrinkage=0.05


Tree=91
num_leaves=4
num_cat=0
split_feature=3 15 18
split_gain=403749 509808 445371
threshold=409.35882499999985 5256.6641513888899 75.792649999999426
decision_type=2 2 2
left_child=1 2 -1
right_child=-2 -3 -4
leaf_value=-0.25955402785096349 1.9575871861682221 -2.4709474544658843 0.5603791387746353
leaf_weight=5159 254 213 2438
leaf_count=5159 254 213 2438
internal_value=-0.000264363 -0.0641809 0.00361489
internal_weight=8064 7810 7597
internal_count=8064 7810 7597
is_linear=0
shrinkage=0.05


Tree=92
num_leaves=7
num_cat=0
split_feature=3 15 11 15 4 0
split_gain=393706 491762 653289 446821 319575 244985
threshold=202.71718750000039 5048.3842533854177 -0.75166088996455094 4161.3261597222236 -17.259546527778181 4483.4471000000003
decision_type=2 2 2 2 2 2
left_child=1 3 -3 -1 -2 -6
right_child=4 2 -4 -5 5 -7
leaf_value=-0.6119011709975184 2.3824478716035067 -3.9122164887922439 -0.57785118285607318 0.32784397689115302 -0.11907439882032061 1.5526557945553214
leaf_weight=1864 256 178 822 3930 695 319
leaf_count=1864 256 178 822 3930 695 319
internal_value=-0.000252462 -0.151332 -1.17468 0.0254632 0.807445 0.407856
internal_weight=8064 6794 1000 5794 1270 1014
internal_count=8064 6794 1000 5794 1270 1014
is_linear=0
shrinkage=0.05


Tree=93
num_leaves=7
num_cat=0
split_feature=3 15 15 3 0 0
split_gain=386824 362637 677657 251568 192698 183931
threshold=-110.07403750000024 3030.3338556423619 4161.3261597222236 80.229637500000322 6078.5550000000012 3731.9974500000003
decision_type=2 2 2 2 2 2
left_child=4 3 -3 -2 5 -1
right_child=1 2 -4 -5 -6 -7
leaf_value=-0.68088051736701372 0.68748475871294557 -0.94547207694558311 0.26340444867716067 3.0192340982587713 0.02945691185959419 -2.7112782562032662
leaf_weight=214 488 1486 5259 151 232 234
leaf_count=214 488 1486 5259 151 232 234
internal_value=-0.000245777 0.104901 -0.00302543 1.24235 -1.14049 -1.74508
internal_weight=8064 7384 6745 639 680 448
internal_count=8064 7384 6745 639 680 448
is_linear=0
shrinkage=0.05


Tree=94
num_leaves=6
num_cat=0
split_feature=0 12 0 11 14
split_gain=378527 569976 1.19845e+06 519491 128421
threshold=2574.9008500000004 0.83127174505093893 3603.7446000000004 -0.65918890865109969 0.76604444311897812
decision_type=2 2 2 2 2
left_child=4 3 -3 -2 -1
right_child=1 2 -4 -5 -6
leaf_value=2.3060711324214935 -0.52211665342711366 -0.37262236816642852 -4.5840952442276599 0.42952172698793589 0.48250235560312443
leaf_weight=221 2155 1033 201 4282 172
leaf_count=221 2155 1033 201 4282 172
internal_value=-0.000235588 -0.0778572 -1.06176 0.110897 1.51122
internal_weight=8064 7671 1234 6437 393
internal_count=8064 7671 1234 6437 393
is_linear=0
shrinkage=0.05


Tree=95
num_leaves=7
num_cat=0
split_feature=3 18 12 4 15 8
split_gain=376192 436116 324953 302973 288388 577262
threshold=157.47779999999992 -115.61736249999966 -0.32136297141497067 -36.53851840277752 3101.1999779513894 1.0000000180025095e-35
decision_type=2 2 2 2 2 2
left_child=1 3 -3 -1 -2 -6
right_child=4 2 -4 -5 5 -7
leaf_value=-2.8170162134292802 2.5753843716506299 0.52293300162098788 -0.29987339396670715 -0.67703626008739892 0.78369705814649893 -2.118707078362887
leaf_weight=194 173 2002 2992 1098 1411 194
leaf_count=194 173 2002 2992 1098 1411 194
internal_value=-0.000237822 -0.181878 0.0300128 -1.00029 0.64168 0.431776
internal_weight=8064 6286 4994 1292 1778 1605
internal_count=8064 6286 4994 1292 1778 1605
is_linear=0
shrinkage=0.05


Tree=96
num_leaves=7
num_cat=0
split_feature=17 11 4 17 17 4
split_gain=364042 449859 431954 391525 379834 468660
threshold=42.79958750000015 -0.65918890865109969 -36.53851840277752 172.32374999999982 -374.13822500000055 -10.190612847222381
decision_type=2 2 2 2 2 2
left_child=4 2 -2 -3 5 -1
right_child=1 3 -4 -5 -6 -7
leaf_value=-2.0846117259263992 -3.8857348248566668 -0.71532456992707893 -0.88862271406823157 0.57661783197992067 0.48319578273132618 0.23640596196444139
leaf_weight=349 145 1159 687 1185 3965 574
leaf_count=349 145 1159 687 1185 3965 574
internal_value=-0.00023852 -0.416933 -1.41499 -0.0622208 0.270541 -0.642512
internal_weight=8064 3176 832 2344 4888 923
internal_count=8064 3176 832 2344 4888 923
is_linear=0
shrinkage=0.05


Tree=97
num_leaves=7
num_cat=0
split_feature=3 11 4 2 0 15
split_gain=362115 468059 1.05636e+06 510564 116629 133354
threshold=297.74446250000011 0.065387565056497135 -26.406796180555371 -151.51230000000007 3103.9787000000006 5055.5470207465287
decision_type=2 2 2 2 2 2
left_child=1 2 -1 -3 -2 -6
right_child=4 3 -4 -5 5 -7
leaf_value=-2.4088433421939222 2.2993048998110135 1.6330734357942938 -0.12255442183636325 0.039857643775373326 -0.02516416555140601 1.6580555406472035
leaf_weight=605 162 596 3039 3189 257 216
leaf_count=605 162 596 3039 3189 257 216
internal_value=-0.000265516 -0.0982818 -0.502695 0.291096 1.1448 0.745371
internal_weight=8064 7429 3644 3785 635 473
internal_count=8064 7429 3644 3785 635 473
is_linear=0
shrinkage=0.05


Tree=98
num_leaves=6
num_cat=0
split_feature=3 15 15 15 11
split_gain=348039 376715 493530 287501 304931
threshold=85.875000000000242 3047.750282378473 4161.3261597222236 5113.995031510417 0.55543802234893513
decision_type=2 2 2 2 2
left_child=3 -2 -3 4 -1
right_child=1 2 -4 -5 -6
leaf_value=-0.47095956851871246 2.5591126098533987 -0.81335388452463653 0.6725761908663701 -1.7957388568747712 0.36012974001108089
leaf_weight=2979 192 761 2095 285 1752
leaf_count=2979 192 761 2095 285 1752
internal_value=-0.000233183 0.421073 0.276494 -0.256275 -0.163177
internal_weight=8064 3048 2856 5016 4731
internal_count=8064 3048 2856 5016 4731
is_linear=0
shrinkage=0.05


Tree=99
num_leaves=7
num_cat=0
split_feature=17 17 18 11 4 15
split_gain=350045 489265 462403 324848 787755 369663
threshold=-24.630412500000372 -374.13822500000055 25.356600000000302 -0.65918890865109969 -78.39448611111105 5191.4751899305566
decision_type=2 2 2 2 2 2
left_child=1 2 -1 4 -2 -5
right_child=3 -3 -4 5 -6 -7
leaf_value=-2.0955516370761793 -4.0595089035855851 0.7489091398629798 0.23689228534096421 0.090496953773576139 -0.46237351351374878 -2.3500255931374485
leaf_weight=330 176 2489 593 3225 1089 162
leaf_count=330 176 2489 593 3225 1089 162
internal_value=-0.000218353 0.384375 -0.598391 -0.282319 -0.965656 -0.0268923
internal_weight=8064 3412 923 4652 1265 3387
internal_count=8064 3412 923 4652 1265 3387
is_linear=0
shrinkage=0.05


end of trees

feature_importances:
Column_3=137
Column_11=75
Column_15=67
Column_4=59
Column_1=44
Column_12=37
Column_17=36
Column_18=35
Column_2=27
Column_0=26
Column_8=19
Column_10=10
Column_16=6
Column_13=3
Column_14=3

parameters:
[boosting: gbdt]
[objective: regression]
[metric: l2]
[tree_learner: serial]
[device_type: cpu]
[data_sample_strategy: bagging]
[data: ]
[valid: ]
[num_iterations: 100]
[learning_rate: 0.05]
[num_leaves: 7]
[num_threads: 1]
[seed: 20250911]
[deterministic: 1]
[force_col_wise: 1]
[force_row_wise: 0]
[histogram_pool_size: -1]
[max_depth: 3]
[min_data_in_leaf: 144]
[min_sum_hessian_in_leaf: 0.001]
[bagging_fraction: 1]
[pos_bagging_fraction: 1]
[neg_bagging_fraction: 1]
[bagging_freq: 0]
[bagging_seed: 20250911]
[bagging_by_query: 0]
[feature_fraction: 1]
[feature_fraction_bynode: 1]
[feature_fraction_seed: 20250911]
[extra_trees: 0]
[extra_seed: 26685]
[early_stopping_round: 0]
[early_stopping_min_delta: 0]
[first_metric_only: 0]
[max_delta_step: 0]
[lambda_l1: 0]
[lambda_l2: 1]
[linear_lambda: 0]
[min_gain_to_split: 0]
[drop_rate: 0.1]
[max_drop: 50]
[skip_drop: 0.5]
[xgboost_dart_mode: 0]
[uniform_drop: 0]
[drop_seed: 2504]
[top_rate: 0.2]
[other_rate: 0.1]
[min_data_per_group: 100]
[max_cat_threshold: 32]
[cat_l2: 10]
[cat_smooth: 10]
[max_cat_to_onehot: 4]
[top_k: 20]
[monotone_constraints: ]
[monotone_constraints_method: basic]
[monotone_penalty: 0]
[feature_contri: ]
[forcedsplits_filename: ]
[refit_decay_rate: 0.9]
[cegb_tradeoff: 1]
[cegb_penalty_split: 0]
[cegb_penalty_feature_lazy: ]
[cegb_penalty_feature_coupled: ]
[path_smooth: 0]
[interaction_constraints: ]
[verbosity: -1]
[saved_feature_importance_type: 0]
[use_quantized_grad: 0]
[num_grad_quant_bins: 4]
[quant_train_renew_leaf: 0]
[stochastic_rounding: 1]
[linear_tree: 0]
[max_bin: 63]
[max_bin_by_feature: ]
[min_data_in_bin: 3]
[bin_construct_sample_cnt: 200000]
[data_random_seed: 20250911]
[is_enable_sparse: 1]
[enable_bundle: 1]
[use_missing: 1]
[zero_as_missing: 0]
[feature_pre_filter: 0]
[pre_partition: 0]
[two_round: 0]
[header: 0]
[label_column: ]
[weight_column: ]
[group_column: ]
[ignore_column: ]
[categorical_feature: ]
[forcedbins_filename: ]
[precise_float_parser: 0]
[parser_config_file: ]
[objective_seed: 19683]
[num_class: 1]
[is_unbalance: 0]
[scale_pos_weight: 1]
[sigmoid: 1]
[boost_from_average: 1]
[reg_sqrt: 0]
[alpha: 0.9]
[fair_c: 1]
[poisson_max_delta_step: 0.7]
[tweedie_variance_power: 1.5]
[lambdarank_truncation_level: 30]
[lambdarank_norm: 1]
[label_gain: ]
[lambdarank_position_bias_regularization: 0]
[eval_at: ]
[multi_error_top_k: 1]
[auc_mu_weights: ]
[num_machines: 1]
[local_listen_port: 12400]
[time_out: 120]
[machine_list_filename: ]
[machines: ]
[gpu_platform_id: -1]
[gpu_device_id: -1]
[gpu_device_id_list: ]
[gpu_use_dp: 0]
[num_gpu: 1]

end of parameters

pandas_categorical:null
