tree
version=v4
num_class=1
num_tree_per_iteration=1
label_index=0
max_feature_idx=18
objective=regression
feature_names=Column_0 Column_1 Column_2 Column_3 Column_4 Column_5 Column_6 Column_7 Column_8 Column_9 Column_10 Column_11 Column_12 Column_13 Column_14 Column_15 Column_16 Column_17 Column_18
feature_infos=[2055.4315000000001:7546.7527] [-4087.7071000000001:3951.0089000000003] [-745.96199999999953:553.97000000000025] [-303.35249999999905:569.23662499999955] [-204.93800347222259:31.102710416666923] [0:1] [0:1] [0:1] [0:1] [0:1] [0:1] [-1:1] [-1:1] [-1:1] [-1:1] [3122.1639810763891:5319.7549513888889] [0:1] [-2211.6114749999997:2295.8055666666669] [-3958.9502999999995:4270.5099999999993]
tree_sizes=770 758 776 760 760 772 769 771 775 773 770 779 779 770 781 770 780 773 777 776 773 781 777 772 785 777 782 779 754 766 758 770 776 769 780 771 755 781 781 758 762 760 770 764 775 758 765 766 763 751 763 762 676 766 754 591 756 741 759 749 665 751 743 762 752 585 740 764 752 745 741 756 590 743 752 754 742 754 746 758 585 747 666 753 666 575 667 589 747 751 587 589 743 592 749 741 741 587 750 587

Tree=0
num_leaves=7
num_cat=0
split_feature=3 1 3 4 11 4
split_gain=4.37751e+07 1.38959e+07 6.07422e+06 5.63732e+06 5.00584e+06 4.73118e+06
threshold=-5.3809333333333589 -22.176099999999675 157.33124999999998 -83.949743402778481 0.065387565056497135 -83.949743402778481
decision_type=2 2 2 2 2 2
left_child=3 5 -3 4 -1 -2
right_child=1 2 -4 -5 -6 -7
leaf_value=-53.452549264960474 -51.848510963581212 -44.788288968344119 -39.914671697553132 -52.023750721260328 -61.660468284360562 -47.018785859439582
leaf_weight=406 695 2159 909 1683 345 1867
leaf_count=406 695 2159 909 1683 345 1867
internal_value=-48.0338 -45.6115 -43.3421 -53.6352 -57.2363 -48.3299
internal_weight=8064 5630 3068 2434 751 2562
internal_count=8064 5630 3068 2434 751 2562
is_linear=0
shrinkage=1


Tree=1
num_leaves=7
num_cat=0
split_feature=3 3 1 4 11 1
split_gain=3.95793e+07 1.35615e+07 6.97927e+06 4.90687e+06 4.10145e+06 3.33955e+06
threshold=-10.343537500000364 124.210425 -40.655450000000194 -83.949743402778481 0.34202014332566882 88.986349999999916
decision_type=2 2 2 2 2 2
left_child=3 2 -2 4 -1 -3
right_child=1 5 -4 -5 -6 -7
leaf_value=-5.9692101877182724 -1.7068013882293613 3.6306787719486282 2.560990788404732 -3.9881723412787284 -13.792449865201966 7.8057344990048252
leaf_weight=439 1854 999 1980 1594 273 925
leaf_count=439 1854 999 1980 1594 273 925
internal_value=-8.9713e-05 2.2167 0.497316 -5.5339 -8.98399 5.64093
internal_weight=8064 5758 3834 2306 712 1924
internal_count=8064 5758 3834 2306 712 1924
is_linear=0
shrinkage=0.05


Tree=2
num_leaves=7
num_cat=0
split_feature=3 3 1 4 11 3
split_gain=3.58112e+07 1.13331e+07 6.41708e+06 5.03553e+06 4.58289e+06 3.144e+06
threshold=-1.0000000180025095e-35 136.32351250000013 -53.045099999999813 -83.949743402778481 0.065387565056497135 -79.676149999999765
decision_type=2 2 2 2 2 2
left_child=3 2 -2 4 -1 -5
right_child=1 -3 -4 5 -6 -7
leaf_value=-4.6656909163691491 -1.497949026788769 5.6920317265282003 2.6202903884423692 -6.3504755655791811 -12.328160381239359 -1.8975008890215155
leaf_weight=425 1719 1682 2101 598 363 1176
leaf_count=425 1719 1682 2101 598 363 1176
internal_value=-0.000156312 2.2735 0.767176 -4.88191 -8.20663 -3.40129
internal_weight=8064 5502 3820 2562 788 1774
internal_count=8064 5502 3820 2562 788 1774
is_linear=0
shrinkage=0.05


Tree=3
num_leaves=7
num_cat=0
split_feature=3 3 1 4 11 1
split_gain=3.25237e+07 1.14998e+07 6.02281e+06 3.79247e+06 3.29773e+06 2.98442e+06
threshold=-15.651974999999764 124.210425 -40.655450000000194 -83.949743402778481 0.34202014332566882 88.986349999999916
decision_type=2 2 2 2 2 2
left_child=3 2 -2 4 -1 -3
right_child=1 5 -4 -5 -6 -7
leaf_value=-5.521442581668957 -1.6100068619036856 3.201797969956603 2.2892751046514088 -3.8013474696252239 -12.662752385202207 7.1479951647916895
leaf_weight=420 1929 999 2033 1493 265 925
leaf_count=420 1929 999 2033 1493 265 925
internal_value=-0.000262712 1.93136 0.390884 -5.21892 -8.29857 5.10174
internal_weight=8064 5886 3962 2178 685 1924
internal_count=8064 5886 3962 2178 685 1924
is_linear=0
shrinkage=0.05


Tree=4
num_leaves=7
num_cat=0
split_feature=3 3 1 1 1 4
split_gain=2.93578e+07 1.03798e+07 5.43588e+06 3.60531e+06 2.69377e+06 2.0737e+06
threshold=-15.651974999999764 124.210425 -40.655450000000194 -195.50325000000018 88.986349999999916 -83.949743402778481
decision_type=2 2 2 2 2 2
left_child=3 2 -2 5 -3 -1
right_child=1 4 -4 -5 -6 -7
leaf_value=-10.170747568307009 -1.5295482508417395 3.0418681472077971 2.1748676033729035 -3.2889466406730401 6.7909814585112933 -5.2485298581589666
leaf_weight=388 1929 999 2033 1304 925 486
leaf_count=388 1929 999 2033 1304 925 486
internal_value=-0.000317502 1.83489 0.371348 -4.95848 4.84692 -7.44281
internal_weight=8064 5886 3962 2178 1924 874
internal_count=8064 5886 3962 2178 1924 874
is_linear=0
shrinkage=0.05


Tree=5
num_leaves=7
num_cat=0
split_feature=3 3 1 3 4 1
split_gain=2.66023e+07 8.52855e+06 4.96273e+06 4.31554e+06 2.22117e+06 1.77449e+06
threshold=-1.0000000180025095e-35 157.33124999999998 -40.655450000000194 -79.676149999999765 -83.949743402778481 88.986349999999916
decision_type=2 2 2 2 2 2
left_child=3 2 -2 -1 -5 -3
right_child=1 5 -4 4 -6 -7
leaf_value=-7.000136587285624 -1.0084260343997666 3.5601230951631444 2.4460571356038394 -5.5303409911478836 -1.5185319621400781 7.2379746342990066
leaf_weight=898 1929 639 2253 488 1176 681
leaf_count=898 1929 639 2253 488 1176 681
internal_value=-0.00035259 1.95928 0.852773 -4.20787 -2.69769 5.4616
internal_weight=8064 5502 4182 2562 1664 1320
internal_count=8064 5502 4182 2562 1664 1320
is_linear=0
shrinkage=0.05


Tree=6
num_leaves=7
num_cat=0
split_feature=3 3 3 4 15 4
split_gain=2.41859e+07 7.87741e+06 4.83589e+06 4.74685e+06 4.08196e+06 1.66133e+06
threshold=50.458887500000408 -61.485987500000185 200.63500000000025 -83.949743402778481 5281.0050107638899 -116.58611111111166
decision_type=2 2 2 2 2 2
left_child=1 5 4 -3 -2 -1
right_child=2 3 -4 -5 -6 -7
leaf_value=-8.9713861235233292 1.2532939891783486 -4.7862139012385034 6.6239816944121319 -0.19751202015671879 6.2319627168701919 -4.8242271622003532
leaf_weight=348 2528 732 720 2439 491 806
leaf_count=348 2528 732 720 2439 491 806
internal_value=-0.000346217 -2.54609 2.94428 -1.25795 2.0648 -6.08153
internal_weight=8064 4325 3739 3171 3019 1154
internal_count=8064 4325 3739 3171 3019 1154
is_linear=0
shrinkage=0.05


Tree=7
num_leaves=7
num_cat=0
split_feature=3 1 4 3 1 15
split_gain=2.19599e+07 8.14967e+06 3.97489e+06 3.5807e+06 3.05346e+06 1.98348e+06
threshold=-15.651974999999764 -22.176099999999675 -83.949743402778481 164.31342500000008 -195.50325000000018 3390.6444892071763
decision_type=2 2 2 2 2 2
left_child=4 2 -2 -3 -1 -6
right_child=1 3 -4 -5 5 -7
leaf_value=-6.5746180578053002 -3.5433217350985964 2.2970513677552078 0.74873943242245833 6.1037803717293819 -5.7888124412869217 -1.4988489959870743
leaf_weight=874 741 2329 1975 841 380 924
leaf_count=874 741 2329 1975 841 380 924
internal_value=-0.000357906 1.58687 -0.423127 3.30858 -4.28856 -2.75247
internal_weight=8064 5886 2716 3170 2178 1304
internal_count=8064 5886 2716 3170 2178 1304
is_linear=0
shrinkage=0.05


Tree=8
num_leaves=7
num_cat=0
split_feature=3 3 4 1 1 4
split_gain=2.02813e+07 7.69132e+06 4.15988e+06 3.38088e+06 2.45186e+06 1.71745e+06
threshold=74.945087499999786 -31.615500000000107 -83.949743402778481 63.679399999999994 -213.66415000000003 -83.949743402778481
decision_type=2 2 2 2 2 2
left_child=1 4 -3 5 -1 -2
right_child=3 2 -4 -5 -6 -7
leaf_value=-6.9227211127334414 -0.97011425593223299 -3.9599054787133188 0.45413223794761576 4.873948872009791 -3.1281084794959018 2.6022877016297339
leaf_weight=699 470 681 2455 1485 1095 1179
leaf_count=699 470 681 2455 1485 1095 1179
internal_value=-0.000391164 -1.99952 -0.505358 3.14401 -4.60964 1.58411
internal_weight=8064 4930 3136 3134 1794 1649
internal_count=8064 4930 3136 3134 1794 1649
is_linear=0
shrinkage=0.05


Tree=9
num_leaves=7
num_cat=0
split_feature=3 4 11 3 3 15
split_gain=1.84242e+07 6.11325e+06 5.47409e+06 3.93786e+06 3.63194e+06 3.56764e+06
threshold=50.458887500000408 -83.949743402778481 1.0000000180025095e-35 200.63500000000025 -61.485987500000185 5281.0050107638899
decision_type=2 2 2 2 2 2
left_child=1 2 -1 5 -3 -2
right_child=3 4 -4 -5 -6 -7
leaf_value=-1.994944006380067 1.0174684618802623 -4.0889041090985909 -9.0306054684850903 5.8900983179161193 -0.16918376297682342 5.6717793220366408
leaf_weight=568 2528 779 539 720 2439 491
leaf_count=568 2528 779 539 720 2439 491
internal_value=-0.000415329 -2.22233 -5.42568 2.56964 -1.11903 1.77606
internal_weight=8064 4325 1107 3739 3218 3019
internal_count=8064 4325 1107 3739 3218 3019
is_linear=0
shrinkage=0.05


Tree=10
num_leaves=7
num_cat=0
split_feature=3 3 4 1 4 3
split_gain=1.67022e+07 6.47337e+06 4.29294e+06 2.99526e+06 1.47641e+06 1.37704e+06
threshold=74.945087499999786 -79.676149999999765 -83.949743402778481 75.419749999999581 -83.949743402778481 200.63500000000025
decision_type=2 2 2 2 2 2
left_child=1 -1 -3 4 -2 -5
right_child=3 2 -4 5 -6 -7
leaf_value=-5.6513087749381752 -0.8932137365623849 -3.8675777457044536 -0.0439829614573016 3.5575527708132477 2.3648155834967652 7.0077631601662036
leaf_weight=898 484 964 3068 1013 1230 407
leaf_count=898 484 964 3068 1013 1230 407
internal_value=-0.00041136 -1.81459 -0.958888 2.85308 1.44483 4.55069
internal_weight=8064 4930 4032 3134 1714 1420
internal_count=8064 4930 4032 3134 1714 1420
is_linear=0
shrinkage=0.05


Tree=11
num_leaves=7
num_cat=0
split_feature=3 1 3 4 3 1
split_gain=1.52346e+07 5.65588e+06 2.9027e+06 2.71682e+06 2.41742e+06 1.86623e+06
threshold=-1.0000000180025095e-35 -53.045099999999813 -126.65431666666699 -83.949743402778481 164.31342500000008 -127.87985000000025
decision_type=2 2 2 2 2 2
left_child=2 3 -1 -2 -3 -4
right_child=1 4 5 -5 -6 -7
leaf_value=-7.1761026600688629 -3.3310813032817252 1.9702616958170389 -3.987448756235294 0.60102585552311383 5.0231224548121913 -1.0566316489110408
leaf_weight=386 604 2407 1051 1603 888 1125
leaf_count=386 604 2407 1051 1603 888 1125
internal_value=-0.000375418 1.48259 -3.18444 -0.476114 2.79428 -2.47339
internal_weight=8064 5502 2562 2207 3295 2176
internal_count=8064 5502 2562 2207 3295 2176
is_linear=0
shrinkage=0.05


Tree=12
num_leaves=7
num_cat=0
split_feature=3 4 11 3 15 3
split_gain=1.39988e+07 4.83964e+06 4.89966e+06 3.06896e+06 3.13046e+06 2.73114e+06
threshold=50.458887500000408 -83.949743402778481 -1.0000000180025095e-35 200.63500000000025 5281.0050107638899 -31.615500000000107
decision_type=2 2 2 2 2 2
left_child=1 2 -1 4 -2 -3
right_child=3 5 -4 -5 -6 -7
leaf_value=-1.5071152004371953 0.82873123905582069 -2.8296786430522358 -8.1609758468569975 5.1711353988876247 5.1884437143673923 0.17616076383561607
leaf_weight=562 2528 1211 545 720 491 2007
leaf_count=562 2528 1211 545 720 491 2007
internal_value=-0.000405969 -1.93718 -4.78736 2.23983 1.53926 -0.955526
internal_weight=8064 4325 1107 3739 3019 3218
internal_count=8064 4325 1107 3739 3019 3218
is_linear=0
shrinkage=0.05


Tree=13
num_leaves=7
num_cat=0
split_feature=3 1 15 4 15 3
split_gain=1.27636e+07 5.53157e+06 3.64755e+06 3.21973e+06 2.53739e+06 2.47248e+06
threshold=74.945087499999786 -139.5359499999997 3390.6444892071763 -83.949743402778481 5274.3047280381952 213.07287499999987
decision_type=2 2 2 2 2 2
left_child=1 3 -3 -1 5 -2
right_child=4 2 -4 -5 -6 -7
leaf_value=-6.2435417015459054 1.075470060311976 -3.0352389976660956 0.93472613658564097 -2.1010416286773084 5.752726650576431 4.8204235126291008
leaf_weight=726 2074 801 2076 1327 501 559
leaf_count=726 2074 801 2076 1327 501 559
internal_value=-0.000392718 -1.58631 -0.171242 -3.56828 2.49407 1.87207
internal_weight=8064 4930 2877 2053 3134 2633
internal_count=8064 4930 2877 2053 3134 2633
is_linear=0
shrinkage=0.05


Tree=14
num_leaves=7
num_cat=0
split_feature=3 1 4 3 15 11
split_gain=1.18032e+07 5.21557e+06 2.17104e+06 2.16363e+06 1.90458e+06 1.46821e+06
threshold=-15.651974999999764 -22.176099999999675 -83.949743402778481 -141.78143750000001 3390.6444892071763 -0.48087430661751701
decision_type=2 2 2 2 2 2
left_child=3 2 -2 -1 -3 -5
right_child=1 4 -4 5 -6 -7
leaf_value=-7.4365671365417576 -2.7505821035153826 0.77687611820237501 0.42147462296277016 -0.80086661006665771 3.3924477225217018 -3.648517692731744
leaf_weight=258 741 1033 1975 732 2137 1188
leaf_count=258 741 1033 1975 732 2137 1188
internal_value=-0.000365602 1.16328 -0.444644 -3.14419 2.54063 -2.56383
internal_weight=8064 5886 2716 2178 3170 1920
internal_count=8064 5886 2716 2178 3170 1920
is_linear=0
shrinkage=0.05


Tree=15
num_leaves=7
num_cat=0
split_feature=3 1 15 4 15 3
split_gain=1.08697e+07 4.69103e+06 3.16462e+06 2.77291e+06 2.2455e+06 2.21334e+06
threshold=74.945087499999786 -139.5359499999997 3390.6444892071763 -83.949743402778481 5274.3047280381952 200.63500000000025
decision_type=2 2 2 2 2 2
left_child=1 3 -3 -1 5 -2
right_child=4 2 -4 -5 -6 -7
leaf_value=-5.77181239101877 0.87278752218971656 -2.8284850680044022 0.86934211866470079 -1.9275218979107689 5.3670155725037434 4.2081293578821803
leaf_weight=726 1968 801 2076 1327 501 665
leaf_count=726 1968 801 2076 1327 501 665
internal_value=-0.000409613 -1.46394 -0.160814 -3.28912 2.30155 1.71645
internal_weight=8064 4930 2877 2053 3134 2633
internal_count=8064 4930 2877 2053 3134 2633
is_linear=0
shrinkage=0.05


Tree=16
num_leaves=7
num_cat=0
split_feature=3 1 15 10 3 16
split_gain=1.0108e+07 4.91923e+06 1.97953e+06 1.89503e+06 1.58816e+06 1.13038e+06
threshold=-31.615500000000107 19.798350000000031 3390.6444892071763 1.0000000180025095e-35 -141.78143750000001 0.33762868391586681
decision_type=2 2 2 2 2 2
left_child=4 3 -3 -2 -1 -6
right_child=1 2 -4 -5 5 -7
leaf_value=-6.9338877776119876 -1.0729637390032529 0.67307225790850467 3.4210039291863747 1.5798542832897449 -1.2529118864439761 -3.9722919184975098
leaf_weight=258 2458 1007 1879 926 722 814
leaf_count=258 2458 1007 1879 926 722 814
internal_value=-0.000384232 0.946588 2.46274 -0.346793 -3.30872 -2.69569
internal_weight=8064 6270 2886 3384 1794 1536
internal_count=8064 6270 2886 3384 1794 1536
is_linear=0
shrinkage=0.05


Tree=17
num_leaves=7
num_cat=0
split_feature=3 3 15 1 4 15
split_gain=9.29734e+06 3.73494e+06 2.60459e+06 2.16667e+06 1.33467e+06 1.10828e+06
threshold=65.019587499999957 -88.271724999999819 5281.0050107638899 63.679399999999994 -43.0850722222226 5274.3047280381952
decision_type=2 2 2 2 2 2
left_child=1 -1 -3 4 -2 -5
right_child=3 2 -4 5 -6 -7
leaf_value=-4.6222281205626121 -1.0685871595937397 -1.7345403388738694 0.99123049217444525 2.7611515181112445 1.7990028810989351 6.3498717787884935
leaf_weight=770 619 2596 1322 1326 1174 257
leaf_count=770 619 2596 1322 1326 1174 257
internal_value=-0.000411887 -1.44102 -0.814801 1.99989 0.808977 3.34742
internal_weight=8064 4688 3918 3376 1793 1583
internal_count=8064 4688 3918 3376 1793 1583
is_linear=0
shrinkage=0.05


Tree=18
num_leaves=7
num_cat=0
split_feature=3 1 15 3 11 4
split_gain=8.44332e+06 3.28849e+06 2.44879e+06 2.22471e+06 2.58698e+06 2.07467e+06
threshold=50.458887500000408 -106.37965000000007 3395.5295407407411 191.47762500000002 -0.15208718494349127 -83.949743402778481
decision_type=2 2 2 2 2 2
left_child=1 5 -3 4 -2 -1
right_child=3 2 -4 -5 -6 -7
leaf_value=-5.1071323004608953 2.7103816835835297 -2.5196793180041501 1.0372934211174094 4.0038028341003749 -0.28735801495687308 -1.7992169013798021
leaf_weight=709 1324 722 1462 840 1575 1432
leaf_count=709 1324 722 1462 840 1575 1432
internal_value=-0.000363539 -1.50451 -0.139207 1.73946 1.0822 -2.89652
internal_weight=8064 4325 2184 3739 2899 2141
internal_count=8064 4325 2184 3739 2899 2141
is_linear=0
shrinkage=0.05


Tree=19
num_leaves=7
num_cat=0
split_feature=3 1 10 3 1 15
split_gain=7.85807e+06 4.04449e+06 2.62277e+06 1.6079e+06 1.40375e+06 1.26183e+06
threshold=-31.615500000000107 -53.045099999999813 1.0000000180025095e-35 157.33124999999998 -213.66415000000003 3395.5295407407411
decision_type=2 2 2 2 2 2
left_child=4 2 -2 -3 -1 -6
right_child=1 3 -4 -5 5 -7
leaf_value=-4.6669550070847787 -1.819691981268617 1.2831271621949762 1.4837822496714201 3.6659328828534861 -4.2032352640044719 -0.59999187529092779
leaf_weight=699 1707 2674 926 963 363 732
leaf_count=699 1707 2674 926 963 363 732
internal_value=-0.000357531 0.834597 -0.657771 1.91488 -2.91735 -1.79724
internal_weight=8064 6270 2633 3637 1794 1095
internal_count=8064 6270 2633 3637 1794 1095
is_linear=0
shrinkage=0.05


Tree=20
num_leaves=7
num_cat=0
split_feature=3 1 15 4 15 3
split_gain=7.10701e+06 3.54634e+06 2.40558e+06 2.26432e+06 1.92082e+06 1.63845e+06
threshold=79.484975000000318 -139.5359499999997 3390.6444892071763 -83.949743402778481 5274.3047280381952 213.07287499999987
decision_type=2 2 2 2 2 2
left_child=1 3 -3 -1 5 -2
right_child=4 2 -4 -5 -6 -7
leaf_value=-4.9415700528976254 0.69781282920051702 -2.3318818572429416 0.8467197377191259 -1.4997260110308639 4.8363521823643891 3.7617262339698416
leaf_weight=742 1979 823 2143 1343 475 559
leaf_count=742 1979 823 2143 1343 475 559
internal_value=-0.000369759 -1.14674 -0.0357612 -2.72638 1.92115 1.37386
internal_weight=8064 5051 2966 2085 3013 2538
internal_count=8064 5051 2966 2085 3013 2538
is_linear=0
shrinkage=0.05


Tree=21
num_leaves=7
num_cat=0
split_feature=3 1 8 10 11 4
split_gain=6.68874e+06 3.45698e+06 1.56924e+06 1.53184e+06 1.338e+06 1.54479e+06
threshold=-31.615500000000107 19.798350000000031 1.0000000180025095e-35 1.0000000180025095e-35 -0.48087430661751701 -83.949743402778481
decision_type=2 2 2 2 2 2
left_child=4 3 -3 -2 -1 -6
right_child=1 2 -4 -5 5 -7
leaf_value=-0.91261084910811696 -0.96713353073398278 2.797775460798376 0.24508411724515949 1.4179641592792542 -6.4565264649730825 -2.475656929384396
leaf_weight=666 2458 2030 856 926 357 771
leaf_count=666 2458 2030 856 926 357 771
internal_value=-0.000342788 0.769987 2.04098 -0.314248 -2.69156 -3.74016
internal_weight=8064 6270 2886 3384 1794 1128
internal_count=8064 6270 2886 3384 1794 1128
is_linear=0
shrinkage=0.05


Tree=22
num_leaves=7
num_cat=0
split_feature=3 1 15 15 15 11
split_gain=6.07013e+06 3.65453e+06 2.29166e+06 1.98448e+06 1.42221e+06 1.23955e+06
threshold=103.81301250000003 -106.37965000000007 3395.5295407407411 5283.1736671296303 5274.3047280381952 -0.10884096748385481
decision_type=2 2 2 2 2 2
left_child=1 3 -3 -1 5 -2
right_child=4 2 -4 -5 -6 -7
leaf_value=-3.2312054825973164 3.1493228312214363 -1.6799739520405901 1.2206512259840678 -0.24753220229429018 5.1046923064530603 0.6369222915715983
leaf_weight=1758 800 1014 2068 816 338 1270
leaf_count=1758 800 1014 2068 816 338 1270
internal_value=-0.000365024 -0.895452 0.266089 -2.2858 2.10155 1.60895
internal_weight=8064 5656 3082 2574 2408 2070
internal_count=8064 5656 3082 2574 2408 2070
is_linear=0
shrinkage=0.05


Tree=23
num_leaves=7
num_cat=0
split_feature=3 1 10 3 16 4
split_gain=5.72114e+06 2.97548e+06 2.25987e+06 1.28496e+06 1.28047e+06 1.1888e+06
threshold=-31.615500000000107 -62.643300000000174 1.0000000180025095e-35 157.33124999999998 0.31913301236425246 -83.949743402778481
decision_type=2 2 2 2 2 2
left_child=4 2 -2 -3 -1 -6
right_child=1 3 -4 -5 5 -7
leaf_value=-1.0622499744132872 -1.7450471970079411 1.0570277466259455 1.3550962570560403 3.168234225472466 -6.2405854258147428 -2.4905440601536277
leaf_weight=839 1606 2763 926 975 317 638
leaf_count=839 1606 2763 926 975 317 638
internal_value=-0.000316072 0.71212 -0.611179 1.6084 -2.48928 -3.74055
internal_weight=8064 6270 2532 3738 1794 955
internal_count=8064 6270 2532 3738 1794 955
is_linear=0
shrinkage=0.05


Tree=24
num_leaves=7
num_cat=0
split_feature=3 17 16 4 3 16
split_gain=5.20251e+06 2.59807e+06 2.84311e+06 1.54507e+06 1.51676e+06 1.1123e+06
threshold=-10.343537500000364 111.58886249999979 0.77925958677521301 -83.949743402778481 -126.65431666666699 0.31913301236425246
decision_type=2 2 2 2 2 2
left_child=4 2 -2 -3 -1 -6
right_child=1 3 -4 -5 5 -7
leaf_value=-4.8630288324306798 2.3526348517203601 -3.5274386897120134 -0.62995938119453365 0.0067713090511304988 -0.12280419459756541 -2.5375176348616013
leaf_weight=386 2854 396 1109 1399 881 1039
leaf_count=386 2854 396 1109 1399 881 1039
internal_value=-0.000337202 0.803369 1.51804 -0.774451 -2.00664 -1.43016
internal_weight=8064 5758 3963 1795 2306 1920
internal_count=8064 5758 3963 1795 2306 1920
is_linear=0
shrinkage=0.05


Tree=25
num_leaves=7
num_cat=0
split_feature=3 1 15 4 4 11
split_gain=4.88607e+06 3.01728e+06 2.03735e+06 1.66546e+06 1.27455e+06 1.05213e+06
threshold=103.81301250000003 -127.87985000000025 3390.6444892071763 -83.949743402778481 -38.845727083333252 -0.065387565056497052
decision_type=2 2 2 2 2 2
left_child=1 3 -3 -1 5 -2
right_child=4 2 -4 -5 -6 -7
leaf_value=-3.9873834505895562 2.4468275216710826 -1.8000518405712176 0.96074175221018976 -1.1992661933163367 2.6925920023174341 -1.2535641134162494
leaf_weight=818 322 932 2354 1552 1613 473
leaf_count=818 322 932 2354 1552 1613 473
internal_value=-0.000378127 -0.803435 0.177395 -2.16285 1.88542 0.246402
internal_weight=8064 5656 3286 2370 2408 795
internal_count=8064 5656 3286 2370 2408 795
is_linear=0
shrinkage=0.05


Tree=26
num_leaves=7
num_cat=0
split_feature=3 15 11 15 11 1
split_gain=4.50995e+06 2.10271e+06 2.98822e+06 1.73555e+06 2.2221e+06 1.04197e+06
threshold=41.638749999999625 5283.1736671296303 1.0000000180025095e-35 5274.3047280381952 -0.15208718494349127 114.93835000000014
decision_type=2 2 2 2 2 2
left_child=1 2 -1 4 -2 -3
right_child=3 5 -4 -5 -6 -7
leaf_value=-0.44155666032078822 2.271110254065678 -0.039887023592897954 -3.756109943087365 3.4341296029350397 -0.37784218417587773 4.3939297481671273
leaf_weight=1482 1342 1197 1256 711 1928 148
leaf_count=1482 1342 1197 1256 711 1928 148
internal_value=-0.000372483 -1.16781 -1.96285 1.19697 0.709643 0.4509
internal_weight=8064 4083 2738 3981 3270 1345
internal_count=8064 4083 2738 3981 3270 1345
is_linear=0
shrinkage=0.05


Tree=27
num_leaves=7
num_cat=0
split_feature=1 10 1 15 0 1
split_gain=4.27595e+06 2.27604e+06 2.47624e+06 1.72991e+06 3.10009e+06 1.27346e+06
threshold=-53.045099999999813 1.0000000180025095e-35 -230.3915999999999 3390.6444892071763 2769.3972500000004 130.86375000000024
decision_type=2 2 2 2 2 2
left_child=1 2 -1 4 -2 -5
right_child=3 -3 -4 5 -6 -7
leaf_value=-4.257316763195254 3.0842344611983399 0.65197365285132247 -0.98160993926114082 0.93938389827705793 -1.9741818362625978 3.1010774671203563
leaf_weight=839 445 1149 1845 1710 943 1133
leaf_count=839 445 1149 1845 1710 943 1133
internal_value=-0.000319865 -1.20981 -2.00678 1.09543 -0.351374 1.80166
internal_weight=8064 3833 2684 4231 1388 2843
internal_count=8064 3833 2684 4231 1388 2843
is_linear=0
shrinkage=0.05


Tree=28
num_leaves=7
num_cat=0
split_feature=3 17 16 4 15 3
split_gain=4.07699e+06 2.796e+06 3.03696e+06 1.25356e+06 972041 941472
threshold=124.210425 111.58886249999979 0.31913301236425246 -83.949743402778481 5274.3047280381952 246.7961250000001
decision_type=2 2 2 2 2 2
left_child=1 2 -1 -3 5 -2
right_child=4 3 -4 -5 -6 -7
leaf_value=1.5702576787545197 0.97087297969772812 -4.4745887503725426 -1.1143993318757799 -1.4897205598419367 4.9306773145232476 3.902711155030175
leaf_weight=1894 1333 469 2371 1406 247 344
leaf_count=1894 1333 469 2371 1406 247 344
internal_value=-0.000300382 -0.629671 0.077891 -2.23832 2.00747 1.57424
internal_weight=8064 6140 4265 1875 1924 1677
internal_count=8064 6140 4265 1875 1924 1677
is_linear=0
shrinkage=0.05


Tree=29
num_leaves=7
num_cat=0
split_feature=3 1 17 15 16 17
split_gain=3.87968e+06 2.61406e+06 1.37864e+06 1.23513e+06 832515 505996
threshold=-61.485987500000185 19.798350000000031 -143.62433750000011 3390.6444892071763 0.77925958677521301 184.56455000000008
decision_type=2 2 2 2 2 2
left_child=4 2 -2 -3 5 -1
right_child=1 3 -4 -5 -6 -7
leaf_value=-1.3589883319329885 1.3080797216166986 0.18319668722996379 -0.93823828859456082 2.281415489779294 -5.0976314073080546 -4.4409081645855091
leaf_weight=719 887 1087 2959 1977 272 163
leaf_count=719 887 1087 2959 1977 272 163
internal_value=-0.000258725 0.448032 -0.419966 1.53734 -2.68263 -1.93293
internal_weight=8064 6910 3846 3064 1154 882
internal_count=8064 6910 3846 3064 1154 882
is_linear=0
shrinkage=0.05


Tree=30
num_leaves=7
num_cat=0
split_feature=3 16 4 17 4 11
split_gain=3.54906e+06 2.50767e+06 3.02752e+06 2.16997e+06 916033 659862
threshold=124.210425 0.31913301236425246 -83.949743402778481 111.58886249999979 -38.845727083333252 0.48087430661751701
decision_type=2 2 2 2 2 2
left_child=1 3 -3 -1 5 -2
right_child=4 2 -4 -5 -6 -7
leaf_value=1.4784315580239713 1.7285543056394772 -4.0672449502998882 -0.62455022811948546 -1.4812700474740046 2.6418445547101195 -1.5086028653190291
leaf_weight=1894 362 861 2466 919 1285 277
leaf_count=1894 362 861 2466 919 1285 277
internal_value=-0.000295783 -0.587505 -1.51645 0.511322 1.87298 0.325115
internal_weight=8064 6140 3327 2813 1924 639
internal_count=8064 6140 3327 2813 1924 639
is_linear=0
shrinkage=0.05


Tree=31
num_leaves=7
num_cat=0
split_feature=3 1 11 15 3 15
split_gain=3.40783e+06 2.20456e+06 1.28066e+06 1.06686e+06 837215 591258
threshold=-54.632562499999942 19.798350000000031 -0.2376293295203116 3390.6444892071763 -141.78143750000001 5283.1736671296303
decision_type=2 2 2 2 2 2
left_child=4 2 -2 -3 -1 -6
right_child=1 3 -4 -5 5 -7
leaf_value=-4.9048176365066682 0.76117653547734576 0.17871455318331997 -1.1198297412671929 2.1446510343358636 -2.4496733935263486 0.25361359424942692
leaf_weight=258 1515 1066 2244 1957 747 277
leaf_count=258 1515 1066 2244 1957 747 277
internal_value=-0.000292359 0.446682 -0.361722 1.45169 -2.36337 -1.71888
internal_weight=8064 6782 3759 3023 1282 1024
internal_count=8064 6782 3759 3023 1282 1024
is_linear=0
shrinkage=0.05


Tree=32
num_leaves=7
num_cat=0
split_feature=3 17 16 15 3 4
split_gain=3.11642e+06 1.86043e+06 1.73562e+06 1.23596e+06 1.17546e+06 1.07075e+06
threshold=79.484975000000318 139.83726249999975 0.31913301236425246 5274.3047280381952 227.5678374999998 -83.949743402778481
decision_type=2 2 2 2 2 2
left_child=1 2 -1 4 -2 -3
right_child=3 5 -4 -5 -6 -7
leaf_value=0.97655666404968144 0.33172975767191426 -4.7691515313466857 -1.1895920777190327 3.6103580185345248 3.1418954962416334 -1.5258312149411837
leaf_weight=1725 2086 342 1991 475 452 993
leaf_count=1725 2086 342 1991 475 452 993
internal_value=-0.000309577 -0.759427 -0.184055 1.27211 0.833241 -2.35965
internal_weight=8064 5051 3716 3013 2538 1335
internal_count=8064 5051 3716 3013 2538 1335
is_linear=0
shrinkage=0.05


Tree=33
num_leaves=7
num_cat=0
split_feature=3 17 16 4 15 12
split_gain=2.98133e+06 2.07371e+06 2.16287e+06 1.17507e+06 711840 957212
threshold=-61.485987500000185 111.58886249999979 0.31913301236425246 -83.949743402778481 5283.1736671296303 -0.51864980417341189
decision_type=2 2 2 2 2 2
left_child=4 2 -2 -3 5 -1
right_child=1 3 -4 -5 -6 -7
leaf_value=-5.6649591647334958 2.226868114662492 -3.0365447052297267 0.06917480825277901 -0.2577777252784893 -0.36257340619197259 -1.9868922902008763
leaf_weight=256 1997 494 2774 1645 324 574
leaf_count=256 1997 494 2774 1645 324 574
internal_value=-0.000290528 0.392686 0.972599 -0.90065 -2.35168 -3.12678
internal_weight=8064 6910 4771 2139 1154 830
internal_count=8064 6910 4771 2139 1154 830
is_linear=0
shrinkage=0.05


Tree=34
num_leaves=7
num_cat=0
split_feature=1 10 1 15 0 1
split_gain=2.83802e+06 1.84419e+06 1.76454e+06 1.20683e+06 2.5322e+06 1.02399e+06
threshold=-62.643300000000174 1.0000000180025095e-35 -230.3915999999999 3390.6444892071763 2769.3972500000004 130.86375000000024
decision_type=2 2 2 2 2 2
left_child=1 2 -1 4 -2 -5
right_child=3 -3 -4 5 -6 -7
leaf_value=-3.6446327315665608 2.7362678976343857 0.64437649663472962 -0.84626262153617293 0.70267542027947605 -1.7971948787989971 2.6174172814810617
leaf_weight=839 453 1149 1713 1820 957 1133
leaf_count=839 453 1149 1713 1820 957 1133
internal_value=-0.000331877 -1.01863 -1.76733 0.863491 -0.339792 1.43796
internal_weight=8064 3701 2552 4363 1410 2953
internal_count=8064 3701 2552 4363 1410 2953
is_linear=0
shrinkage=0.05


Tree=35
num_leaves=7
num_cat=0
split_feature=3 11 4 18 15 3
split_gain=2.7457e+06 2.20548e+06 4.45532e+06 1.598e+06 701683 668489
threshold=136.32351250000013 1.0000000180025095e-35 -83.949743402778481 -1.0000000180025095e-35 5274.3047280381952 246.7961250000001
decision_type=2 2 2 2 2 2
left_child=1 3 -3 -1 5 -2
right_child=4 2 -4 -5 -6 -7
leaf_value=-0.4787046821243488 0.82615206124461416 -4.6908299032650866 -0.31738383009863225 1.7513448085810523 4.5315173109468905 3.3411902906799664
leaf_weight=2014 1133 785 2248 1335 205 344
leaf_count=2014 1133 785 2248 1335 205 344
internal_value=-0.000312728 -0.474006 -1.45049 0.410509 1.79623 1.41378
internal_weight=8064 6382 3033 3349 1682 1477
internal_count=8064 6382 3033 3349 1682 1477
is_linear=0
shrinkage=0.05


Tree=36
num_leaves=7
num_cat=0
split_feature=3 3 16 12 1 3
split_gain=2.58579e+06 1.83156e+06 1.93145e+06 578979 309702 292547
threshold=-88.271724999999819 191.47762500000002 0.29517593408685799 -0.27976242230339682 -274.04224999999991 270.08583333333291
decision_type=2 2 2 2 2 2
left_child=3 2 -2 -1 -5 -3
right_child=1 5 -4 4 -6 -7
leaf_value=-4.6065107679465314 1.0303463316098707 1.8899025105596978 -0.72450299366179083 -3.5080733905416546 -0.85650076153785448 3.9605337885281848
leaf_weight=272 2682 600 3772 164 334 240
leaf_count=272 2682 600 3772 164 334 240
internal_value=-0.000266316 0.290773 0.00478225 -2.754 -1.73499 2.48552
internal_weight=8064 7294 6454 770 498 840
internal_count=8064 7294 6454 770 498 840
is_linear=0
shrinkage=0.05


Tree=37
num_leaves=7
num_cat=0
split_feature=3 15 11 11 4 0
split_gain=2.37588e+06 1.61957e+06 1.92092e+06 1.24033e+06 2.07554e+06 1.0662e+06
threshold=28.817400000000138 5283.1736671296303 -0.55543802234893469 -0.15208718494349127 -83.949743402778481 6361.3535000000011
decision_type=2 2 2 2 2 2
left_child=1 2 -1 5 -5 -2
right_child=3 -3 -4 4 -6 -7
leaf_value=0.23027367051300054 2.1563697515485547 0.52120859053888657 -2.7048330194331998 -2.498644824723403 0.87742979013823497 -1.9358774686740206
leaf_weight=857 1684 1270 1593 599 1886 175
leaf_count=857 1684 1270 1593 599 1886 175
internal_value=-0.000270451 -0.927566 -1.67847 0.793853 0.0629618 1.77031
internal_weight=8064 3720 2450 4344 2485 1859
internal_count=8064 3720 2450 4344 2485 1859
is_linear=0
shrinkage=0.05


Tree=38
num_leaves=7
num_cat=0
split_feature=1 10 1 18 17 4
split_gain=2.25371e+06 1.53591e+06 1.51434e+06 1.07425e+06 1.00646e+06 939286
threshold=-62.643300000000174 1.0000000180025095e-35 -399.39505000000025 -43.527112499999923 66.395724999999871 -148.80892951388861
decision_type=2 2 2 2 2 2
left_child=1 2 -1 -2 -5 -3
right_child=3 5 -4 4 -6 -7
leaf_value=-5.9871690658422621 -0.19929586638598998 -3.1531336686940032 -1.2529931545329813 2.1971001335214706 0.19990092161704842 1.1517158585950495
leaf_weight=181 1728 144 2371 1589 1046 1005
leaf_count=181 1728 144 2371 1589 1046 1005
internal_value=-0.000277723 -0.90771 -1.59098 0.769501 1.40466 0.609932
internal_weight=8064 3701 2552 4363 2635 1149
internal_count=8064 3701 2552 4363 2635 1149
is_linear=0
shrinkage=0.05


Tree=39
num_leaves=7
num_cat=0
split_feature=3 17 16 3 16 1
split_gain=2.16417e+06 1.68873e+06 1.78541e+06 832486 593259 290006
threshold=-99.1325833333335 111.58886249999979 0.77925958677521301 164.31342500000008 0.58229990873419057 -274.04224999999991
decision_type=2 2 2 2 2 2
left_child=4 2 -2 -3 5 -1
right_child=1 3 -4 -5 -6 -7
leaf_value=-3.4631071718256567 1.3128451503351464 -1.3354299124167623 -0.78688031158299976 1.1346787403920571 -4.855036483870613 -0.69889189334463897
leaf_weight=145 3742 1877 1387 416 224 273
leaf_count=145 3742 1877 1387 416 224 273
internal_value=-0.000307508 0.24074 0.744988 -0.886999 -2.78304 -1.66375
internal_weight=8064 7422 5129 2293 642 418
internal_count=8064 7422 5129 2293 642 418
is_linear=0
shrinkage=0.05


Tree=40
num_leaves=7
num_cat=0
split_feature=3 15 11 18 15 3
split_gain=2.0621e+06 1.70067e+06 3.27046e+06 884000 643263 548238
threshold=136.32351250000013 5283.1736671296303 1.0000000180025095e-35 142.11071249999944 5274.3047280381952 270.08583333333291
decision_type=2 2 2 2 2 2
left_child=1 2 -1 -3 5 -2
right_child=4 3 -4 -5 -6 -7
leaf_value=0.32833299338242983 0.77536436741326886 0.249055129469023 -2.3257618656146777 2.8122521495036703 4.1751790184419129 3.4284398328690302
leaf_weight=2495 1247 1260 2169 458 205 230
leaf_count=2495 1247 1260 2169 458 205 230
internal_value=-0.000346018 -0.410857 -0.906192 0.933614 1.55657 1.19054
internal_weight=8064 6382 4664 1718 1682 1477
internal_count=8064 6382 4664 1718 1682 1477
is_linear=0
shrinkage=0.05


Tree=41
num_leaves=7
num_cat=0
split_feature=3 17 16 3 11 15
split_gain=1.94224e+06 1.51022e+06 1.9519e+06 569149 477337 567468
threshold=-88.271724999999819 -132.62559999999982 0.31913301236425246 143.93362499999992 -0.48087430661751701 5274.3047280381952
decision_type=2 2 2 2 2 2
left_child=4 3 -3 -2 -1 -6
right_child=1 2 -4 -5 5 -7
leaf_value=-0.76816932577639818 1.0348227720613166 0.85552939081744894 -1.0598134782729496 3.2298938525820171 -4.8260835529664803 -1.356778340596849
leaf_weight=287 1576 2457 2898 363 276 207
leaf_count=287 1576 2457 2898 363 276 207
internal_value=-0.000270175 0.251966 -0.181013 1.44721 -2.38686 -3.34511
internal_weight=8064 7294 5355 1939 770 483
internal_count=8064 7294 5355 1939 770 483
is_linear=0
shrinkage=0.05


Tree=42
num_leaves=7
num_cat=0
split_feature=1 10 1 15 0 1
split_gain=1.85506e+06 1.27784e+06 1.24494e+06 974907 1.95863e+06 841437
threshold=-62.643300000000174 1.0000000180025095e-35 -399.39505000000025 3390.6444892071763 2769.3972500000004 130.86375000000024
decision_type=2 2 2 2 2 2
left_child=1 2 -1 4 -2 -5
right_child=3 -3 -4 5 -6 -7
leaf_value=-5.4327981821128297 2.3220694333150784 0.56072950278546496 -1.140320865426542 0.54798105038049894 -1.6650515159467596 2.2835830682583116
leaf_weight=181 453 1149 2371 1820 957 1133
leaf_count=181 453 1149 2371 1820 957 1133
internal_value=-0.00027459 -0.823547 -1.44677 0.698111 -0.383345 1.21444
internal_weight=8064 3701 2552 4363 1410 2953
internal_count=8064 3701 2552 4363 1410 2953
is_linear=0
shrinkage=0.05


Tree=43
num_leaves=7
num_cat=0
split_feature=3 15 11 18 4 11
split_gain=1.76838e+06 1.38038e+06 2.4232e+06 800502 796080 614715
threshold=103.81301250000003 5283.1736671296303 0.21643961393810304 142.11071249999944 -38.845727083333252 -0.40265084705289461
decision_type=2 2 2 2 2 2
left_child=1 2 -1 -3 5 -2
right_child=4 3 -4 -5 -6 -7
leaf_value=0.014371688406795289 1.980481576040324 0.071993475213067468 -2.4900377684757116 2.572412548917038 1.7721370467461435 -1.0611194059093367
leaf_weight=2437 235 1182 1599 438 1613 560
leaf_count=2437 235 1182 1599 438 1613 560
internal_value=-0.000276504 -0.483395 -0.978207 0.749203 1.13422 -0.160671
internal_weight=8064 5656 4036 1620 2408 795
internal_count=8064 5656 4036 1620 2408 795
is_linear=0
shrinkage=0.05


Tree=44
num_leaves=7
num_cat=0
split_feature=3 15 11 15 11 17
split_gain=1.6722e+06 1.09036e+06 1.27722e+06 1.04839e+06 1.42884e+06 687829
threshold=41.638749999999625 5274.3047280381952 -0.15208718494349127 5283.1736671296303 -0.55543802234893469 -27.597500000000306
decision_type=2 2 2 2 2 2
left_child=3 2 -2 4 -1 -5
right_child=1 -3 -4 5 -6 -7
leaf_value=0.28056505759810085 1.526494378063409 2.5019971921767916 -0.4817364243034441 1.6960446528218265 -2.1121034539058487 -0.57814181498258077
leaf_weight=961 1342 711 1928 597 1777 748
leaf_count=961 1342 711 1928 597 1777 748
internal_value=-0.000244945 0.728838 0.342651 -0.711119 -1.27251 0.431803
internal_weight=8064 3981 3270 4083 2738 1345
internal_count=8064 3981 3270 4083 2738 1345
is_linear=0
shrinkage=0.05


Tree=45
num_leaves=7
num_cat=0
split_feature=3 18 17 18 16 1
split_gain=1.60644e+06 1.429e+06 1.19587e+06 730614 507362 231481
threshold=-99.1325833333335 -52.348475000000228 48.23795000000019 -530.23817916666655 0.58229990873419057 -274.04224999999991
decision_type=2 2 2 2 2 2
left_child=4 3 -3 -2 5 -1
right_child=1 2 -4 -5 -6 -7
leaf_value=-2.9706267961390216 0.755506895537567 1.5362001926634297 -0.11545163583946363 -1.0698779639479974 -4.3134561171266768 -0.50177293711335114
leaf_weight=145 720 2393 2021 2288 224 273
leaf_count=145 720 2393 2021 2288 224 273
internal_value=-0.000215134 0.207462 0.780118 -0.632845 -2.39771 -1.36324
internal_weight=8064 7422 4414 3008 642 418
internal_count=8064 7422 4414 3008 642 418
is_linear=0
shrinkage=0.05


Tree=46
num_leaves=7
num_cat=0
split_feature=3 16 4 17 3 4
split_gain=1.58511e+06 1.42578e+06 2.23658e+06 1.2639e+06 248171 296493
threshold=191.47762500000002 0.31913301236425246 -83.949743402778481 111.58886249999979 270.08583333333291 -38.845727083333252
decision_type=2 2 2 2 2 2
left_child=1 3 -3 -1 5 -2
right_child=4 2 -4 -5 -6 -7
leaf_value=1.2216339298817072 -0.17120137024397519 -2.9115931615582671 -0.18248842151944264 -0.86598874411768423 3.4118990820349504 2.2411516423858524
leaf_weight=2193 183 1007 2942 1082 240 417
leaf_count=2193 183 1007 2942 1082 240 417
internal_value=-0.000245789 -0.239384 -0.878975 0.531868 2.05418 1.50632
internal_weight=8064 7224 3949 3275 840 600
internal_count=8064 7224 3949 3275 840 600
is_linear=0
shrinkage=0.05


Tree=47
num_leaves=7
num_cat=0
split_feature=1 8 4 1 15 0
split_gain=1.48179e+06 883553 1.28531e+06 1.0896e+06 866938 1.2938e+06
threshold=-22.176099999999675 1.0000000180025095e-35 -43.0850722222226 164.4200000000001 5283.1736671296303 6361.3535000000011
decision_type=2 2 2 2 2 2
left_child=4 3 -3 -2 5 -1
right_child=1 2 -4 -5 -6 -7
leaf_value=-0.52514113269889462 0.57330296957534266 -3.3403813152574005 0.51671761271319594 2.8068194692473503 0.53605118735011303 -2.9666163257766316
leaf_weight=2393 1923 287 863 762 1135 701
leaf_count=2393 1923 287 863 762 1135 701
internal_value=-0.000216493 0.711432 -0.447946 1.20798 -0.645579 -1.07908
internal_weight=8064 3835 1150 2685 4229 3094
internal_count=8064 3835 1150 2685 4229 3094
is_linear=0
shrinkage=0.05


Tree=48
num_leaves=7
num_cat=0
split_feature=3 18 11 17 16 1
split_gain=1.4027e+06 1.20778e+06 1.08115e+06 668769 425664 204951
threshold=-99.1325833333335 -52.348475000000228 -0.15208718494349127 -143.62433750000011 0.58229990873419057 -274.04224999999991
decision_type=2 2 2 2 2 2
left_child=4 3 -3 -2 5 -1
right_child=1 2 -4 -5 -6 -7
leaf_value=-2.8053353989369252 0.77804627032859797 1.7846040535153038 0.14503388641336185 -0.98804460124799087 -3.995364347510868 -0.48220338023056952
leaf_weight=145 697 1548 2866 2311 224 273
leaf_count=145 697 1548 2866 2311 224 273
internal_value=-0.000220541 0.193841 0.720309 -0.578692 -2.24053 -1.29285
internal_weight=8064 7422 4414 3008 642 418
internal_count=8064 7422 4414 3008 642 418
is_linear=0
shrinkage=0.05


Tree=49
num_leaves=7
num_cat=0
split_feature=3 15 11 1 3 4
split_gain=1.3766e+06 1.19733e+06 2.38245e+06 757791 219018 266137
threshold=191.47762500000002 5281.0050107638899 0.34202014332566882 114.93835000000014 270.08583333333291 -38.845727083333252
decision_type=2 2 2 2 2 2
left_child=1 2 -1 -3 5 -2
right_child=4 3 -4 -5 -6 -7
leaf_value=0.19961988852784984 -0.18952329050263633 0.38251201213162217 -2.003336763141506 2.9849237810318865 3.1897270034457641 2.0958727739854943
leaf_weight=3314 183 1625 1948 337 240 417
leaf_count=3314 183 1625 1948 337 240 417
internal_value=-0.000244006 -0.2231 -0.616144 0.830804 1.9143 1.39967
internal_weight=8064 7224 5262 1962 840 600
internal_count=8064 7224 5262 1962 840 600
is_linear=0
shrinkage=0.05


Tree=50
num_leaves=7
num_cat=0
split_feature=3 15 11 0 15 17
split_gain=1.32931e+06 863260 1.07496e+06 823509 1.01313e+06 644669
threshold=28.817400000000138 5283.1736671296303 -0.55543802234893469 2646.4874500000001 5274.3047280381952 -27.597500000000306
decision_type=2 2 2 2 2 2
left_child=1 2 -1 -2 -5 -3
right_child=3 5 -4 4 -6 -7
leaf_value=0.18583344419797262 3.1726692001995951 1.6089116588599617 -2.0098196765585832 0.015925905650911423 1.9943802493126457 -0.65392336069360113
leaf_weight=857 288 571 1593 3249 807 699
leaf_count=857 288 571 1593 3249 807 699
internal_value=-0.000190517 -0.693807 -1.24203 0.593814 0.409963 0.363927
internal_weight=8064 3720 2450 4344 4056 1270
internal_count=8064 3720 2450 4344 4056 1270
is_linear=0
shrinkage=0.05


Tree=51
num_leaves=7
num_cat=0
split_feature=3 17 16 4 15 4
split_gain=1.24372e+06 1.08638e+06 1.16019e+06 549005 437559 420921
threshold=136.32351250000013 171.22833749999998 0.27934036080194352 -83.949743402778481 5274.3047280381952 -22.811651388888318
decision_type=2 2 2 2 2 2
left_child=1 2 -1 -3 5 -2
right_child=4 3 -4 -5 -6 -7
leaf_value=0.94411669840037771 0.01516602813387463 -3.295540571792019 -0.60395096229210854 -0.9851152787046944 3.368540835102062 1.7053653047749631
leaf_weight=2025 698 345 3005 1007 205 779
leaf_count=2025 698 345 3005 1007 205 779
internal_value=-0.000154246 -0.318964 0.0193409 -1.57668 1.20898 0.907162
internal_weight=8064 6382 5030 1352 1682 1477
internal_count=8064 6382 5030 1352 1682 1477
is_linear=0
shrinkage=0.05


Tree=52
num_leaves=6
num_cat=0
split_feature=3 18 17 18 16
split_gain=1.20999e+06 1.13499e+06 952146 675630 269461
threshold=-126.65431666666699 -52.348475000000228 75.333137500000717 -530.23817916666655 0.46236571387786901
decision_type=2 2 2 2 2
left_child=4 3 -3 -2 -1
right_child=1 2 -4 -5 -6
leaf_value=-1.6052156854437312 0.71553662389766848 1.2288009091778014 -0.24545480146881654 -1.0107119501409754 -4.294198317964625
leaf_weight=226 744 2739 1824 2371 160
leaf_count=226 744 2739 1824 2371 160
internal_value=-0.000139414 0.137339 0.639562 -0.59831 -2.72804
internal_weight=8064 7678 4563 3115 386
internal_count=8064 7678 4563 3115 386
is_linear=0
shrinkage=0.05


Tree=53
num_leaves=7
num_cat=0
split_feature=4 11 15 4 1 15
split_gain=1.14578e+06 2.57216e+06 1.32739e+06 1.13837e+06 1.137e+06 863908
threshold=-116.58611111111166 0.15208718494349097 5247.695945312501 -148.80892951388861 75.419749999999581 3390.6444892071763
decision_type=2 2 2 2 2 2
left_child=1 2 -1 -3 5 -2
right_child=4 3 -4 -5 -6 -7
leaf_value=2.0172803714341745 -2.3453528045281407 -1.1387214762875644 -1.673781795160036 -4.8219210356996776 1.2493659317387102 0.076545356767736189
leaf_weight=632 409 390 395 455 2171 3612
leaf_count=632 409 390 395 455 2171 3612
internal_value=-0.000164746 -1.08378 0.597394 -3.12534 0.327561 -0.170322
internal_weight=8064 1872 1027 845 6192 4021
internal_count=8064 1872 1027 845 6192 4021
is_linear=0
shrinkage=0.05


Tree=54
num_leaves=7
num_cat=0
split_feature=3 16 17 17 17 1
split_gain=1.1138e+06 990217 1.6505e+06 910899 203456 221180
threshold=191.47762500000002 0.31913301236425246 -143.62433750000011 111.58886249999979 -93.223749999999185 88.986349999999916
decision_type=2 2 2 2 2 2
left_child=1 3 -3 -1 -2 -6
right_child=4 2 -4 -5 5 -7
leaf_value=1.0276569444798664 2.9193907641530039 0.92753897752355319 -1.3623120251213072 -0.74461081378284022 0.20271223010364137 2.1382801831214659
leaf_weight=2193 249 1084 2865 1082 283 308
leaf_count=2193 249 1084 2865 1082 283 308
internal_value=-0.000197657 -0.200656 -0.733673 0.442084 1.72193 1.21334
internal_weight=8064 7224 3949 3275 840 591
internal_count=8064 7224 3949 3275 840 591
is_linear=0
shrinkage=0.05


Tree=55
num_leaves=5
num_cat=0
split_feature=3 18 17 18
split_gain=1.09447e+06 978975 797641 635580
threshold=-141.78143750000001 -52.348475000000228 75.333137500000717 -530.23817916666655
decision_type=2 2 2 2
left_child=-1 3 -3 -2
right_child=1 2 -4 -5
leaf_value=-3.1978323316539576 0.69214659033330861 1.1031614909369225 -0.23264617821615152 -0.97109671496118399
leaf_weight=258 754 2784 1866 2402
leaf_count=258 754 2784 1866 2402
internal_value=-0.000156103 0.105928 0.56718 -0.573638
internal_weight=8064 7806 4650 3156
internal_count=8064 7806 4650 3156
is_linear=0
shrinkage=0.05


Tree=56
num_leaves=7
num_cat=0
split_feature=3 15 11 3 15 18
split_gain=1.03852e+06 770715 928432 679266 597809 399565
threshold=41.638749999999625 5274.3047280381952 -0.15208718494349127 -141.78143750000001 5283.1736671296303 -110.61689999999997
decision_type=2 2 2 2 2 2
left_child=3 2 -2 -1 -5 -3
right_child=1 5 -4 4 -6 -7
leaf_value=-3.0385580716331031 1.2590763840007118 0.36518182707393271 -0.45311906252108508 -0.83332483983844696 0.49334813397623556 2.8913171675102887
leaf_weight=258 1342 233 1928 2554 1271 478
leaf_count=258 1342 233 1928 2554 1271 478
internal_value=-0.000164451 0.574401 0.249732 -0.56038 -0.392474 2.06516
internal_weight=8064 3981 3270 4083 3825 711
internal_count=8064 3981 3270 4083 3825 711
is_linear=0
shrinkage=0.05


Tree=57
num_leaves=7
num_cat=0
split_feature=3 15 11 18 1 17
split_gain=997227 898619 1.69032e+06 575678 234933 161927
threshold=182.54347499999997 5283.1736671296303 -0.55543802234893469 225.8985375 183.2008000000001 171.22833749999998
decision_type=2 2 2 2 2 2
left_child=1 2 -1 -3 5 -2
right_child=4 3 -4 -5 -6 -7
leaf_value=0.72214383327513687 1.3908437935917408 0.34018558982227531 -1.1694621808850776 2.6659888577245088 2.5045915320191696 -0.47499526776607681
leaf_weight=1778 435 1490 3513 323 367 158
leaf_count=1778 435 1490 3513 323 367 158
internal_value=-0.000151989 -0.204616 -0.533786 0.755787 1.51152 0.893744
internal_weight=8064 7104 5291 1813 960 593
internal_count=8064 7104 5291 1813 960 593
is_linear=0
shrinkage=0.05


Tree=58
num_leaves=7
num_cat=0
split_feature=4 11 12 15 1 15
split_gain=959466 2.19905e+06 1.34645e+06 1.1146e+06 948964 739504
threshold=-116.58611111111166 -0.32136297141497078 0.44218343748786643 5247.695945312501 75.419749999999581 3390.6444892071763
decision_type=2 2 2 2 2 2
left_child=1 3 -3 -1 5 -2
right_child=4 2 -4 -5 -6 -7
leaf_value=2.6554015131761002 -2.1674064023611024 -3.7250830727781712 -0.17014690793877427 -1.3254998962153923 1.1419298776298501 0.073338063415058719
leaf_weight=456 409 702 429 285 2171 3612
leaf_count=456 409 702 429 285 2171 3612
internal_value=-0.000107323 -0.991709 -2.378 1.12456 0.299791 -0.155064
internal_weight=8064 1872 1131 741 6192 4021
internal_count=8064 1872 1131 741 6192 4021
is_linear=0
shrinkage=0.05


Tree=59
num_leaves=7
num_cat=0
split_feature=3 1 15 4 0 18
split_gain=930620 726184 874619 487305 462836 394359
threshold=113.29026249999949 -127.87985000000025 3395.5295407407411 -38.845727083333252 6484.1650000000018 -52.348475000000228
decision_type=2 2 2 2 2 2
left_child=1 4 -3 -2 -1 -5
right_child=3 2 -4 5 -6 -7
leaf_value=-0.5831875706964702 -0.17782909169844871 -1.0181723417892756 0.68707114414709614 0.41990345480499436 -2.1640218217699712 2.0996294847876213
leaf_weight=1825 719 1105 2348 591 620 856
leaf_count=1825 719 1105 2348 591 620 856
internal_value=-0.000123767 -0.325636 0.141237 0.885984 -0.984774 1.41434
internal_weight=8064 5898 3453 2166 2445 1447
internal_count=8064 5898 3453 2166 2445 1447
is_linear=0
shrinkage=0.05


Tree=60
num_leaves=6
num_cat=0
split_feature=0 15 1 4 16
split_gain=897992 992489 1.2013e+06 761166 228208
threshold=2646.4874500000001 3390.6444892071763 75.419749999999581 -12.592494444443899 0.12918822742120242
decision_type=2 2 2 2 2
left_child=4 3 -3 -2 -1
right_child=1 2 -4 -5 -6
leaf_value=1.1535998678090527 -1.9973587089576776 -0.24164793999093487 1.3749576006158497 0.71452183434956296 3.5698961832604486
leaf_weight=203 1047 4768 1513 343 190
leaf_count=203 1047 4768 1513 343 190
internal_value=-0.000122144 -0.119678 0.147925 -1.32814 2.32788
internal_weight=8064 7671 6281 1390 393
internal_count=8064 7671 6281 1390 393
is_linear=0
shrinkage=0.05


Tree=61
num_leaves=7
num_cat=0
split_feature=3 18 11 17 15 1
split_gain=869742 754219 654272 491036 322698 390498
threshold=-88.271724999999819 -52.348475000000228 0.55543802234893513 -132.62559999999982 3395.5295407407411 -399.39505000000025
decision_type=2 2 2 2 2 2
left_child=4 3 -3 -2 -1 -6
right_child=1 2 -4 -5 5 -7
leaf_value=-3.5290922144241215 0.64794719847752469 1.0810510459691625 -0.17594973565420322 -0.82679748755440563 -3.0672743644132172 -0.24864376797340812
leaf_weight=168 759 2638 1703 2194 171 431
leaf_count=168 759 2638 1703 2194 171 431
internal_value=-8.76796e-05 0.168704 0.587995 -0.447658 -1.59715 -1.05304
internal_weight=8064 7294 4341 2953 770 602
internal_count=8064 7294 4341 2953 770 602
is_linear=0
shrinkage=0.05


Tree=62
num_leaves=7
num_cat=0
split_feature=3 0 15 15 3 18
split_gain=818656 789875 1.46001e+06 428296 201289 199879
threshold=191.47762500000002 2769.3972500000004 3390.6444892071763 3261.8896153645842 270.08583333333291 -91.154575000000008
decision_type=2 2 2 2 2 2
left_child=1 3 -3 -1 5 -2
right_child=4 2 -4 -5 -6 -7
leaf_value=3.1046112898209088 -0.37624437710180642 -2.0628754695751801 -0.0095414904956173403 0.35642122758600192 2.6980146754332104 1.5944837452955993
leaf_weight=260 186 1022 5631 311 240 414
leaf_count=260 186 1022 5631 311 240 414
internal_value=-0.00012123 -0.17198 -0.325227 1.61103 1.47631 0.983949
internal_weight=8064 7224 6653 571 840 600
internal_count=8064 7224 6653 571 840 600
is_linear=0
shrinkage=0.05


Tree=63
num_leaves=7
num_cat=0
split_feature=17 12 17 18 15 11
split_gain=791746 1.07123e+06 1.04657e+06 745861 412481 443486
threshold=-101.97772499999927 -0.23762932952031213 111.58886249999979 -152.4270625000008 5283.1736671296303 0.15208718494349097
decision_type=2 2 2 2 2 2
left_child=4 3 -3 -2 -1 -6
right_child=1 2 -4 -5 5 -7
leaf_value=0.3610476477592523 -2.4793887529337808 0.97726473969254535 -0.71169607183966843 -0.45538137148117164 1.0992859971074125 4.2103349050680796
leaf_weight=1888 787 1897 1774 1079 490 149
leaf_count=1888 787 1897 1774 1079 490 149
internal_value=-8.22819e-05 -0.334775 0.161108 -1.30989 0.733117 1.83016
internal_weight=8064 5537 3671 1866 2527 639
internal_count=8064 5537 3671 1866 2527 639
is_linear=0
shrinkage=0.05


Tree=64
num_leaves=7
num_cat=0
split_feature=3 17 12 15 11 15
split_gain=784337 583785 641313 536513 801644 476405
threshold=28.817400000000138 -44.284624999999316 -0.23762932952031213 5274.3047280381952 -0.15208718494349127 5281.0050107638899
decision_type=2 2 2 2 2 2
left_child=1 5 -3 4 -2 -1
right_child=3 2 -4 -5 -6 -7
leaf_value=-0.46305293897245026 1.0807411466437724 -2.4302331724992166 -0.52385941827535099 1.618689330173011 -0.44560839326570784 1.3653488300282424
leaf_weight=952 1474 610 1590 807 2063 568
leaf_count=952 1474 610 1590 807 2063 568
internal_value=-5.95565e-05 -0.532851 -1.05331 0.456216 0.190604 0.22064
internal_weight=8064 3720 2200 4344 3537 1520
internal_count=8064 3720 2200 4344 3537 1520
is_linear=0
shrinkage=0.05


Tree=65
num_leaves=5
num_cat=0
split_feature=3 18 11 18
split_gain=757241 688568 571000 456818
threshold=-141.78143750000001 -34.738349999999848 -0.1950438958025166 -530.23817916666655
decision_type=2 2 2 2
left_child=-1 3 -3 -2
right_child=1 2 -4 -5
leaf_value=-2.659863195217369 0.64061777798940023 1.3173888068486022 0.10366747217210003 -0.75322685675473133
leaf_weight=258 754 1441 2955 2656
leaf_count=258 754 1441 2955 2656
internal_value=-5.5325e-05 0.0881848 0.501732 -0.44493
internal_weight=8064 7806 4396 3410
internal_count=8064 7806 4396 3410
is_linear=0
shrinkage=0.05


Tree=66
num_leaves=7
num_cat=0
split_feature=3 15 11 18 3 4
split_gain=747870 685107 1.2907e+06 480932 208286 172559
threshold=182.54347499999997 5283.1736671296303 0.27976242230339698 225.8985375 270.08583333333291 -38.845727083333252
decision_type=2 2 2 2 2 2
left_child=1 2 -1 -3 5 -2
right_child=4 3 -4 -5 -6 -7
leaf_value=0.15881595546751293 -0.26575860246620348 0.28161240576483476 -1.4426273978664315 2.4073898505373506 2.5823143963991857 1.4026496963639323
leaf_weight=3232 225 1490 2059 323 240 495
leaf_count=3232 225 1490 2059 323 240 495
internal_value=-6.09389e-05 -0.177126 -0.464543 0.661454 1.30904 0.881627
internal_weight=8064 7104 5291 1813 960 720
internal_count=8064 7104 5291 1813 960 720
is_linear=0
shrinkage=0.05


Tree=67
num_leaves=7
num_cat=0
split_feature=4 11 12 15 1 10
split_gain=716261 1.80229e+06 1.07428e+06 1.02041e+06 719695 612796
threshold=-116.58611111111166 -0.32136297141497078 0.44218343748786643 5247.695945312501 75.419749999999581 1.0000000180025095e-35
decision_type=2 2 2 2 2 2
left_child=1 3 -3 -1 5 -2
right_child=4 2 -4 -5 -6 -7
leaf_value=2.5237925579856992 -0.45948157221684527 -3.3150684198520946 -0.13972118806700373 -1.2851631624819515 0.9924769296928293 1.0438561988750588
leaf_weight=456 3159 702 429 285 2171 862
leaf_count=456 3159 702 429 285 2171 862
internal_value=-2.61194e-05 -0.856784 -2.11181 1.05905 0.25909 -0.137025
internal_weight=8064 1872 1131 741 6192 4021
internal_count=8064 1872 1131 741 6192 4021
is_linear=0
shrinkage=0.05


Tree=68
num_leaves=7
num_cat=0
split_feature=3 1 15 15 15 17
split_gain=696450 542251 655445 409189 491352 347945
threshold=113.29026249999949 -127.87985000000025 3395.5295407407411 5274.3047280381952 5165.514055208334 -101.97772499999927
decision_type=2 2 2 2 2 2
left_child=1 5 -3 4 -2 -1
right_child=3 2 -4 -5 -6 -7
leaf_value=0.063916068646597532 1.1124890239656571 -0.88186803048941398 0.59433160760951786 2.5323350931887045 -0.56370428286600804 -1.2397793826670427
leaf_weight=729 1193 1105 2348 284 689 1716
leaf_count=729 1193 1105 2348 284 689 1716
internal_value=-2.87817e-05 -0.281625 0.121812 0.76653 0.498861 -0.851203
internal_weight=8064 5898 3453 2166 1882 2445
internal_count=8064 5898 3453 2166 1882 2445
is_linear=0
shrinkage=0.05


Tree=69
num_leaves=7
num_cat=0
split_feature=3 18 18 1 12 0
split_gain=662763 589339 516114 488127 290208 201731
threshold=-99.1325833333335 -91.154575000000008 -316.89550000000003 130.86375000000024 -0.62577451934762995 4216.7683000000006
decision_type=2 2 2 2 2 2
left_child=4 2 -2 -3 -1 -6
right_child=1 3 -4 -5 5 -7
leaf_value=-3.4258979916380299 0.4237636426247316 0.13211985042772129 -1.0470629236816218 1.2291968072812636 -1.8804489435238532 0.15585320367209107
leaf_weight=154 963 3462 1564 1433 262 226
leaf_count=154 963 3462 1564 1433 262 226
internal_value=-1.73148e-05 0.133377 -0.486608 0.453472 -1.53996 -0.939017
internal_weight=8064 7422 2527 4895 642 488
internal_count=8064 7422 2527 4895 642 488
is_linear=0
shrinkage=0.05


Tree=70
num_leaves=7
num_cat=0
split_feature=3 0 15 15 3 18
split_gain=624670 615105 1.28738e+06 419833 146544 102688
threshold=200.63500000000025 2769.3972500000004 3185.6351313368064 3261.8896153645842 270.08583333333291 -71.588187500000444
decision_type=2 2 2 2 2 2
left_child=1 3 -3 -1 5 -2
right_child=4 2 -4 -5 -6 -7
leaf_value=2.9085015957478348 -0.12284565311742993 -3.7635855367216537 -0.13518935670229887 0.19698271730589489 2.4114759162995827 1.4199073507242586
leaf_weight=261 163 253 6516 314 240 317
leaf_count=261 163 253 6516 314 240 317
internal_value=-4.37996e-05 -0.137904 -0.271341 1.43069 1.40437 0.896848
internal_weight=8064 7344 6769 575 720 480
internal_count=8064 7344 6769 575 720 480
is_linear=0
shrinkage=0.05


Tree=71
num_leaves=7
num_cat=0
split_feature=4 11 4 4 15 18
split_gain=612188 1.62144e+06 1.02702e+06 977557 629114 563519
threshold=-116.58611111111166 0.15208718494349097 -155.49236979166605 -148.80892951388861 3185.6351313368064 122.82346250000025
decision_type=2 2 2 2 2 2
left_child=1 2 -1 -3 -2 -6
right_child=4 3 -4 -5 5 -7
leaf_value=-1.4551256617963917 -3.0152372249241535 -0.57361132917184943 1.7915726466407476 -3.9849763911478875 0.010962486724412218 1.0772603817847508
leaf_weight=395 144 390 632 455 4310 1738
leaf_count=395 144 390 632 455 4310 1738
internal_value=-2.35405e-05 -0.792096 0.542642 -2.41304 0.239529 0.31751
internal_weight=8064 1872 1027 845 6192 6048
internal_count=8064 1872 1027 845 6192 6048
is_linear=0
shrinkage=0.05


Tree=72
num_leaves=5
num_cat=0
split_feature=3 17 16 13
split_gain=601141 549366 590006 362057
threshold=-141.78143750000001 171.22833749999998 0.27934036080194352 0.50000000000000022
decision_type=2 2 2 2
left_child=-1 2 -2 -3
right_child=1 3 -4 -5
leaf_value=-2.3699118533189694 0.91932407264282545 -0.25507958658076457 -0.089839904690558192 -1.8720442650928018
leaf_weight=258 2357 1211 3754 484
leaf_count=258 2357 1211 3754 484
internal_value=-6.04806e-05 0.0785602 0.299479 -0.717628
internal_weight=8064 7806 6111 1695
internal_count=8064 7806 6111 1695
is_linear=0
shrinkage=0.05


Tree=73
num_leaves=7
num_cat=0
split_feature=3 16 13 4 15 11
split_gain=579580 498717 793752 388928 348953 332209
threshold=103.81301250000003 0.95488575672742748 -0.92300020391127913 -38.845727083333252 5136.3647887152792 0.75166088996455116
decision_type=2 2 2 2 2 2
left_child=1 2 -1 5 -5 -2
right_child=3 -3 -4 4 -6 -7
leaf_value=1.5957333880762963 0.37713801515185175 -2.4691731070265956 -0.3830557077299992 1.988455722169048 0.48945827024252869 -1.9032803836670533
leaf_weight=565 575 247 4844 651 962 220
leaf_count=565 575 247 4844 651 962 220
internal_value=-8.01934e-05 -0.276662 -0.176103 0.64941 1.0953 -0.255519
internal_weight=8064 5656 5409 2408 1613 795
internal_count=8064 5656 5409 2408 1613 795
is_linear=0
shrinkage=0.05


Tree=74
num_leaves=7
num_cat=0
split_feature=17 12 17 18 11 15
split_gain=565725 774454 817639 654826 322311 345251
threshold=-101.97772499999927 -0.23762932952031213 84.133762499999435 -193.50169999999977 0.40265084705289472 5269.6903261284733
decision_type=2 2 2 2 2 2
left_child=4 3 -3 -2 -1 -6
right_child=1 2 -4 -5 5 -7
leaf_value=0.38943259519727325 -2.5070820374941007 1.0044082979567517 -0.50418075094511117 -0.48306923349682962 0.6477423686225241 3.7764012560248377
leaf_weight=2168 579 1564 2107 1287 204 155
leaf_count=2168 579 1564 2107 1287 204 155
internal_value=-7.80794e-05 -0.282993 0.13864 -1.11211 0.619693 2.00529
internal_weight=8064 5537 3671 1866 2527 359
internal_count=8064 5537 3671 1866 2527 359
is_linear=0
shrinkage=0.05


Tree=75
num_leaves=7
num_cat=0
split_feature=3 15 11 11 3 4
split_gain=547374 561252 1.01019e+06 373560 155259 141512
threshold=191.47762500000002 5283.1736671296303 -0.59116893267988335 0.21643961393810304 270.08583333333291 -38.845727083333252
decision_type=2 2 2 2 2 2
left_child=1 2 -1 -3 5 -2
right_child=4 3 -4 -5 -6 -7
leaf_value=0.60419260469416891 -0.38268031195292007 -0.0080536414669882522 -0.86338221641167689 1.4366161922912433 2.2799710961035551 1.2827821924997289
leaf_weight=1719 183 1032 3684 789 240 417
leaf_count=1719 183 1032 3684 789 240 417
internal_value=-5.97637e-05 -0.140588 -0.396438 0.618336 1.20721 0.775025
internal_weight=8064 7224 5403 1821 840 600
internal_count=8064 7224 5403 1821 840 600
is_linear=0
shrinkage=0.05


Tree=76
num_leaves=7
num_cat=0
split_feature=3 0 15 15 1 15
split_gain=542828 480377 545976 252610 300998 189667
threshold=-88.271724999999819 2646.4874500000001 5274.3047280381952 3395.5295407407411 -399.39505000000025 3261.8896153645842
decision_type=2 2 2 2 2 2
left_child=3 5 -3 -1 -5 -2
right_child=1 2 -4 4 -6 -7
leaf_value=-2.9706981187036057 3.009509683656757 -0.24668246932799687 0.72973182335072639 -2.5490303618963375 -0.074804070571230522 0.75806568366382765
leaf_weight=168 185 4897 2022 171 431 190
leaf_count=168 185 4897 2022 171 431 190
internal_value=-2.98168e-05 0.133318 0.0387279 -1.26173 -0.780678 1.87383
internal_weight=8064 7294 6919 770 602 375
internal_count=8064 7294 6919 770 602 375
is_linear=0
shrinkage=0.05


Tree=77
num_leaves=7
num_cat=0
split_feature=3 17 2 4 11 2
split_gain=529703 427954 445746 403302 783742 352423
threshold=28.817400000000138 -44.284624999999316 -332.96034999999978 -38.845727083333252 0.15208718494349097 160.24589999999992
decision_type=2 2 2 2 2 2
left_child=1 -1 -3 4 -2 -5
right_child=3 2 -4 5 -6 -7
leaf_value=0.20724185700066033 0.78000481330162152 -3.4873452089599861 -0.68863576896354139 0.94511882198214381 -1.5824468259488431 -0.55964739943413044
leaf_weight=1520 753 152 2048 2474 656 461
leaf_count=1520 753 152 2048 2474 656 461
internal_value=-3.66513e-05 -0.437883 -0.883498 0.374929 -0.320244 0.708655
internal_weight=8064 3720 2200 4344 1409 2935
internal_count=8064 3720 2200 4344 1409 2935
is_linear=0
shrinkage=0.05


Tree=78
num_leaves=7
num_cat=0
split_feature=3 15 0 1 15 15
split_gain=489893 476982 942241 707010 244119 358245
threshold=143.93362499999992 3390.6444892071763 2842.9750000000004 -153.19559999999998 5274.3047280381952 5165.514055208334
decision_type=2 2 2 2 2 2
left_child=1 2 -1 -3 5 -2
right_child=4 3 -4 -5 -6 -7
leaf_value=0.71410311714285302 1.2009590317773471 -0.65908179351302576 -2.0920725077197271 0.51866635776695669 2.5008610452429672 -0.45665194860365532
leaf_weight=474 849 2205 808 3016 184 528
leaf_count=474 849 2205 808 3016 184 528
internal_value=-6.20116e-05 -0.191022 -1.05478 0.0212336 0.795074 0.565491
internal_weight=8064 6503 1282 5221 1561 1377
internal_count=8064 6503 1282 5221 1561 1377
is_linear=0
shrinkage=0.05


Tree=79
num_leaves=7
num_cat=0
split_feature=17 12 17 18 11 16
split_gain=474715 687361 710098 604680 294680 320223
threshold=-101.97772499999927 -0.23762932952031213 111.58886249999979 -152.4270625000008 0.40265084705289472 0.79711831853657733
decision_type=2 2 2 2 2 2
left_child=4 3 -3 -2 5 -1
right_child=1 2 -4 -5 -6 -7
leaf_value=0.64846032660141217 -2.0932894735579346 0.81028409484632558 -0.58093255107167741 -0.27106577270215859 1.8925489524834687 -0.87809599971259455
leaf_weight=1741 787 1897 1774 1079 359 427
leaf_count=1741 787 1897 1774 1079 359 427
internal_value=-4.82061e-05 -0.259209 0.138008 -1.04031 0.567686 0.34753
internal_weight=8064 5537 3671 1866 2527 2168
internal_count=8064 5537 3671 1866 2527 2168
is_linear=0
shrinkage=0.05


Tree=80
num_leaves=5
num_cat=0
split_feature=3 18 15 18
split_gain=472288 443274 412726 322065
threshold=-141.78143750000001 -34.738349999999848 5274.3047280381952 -530.23817916666655
decision_type=2 2 2 2
left_child=-1 3 -3 -2
right_child=1 2 -4 -5
leaf_value=-2.1006154458639013 0.55336810714657736 0.10241683752799416 1.1862869239244105 -0.6169703160534239
leaf_weight=258 754 3184 1212 2656
leaf_count=258 754 3184 1212 2656
internal_value=-4.8722e-05 0.0696383 0.401447 -0.358105
internal_weight=8064 7806 4396 3410
internal_count=8064 7806 4396 3410
is_linear=0
shrinkage=0.05


Tree=81
num_leaves=7
num_cat=0
split_feature=3 15 11 11 3 4
split_gain=467471 444681 871516 366708 159350 106933
threshold=182.54347499999997 5283.1736671296303 -0.59116893267988335 0.21643961393810304 270.08583333333291 -38.845727083333252
decision_type=2 2 2 2 2 2
left_child=1 2 -1 -3 5 -2
right_child=4 3 -4 -5 -6 -7
leaf_value=0.56083767866542777 -0.24178414383029515 -0.085982712028426847 -0.81305266518741104 1.3485731500467528 2.1484182476688223 1.0714824962519831
leaf_weight=1700 225 1028 3591 785 240 495
leaf_count=1700 225 1028 3591 785 240 495
internal_value=-5.1717e-05 -0.140042 -0.371599 0.535558 1.03494 0.661321
internal_weight=8064 7104 5291 1813 960 720
internal_count=8064 7104 5291 1813 960 720
is_linear=0
shrinkage=0.05


Tree=82
num_leaves=6
num_cat=0
split_feature=0 15 11 4 15
split_gain=455715 611055 1.81499e+06 562849 188626
threshold=2646.4874500000001 3185.6351313368064 0.065387565056497135 -125.5514899305558 3261.8896153645842
decision_type=2 2 2 2 2
left_child=4 2 -2 -3 -1
right_child=1 3 -4 -5 -6
leaf_value=2.7583489212606636 1.5877924619624335 -0.96147759848944669 -5.8671674110085128 0.20616884190104767 0.56668467434806435
leaf_weight=195 160 1241 165 6105 198
leaf_count=195 160 1241 165 6105 198
internal_value=-2.4401e-05 -0.0851934 -2.20342 0.00880792 1.65839
internal_weight=8064 7671 325 7346 393
internal_count=8064 7671 325 7346 393
is_linear=0
shrinkage=0.05


Tree=83
num_leaves=7
num_cat=0
split_feature=3 4 11 17 12 15
split_gain=446469 393046 616356 333200 361897 316124
threshold=50.458887500000408 -38.845727083333252 0.15208718494349097 -44.284624999999316 -0.23762932952031213 5274.3047280381952
decision_type=2 2 2 2 2 2
left_child=3 2 -2 -1 -5 -3
right_child=1 5 -4 4 -6 -7
leaf_value=0.18080577707171308 0.71973149301199424 0.47803682019090821 -1.5213296642868577 -1.6829964384629019 -0.34658572698840062 1.881298657535275
leaf_weight=1772 653 2008 577 696 1857 501
leaf_count=1772 653 2008 577 696 1857 501
internal_value=-3.37765e-05 0.400044 -0.331945 -0.345917 -0.711435 0.75888
internal_weight=8064 3739 1230 4325 2553 2509
internal_count=8064 3739 1230 4325 2553 2509
is_linear=0
shrinkage=0.05


Tree=84
num_leaves=6
num_cat=0
split_feature=3 18 15 17 2
split_gain=417595 412121 342961 300090 180412
threshold=-126.65431666666699 -34.738349999999848 5274.3047280381952 -143.62433750000011 -76.846449999999763
decision_type=2 2 2 2 2
left_child=4 3 -3 -2 -1
right_child=1 2 -4 -5 -6
leaf_value=-2.760751651393043 0.52329441360762941 0.13142180178003909 1.1327666449724361 -0.5942916289921627 -0.59264637312422008
leaf_weight=179 782 3142 1174 2580 207
leaf_count=179 782 3142 1174 2580 207
internal_value=-3.38972e-05 0.0807309 0.403998 -0.334263 -1.6026
internal_weight=8064 7678 4316 3362 386
internal_count=8064 7678 4316 3362 386
is_linear=0
shrinkage=0.05


Tree=85
num_leaves=5
num_cat=0
split_feature=3 4 0 2
split_gain=417910 405490 505740 314281
threshold=270.08583333333291 -155.49236979166605 2769.3972500000004 -225.39739999999981
decision_type=2 2 2 2
left_child=1 3 -3 -1
right_child=-2 2 -4 -5
leaf_value=0.059723509424611146 2.050719553127081 1.5084224082772573 -0.072459534155286914 -2.1051572307835
leaf_weight=284 240 547 6585 408
leaf_count=284 240 547 6585 408
internal_value=-4.55929e-05 -0.0632065 0.0489832 -1.21788
internal_weight=8064 7824 7132 692
internal_count=8064 7824 7132 692
is_linear=0
shrinkage=0.05


Tree=86
num_leaves=6
num_cat=0
split_feature=3 16 13 15 15
split_gain=399370 336450 706776 276626 405200
threshold=113.29026249999949 0.95488575672742748 -0.92300020391127913 5274.3047280381952 5165.514055208334
decision_type=2 2 2 2 2
left_child=1 2 -1 4 -2
right_child=3 -3 -4 -5 -6
leaf_value=1.5080856743262334 0.91766803233324235 -1.9825510658294776 -0.32344635229859292 2.0322743314177845 -0.60444217986386761
leaf_weight=587 1193 256 5055 284 689
leaf_count=587 1193 256 5055 284 689
internal_value=-3.43824e-05 -0.213274 -0.132658 0.580447 0.360399
internal_weight=8064 5898 5642 2166 1882
internal_count=8064 5898 5642 2166 1882
is_linear=0
shrinkage=0.05


Tree=87
num_leaves=5
num_cat=0
split_feature=15 15 11 4
split_gain=392976 677904 1.94768e+06 498453
threshold=3140.3962867187506 3185.6351313368064 1.0000000180025095e-35 -125.5514899305558
decision_type=2 2 2 2
left_child=-1 2 -2 -3
right_child=1 3 -4 -5
leaf_value=2.5794443972460157 1.6841570355152262 -0.85029803923573199 -6.5159819649005755 0.22553980978123792
leaf_weight=144 144 1296 144 6336
leaf_count=144 144 1296 144 6336
internal_value=-2.30576e-05 -0.0472422 -2.42427 0.0427629
internal_weight=8064 7920 288 7632
internal_count=8064 7920 288 7632
is_linear=0
shrinkage=0.05


Tree=88
num_leaves=7
num_cat=0
split_feature=3 17 12 15 1 18
split_gain=373731 361986 537974 323405 137873 97556.2
threshold=213.07287499999987 171.22833749999998 0.32136297141497122 3371.343631944445 264.0542500000002 -71.588187500000444
decision_type=2 2 2 2 2 2
left_child=1 2 -1 -3 5 -2
right_child=4 3 -4 -5 -6 -7
leaf_value=-0.30090380085653379 -0.21089605193540276 -2.4448422979916078 0.6783540990303476 -0.46257143349471674 2.4964086172432682 1.3166564270215764
leaf_weight=3562 165 242 2312 1348 152 283
leaf_count=3562 165 242 2312 1348 152 283
internal_value=-3.97464e-05 -0.0966099 0.0845809 -0.765623 1.19945 0.754837
internal_weight=8064 7464 5874 1590 600 448
internal_count=8064 7464 5874 1590 600 448
is_linear=0
shrinkage=0.05


Tree=89
num_leaves=7
num_cat=0
split_feature=17 16 0 14 18 16
split_gain=370099 509479 510919 277278 317260 206231
threshold=-101.97772499999927 0.062403937465175301 2769.3972500000004 0.9659258262890682 1.0000000180025095e-35 0.78768401937612276
decision_type=2 2 2 2 2 2
left_child=3 -2 -3 4 -1 -5
right_child=1 2 -4 5 -6 -7
leaf_value=0.19356046656788273 2.4661169728023165 1.3411234822130755 -0.45780425492347654 0.31315752238035205 1.4147288127585373 -2.1206340881793397
leaf_weight=1256 169 428 4940 189 922 160
leaf_count=1256 169 428 4940 189 922 160
internal_value=-3.11125e-05 -0.22886 -0.31415 0.501257 0.710923 -0.805492
internal_weight=8064 5537 5368 2527 2178 349
internal_count=8064 5537 5368 2527 2178 349
is_linear=0
shrinkage=0.05


Tree=90
num_leaves=5
num_cat=0
split_feature=3 18 1 18
split_gain=368347 325993 338196 275892
threshold=-141.78143750000001 -43.527112499999923 130.86375000000024 -419.08331249999964
decision_type=2 2 2 2
left_child=-1 3 -3 -2
right_child=1 2 -4 -5
leaf_value=-1.8550848615560753 0.43808789054271458 0.062991288428620562 1.0193869216751639 -0.59561700699001441
leaf_weight=258 882 3230 1294 2400
leaf_count=258 882 3230 1294 2400
internal_value=-1.00296e-05 0.0615327 0.336714 -0.317772
internal_weight=8064 7806 4524 3282
internal_count=8064 7806 4524 3282
is_linear=0
shrinkage=0.05


Tree=91
num_leaves=5
num_cat=0
split_feature=15 15 11 4
split_gain=349330 613020 1.73686e+06 443384
threshold=3140.3962867187506 3185.6351313368064 1.0000000180025095e-35 -125.5514899305558
decision_type=2 2 2 2
left_child=-1 2 -2 -3
right_child=1 3 -4 -5
leaf_value=2.4319934193738577 1.5748500629129083 -0.80123051042649129 -6.1688508882193736 0.21343911466457235
leaf_weight=144 144 1296 144 6336
leaf_count=144 144 1296 144 6336
internal_value=-1.52977e-05 -0.0445351 -2.30495 0.0410543
internal_weight=8064 7920 288 7632
internal_count=8064 7920 288 7632
is_linear=0
shrinkage=0.05


Tree=92
num_leaves=7
num_cat=0
split_feature=3 15 0 1 15 15
split_gain=341487 294720 411656 409386 279938 645986
threshold=28.817400000000138 3395.5295407407411 2769.3972500000004 -230.3915999999999 5274.3047280381952 5165.514055208334
decision_type=2 2 2 2 2 2
left_child=1 2 -1 -3 5 -2
right_child=4 3 -4 -5 -6 -7
leaf_value=0.83092664130573179 0.56700808029168659 -0.87117589276578 -1.932334338879732 0.3300754905572213 1.1407306902972743 -0.88752901377106219
leaf_weight=178 2424 1152 548 1842 807 1113
leaf_count=178 2424 1152 548 1842 807 1113
internal_value=-3.15793e-05 -0.351586 -1.25463 -0.132266 0.301035 0.109182
internal_weight=8064 3720 726 2994 4344 3537
internal_count=8064 3720 726 2994 4344 3537
is_linear=0
shrinkage=0.05


Tree=93
num_leaves=5
num_cat=0
split_feature=3 18 11 13
split_gain=334813 321427 379749 325846
threshold=270.08583333333291 -1.0000000180025095e-35 -0.51864980417341167 -0.95280922353748843
decision_type=2 2 2 2
left_child=1 3 -3 -1
right_child=-2 2 -4 -5
leaf_value=0.65139832964824584 1.8355552538031426 1.2121222794540092 0.0080489468533533667 -0.5801611146293284
leaf_weight=642 240 830 3089 3263
leaf_count=642 240 830 3089 3263
internal_value=-3.50993e-05 -0.0565689 0.263302 -0.377572
internal_weight=8064 7824 3919 3905
internal_count=8064 7824 3919 3905
is_linear=0
shrinkage=0.05


Tree=94
num_leaves=7
num_cat=0
split_feature=17 2 1 12 17 17
split_gain=332107 359479 397562 232268 445357 270405
threshold=-44.284624999999316 160.24589999999992 -166.60434999999981 0.19504389580251646 -218.40002500000034 -143.62433750000011
decision_type=2 2 2 2 2 2
left_child=3 2 -2 5 -5 -1
right_child=1 -3 -4 4 -6 -7
leaf_value=0.58507721436266491 -0.77597859430851213 -1.42359620353428 0.25198385495621062 0.0221220168958206 2.4601853803907123 -0.45622385287370681
leaf_weight=1515 1439 589 2711 403 349 1058
leaf_count=1515 1439 589 2711 403 349 1058
internal_value=-1.39549e-05 -0.268766 -0.10456 0.382994 1.15538 0.15689
internal_weight=8064 4739 4150 3325 752 2573
internal_count=8064 4739 4150 3325 752 2573
is_linear=0
shrinkage=0.05


Tree=95
num_leaves=7
num_cat=0
split_feature=3 15 0 2 1 1
split_gain=319928 324626 696129 369630 102651 140698
threshold=182.54347499999997 5283.1736671296303 6361.3535000000011 -69.594450000000492 183.2008000000001 -166.60434999999981
decision_type=2 2 2 2 2 2
left_child=1 2 -1 -3 5 -2
right_child=4 3 -4 -5 -6 -7
leaf_value=-0.076469785260104589 1.726519187978363 1.36918592525251 -1.7002200593403209 -0.099668844879244642 1.5124568937994216 -0.014992630175683537
leaf_weight=4519 157 692 772 1121 367 436
leaf_count=4519 157 692 772 1121 367 436
internal_value=-9.14368e-06 -0.115819 -0.313665 0.461421 0.856215 0.448213
internal_weight=8064 7104 5291 1813 960 593
internal_count=8064 7104 5291 1813 960 593
is_linear=0
shrinkage=0.05


Tree=96
num_leaves=7
num_cat=0
split_feature=3 17 16 14 14 1
split_gain=309756 280424 480896 258391 230597 150401
threshold=-99.1325833333335 -93.223749999999185 0.062403937465175301 0.9659258262890682 0.4613091308703498 -230.3915999999999
decision_type=2 2 2 2 2 2
left_child=4 3 -3 -2 5 -1
right_child=1 2 -4 -5 -6 -7
leaf_value=-1.4655953840248008 0.72971949024173111 2.6340261327309742 -0.21344414094930106 -0.76242641992867 -2.4174177128019516 0.4111599409556293
leaf_weight=186 2131 152 4804 335 208 248
leaf_count=186 2131 152 4804 335 208 248
internal_value=8.1542e-06 0.0912022 -0.125599 0.526788 -1.05276 -0.394684
internal_weight=8064 7422 4956 2466 642 434
internal_count=8064 7422 4956 2466 642 434
is_linear=0
shrinkage=0.05


Tree=97
num_leaves=5
num_cat=0
split_feature=15 15 11 4
split_gain=306399 544835 1.54967e+06 365381
threshold=3140.3962867187506 3185.6351313368064 1.0000000180025095e-35 -125.5514899305558
decision_type=2 2 2 2
left_child=-1 2 -2 -3
right_child=1 3 -4 -5
leaf_value=2.2776696223431623 1.4920445951511121 -0.72561780982726221 -5.8224436595522127 0.19548372761186944
leaf_weight=144 144 1296 144 6336
leaf_count=144 144 1296 144 6336
internal_value=1.0308e-06 -0.0416934 -2.17269 0.0389957
internal_weight=8064 7920 288 7632
internal_count=8064 7920 288 7632
is_linear=0
shrinkage=0.05


Tree=98
num_leaves=7
num_cat=0
split_feature=3 4 11 15 0 1
split_gain=292719 337287 384790 319685 550763 335562
threshold=65.019587499999957 -38.845727083333252 -0.75166088996455094 3395.5295407407411 2769.3972500000004 -230.3915999999999
decision_type=2 2 2 2 2 2
left_child=3 2 -2 4 -1 -5
right_child=1 -3 -4 5 -6 -7
leaf_value=0.91464812139389817 1.5772334161542712 0.70741426909879312 -0.79638329317194112 -0.67678145392932365 -1.7902986006650097 0.31055620450321686
leaf_weight=256 209 2254 913 1346 704 2382
leaf_count=256 209 2254 913 1346 704 2382
internal_value=-1.5036e-05 0.354914 -0.353228 -0.255633 -1.06878 -0.0460094
internal_weight=8064 3376 1122 4688 960 3728
internal_count=8064 3376 1122 4688 960 3728
is_linear=0
shrinkage=0.05


Tree=99
num_leaves=5
num_cat=0
split_feature=15 15 11 4
split_gain=283618 477271 1.38761e+06 311147
threshold=3140.3962867187506 3185.6351313368064 1.0000000180025095e-35 -125.5514899305558
decision_type=2 2 2 2
left_child=-1 2 -2 -3
right_child=1 3 -4 -5
leaf_value=2.1913485631449467 1.4330866488094989 -0.6701958671821111 -5.4882991961775156 0.17980139630687808
leaf_weight=144 144 1296 144 6336
leaf_count=144 144 1296 144 6336
internal_value=-1.2755e-05 -0.0401273 -2.03462 0.0353933
internal_weight=8064 7920 288 7632
internal_count=8064 7920 288 7632
is_linear=0
shrinkage=0.05


end of trees

feature_importances:
Column_3=127
Column_15=98
Column_1=72
Column_4=65
Column_11=54
Column_17=41
Column_18=34
Column_16=27
Column_0=19
Column_12=12
Column_10=9
Column_2=6
Column_13=4
Column_14=3
Column_8=2

parameters:
[boosting: gbdt]
[objective: regression]
[metric: l2]
[tree_learner: serial]
[device_type: cpu]
[data_sample_strategy: bagging]
[data: ]
[valid: ]
[num_iterations: 100]
[learning_rate: 0.05]
[num_leaves: 7]
[num_threads: 1]
[seed: 20250911]
[deterministic: 1]
[force_col_wise: 1]
[force_row_wise: 0]
[histogram_pool_size: -1]
[max_depth: 3]
[min_data_in_leaf: 144]
[min_sum_hessian_in_leaf: 0.001]
[bagging_fraction: 1]
[pos_bagging_fraction: 1]
[neg_bagging_fraction: 1]
[bagging_freq: 0]
[bagging_seed: 20250911]
[bagging_by_query: 0]
[feature_fraction: 1]
[feature_fraction_bynode: 1]
[feature_fraction_seed: 20250911]
[extra_trees: 0]
[extra_seed: 26685]
[early_stopping_round: 0]
[early_stopping_min_delta: 0]
[first_metric_only: 0]
[max_delta_step: 0]
[lambda_l1: 0]
[lambda_l2: 1]
[linear_lambda: 0]
[min_gain_to_split: 0]
[drop_rate: 0.1]
[max_drop: 50]
[skip_drop: 0.5]
[xgboost_dart_mode: 0]
[uniform_drop: 0]
[drop_seed: 2504]
[top_rate: 0.2]
[other_rate: 0.1]
[min_data_per_group: 100]
[max_cat_threshold: 32]
[cat_l2: 10]
[cat_smooth: 10]
[max_cat_to_onehot: 4]
[top_k: 20]
[monotone_constraints: ]
[monotone_constraints_method: basic]
[monotone_penalty: 0]
[feature_contri: ]
[forcedsplits_filename: ]
[refit_decay_rate: 0.9]
[cegb_tradeoff: 1]
[cegb_penalty_split: 0]
[cegb_penalty_feature_lazy: ]
[cegb_penalty_feature_coupled: ]
[path_smooth: 0]
[interaction_constraints: ]
[verbosity: -1]
[saved_feature_importance_type: 0]
[use_quantized_grad: 0]
[num_grad_quant_bins: 4]
[quant_train_renew_leaf: 0]
[stochastic_rounding: 1]
[linear_tree: 0]
[max_bin: 63]
[max_bin_by_feature: ]
[min_data_in_bin: 3]
[bin_construct_sample_cnt: 200000]
[data_random_seed: 20250911]
[is_enable_sparse: 1]
[enable_bundle: 1]
[use_missing: 1]
[zero_as_missing: 0]
[feature_pre_filter: 0]
[pre_partition: 0]
[two_round: 0]
[header: 0]
[label_column: ]
[weight_column: ]
[group_column: ]
[ignore_column: ]
[categorical_feature: ]
[forcedbins_filename: ]
[precise_float_parser: 0]
[parser_config_file: ]
[objective_seed: 19683]
[num_class: 1]
[is_unbalance: 0]
[scale_pos_weight: 1]
[sigmoid: 1]
[boost_from_average: 1]
[reg_sqrt: 0]
[alpha: 0.9]
[fair_c: 1]
[poisson_max_delta_step: 0.7]
[tweedie_variance_power: 1.5]
[lambdarank_truncation_level: 30]
[lambdarank_norm: 1]
[label_gain: ]
[lambdarank_position_bias_regularization: 0]
[eval_at: ]
[multi_error_top_k: 1]
[auc_mu_weights: ]
[num_machines: 1]
[local_listen_port: 12400]
[time_out: 120]
[machine_list_filename: ]
[machines: ]
[gpu_platform_id: -1]
[gpu_device_id: -1]
[gpu_device_id_list: ]
[gpu_use_dp: 0]
[num_gpu: 1]

end of parameters

pandas_categorical:null
