tree
version=v4
num_class=1
num_tree_per_iteration=1
label_index=0
max_feature_idx=18
objective=regression
feature_names=Column_0 Column_1 Column_2 Column_3 Column_4 Column_5 Column_6 Column_7 Column_8 Column_9 Column_10 Column_11 Column_12 Column_13 Column_14 Column_15 Column_16 Column_17 Column_18
feature_infos=[2055.4315000000001:7546.7527] [-4087.7071000000001:3951.0089000000003] [-745.96199999999953:560.63000000000011] [-303.35249999999905:569.23662499999955] [-204.93800347222259:33.322676388888794] [0:1] [0:1] [0:1] [0:1] [0:1] [0:1] [-1:1] [-1:1] [-1:1] [-1:1] [3052.0426644097224:5279.055631944444] [0:1] [-2211.6114749999997:2209.7943000000005] [-3958.9502999999995:4140.8287500000024]
tree_sizes=772 775 776 773 775 777 769 772 765 770 772 776 776 778 768 771 774 773 780 772 771 776 777 777 780 766 778 773 773 780 766 759 763 770 774 779 769 760 773 755 777 766 681 770 763 757 764 760 778 683 764 750 764 765 763 668 760 752 752 755 748 754 755 751 743 667 755 740 752 745 750 753 671 668 740 754 742 756 747 755 740 589 744 756 585 757 750 752 757 584 756 672 584 745 747 745 748 756 755 672

Tree=0
num_leaves=7
num_cat=0
split_feature=3 4 3 11 11 3
split_gain=4.3128e+07 1.0361e+07 9.67336e+06 7.28879e+06 5.20078e+06 4.7249e+06
threshold=51.075000000000053 -79.092654861111882 187.78750000000039 1.0000000180025095e-35 -0.15208718494349127 -45.580387500000136
decision_type=2 2 2 2 2 2
left_child=1 3 4 -1 -2 -3
right_child=2 5 -4 -5 -6 -7
leaf_value=-46.867829296870831 -38.602875195063348 -48.119222135518562 -35.823634832935355 -54.96966000504689 -42.740210088462831 -43.544292388957679
leaf_weight=570 1324 840 1290 543 1780 1717
leaf_count=570 1324 840 1290 543 1780 1717
internal_value=-42.8026 -46.803 -39.4612 -50.8278 -40.9747 -45.0487
internal_weight=8064 3670 4394 1113 3104 2557
internal_count=8064 3670 4394 1113 3104 2557
is_linear=0
shrinkage=1


Tree=1
num_leaves=7
num_cat=0
split_feature=3 3 11 11 4 0
split_gain=3.91722e+07 1.18713e+07 8.5069e+06 6.27361e+06 4.46683e+06 3.80862e+06
threshold=15.557362499999728 151.04733749999994 0.21643961393810304 1.0000000180025095e-35 -79.092654861111882 6356.844900000001
decision_type=2 2 2 2 2 2
left_child=2 3 5 -2 -4 -1
right_child=1 -3 4 -5 -6 -7
leaf_value=-2.2106676853283118 2.7863946869541323 5.6338421249215704 -13.046717348203382 -1.5316640798609891 -5.7693912924496367 -9.6936378067763407
leaf_weight=1710 1757 1935 375 1612 487 188
leaf_count=1710 1757 1935 375 1612 487 188
internal_value=-6.85153e-05 2.51367 -4.82998 0.720447 -8.94673 -2.95658
internal_weight=8064 5304 2760 3369 862 1898
internal_count=8064 5304 2760 3369 862 1898
is_linear=0
shrinkage=0.05


Tree=2
num_leaves=7
num_cat=0
split_feature=3 4 3 11 1 3
split_gain=3.55107e+07 8.7337e+06 8.0437e+06 6.03057e+06 4.82543e+06 4.13557e+06
threshold=51.075000000000053 -79.092654861111882 187.78750000000039 0.34202014332566882 -37.983799999999967 -34.668799999999685
decision_type=2 2 2 2 2 2
left_child=1 3 4 -1 -2 -3
right_child=2 5 -4 -5 -6 -7
leaf_value=-4.4333357797738833 -0.65058524237840787 -4.4862372808183943 6.3488176467573805 -12.021481187444813 3.3389377034768195 -0.38072557762090814
leaf_weight=690 1313 1020 1290 423 1791 1537
leaf_count=690 1313 1020 1290 423 1791 1537
internal_value=-0.00021281 -3.63022 3.03182 -7.32544 1.65169 -2.01955
internal_weight=8064 3670 4394 1113 3104 2557
internal_count=8064 3670 4394 1113 3104 2557
is_linear=0
shrinkage=0.05


Tree=3
num_leaves=7
num_cat=0
split_feature=3 3 11 11 3 4
split_gain=3.22495e+07 9.79726e+06 7.28547e+06 5.5041e+06 3.57432e+06 3.5287e+06
threshold=15.557362499999728 144.82327500000045 0.21643961393810304 0.15208718494349097 -59.72249999999962 -79.092654861111882
decision_type=2 2 2 2 2 2
left_child=2 3 4 -2 -1 -4
right_child=1 -3 5 -5 -6 -7
leaf_value=-5.2960178750502447 2.3406454254932685 4.9720545929933726 -11.837003450452331 -1.8253050807955125 -0.87042774763763564 -5.3674494198592164
leaf_weight=762 1859 2064 375 1381 1136 487
leaf_count=762 1859 2064 375 1381 1136 487
internal_value=-0.000278363 2.28055 -4.38268 0.564958 -2.64905 -8.19239
internal_weight=8064 5304 2760 3240 1898 862
internal_count=8064 5304 2760 3240 1898 862
is_linear=0
shrinkage=0.05


Tree=4
num_leaves=7
num_cat=0
split_feature=3 4 1 11 3 3
split_gain=2.92211e+07 7.42483e+06 7.11217e+06 4.96505e+06 3.4393e+06 3.43488e+06
threshold=51.075000000000053 -79.092654861111882 -28.789200000000388 -1.0000000180025095e-35 -45.580387500000136 204.70670000000021
decision_type=2 2 2 2 2 2
left_child=1 3 -2 -1 -3 -4
right_child=2 4 5 -5 -6 -7
leaf_value=-3.3964524092927442 0.25943366679049651 -4.4278850242832188 3.2441154314705596 -10.082152975203639 -0.52475694219372537 7.2382228495394614
leaf_weight=564 1735 840 1908 549 1717 751
leaf_count=564 1735 840 1908 549 1717 751
internal_value=-0.000375287 -3.29326 2.75007 -6.70034 -1.8082 4.3745
internal_weight=8064 3670 4394 1113 2557 2659
internal_count=8064 3670 4394 1113 2557 2659
is_linear=0
shrinkage=0.05


Tree=5
num_leaves=7
num_cat=0
split_feature=3 3 11 11 4 0
split_gain=2.65843e+07 8.28819e+06 6.27681e+06 5.01795e+06 3.43197e+06 2.98509e+06
threshold=15.557362499999728 132.60141250000041 0.065387565056497135 1.0000000180025095e-35 -79.092654861111882 6356.844900000001
decision_type=2 2 2 2 2 2
left_child=2 3 5 -2 -4 -1
right_child=1 -3 4 -5 -6 -7
leaf_value=-1.5459777561664434 2.2573922464609026 4.3095973514713624 -10.630543594347785 -1.8506944608089335 -4.6616480648031144 -8.7919398963248412
leaf_weight=1610 1580 2322 414 1402 581 155
leaf_count=1610 1580 2322 414 1402 581 155
internal_value=-0.000404227 2.07043 -3.97931 0.325985 -7.15337 -2.18693
internal_weight=8064 5304 2760 2982 995 1765
internal_count=8064 5304 2760 2982 995 1765
is_linear=0
shrinkage=0.05


Tree=6
num_leaves=7
num_cat=0
split_feature=3 1 1 4 3 3
split_gain=2.41708e+07 7.90233e+06 5.34733e+06 4.45434e+06 3.2398e+06 2.0823e+06
threshold=76.748724999999936 -143.73504999999997 72.510049999999879 -36.928287847222684 -59.72249999999962 204.70670000000021
decision_type=2 2 2 2 2 2
left_child=1 3 -2 -1 -3 -4
right_child=2 4 5 -5 -6 -7
leaf_value=-8.0996266176491929 1.2539027862989796 -4.4431497328698031 3.752531292953333 -2.984496995263898 0.075439963701061361 7.4744023159787494
leaf_weight=736 2086 489 1078 1012 2083 580
leaf_count=736 2086 489 1078 1012 2083 580
internal_value=-0.000513656 -2.54863 2.93952 -5.14164 -0.785047 5.05823
internal_weight=8064 4320 3744 1748 2572 1658
internal_count=8064 4320 3744 1748 2572 1658
is_linear=0
shrinkage=0.05


Tree=7
num_leaves=7
num_cat=0
split_feature=3 1 11 3 4 0
split_gain=2.2198e+07 9.09729e+06 5.03288e+06 3.94202e+06 3.52546e+06 1.91711e+06
threshold=-15.82600000000002 -48.853450000000059 0.065387565056497135 204.70670000000021 -36.928287847222684 6310.4189500000011
decision_type=2 2 2 2 2 2
left_child=2 4 5 -3 -2 -1
right_child=1 3 -4 -5 -6 -7
leaf_value=-2.0754254833862404 -3.7410039430994946 2.2332105136277716 -8.1075016341540547 6.2572279916786169 0.38611893612383441 -7.9873263824444551
leaf_weight=1148 732 2820 674 776 1759 155
leaf_count=1148 732 2820 674 776 1759 155
internal_value=-0.00050638 1.49461 -4.60225 3.10307 -0.827683 -2.78427
internal_weight=8064 6087 1977 3596 2491 1303
internal_count=8064 6087 1977 3596 2491 1303
is_linear=0
shrinkage=0.05


Tree=8
num_leaves=7
num_cat=0
split_feature=3 11 3 4 1 3
split_gain=2.0241e+07 7.1583e+06 4.86547e+06 4.5686e+06 4.4549e+06 1.67206e+06
threshold=76.748724999999936 0.34202014332566882 -52.408912499999808 -79.092654861111882 72.510049999999879 204.70670000000021
decision_type=2 2 2 2 2 2
left_child=1 2 -1 -3 -2 -6
right_child=4 3 -4 -5 5 -7
leaf_value=-4.0841421930363069 1.1513293299682985 -9.2887103825991915 0.2964342202844541 -3.1361809712385216 3.4535215979134728 6.7890025838311905
leaf_weight=901 2086 484 2132 803 1078 580
leaf_count=901 2086 484 2132 803 1078 580
internal_value=-0.000561871 -2.33236 -1.0058 -5.45537 2.68988 4.62373
internal_weight=8064 4320 3033 1287 3744 1658
internal_count=8064 4320 3033 1287 3744 1658
is_linear=0
shrinkage=0.05


Tree=9
num_leaves=7
num_cat=0
split_feature=3 3 11 11 0 4
split_gain=1.85109e+07 6.11802e+06 4.8442e+06 4.46898e+06 3.15054e+06 2.08417e+06
threshold=15.557362499999728 180.17666250000028 0.34202014332566882 0.21643961393810304 6417.052200000001 -79.092654861111882
decision_type=2 2 2 2 2 2
left_child=2 3 4 -2 -1 -4
right_child=1 -3 5 -5 -6 -7
leaf_value=-1.4266174196181343 2.1804985384922051 4.5360514304304207 -9.663305047970443 -1.2416948940227079 -8.6019391311856808 -4.3766253343973078
leaf_weight=1833 2205 1419 335 1680 166 426
leaf_count=1833 2205 1419 335 1680 166 426
internal_value=-0.000563671 1.72744 -3.32076 0.700692 -2.02647 -6.7135
internal_weight=8064 5304 2760 3885 1999 761
internal_count=8064 5304 2760 3885 1999 761
is_linear=0
shrinkage=0.05


Tree=10
num_leaves=7
num_cat=0
split_feature=3 1 11 4 3 15
split_gain=1.70395e+07 7.4021e+06 3.91066e+06 2.95131e+06 2.77247e+06 1.72884e+06
threshold=-15.82600000000002 -28.789200000000388 0.065387565056497135 -36.928287847222684 204.70670000000021 5217.4767748263903
decision_type=2 2 2 2 2 2
left_child=2 3 5 -2 -3 -1
right_child=1 4 -4 -5 -6 -7
leaf_value=-1.7424362562446873 -3.2132120214795243 2.1012103513219667 -7.1222268960762909 0.41931182068218881 5.5452549237341806 -7.265350540626196
leaf_weight=1142 789 2634 674 1913 751 161
leaf_count=1142 789 2634 674 1913 751 161
internal_value=-0.000650747 1.30927 -4.0324 -0.642203 2.86672 -2.4299
internal_weight=8064 6087 1977 2702 3385 1303
internal_count=8064 6087 1977 2702 3385 1303
is_linear=0
shrinkage=0.05


Tree=11
num_leaves=7
num_cat=0
split_feature=3 1 1 4 11 4
split_gain=1.56088e+07 5.67727e+06 3.59934e+06 3.03998e+06 2.44292e+06 1.41579e+06
threshold=76.748724999999936 -143.73504999999997 72.510049999999879 -36.928287847222684 0.51864980417341211 -79.092654861111882
decision_type=2 2 2 2 2 2
left_child=1 3 5 -1 -3 -2
right_child=2 4 -4 -5 -6 -7
leaf_value=-6.6898389836058048 -1.4308775833507967 0.2142073049025735 4.100173182786409 -2.4641222268813689 -3.6446687120187562 1.6822890208865802
leaf_weight=736 471 2061 1658 1012 511 1615
leaf_count=736 471 2061 1658 1012 511 1615
internal_value=-0.000688148 -2.04836 2.36192 -4.24618 -0.553585 0.979015
internal_weight=8064 4320 3744 1748 2572 2086
internal_count=8064 4320 3744 1748 2572 2086
is_linear=0
shrinkage=0.05


Tree=12
num_leaves=7
num_cat=0
split_feature=3 3 11 11 0 3
split_gain=1.44607e+07 6.25393e+06 4.43964e+06 3.36939e+06 1.9285e+06 1.70665e+06
threshold=-15.82600000000002 126.96450000000006 1.0000000180025095e-35 -0.32136297141497078 3676.9454500000006 256.63888750000029
decision_type=2 2 2 2 2 2
left_child=3 2 -2 -1 -5 -3
right_child=1 5 -4 4 -6 -7
leaf_value=-1.7786567292252178 1.4946455799431781 2.4738810882313866 -2.0112987097341555 -2.9388502496049025 -7.6753480036805506 5.7113028519215856
leaf_weight=1053 1972 1935 1664 344 580 516
leaf_count=1053 1972 1935 1664 344 580 516
internal_value=-0.000704771 1.20603 -0.109947 -3.71486 -5.91706 3.15749
internal_weight=8064 6087 3636 1977 924 2451
internal_count=8064 6087 3636 1977 924 2451
is_linear=0
shrinkage=0.05


Tree=13
num_leaves=7
num_cat=0
split_feature=3 1 11 10 3 3
split_gain=1.30529e+07 5.9976e+06 3.06104e+06 2.98003e+06 2.32345e+06 1.57569e+06
threshold=-15.82600000000002 -57.535000000000075 0.065387565056497135 1.0000000180025095e-35 151.04733749999994 -137.06971249999967
decision_type=2 2 2 2 2 2
left_child=2 3 5 -2 -3 -1
right_child=1 4 -4 -5 -6 -7
leaf_value=-6.4985465311061192 -2.1374558379071864 1.4324568337476016 -6.2630455274590195 1.5317157770156586 4.0202281669854631 -1.4214597820390202
leaf_weight=176 1523 2304 674 868 1392 1127
leaf_count=176 1523 2304 674 868 1392 1127
internal_value=-0.000698816 1.14579 -3.52943 -0.80536 2.4079 -2.11169
internal_weight=8064 6087 1977 2391 3696 1303
internal_count=8064 6087 1977 2391 3696 1303
is_linear=0
shrinkage=0.05


Tree=14
num_leaves=7
num_cat=0
split_feature=3 1 0 15 1 4
split_gain=1.19969e+07 6.17749e+06 3.22221e+06 2.42923e+06 1.81641e+06 966646
threshold=116.83097499999964 -57.535000000000075 6417.052200000001 4163.1634438368064 72.510049999999879 -43.0850722222226
decision_type=2 2 2 2 2 2
left_child=1 2 -1 -3 5 -2
right_child=4 3 -4 -5 -6 -7
leaf_value=-2.1638681982972674 -0.83281539834082818 -1.2178669293978244 -6.4972671584793478 1.8977855489111386 4.0716348252976315 2.2116784761388417
leaf_weight=2319 343 1178 526 1332 1286 1080
leaf_count=2319 343 1178 526 1332 1286 1080
internal_value=-0.000721764 -1.37236 -2.96705 0.435636 2.71016 1.47776
internal_weight=8064 5355 2845 2510 2709 1423
internal_count=8064 5355 2845 2510 2709 1423
is_linear=0
shrinkage=0.05


Tree=15
num_leaves=7
num_cat=0
split_feature=3 1 11 4 0 3
split_gain=1.11258e+07 4.86162e+06 2.74345e+06 2.27785e+06 2.06516e+06 1.80581e+06
threshold=-15.82600000000002 -19.876900000000202 -0.48087430661751701 -36.928287847222684 3676.9454500000006 204.70670000000021
decision_type=2 2 2 2 2 2
left_child=2 3 -1 -2 -4 -3
right_child=1 5 4 -5 -6 -7
leaf_value=-1.2641047855820973 -2.7136194828160036 1.7303204995418722 -2.2817172521739608 0.43413719568815079 -6.8035807486423749 4.541407505094277
leaf_weight=922 807 2554 422 1990 633 736
leaf_count=922 807 2554 422 1990 633 736
internal_value=-0.000701362 1.05778 -3.25855 -0.47471 -4.99871 2.36037
internal_weight=8064 6087 1977 2797 1055 3290
internal_count=8064 6087 1977 2797 1055 3290
is_linear=0
shrinkage=0.05


Tree=16
num_leaves=7
num_cat=0
split_feature=3 3 3 11 11 11
split_gain=1.02297e+07 3.69874e+06 3.05292e+06 3.30954e+06 2.91679e+06 979817
threshold=41.390900000000109 -102.49082499999984 204.70670000000021 -0.1950438958025166 0.21643961393810304 0.15208718494349097
decision_type=2 2 2 2 2 2
left_child=1 5 3 -2 -3 -1
right_child=2 4 -4 -5 -6 -7
leaf_value=-4.5464481248036224 2.6693831263159495 -0.25719437099904491 3.9213273761730862 -0.40835816404762793 -3.6381438731693772 -9.3432940281976933
leaf_weight=378 1468 1930 1032 2154 952 150
leaf_count=378 1468 1930 1032 2154 952 150
internal_value=-0.000705707 -2.08084 1.52353 0.839446 -1.37488 -5.92427
internal_weight=8064 3410 4654 3622 2882 528
internal_count=8064 3410 4654 3622 2882 528
is_linear=0
shrinkage=0.05


Tree=17
num_leaves=7
num_cat=0
split_feature=3 1 0 11 1 10
split_gain=9.35761e+06 5.00316e+06 2.74428e+06 2.2076e+06 1.44873e+06 900209
threshold=116.83097499999964 -57.535000000000075 6356.844900000001 -0.44218343748786698 72.510049999999879 1.0000000180025095e-35
decision_type=2 2 2 2 2 2
left_child=1 2 -1 -3 5 -2
right_child=4 3 -4 -5 -6 -7
leaf_value=-1.8480166247921799 0.51751290505061365 1.9486959493790446 -5.6679573850790748 -1.0175804514773448 3.6093360982690563 3.3327639324932683
leaf_weight=2251 1032 1212 594 1298 1286 391
leaf_count=2251 1032 1212 594 1298 1286 391
internal_value=-0.00074235 -1.21214 -2.64728 0.414947 2.39345 1.29286
internal_weight=8064 5355 2845 2510 2709 1423
internal_count=8064 5355 2845 2510 2709 1423
is_linear=0
shrinkage=0.05


Tree=18
num_leaves=7
num_cat=0
split_feature=3 1 10 0 16 3
split_gain=8.81875e+06 4.4615e+06 2.82327e+06 1.97608e+06 1.64922e+06 1.56082e+06
threshold=-34.668799999999685 -57.535000000000075 1.0000000180025095e-35 6553.8645500000011 0.29985086157156671 -137.06971249999967
decision_type=2 2 2 2 2 2
left_child=3 2 -2 5 -3 -1
right_child=1 4 -4 -5 -6 -7
leaf_value=-6.4453399691777893 -1.9990786955106135 3.1583820337283033 1.430644854007173 -8.5269149261532409 1.0504484885117384 -1.9961621603030193
leaf_weight=236 1684 1549 931 164 2316 1184
leaf_count=236 1684 1549 931 164 2316 1184
internal_value=-0.000699813 0.816895 -0.777938 -3.34381 1.89586 -2.73962
internal_weight=8064 6480 2615 1584 3865 1420
internal_count=8064 6480 2615 1584 3865 1420
is_linear=0
shrinkage=0.05


Tree=19
num_leaves=7
num_cat=0
split_feature=3 11 4 3 3 11
split_gain=8.04803e+06 4.42003e+06 4.07381e+06 2.0691e+06 1.35312e+06 1.52924e+06
threshold=116.83097499999964 -0.48087430661751701 -79.092654861111882 -59.72249999999962 256.63888750000029 0.55543802234893513
decision_type=2 2 2 2 2 2
left_child=1 3 -3 -1 5 -2
right_child=4 2 -4 -5 -6 -7
leaf_value=-2.2418352233861873 2.7759914271021442 -5.0062937684402877 -1.1190497704004634 1.4176937129572906 4.5216125448160529 0.091711206230231462
leaf_weight=498 1294 977 2171 1709 516 899
leaf_count=498 1294 977 2171 1709 516 899
internal_value=-0.00074746 -1.12419 -2.32669 0.591296 2.2196 1.67614
internal_weight=8064 5355 3148 2207 2709 2193
internal_count=8064 5355 3148 2207 2709 2193
is_linear=0
shrinkage=0.05


Tree=20
num_leaves=7
num_cat=0
split_feature=3 1 11 4 16 0
split_gain=7.51161e+06 3.33433e+06 2.03722e+06 1.79662e+06 1.60875e+06 1.2529e+06
threshold=-15.82600000000002 -19.876900000000202 -0.32136297141497078 -36.928287847222684 0.29985086157156671 3676.9454500000006
decision_type=2 2 2 2 2 2
left_child=2 3 -1 -2 -3 -4
right_child=1 4 5 -5 -6 -7
leaf_value=-1.172339465208281 -2.3885176881446992 3.3065313310442677 -1.9911144805559216 0.40702482947246149 1.0475862333390267 -5.8067461811018894
leaf_weight=1053 807 1310 344 1990 1980 580
leaf_count=1053 807 1310 344 1990 1980 580
internal_value=-0.00070735 0.86902 -2.6776 -0.40012 1.94778 -4.3899
internal_weight=8064 6087 1977 2797 3290 924
internal_count=8064 6087 1977 2797 3290 924
is_linear=0
shrinkage=0.05


Tree=21
num_leaves=7
num_cat=0
split_feature=3 11 0 0 3 11
split_gain=6.92597e+06 3.87888e+06 3.85265e+06 2.07158e+06 1.13879e+06 1.28876e+06
threshold=121.76496250000015 -0.48087430661751701 3676.9454500000006 6270.8537500000011 256.63888750000029 -0.15208718494349127
decision_type=2 2 2 2 2 2
left_child=1 3 -3 -1 5 -2
right_child=4 2 -4 -5 -6 -7
leaf_value=1.0566478780278181 3.421039511099794 -0.067916744274058194 -3.5682202759952961 -4.3360167849923554 4.2346054662350472 0.74701561488471746
leaf_weight=2054 664 1345 1891 194 516 1400
leaf_count=2054 664 1345 1891 194 516 1400
internal_value=-0.000712884 -1.00576 -2.11384 0.589546 2.13516 1.6085
internal_weight=8064 5484 3236 2248 2580 2064
internal_count=8064 5484 3236 2248 2580 2064
is_linear=0
shrinkage=0.05


Tree=22
num_leaves=7
num_cat=0
split_feature=3 1 10 3 16 0
split_gain=6.64486e+06 3.30082e+06 2.34505e+06 1.60134e+06 1.379e+06 1.25508e+06
threshold=-34.668799999999685 -57.535000000000075 1.0000000180025095e-35 -137.06971249999967 0.29985086157156671 6417.052200000001
decision_type=2 2 2 2 2 2
left_child=3 2 -2 -1 -3 -5
right_child=1 4 -4 5 -6 -7
leaf_value=-6.4517393555731148 -1.7756847684059531 2.7915362866948694 1.3500803831915267 -1.6005345668132496 0.86410699271800773 -6.2414518179918481
leaf_weight=264 1684 1549 931 1154 2316 166
leaf_count=264 1684 1549 931 1154 2316 166
internal_value=-0.00066802 0.709036 -0.66275 -2.90262 1.6371 -2.18845
internal_weight=8064 6480 2615 1584 3865 1320
internal_count=8064 6480 2615 1584 3865 1320
is_linear=0
shrinkage=0.05


Tree=23
num_leaves=7
num_cat=0
split_feature=3 3 4 11 11 1
split_gain=6.09332e+06 2.54091e+06 2.06219e+06 1.98379e+06 1.90693e+06 1.35876e+06
threshold=41.390900000000109 -102.49082499999984 -36.928287847222684 0.34202014332566882 0.15208718494349097 83.680999999999599
decision_type=2 2 2 2 2 2
left_child=1 -1 4 -3 -2 -4
right_child=2 3 5 -5 -6 -7
leaf_value=-4.7916234029312612 1.2723151026957813 -0.18065861879030476 0.98595553904442568 -3.0682338304157204 -2.7288335757052646 3.0096048580667385
leaf_weight=528 630 2044 2081 838 563 1380
leaf_count=528 630 2044 2081 838 563 1380
internal_value=-0.000703212 -1.60612 1.17568 -1.02105 -0.616609 1.79348
internal_weight=8064 3410 4654 2882 1193 3461
internal_count=8064 3410 4654 2882 1193 3461
is_linear=0
shrinkage=0.05


Tree=24
num_leaves=7
num_cat=0
split_feature=3 4 11 1 3 11
split_gain=5.58893e+06 3.40084e+06 2.65837e+06 1.73361e+06 1.01053e+06 1.10768e+06
threshold=121.76496250000015 -36.928287847222684 1.0000000180025095e-35 -19.876900000000202 256.63888750000029 -0.15208718494349127
decision_type=2 2 2 2 2 2
left_child=1 2 -1 -3 5 -2
right_child=4 3 -4 -5 -6 -7
leaf_value=-0.9373547288579035 3.1022732106344146 -1.003646717613337 -4.9095213980476062 1.1548716815012945 3.8955427651792562 0.62331016187893118
leaf_weight=917 664 2150 779 1638 516 1400
leaf_count=917 664 2150 779 1638 516 1400
internal_value=-0.000702158 -0.903542 -2.76365 -0.0702057 1.91796 1.42192
internal_weight=8064 5484 1696 3788 2580 2064
internal_count=8064 5484 1696 3788 2580 2064
is_linear=0
shrinkage=0.05


Tree=25
num_leaves=7
num_cat=0
split_feature=3 3 11 11 0 16
split_gain=5.26512e+06 2.62337e+06 2.97976e+06 1.39124e+06 776858 715168
threshold=-34.668799999999685 187.78750000000039 0.51864980417341211 -0.15208718494349127 6270.8537500000011 0.24913146544970208
decision_type=2 2 2 2 2 2
left_child=3 2 -2 4 -1 -5
right_child=1 -3 -4 5 -6 -7
leaf_value=-0.76130847475461427 0.93200981759627644 2.648057585347539 -1.6581543785095623 -2.4885402431019714 -4.7270575617325221 -5.8842423886060722
leaf_weight=805 3582 1290 1608 279 145 355
leaf_count=805 3582 1290 1608 279 145 355
internal_value=-0.000655111 0.631085 0.129343 -2.58381 -1.37094 -4.39619
internal_weight=8064 6480 5190 1584 950 634
internal_count=8064 6480 5190 1584 950 634
is_linear=0
shrinkage=0.05


Tree=26
num_leaves=7
num_cat=0
split_feature=3 4 3 11 16 3
split_gain=4.78527e+06 2.17057e+06 1.80095e+06 2.10851e+06 1.33236e+06 1.00011e+06
threshold=26.735087499999739 -36.928287847222684 204.70670000000021 0.51864980417341211 0.41914337319129297 -117.89049999999996
decision_type=2 2 2 2 2 2
left_child=1 4 3 -2 -1 -3
right_child=2 5 -4 -5 -6 -7
leaf_value=-1.7152694281585417 1.2883955946135019 -3.6261977395719414 2.8035007420248403 -1.1272629226656945 -5.3727152700029714 -0.21836966245240849
leaf_weight=518 2640 244 1032 1372 481 1777
leaf_count=518 2640 244 1032 1372 481 1777
internal_value=-0.000696374 -1.5745 0.941712 0.462228 -3.47987 -0.631395
internal_weight=8064 3020 5044 4012 999 2021
internal_count=8064 3020 5044 4012 999 2021
is_linear=0
shrinkage=0.05


Tree=27
num_leaves=7
num_cat=0
split_feature=3 1 10 16 11 12
split_gain=4.41871e+06 2.86429e+06 2.08833e+06 1.30758e+06 970686 651487
threshold=-59.72249999999962 -57.535000000000075 1.0000000180025095e-35 0.29985086157156671 0.40265084705289472 -0.5554380223489348
decision_type=2 2 2 2 2 2
left_child=4 2 -2 -3 5 -1
right_child=1 3 -4 -5 -6 -7
leaf_value=-4.6097550643778948 -1.6825479355537707 2.4102387600071622 1.1263042116148787 0.57931657495370226 -5.7976333592671994 -1.3587432774510542
leaf_weight=206 1952 1631 1000 2425 241 609
leaf_count=206 1952 1631 1000 2425 241 609
internal_value=-0.000710962 0.453752 -0.730981 1.31598 -3.01427 -2.18511
internal_weight=8064 7008 2952 4056 1056 815
internal_count=8064 7008 2952 4056 1056 815
is_linear=0
shrinkage=0.05


Tree=28
num_leaves=7
num_cat=0
split_feature=4 3 11 12 17 15
split_gain=4.20352e+06 2.48622e+06 2.45789e+06 2.20804e+06 1.61412e+06 1.23626e+06
threshold=-79.092654861111882 126.96450000000006 -0.32136297141497078 0.44218343748786643 137.7284750000006 5247.695945312501
decision_type=2 2 2 2 2 2
left_child=2 4 5 -4 -2 -1
right_child=1 -3 3 -5 -6 -7
leaf_value=1.6455526206280007 0.46634027373915948 2.083088158515721 -5.0521275228733398 -0.66412840506170534 -1.9607638963612997 -2.4556155840729499
leaf_weight=513 3141 2032 756 462 875 285
leaf_count=513 3141 2032 756 462 875 285
internal_value=-0.000733268 0.658378 -1.97741 -3.38962 -0.06283 0.179609
internal_weight=8064 6048 2016 1218 4016 798
internal_count=8064 6048 2016 1218 4016 798
is_linear=0
shrinkage=0.05


Tree=29
num_leaves=7
num_cat=0
split_feature=3 4 11 11 3 0
split_gain=3.93764e+06 2.53707e+06 2.06825e+06 1.27482e+06 1.45786e+06 1.40167e+06
threshold=76.748724999999936 -11.237030555555064 -0.48087430661751701 -0.15208718494349127 215.28687500000072 6152.1177000000007
decision_type=2 2 2 2 2 2
left_child=1 2 -1 5 -5 -2
right_child=3 -3 -4 4 -6 -7
leaf_value=-0.24711576373301206 3.2835841367043805 0.41813744475352826 -3.176341481230895 -0.27809796382219587 2.3753894469141961 -0.86052114899398069
leaf_weight=983 1029 1780 1557 1722 739 254
leaf_count=983 1029 1780 1557 1722 739 254
internal_value=-0.000733414 -1.02921 -2.04325 1.18592 0.519344 2.46313
internal_weight=8064 4320 2540 3744 2461 1283
internal_count=8064 4320 2540 3744 2461 1283
is_linear=0
shrinkage=0.05


Tree=30
num_leaves=7
num_cat=0
split_feature=3 4 11 1 3 12
split_gain=3.74515e+06 2.39499e+06 1.74609e+06 1.67865e+06 867514 490096
threshold=-59.72249999999962 -36.928287847222684 0.15208718494349097 19.27374999999984 -137.06971249999967 -0.62577451934762995
decision_type=2 2 2 2 2 2
left_child=4 2 -2 -3 -1 -6
right_child=1 3 -4 -5 5 -7
leaf_value=-5.2535656745478789 0.28648589967011379 0.15381420816451075 -2.7487802218044961 1.9755627995717895 -4.1514687052103865 -1.2406646347247916
leaf_weight=264 1043 2777 867 2321 190 602
leaf_count=264 1043 2777 867 2321 190 602
internal_value=-0.000687348 0.417706 -1.09202 0.983438 -2.77507 -1.94332
internal_weight=8064 7008 1910 5098 1056 792
internal_count=8064 7008 1910 5098 1056 792
is_linear=0
shrinkage=0.05


Tree=31
num_leaves=7
num_cat=0
split_feature=3 17 12 0 16 3
split_gain=3.44634e+06 2.51015e+06 2.55985e+06 781907 833944 815681
threshold=116.83097499999964 137.7284750000006 -0.5554380223489348 3505.7312000000006 0.26639723584844566 240.77190000000067
decision_type=2 2 2 2 2 2
left_child=1 2 -1 4 -2 -5
right_child=3 -3 -4 5 -6 -7
leaf_value=-2.0507445483980216 4.2033298112986603 -2.741678832688474 0.66034447284697939 0.33455417921970781 0.86400281550063773 2.7204742920599716
leaf_weight=1242 445 1207 2906 1468 323 473
leaf_count=1242 445 1207 2906 1468 323 473
internal_value=-0.000721043 -0.735885 -0.151712 1.45225 2.80185 0.917078
internal_weight=8064 5355 4148 2709 768 1941
internal_count=8064 5355 4148 2709 768 1941
is_linear=0
shrinkage=0.05


Tree=32
num_leaves=7
num_cat=0
split_feature=3 4 1 11 11 1
split_gain=3.33812e+06 2.36235e+06 1.51886e+06 1.48279e+06 669466 402284
threshold=-90.15485000000011 -36.928287847222684 19.27374999999984 0.15208718494349097 0.34202014332566882 -263.65969999999965
decision_type=2 2 2 2 2 2
left_child=4 3 -3 -2 5 -1
right_child=1 2 -4 -5 -6 -7
leaf_value=-4.5246765621814387 0.096036908843786975 0.099774469834640528 1.7940035074843275 -2.6009530701854846 -6.2496550959876824 -1.5111278465715481
leaf_weight=165 1113 2963 2389 939 157 338
leaf_count=165 1113 2963 2389 939 157 338
internal_value=-0.000660262 0.30324 0.85623 -1.13878 -3.40517 -2.50668
internal_weight=8064 7404 5352 2052 660 503
internal_count=8064 7404 5352 2052 660 503
is_linear=0
shrinkage=0.05


Tree=33
num_leaves=7
num_cat=0
split_feature=3 17 16 3 3 0
split_gain=3.07173e+06 1.84149e+06 2.01757e+06 1.16985e+06 1.00621e+06 691008
threshold=-34.668799999999685 137.7284750000006 0.32029565551692396 187.78750000000039 -137.06971249999967 6417.052200000001
decision_type=2 2 2 2 2 2
left_child=4 2 -2 -3 -1 -6
right_child=1 3 -4 -5 5 -7
leaf_value=-4.7865274685635324 2.1492221651103001 -1.7235817240027058 0.082922755168845841 1.3074355493012435 -0.97202080326614448 -4.41494057603225
leaf_weight=264 2084 1243 2726 427 1154 166
leaf_count=264 2084 1243 2726 427 1154 166
internal_value=-0.0007072 0.481825 0.978437 -0.948266 -1.97376 -1.40801
internal_weight=8064 6480 4810 1670 1584 1320
internal_count=8064 6480 4810 1670 1584 1320
is_linear=0
shrinkage=0.05


Tree=34
num_leaves=7
num_cat=0
split_feature=4 0 3 11 4 1
split_gain=2.94894e+06 1.70286e+06 1.70284e+06 1.67175e+06 1.00397e+06 636729
threshold=-36.928287847222684 6417.052200000001 107.07308750000017 0.51864980417341211 -5.6594496527777656 156.89719999999991
decision_type=2 2 2 2 2 2
left_child=1 3 4 -1 -2 -4
right_child=2 -3 5 -5 -6 -7
leaf_value=0.077549311675750923 -0.73394307035000805 -4.6253514015194037 1.1001823475261139 -3.0848212575717051 1.0134100393473193 2.9054731303681103
leaf_weight=1327 2206 368 1526 609 1309 719
leaf_count=1327 2206 368 1526 609 1309 719
internal_value=-0.000723652 -1.51215 0.604005 -0.918304 -0.0831187 1.67939
internal_weight=8064 2304 5760 1936 3515 2245
internal_count=8064 2304 5760 1936 3515 2245
is_linear=0
shrinkage=0.05


Tree=35
num_leaves=7
num_cat=0
split_feature=1 10 1 15 0 4
split_gain=2.75986e+06 1.74731e+06 1.70174e+06 1.55582e+06 2.50359e+06 1.02623e+06
threshold=-57.535000000000075 1.0000000180025095e-35 -221.55979999999997 4163.1634438368064 2705.5186500000004 -33.210671874999655
decision_type=2 2 2 2 2 2
left_child=1 2 -1 4 -2 -3
right_child=3 5 -4 -5 -6 -7
leaf_value=-3.60329175481957 2.5752926988261091 -1.9751124521027799 -0.83924922862605134 1.6562710494339061 -1.4340045386713032 1.4675574003355114
leaf_weight=828 552 288 1699 2520 1315 862
leaf_count=828 552 288 1699 2520 1315 862
internal_value=-0.000708222 -1.01092 -1.74599 0.846045 -0.247866 0.604426
internal_weight=8064 3677 2527 4387 1867 1150
internal_count=8064 3677 2527 4387 1867 1150
is_linear=0
shrinkage=0.05


Tree=36
num_leaves=7
num_cat=0
split_feature=3 11 16 15 11 3
split_gain=2.5892e+06 2.07884e+06 2.30865e+06 1.3211e+06 665388 762608
threshold=126.96450000000006 -0.59116893267988335 0.29251671188836703 5218.7206411458346 -0.15208718494349127 296.97584999999987
decision_type=2 2 2 2 2 2
left_child=1 3 -3 -1 -2 -6
right_child=4 2 -4 -5 5 -7
leaf_value=1.1749874770632909 2.6699770268554195 0.056326619396408761 -2.4888325082045721 -2.6421936862629196 0.43392540251571132 3.5163419325323981
leaf_weight=1769 690 1652 1933 259 1531 230
leaf_count=1769 690 1652 1933 259 1531 230
internal_value=-0.000686158 -0.592721 -1.31631 0.686426 1.35481 0.83828
internal_weight=8064 5613 3585 2028 2451 1761
internal_count=8064 5613 3585 2028 2451 1761
is_linear=0
shrinkage=0.05


Tree=37
num_leaves=7
num_cat=0
split_feature=3 17 0 3 11 1
split_gain=2.55659e+06 1.77803e+06 2.07319e+06 1.05585e+06 523613 316754
threshold=-90.15485000000011 137.7284750000006 6152.1177000000007 163.5126750000002 0.34202014332566882 -263.65969999999965
decision_type=2 2 2 2 2 2
left_child=4 2 -2 -3 5 -1
right_child=1 3 -4 -5 -6 -7
leaf_value=-3.9761180277689392 1.2357256072577973 -1.8159870799063673 -1.0838337826616042 0.81765089758244669 -5.4955564311976675 -1.3023336756150279
leaf_weight=165 4294 1338 1241 531 157 338
leaf_count=165 4294 1338 1241 531 157 338
internal_value=-0.000634981 0.265321 0.715556 -1.06771 -2.98007 -2.18557
internal_weight=8064 7404 5535 1869 660 503
internal_count=8064 7404 5535 1869 660 503
is_linear=0
shrinkage=0.05


Tree=38
num_leaves=7
num_cat=0
split_feature=4 1 0 11 10 2
split_gain=2.40734e+06 1.37662e+06 1.32328e+06 1.43092e+06 1.01261e+06 601171
threshold=-36.928287847222684 28.777550000000023 6356.844900000001 0.51864980417341211 1.0000000180025095e-35 100.18240000000016
decision_type=2 2 2 2 2 2
left_child=2 4 3 -1 -2 -3
right_child=1 5 -4 -5 -6 -7
leaf_value=0.12872893552339801 -0.60690434492622858 2.0767340598010358 -3.965264776902329 -2.809415929586184 1.3770320903289706 0.42742133013131006
leaf_weight=1292 2524 1498 403 609 862 876
leaf_count=1292 2524 1498 403 609 862 876
internal_value=-0.000675274 0.545707 -1.36628 -0.813511 -0.101581 1.46858
internal_weight=8064 5760 2304 1901 3386 2374
internal_count=8064 5760 2304 1901 3386 2374
is_linear=0
shrinkage=0.05


Tree=39
num_leaves=7
num_cat=0
split_feature=3 15 11 1 4 3
split_gain=2.26436e+06 1.57283e+06 1.69813e+06 704469 469238 165670
threshold=-90.15485000000011 5218.7206411458346 0.21643961393810304 83.680999999999599 -43.0850722222226 -137.06971249999967
decision_type=2 2 2 2 2 2
left_child=4 2 -2 -3 -1 -6
right_child=1 3 -4 -5 5 -7
leaf_value=-4.5150167747974397 1.2827643377594373 -2.0897963738367173 -0.35933296521793451 1.5652574148485738 -3.0132584178114534 -0.95230517083453758
leaf_weight=249 3502 889 2859 154 160 251
leaf_count=249 3502 889 2859 154 160 251
internal_value=-0.000662415 0.249632 0.544771 -1.54914 -2.80464 -1.75999
internal_weight=8064 7404 6361 1043 660 411
internal_count=8064 7404 6361 1043 660 411
is_linear=0
shrinkage=0.05


Tree=40
num_leaves=7
num_cat=0
split_feature=3 4 16 11 0 3
split_gain=2.19434e+06 1.35942e+06 1.2702e+06 1.03363e+06 1.32723e+06 1.16536e+06
threshold=41.390900000000109 -5.6594496527777656 0.32029565551692396 -0.15208718494349127 6152.1177000000007 215.28687500000072
decision_type=2 2 2 2 2 2
left_child=1 2 -1 4 -2 -5
right_child=3 -3 -4 5 -6 -7
leaf_value=-0.3964557585827222 2.3780983260595492 0.74107653196948142 -2.6336153125569841 -0.44667048905470064 -1.0567195505156357 1.8484029848863548
leaf_weight=1233 1373 870 1307 2189 353 739
leaf_count=1233 1373 870 1307 2189 353 739
internal_value=-0.0006794 -0.964092 -1.54821 0.705271 1.67541 0.133018
internal_weight=8064 3410 2540 4654 1726 2928
internal_count=8064 3410 2540 4654 1726 2928
is_linear=0
shrinkage=0.05


Tree=41
num_leaves=7
num_cat=0
split_feature=3 4 16 15 3 11
split_gain=2.03704e+06 1.77546e+06 1.62988e+06 813868 533016 501984
threshold=138.52378750000005 -11.237030555555064 0.32029565551692396 5218.7206411458346 296.97584999999987 -0.15208718494349127
decision_type=2 2 2 2 2 2
left_child=1 2 -1 -3 5 -2
right_child=4 3 -4 -5 -6 -7
leaf_value=-0.030789921722741816 2.2788758425769733 0.79083275226767613 -2.2166377546813441 -2.8669481236693319 3.4302580724236584 0.50076814585617269
leaf_weight=1570 557 2273 1866 162 258 1378
leaf_count=1570 557 2273 1866 162 258 1378
internal_value=-0.000642739 -0.486341 -1.21817 0.546404 1.29927 1.01352
internal_weight=8064 5871 3436 2435 2193 1935
internal_count=8064 5871 3436 2435 2193 1935
is_linear=0
shrinkage=0.05


Tree=42
num_leaves=6
num_cat=0
split_feature=3 17 0 4 11
split_gain=1.94443e+06 1.46311e+06 1.61368e+06 846246 386566
threshold=-102.49082499999984 137.7284750000006 6152.1177000000007 -16.441751388888402 -0.48087430661751701
decision_type=2 2 2 2 2
left_child=4 2 -2 -3 -1
right_child=1 3 -4 -5 -6
leaf_value=-1.5379611216226601 1.066518248026908 -2.1217337869141288 -0.95435517453264007 -0.0058074777752426332 -4.2512965068166109
leaf_weight=258 4363 887 1276 1010 270
leaf_count=258 4363 887 1276 1010 270
internal_value=-0.000598905 0.205069 0.609144 -0.99577 -2.93088
internal_weight=8064 7536 5639 1897 528
internal_count=8064 7536 5639 1897 528
is_linear=0
shrinkage=0.05


Tree=43
num_leaves=7
num_cat=0
split_feature=3 16 3 17 3 11
split_gain=1.84471e+06 1.15038e+06 1.25327e+06 1.18952e+06 758312 517520
threshold=-15.82600000000002 0.29985086157156671 187.78750000000039 92.451299999999961 -137.06971249999967 -0.32136297141497078
decision_type=2 2 2 2 2 2
left_child=4 3 -3 -2 -1 -6
right_child=1 2 -4 -5 5 -7
leaf_value=-3.8168344748835517 2.1607438707649909 -0.65441545616879693 1.4598649400949624 -0.14451320405210163 -0.12182617029626464 -1.8625682948228743
leaf_weight=264 1478 2772 937 900 907 806
leaf_count=264 1478 2772 937 900 907 806
internal_value=-0.000617343 0.430387 -0.120038 1.28858 -1.32718 -0.941488
internal_weight=8064 6087 3709 2378 1977 1713
internal_count=8064 6087 3709 2378 1977 1713
is_linear=0
shrinkage=0.05


Tree=44
num_leaves=7
num_cat=0
split_feature=4 1 16 3 10 17
split_gain=1.81347e+06 1.06593e+06 974380 940685 832543 627942
threshold=-36.928287847222684 28.777550000000023 0.35765240665643594 180.17666250000028 1.0000000180025095e-35 128.66676250000049
decision_type=2 2 2 2 2 2
left_child=2 4 5 -4 -2 -1
right_child=1 -3 3 -5 -6 -7
leaf_value=0.67352444602203132 -0.55415560989140877 1.2856975813757432 -2.7689038155899914 1.000843866109246 1.2447565791038484 -1.9641543505158638
leaf_weight=770 2524 2374 1019 197 862 318
leaf_count=770 2524 2374 1019 197 862 318
internal_value=-0.000604951 0.473618 -1.18585 -2.15786 -0.0959604 -0.0985105
internal_weight=8064 5760 2304 1216 3386 1088
internal_count=8064 5760 2304 1216 3386 1088
is_linear=0
shrinkage=0.05


Tree=45
num_leaves=7
num_cat=0
split_feature=4 3 11 12 9 15
split_gain=1.63683e+06 1.00099e+06 928330 999312 822765 681188
threshold=-36.928287847222684 51.075000000000053 -0.32136297141497078 0.38268343236509 1.0000000180025095e-35 5165.514055208334
decision_type=2 2 2 2 2 2
left_child=2 4 -1 -4 -2 -3
right_child=1 5 3 -5 -6 -7
leaf_value=0.11337240063355825 0.11781645054161345 1.3843436103805229 -3.0105441597100562 -0.26501469144853979 -2.2564824183379208 -0.42332961927275364
leaf_weight=912 2047 2620 848 544 443 650
leaf_count=912 2047 2620 848 544 443 650
internal_value=-0.000581411 0.449954 -1.12663 -1.93854 -0.305335 1.025
internal_weight=8064 5760 2304 1392 2490 3270
internal_count=8064 5760 2304 1392 2490 3270
is_linear=0
shrinkage=0.05


Tree=46
num_leaves=7
num_cat=0
split_feature=3 11 15 4 3 11
split_gain=1.56845e+06 1.43211e+06 1.65156e+06 699534 471018 436746
threshold=138.52378750000005 0.65918890865110003 5218.7206411458346 -16.441751388888402 296.97584999999987 0.55543802234893513
decision_type=2 2 2 2 2 2
left_child=1 2 -1 -3 5 -2
right_child=4 3 -4 -5 -6 -7
leaf_value=0.36262518872779287 1.5549158641176759 -3.0965390541911031 -2.3689654806615787 -0.74062476196102334 3.1431582413354899 0.046208275925868736
leaf_weight=3968 1058 630 642 631 258 877
leaf_count=3968 1058 630 642 631 258 877
internal_value=-0.000579253 -0.426767 -0.0182141 -1.91917 1.14007 0.871501
internal_weight=8064 5871 4610 1261 2193 1935
internal_count=8064 5871 4610 1261 2193 1935
is_linear=0
shrinkage=0.05


Tree=47
num_leaves=7
num_cat=0
split_feature=3 17 0 3 3 15
split_gain=1.52876e+06 1.18799e+06 1.34578e+06 682491 442548 314688
threshold=-59.72249999999962 109.36415000000001 6152.1177000000007 163.5126750000002 -137.06971249999967 4163.1634438368064
decision_type=2 2 2 2 2 2
left_child=4 2 -2 -3 -1 -6
right_child=1 3 -4 -5 5 -7
leaf_value=-3.5429227414221134 1.1488133718821396 -1.2921408579308566 -0.81814375403613038 0.69449386451110584 -2.7721953281071956 -0.55536122113701136
leaf_weight=264 3764 1509 1130 605 222 570
leaf_count=264 3764 1509 1130 605 222 570
internal_value=-0.000557098 0.266756 0.694579 -0.723532 -1.77312 -1.17946
internal_weight=8064 7008 4894 2114 1056 792
internal_count=8064 7008 4894 2114 1056 792
is_linear=0
shrinkage=0.05


Tree=48
num_leaves=7
num_cat=0
split_feature=1 15 0 10 1 15
split_gain=1.40238e+06 1.28593e+06 1.83506e+06 1.03165e+06 1.02358e+06 657316
threshold=-57.535000000000075 4163.1634438368064 2651.1804500000003 1.0000000180025095e-35 -221.55979999999997 4979.3526242187518
decision_type=2 2 2 2 2 2
left_child=3 2 -2 4 -1 -3
right_child=1 5 -4 -5 -6 -7
leaf_value=-2.7259385285442934 2.4239234167509358 2.8773567315184199 -1.2631701895166987 0.52049109099301749 -0.58233427697883045 0.91505875505947931
leaf_weight=828 441 544 1426 1150 1699 1976
leaf_count=828 441 544 1426 1150 1699 1976
internal_value=-0.00057349 0.603022 -0.391418 -0.720687 -1.28551 1.33964
internal_weight=8064 4387 1867 3677 2527 2520
internal_count=8064 4387 1867 3677 2527 2520
is_linear=0
shrinkage=0.05


Tree=49
num_leaves=6
num_cat=0
split_feature=3 18 17 18 11
split_gain=1.33434e+06 1.08377e+06 1.06751e+06 879347 303121
threshold=-102.49082499999984 -54.96796250000056 75.020500000000098 -798.63273750000019 -0.48087430661751701
decision_type=2 2 2 2 2
left_child=4 3 -3 -2 -1
right_child=1 2 -4 -5 -6
leaf_value=-1.1954967132578946 1.3859474645448133 1.2468205731733701 -0.31461282122503509 -0.96756100003103396 -3.5968784848702349
leaf_weight=258 473 2843 1779 2441 270
leaf_count=258 473 2843 1779 2441 270
internal_value=-0.000531394 0.169842 0.645889 -0.585195 -2.42795
internal_weight=8064 7536 4622 2914 528
internal_count=8064 7536 4622 2914 528
is_linear=0
shrinkage=0.05


Tree=50
num_leaves=7
num_cat=0
split_feature=3 11 16 15 0 16
split_gain=1.29852e+06 1.26023e+06 1.28247e+06 869721 505928 507798
threshold=116.83097499999964 -0.59116893267988335 0.29251671188836703 5221.2834625000005 3505.7312000000006 0.26639723584844566
decision_type=2 2 2 2 2 2
left_child=1 3 -3 -1 5 -2
right_child=4 2 -4 -5 -6 -7
leaf_value=0.93826431187737114 3.0703181027029665 0.011505710317286118 -1.935581047426348 -2.3727681616853391 0.46105613249894062 0.4654398990105148
leaf_weight=1732 445 1576 1824 223 1941 323
leaf_count=1732 445 1576 1824 223 1941 323
internal_value=-0.000526164 -0.451788 -1.03331 0.559566 0.891341 1.97681
internal_weight=8064 5355 3400 1955 2709 768
internal_count=8064 5355 3400 1955 2709 768
is_linear=0
shrinkage=0.05


Tree=51
num_leaves=7
num_cat=0
split_feature=4 1 15 11 0 2
split_gain=1.25918e+06 779762 771652 726029 964875 508583
threshold=-36.928287847222684 39.411050000000166 5165.514055208334 -0.59116893267988335 3706.8155000000006 100.18240000000016
decision_type=2 2 2 2 2 2
left_child=3 2 -2 -1 -5 -3
right_child=1 5 -4 4 -6 -7
leaf_value=0.3717927967764556 0.26518353800290945 1.6943416078238738 -1.7001686050464084 -0.014081315089600921 -2.5276313861531836 0.14969942108684373
leaf_weight=688 2884 1420 603 618 998 853
leaf_count=688 2884 1420 603 618 998 853
internal_value=-0.000495902 0.394663 -0.0750709 -0.988137 -1.56699 1.115
internal_weight=8064 5760 3487 2304 1616 2273
internal_count=8064 5760 3487 2304 1616 2273
is_linear=0
shrinkage=0.05


Tree=52
num_leaves=7
num_cat=0
split_feature=3 17 12 4 3 12
split_gain=1.20396e+06 881801 1.0439e+06 570944 470802 324857
threshold=-34.668799999999685 109.36415000000001 0.19504389580251646 -16.441751388888402 -137.06971249999967 -0.48087430661751701
decision_type=2 2 2 2 2 2
left_child=4 2 -2 -3 -1 -6
right_child=1 3 -4 -5 5 -7
leaf_value=-3.1595799476625221 0.081275145068129245 -1.5208067267144223 1.6408130790177122 0.19282479930893873 -2.1036555534032879 -0.35844700881892072
leaf_weight=264 2769 888 1751 1072 370 950
leaf_count=264 2769 888 1751 1072 370 950
internal_value=-0.000482022 0.301611 0.685653 -0.583935 -1.23573 -0.848856
internal_weight=8064 6480 4520 1960 1584 1320
internal_count=8064 6480 4520 1960 1584 1320
is_linear=0
shrinkage=0.05


Tree=53
num_leaves=7
num_cat=0
split_feature=3 4 11 15 11 3
split_gain=1.15244e+06 1.1005e+06 1.0391e+06 601624 457441 442546
threshold=144.82327500000045 -11.237030555555064 -0.59116893267988335 5163.0715719618065 -0.10884096748385481 296.97584999999987
decision_type=2 2 2 2 2 2
left_child=1 2 -1 -3 -2 -6
right_child=4 3 -4 -5 5 -7
leaf_value=0.29002751098449248 2.2414824018501895 0.77384051570424939 -1.5317408924443325 -1.4286299086553007 0.20339905823741594 2.5945910778027357
leaf_weight=1177 557 2127 2334 362 1280 227
leaf_count=1177 557 2127 2334 362 1280 227
internal_value=-0.000490326 -0.351079 -0.921117 0.453068 1.01834 0.565067
internal_weight=8064 6000 3511 2489 2064 1507
internal_count=8064 6000 3511 2489 2064 1507
is_linear=0
shrinkage=0.05


Tree=54
num_leaves=7
num_cat=0
split_feature=3 4 9 11 18 3
split_gain=1.0778e+06 769398 1.03325e+06 731318 942476 531283
threshold=26.735087499999739 -5.6594496527777656 1.0000000180025095e-35 0.75166088996455116 -54.96796250000056 226.76249999999985
decision_type=2 2 2 2 2 2
left_child=1 2 -1 4 -2 -5
right_child=3 -3 -4 5 -6 -7
leaf_value=-0.83725049432689025 -0.051560897833320518 0.63555199103380577 -4.2886941974484385 -1.0933309370780546 1.5565822246372401 1.188203223543407
leaf_weight=2024 1689 754 242 1041 1977 337
leaf_count=2024 1689 754 242 1041 1977 337
internal_value=-0.000446325 -0.74735 -1.20758 0.446807 0.815866 -0.534908
internal_weight=8064 3020 2266 5044 3666 1378
internal_count=8064 3020 2266 5044 3666 1378
is_linear=0
shrinkage=0.05


Tree=55
num_leaves=6
num_cat=0
split_feature=3 18 17 18 12
split_gain=1.03653e+06 968798 900141 778366 228948
threshold=-117.89049999999996 -54.96796250000056 49.489312500000104 -798.63273750000019 0.38268343236509
decision_type=2 2 2 2 2
left_child=4 3 -3 -2 -1
right_child=1 2 -4 -5 -6
leaf_value=-3.5865057856805862 1.2527308176206464 1.1900065993197435 -0.20409245139805449 -0.93516386219980108 -1.1652141663744964
leaf_weight=216 485 2626 2070 2487 180
leaf_count=216 485 2626 2070 2487 180
internal_value=-0.00044193 0.128519 0.575574 -0.577821 -2.49163
internal_weight=8064 7668 4696 2972 396
internal_count=8064 7668 4696 2972 396
is_linear=0
shrinkage=0.05


Tree=56
num_leaves=7
num_cat=0
split_feature=4 15 9 8 1 3
split_gain=1.00694e+06 693451 968488 655782 1.34513e+06 631165
threshold=-36.928287847222684 5165.514055208334 1.0000000180025095e-35 1.0000000180025095e-35 -143.73504999999997 204.70670000000021
decision_type=2 2 2 2 2 2
left_child=3 2 -2 4 -1 -3
right_child=1 5 -4 -5 -6 -7
leaf_value=-1.8071372053852324 0.90892531084940087 -1.6597809282654077 -0.93496405949116268 -2.6373261537824439 0.87217572372607011 1.6216969708389142
leaf_weight=943 4032 678 864 432 929 186
leaf_count=943 4032 678 864 432 929 186
internal_value=-0.000441212 0.352928 0.583409 -0.883634 -0.477744 -0.952294
internal_weight=8064 5760 4896 2304 1872 864
internal_count=8064 5760 4896 2304 1872 864
is_linear=0
shrinkage=0.05


Tree=57
num_leaves=7
num_cat=0
split_feature=3 4 9 11 15 3
split_gain=961529 918407 851645 566032 667802 563529
threshold=76.748724999999936 -5.1009736111113844 1.0000000180025095e-35 -0.15208718494349127 5165.514055208334 296.97584999999987
decision_type=2 2 2 2 2 2
left_child=1 2 -1 4 -2 -5
right_child=3 -3 -4 5 -6 -7
leaf_value=-0.64277872269034086 2.2109932249401347 0.78959767173590956 -3.2758890968717576 -0.10148536152190507 -0.2423382961287581 2.4927563903393684
leaf_weight=2943 878 1035 342 2231 405 230
leaf_count=2943 878 1035 342 2231 405 230
internal_value=-0.000441691 -0.508666 -0.917824 0.585951 1.43697 0.141881
internal_weight=8064 4320 3285 3744 1283 2461
internal_count=8064 4320 3285 3744 1283 2461
is_linear=0
shrinkage=0.05


Tree=58
num_leaves=7
num_cat=0
split_feature=18 11 15 18 3 3
split_gain=940648 847228 831330 638942 731568 454396
threshold=-38.537500000000129 0.72219205899833594 5165.514055208334 -798.63273750000019 -90.15485000000011 215.28687500000072
decision_type=2 2 2 2 2 2
left_child=3 2 -2 -1 -5 -3
right_child=1 5 -4 4 -6 -7
leaf_value=0.9727967525626785 1.3344298567920658 -0.95975104215197293 -0.64167309864030952 -3.7871606606846822 -0.70672152627301066 1.2076718178144334
leaf_weight=520 2520 1198 674 207 2643 302
leaf_count=520 2520 1198 674 207 2643 302
internal_value=-0.000411982 0.457114 0.917361 -0.637637 -0.931709 -0.522863
internal_weight=8064 4694 3194 3370 2850 1500
internal_count=8064 4694 3194 3370 2850 1500
is_linear=0
shrinkage=0.05


Tree=59
num_leaves=7
num_cat=0
split_feature=3 11 15 15 11 3
split_gain=901409 859462 1.14913e+06 637089 383040 337898
threshold=144.82327500000045 0.65918890865110003 5218.7206411458346 3185.6351313368064 -0.10884096748385481 296.97584999999987
decision_type=2 2 2 2 2 2
left_child=1 2 -1 -3 -2 -6
right_child=4 3 -4 -5 5 -7
leaf_value=0.31981969928507603 2.0198969713355477 -4.5363164606919462 -1.9347781419368459 -1.0498616655418411 0.16988534465327476 2.2593069330119251
leaf_weight=4042 557 147 656 1155 1280 227
leaf_count=4042 557 147 656 1155 1280 227
internal_value=-0.000407377 -0.31047 0.00465669 -1.44667 0.900653 0.485905
internal_weight=8064 6000 4698 1302 2064 1507
internal_count=8064 6000 4698 1302 2064 1507
is_linear=0
shrinkage=0.05


Tree=60
num_leaves=7
num_cat=0
split_feature=3 16 17 3 3 15
split_gain=874350 746324 805155 742776 274833 264458
threshold=-59.72249999999962 0.29985086157156671 92.451299999999961 195.89656250000056 -137.06971249999967 4163.1634438368064
decision_type=2 2 2 2 2 2
left_child=4 2 -2 -3 -1 -6
right_child=1 3 -4 -5 5 -7
leaf_value=-2.7355212787665288 1.4836113960846795 -0.55150692202704021 -0.27372024636246162 1.1057643242338873 -2.3331108635249698 -0.30150991480947587
leaf_weight=264 1764 3366 1033 845 222 570
leaf_count=264 1764 3366 1033 845 222 570
internal_value=-0.000404071 0.201755 0.83472 -0.218767 -1.34093 -0.873198
internal_weight=8064 7008 2797 4211 1056 792
internal_count=8064 7008 2797 4211 1056 792
is_linear=0
shrinkage=0.05


Tree=61
num_leaves=7
num_cat=0
split_feature=18 11 15 18 3 4
split_gain=841248 720992 641423 578324 616214 503439
threshold=-38.537500000000129 0.85470842479866238 5165.514055208334 -798.63273750000019 -90.15485000000011 -79.092654861111882
decision_type=2 2 2 2 2 2
left_child=3 2 -2 -1 -5 -3
right_child=1 5 -4 4 -6 -7
leaf_value=0.92911133820516367 1.1208457398176461 -2.5361737640445883 -0.52456664423320265 -3.5035065097662699 -0.67629657158347722 -0.070233899678563735
leaf_weight=520 2835 274 748 207 2643 837
leaf_count=520 2835 274 748 207 2643 837
internal_value=-0.000406221 0.432271 0.777293 -0.603023 -0.882798 -0.680129
internal_weight=8064 4694 3583 3370 2850 1111
internal_count=8064 4694 3583 3370 2850 1111
is_linear=0
shrinkage=0.05


Tree=62
num_leaves=7
num_cat=0
split_feature=3 4 9 11 15 4
split_gain=791612 605784 819181 573900 714485 482476
threshold=41.390900000000109 -5.1009736111113844 1.0000000180025095e-35 0.59116893267988335 5163.0715719618065 -79.092654861111882
decision_type=2 2 2 2 2 2
left_child=1 2 -1 4 -2 -5
right_child=3 -3 -4 5 -6 -7
leaf_value=-0.64545214291641129 1.3371606774486191 0.61146526040934956 -3.5273584990289764 -2.1102116894917411 -0.38098600019554929 0.08518130991193984
leaf_weight=2322 2108 813 275 304 848 1394
leaf_count=2322 2108 813 275 304 848 1394
internal_value=-0.000418529 -0.579069 -0.951862 0.423594 0.844307 -0.30888
internal_weight=8064 3410 2597 4654 2956 1698
internal_count=8064 3410 2597 4654 2956 1698
is_linear=0
shrinkage=0.05


Tree=63
num_leaves=7
num_cat=0
split_feature=18 17 18 18 15 18
split_gain=776575 653097 538743 601133 443549 406517
threshold=-38.537500000000129 32.875512500000475 -303.91673749999967 -150.0816750000001 5217.4767748263903 397.49014999999969
decision_type=2 2 2 2 2 2
left_child=2 5 4 -4 -1 -2
right_child=1 -3 3 -5 -6 -7
leaf_value=0.85028397724276683 1.2518798561283637 -0.20569603045591875 -2.1328768736326285 -0.4313727414002192 -1.8325452753838072 -0.511739698171222
leaf_weight=853 2081 2226 780 1550 187 387
leaf_count=853 2081 2226 780 1550 187 387
internal_value=-0.000426306 0.415287 -0.579416 -1.00165 0.366594 0.975236
internal_weight=8064 4694 3370 2330 1040 2468
internal_count=8064 4694 3370 2330 1040 2468
is_linear=0
shrinkage=0.05


Tree=64
num_leaves=7
num_cat=0
split_feature=3 16 15 17 18 13
split_gain=770728 850505 764566 259073 194127 53347.6
threshold=215.28687500000072 0.95488575672742748 5193.2872103298623 -39.13426249999997 -99.652187500000068 -0.42261826174069911
decision_type=2 2 2 2 2 2
left_child=1 2 -1 5 -5 -2
right_child=3 -3 -4 4 -6 -7
leaf_value=0.17723240185311706 1.8452025839035084 -2.8653621087471648 -1.2163390399012792 -0.82528785163000851 1.2747656117336523 3.184773635716172
leaf_weight=5691 150 281 1189 145 448 160
leaf_count=5691 150 281 1189 145 448 160
internal_value=-0.000423665 -0.174067 -0.0637461 1.37528 0.760737 2.54461
internal_weight=8064 7161 6880 903 593 310
internal_count=8064 7161 6880 903 593 310
is_linear=0
shrinkage=0.05


Tree=65
num_leaves=6
num_cat=0
split_feature=3 17 0 4 12
split_gain=749855 682370 781977 382533 163491
threshold=-117.89049999999996 137.7284750000006 6152.1177000000007 -16.441751388888402 0.32136297141497122
decision_type=2 2 2 2 2
left_child=4 2 -2 -3 -1
right_child=1 3 -4 -5 -6
leaf_value=-3.1075725310482087 0.69872974865658843 -1.4530710120597927 -0.69525460018207264 -0.042772511496574066 -1.0690771253721925
leaf_weight=203 4438 904 1300 1026 193
leaf_count=203 4438 904 1300 1026 193
internal_value=-0.000392718 0.109294 0.382843 -0.703758 -2.11926
internal_weight=8064 7668 5738 1930 396
internal_count=8064 7668 5738 1930 396
is_linear=0
shrinkage=0.05


Tree=66
num_leaves=7
num_cat=0
split_feature=3 11 0 15 11 16
split_gain=717059 687526 749675 586320 378052 453079
threshold=96.967787500000682 -0.59116893267988335 3676.9454500000006 5221.2834625000005 0.77969889170510676 0.94617046309608865
decision_type=2 2 2 2 2 2
left_child=1 3 -3 -1 5 -2
right_child=4 2 -4 -5 -6 -7
leaf_value=0.70777169678383511 1.1427608684221935 0.071855291608060229 -1.5159768506772009 -2.1766738139544475 -0.25124756059229497 -1.4278668384182263
leaf_weight=1599 2074 1290 1753 197 965 186
leaf_count=1599 2074 1290 1753 197 965 186
internal_value=-0.000408228 -0.38529 -0.843055 0.390347 0.577034 0.930658
internal_weight=8064 4839 3043 1796 3225 2260
internal_count=8064 4839 3043 1796 3225 2260
is_linear=0
shrinkage=0.05


Tree=67
num_leaves=7
num_cat=0
split_feature=3 16 11 17 18 13
split_gain=679736 706885 662363 223309 173568 43410.4
threshold=215.28687500000072 0.95488575672742748 0.87651811848133032 -39.13426249999997 -99.652187500000068 -0.42261826174069911
decision_type=2 2 2 2 2 2
left_child=1 2 -1 5 -5 -2
right_child=3 -3 -4 4 -6 -7
leaf_value=0.1373442403365108 1.7449630998223034 -2.617043948923865 -1.2645323730065343 -0.77874645762247585 1.2069957304795693 2.9553685411903432
leaf_weight=5898 150 281 982 145 448 160
leaf_count=5898 150 281 982 145 448 160
internal_value=-0.000409198 -0.163481 -0.0629039 1.29154 0.72095 2.37718
internal_weight=8064 7161 6880 903 593 310
internal_count=8064 7161 6880 903 593 310
is_linear=0
shrinkage=0.05


Tree=68
num_leaves=7
num_cat=0
split_feature=3 18 11 18 15 1
split_gain=667832 556203 573585 476545 248982 498660
threshold=-59.72249999999962 -54.96796250000056 0.75166088996455116 -419.91187499999972 4163.1634438368064 -221.55979999999997
decision_type=2 2 2 2 2 2
left_child=4 3 -3 -2 -1 -6
right_child=1 2 -4 -5 5 -7
leaf_value=-2.3554975913584637 0.69488367870771783 0.92637981032948835 -0.30909501510837023 -0.79328787389458899 -1.9042056639557299 0.68471140022848698
leaf_weight=312 740 2921 1384 1963 390 354
leaf_count=312 740 2921 1384 1963 390 354
internal_value=-0.000380159 0.176299 0.529212 -0.385765 -1.17194 -0.673117
internal_weight=8064 7008 4305 2703 1056 744
internal_count=8064 7008 4305 2703 1056 744
is_linear=0
shrinkage=0.05


Tree=69
num_leaves=7
num_cat=0
split_feature=3 4 15 3 11 2
split_gain=639639 687138 826910 292989 331572 256478
threshold=144.82327500000045 14.334061111110715 4163.1634438368064 296.97584999999987 -0.40265084705289461 -22.469999999999796
decision_type=2 2 2 2 2 2
left_child=1 2 -1 4 -2 -3
right_child=3 5 -4 -5 -6 -7
leaf_value=-1.5111239389094733 1.8366151023151662 2.3381910222674338 -0.087906993446295739 2.3316537638831325 0.18079945917733098 0.43154009808905613
leaf_weight=1386 383 283 3864 258 1423 467
leaf_count=1386 383 283 3864 258 1423 467
internal_value=-0.000380095 -0.26157 -0.463852 0.758652 0.532772 1.15314
internal_weight=8064 6000 5250 2064 1806 750
internal_count=8064 6000 5250 2064 1806 750
is_linear=0
shrinkage=0.05


Tree=70
num_leaves=7
num_cat=0
split_feature=4 8 1 15 9 3
split_gain=616387 649832 876166 530490 736478 448587
threshold=-36.928287847222684 1.0000000180025095e-35 -143.73504999999997 5165.514055208334 1.0000000180025095e-35 204.70670000000021
decision_type=2 2 2 2 2 2
left_child=1 2 -1 4 -2 -5
right_child=3 -3 -4 5 -6 -7
leaf_value=-1.3603568845235652 0.76160477331966003 -2.4369729253405374 0.80200688023721023 -1.4618418436823895 -0.84631427689697714 1.3047270590129414
leaf_weight=943 4032 432 929 678 864 186
leaf_count=943 4032 432 929 678 864 186
internal_value=-0.000326873 -0.691332 -0.287405 0.276147 0.477739 -0.865441
internal_weight=8064 2304 1872 5760 4896 864
internal_count=8064 2304 1872 5760 4896 864
is_linear=0
shrinkage=0.05


Tree=71
num_leaves=7
num_cat=0
split_feature=18 17 18 17 13 0
split_gain=605568 515809 417408 499549 380588 293168
threshold=-38.537500000000129 32.875512500000475 -798.63273750000019 -141.28127499999979 0.53678821817552336 2651.1804500000003
decision_type=2 2 2 2 2 2
left_child=2 4 -1 -4 -2 -3
right_child=1 5 3 -5 -6 -7
leaf_value=0.79002810007206126 0.53212030957676448 1.5391133851027705 0.50550793173616826 -1.0982393836812963 2.0254873365774508 -0.3758215764433458
leaf_weight=520 1920 221 620 2230 548 2005
leaf_count=520 1920 221 620 2230 548 2005
internal_value=-0.000330595 0.366769 -0.511613 -0.749299 0.864397 -0.185099
internal_weight=8064 4694 3370 2850 2468 2226
internal_count=8064 4694 3370 2850 2468 2226
is_linear=0
shrinkage=0.05


Tree=72
num_leaves=6
num_cat=0
split_feature=3 18 17 18 12
split_gain=599940 536838 566054 506125 137072
threshold=-117.89049999999996 -80.333274999999489 32.875512500000475 -419.91187499999972 0.32136297141497122
decision_type=2 2 2 2 2
left_child=4 3 -3 -2 -1
right_child=1 2 -4 -5 -6
leaf_value=-2.8003816046094632 0.51187465809425392 0.89681343667363622 -0.16119217281082088 -0.97421850667688215 -0.93430868167449366
leaf_weight=203 852 2676 2395 1745 193
leaf_count=203 852 2676 2395 1745 193
internal_value=-0.000289775 0.097822 0.397191 -0.486665 -1.89555
internal_weight=8064 7668 5071 2597 396
internal_count=8064 7668 5071 2597 396
is_linear=0
shrinkage=0.05


Tree=73
num_leaves=6
num_cat=0
split_feature=3 0 11 2 15
split_gain=571333 444534 445855 440488 465516
threshold=41.390900000000109 2593.6650000000004 -0.1950438958025166 -319.13410000000016 5165.514055208334
decision_type=2 2 2 2 2
left_child=3 -2 -3 -1 -5
right_child=1 2 -4 4 -6
leaf_value=-2.5211676959068545 2.3175428622617171 0.92481867319336986 -0.13227356633412687 -0.057831778157266922 -1.6710869865923954
leaf_weight=247 272 1534 2848 2625 538
leaf_count=247 272 1534 2848 2625 538
internal_value=-0.000296745 0.359922 0.237908 -0.491889 -0.332675
internal_weight=8064 4654 4382 3410 3163
internal_count=8064 4654 4382 3410 3163
is_linear=0
shrinkage=0.05


Tree=74
num_leaves=7
num_cat=0
split_feature=3 15 2 2 17 4
split_gain=556966 598520 987884 392338 153835 127463
threshold=256.63888750000029 5165.514055208334 -351.03889999999996 -214.88975000000025 -39.13426249999997 -10.324415277777915
decision_type=2 2 2 2 2 2
left_child=1 2 -1 -3 -2 -6
right_child=4 3 -4 -5 5 -7
leaf_value=-2.8441983120432539 2.7688908124632308 0.45140122598012289 0.26230302281256512 -1.396736997723047 1.9836725410050566 0.038119318195515207
leaf_weight=267 179 374 5677 1230 158 179
leaf_count=267 179 374 5677 1230 158 179
internal_value=-0.000288978 -0.109021 0.122306 -0.965799 1.58736 0.953448
internal_weight=8064 7548 5944 1604 516 337
internal_count=8064 7548 5944 1604 516 337
is_linear=0
shrinkage=0.05


Tree=75
num_leaves=7
num_cat=0
split_feature=3 18 11 18 11 0
split_gain=530872 447293 473434 462038 162617 212046
threshold=-102.49082499999984 -90.620974999999348 0.75166088996455116 -419.91187499999972 -0.59116893267988335 3841.9617000000003
decision_type=2 2 2 2 2 2
left_child=4 3 -3 -2 -1 -6
right_child=1 2 -4 -5 5 -7
leaf_value=-0.52149386655815833 0.50387934053184469 0.68860481108445704 -0.35931802966265214 -0.95043647305472023 -0.93782040424794966 -3.6009300215181961
leaf_weight=228 830 3570 1543 1593 148 152
leaf_count=228 830 3570 1543 1593 148 152
internal_value=-0.000266695 0.107198 0.372354 -0.452257 -1.53138 -2.29461
internal_weight=8064 7536 5113 2423 528 300
internal_count=8064 7536 5113 2423 528 300
is_linear=0
shrinkage=0.05


Tree=76
num_leaves=7
num_cat=0
split_feature=3 4 15 1 15 15
split_gain=533098 559019 728901 245844 424532 305458
threshold=151.04733749999994 14.334061111110715 4163.1634438368064 195.47389999999976 3371.343631944445 4979.3526242187518
decision_type=2 2 2 2 2 2
left_child=1 2 -1 5 -5 -2
right_child=3 -3 -4 4 -6 -7
leaf_value=-1.3814844365839978 1.6105702842381437 1.0386603629289886 -0.059692874186182937 0.39108975276679681 3.0694206617007693 -0.10738107097406074
leaf_weight=1416 350 761 3952 339 262 984
leaf_count=1416 350 761 3952 339 262 984
internal_value=-0.000285458 -0.228723 -0.408555 0.723021 1.56184 0.344225
internal_weight=8064 6129 5368 1935 601 1334
internal_count=8064 6129 5368 1935 601 1334
is_linear=0
shrinkage=0.05


Tree=77
num_leaves=7
num_cat=0
split_feature=18 11 3 16 0 3
split_gain=491282 546784 431598 447134 385465 252674
threshold=-1.0000000180025095e-35 -0.36235178784537908 204.70670000000021 0.95488575672742748 3604.6907500000002 51.075000000000053
decision_type=2 2 2 2 2 2
left_child=2 5 3 -1 -3 -2
right_child=1 4 -4 -5 -6 -7
leaf_value=-0.4337420715858511 0.74602720750686768 0.62239774690629457 0.93028084745613215 -2.5857881957772135 -0.51842976832054244 2.3157823972153264
leaf_weight=3221 672 1440 534 260 1522 415
leaf_count=3221 672 1440 534 260 1522 415
internal_value=-0.000242903 0.388333 -0.392108 -0.595177 0.0362155 1.34691
internal_weight=8064 4049 4015 3481 2962 1087
internal_count=8064 4049 4015 3481 2962 1087
is_linear=0
shrinkage=0.05


Tree=78
num_leaves=7
num_cat=0
split_feature=3 0 15 17 2 16
split_gain=478714 396400 621954 284955 223340 199318
threshold=-15.82600000000002 2651.1804500000003 4163.1634438368064 -46.768299999999265 -254.62419999999995 0.13017078227338771
decision_type=2 2 2 2 2 2
left_child=3 5 -3 -1 -5 -2
right_child=1 2 -4 4 -6 -7
leaf_value=0.049887381744714666 0.24954347059411824 -0.85403437874593713 0.3932809622393571 -2.8788412589015384 -0.89241406306712856 2.4738207520977147
leaf_weight=803 158 1296 4355 164 1010 278
leaf_count=803 158 1296 4355 164 1010 278
internal_value=-0.00022409 0.219337 0.107121 -0.676001 -1.17212 1.67019
internal_weight=8064 6087 5651 1977 1174 436
internal_count=8064 6087 5651 1977 1174 436
is_linear=0
shrinkage=0.05


Tree=79
num_leaves=7
num_cat=0
split_feature=4 8 1 9 4 15
split_gain=466278 581803 644191 443954 2.19323e+06 631288
threshold=-36.928287847222684 1.0000000180025095e-35 -143.73504999999997 1.0000000180025095e-35 -13.032806250000247 5165.514055208334
decision_type=2 2 2 2 2 2
left_child=1 2 -1 5 -5 -2
right_child=3 -3 -4 4 -6 -7
leaf_value=-1.139082350017566 0.68747708101112825 -2.2529543749674055 0.7150523067697363 -4.3587959815680364 0.97773872877840773 -0.80118358138065815
leaf_weight=943 4032 432 929 288 576 864
leaf_count=943 4032 432 929 288 576 864
internal_value=-0.000221929 -0.601225 -0.219058 0.240242 -0.804089 0.424662
internal_weight=8064 2304 1872 5760 864 4896
internal_count=8064 2304 1872 5760 864 4896
is_linear=0
shrinkage=0.05


Tree=80
num_leaves=7
num_cat=0
split_feature=3 15 2 2 17 4
split_gain=445453 512637 810999 388187 141026 113743
threshold=256.63888750000029 5165.514055208334 -351.03889999999996 -273.8307499999998 -39.13426249999997 -10.324415277777915
decision_type=2 2 2 2 2 2
left_child=1 2 -1 -3 -2 -6
right_child=4 3 -4 -5 5 -7
leaf_value=-2.571236892822963 2.5505952464540802 0.95640393030052351 0.24344326023270901 -1.2174267475829186 1.7862974382796377 -0.051091231140825491
leaf_weight=267 179 241 5677 1363 158 179
leaf_count=267 179 241 5677 1363 158 179
internal_value=-0.000249098 -0.0974885 0.116599 -0.890418 1.4196 0.813091
internal_weight=8064 7548 5944 1604 516 337
internal_count=8064 7548 5944 1604 516 337
is_linear=0
shrinkage=0.05


Tree=81
num_leaves=5
num_cat=0
split_feature=3 18 17 15
split_gain=443409 431217 431299 355370
threshold=-137.06971249999967 -30.993374999999556 83.583637499999909 4163.1634438368064
decision_type=2 2 2 2
left_child=-1 3 -3 -2
right_child=1 2 -4 -5
leaf_value=-2.0116117638574456 -1.1793552062924577 0.76721656329591781 -0.26085576735269489 -0.037696548169809899
leaf_weight=264 944 2809 1601 2446
leaf_count=264 944 2809 1601 2446
internal_value=-0.000226117 0.0681007 0.394012 -0.355864
internal_weight=8064 7800 4410 3390
internal_count=8064 7800 4410 3390
is_linear=0
shrinkage=0.05


Tree=82
num_leaves=7
num_cat=0
split_feature=3 4 15 11 15 2
split_gain=420002 491837 580768 240157 263902 233108
threshold=144.82327500000045 14.334061111110715 4163.1634438368064 -0.10884096748385481 4979.3526242187518 -22.469999999999796
decision_type=2 2 2 2 2 2
left_child=1 2 -1 -2 -5 -3
right_child=3 5 -4 4 -6 -7
leaf_value=-1.2606895870754056 1.5010190751764083 2.1147060664501831 -0.067958079698133528 1.0814026260328882 -0.2636450608290164 0.29736467196773264
leaf_weight=1386 557 283 3864 616 891 467
leaf_count=1386 557 283 3864 616 891 467
internal_value=-0.00023169 -0.21188 -0.383019 0.614829 0.286508 0.985011
internal_weight=8064 6000 5250 2064 1507 750
internal_count=8064 6000 5250 2064 1507 750
is_linear=0
shrinkage=0.05


Tree=83
num_leaves=7
num_cat=0
split_feature=1 15 0 15 10 15
split_gain=420909 590191 783679 512698 509438 413840
threshold=-57.535000000000075 4163.1634438368064 2651.1804500000003 4939.4956592881954 1.0000000180025095e-35 3161.5475686631949
decision_type=2 2 2 2 2 2
left_child=4 2 -2 -3 5 -1
right_child=1 3 -4 -5 -6 -7
leaf_value=1.6071579754227145 1.4967016795898758 3.3489991049715542 -0.91283556709213531 0.62739207913564643 0.47741806145254151 -0.96199275878361012
leaf_weight=167 441 186 1426 2334 1150 2360
leaf_count=167 441 186 1426 2334 1150 2360
internal_value=-0.000199014 0.330481 -0.343187 0.829521 -0.394713 -0.791639
internal_weight=8064 4387 1867 2520 3677 2527
internal_count=8064 4387 1867 2520 3677 2527
is_linear=0
shrinkage=0.05


Tree=84
num_leaves=5
num_cat=0
split_feature=3 11 0 18
split_gain=399004 478707 629297 591403
threshold=296.97584999999987 -0.55543802234893469 6152.1177000000007 -137.80350000000041
decision_type=2 2 2 2
left_child=1 2 -1 -3
right_child=-2 3 -4 -5
leaf_value=0.86105905291927687 1.9305764672321244 -1.4846644699080584 -1.2498498917537577 -0.091223870980015831
leaf_weight=2087 258 921 424 4374
leaf_count=2087 258 921 424 4374
internal_value=-0.000153834 -0.0642065 0.504262 -0.33383
internal_weight=8064 7806 2511 5295
internal_count=8064 7806 2511 5295
is_linear=0
shrinkage=0.05


Tree=85
num_leaves=7
num_cat=0
split_feature=17 16 15 0 3 12
split_gain=395689 386669 576929 407929 329025 411422
threshold=-46.768299999999265 0.29985086157156671 3185.6351313368064 3470.2469000000006 195.89656250000056 -0.59116893267988335
decision_type=2 2 2 2 2 2
left_child=4 3 -3 -2 5 -1
right_child=1 2 -4 -5 -6 -7
leaf_value=-0.43257464021801378 0.92566547379215336 -2.7031695337725177 -0.42416133158487784 -0.40714167885056241 1.7615341836938989 0.7909286624152787
leaf_weight=1251 1031 316 2245 1293 406 1522
leaf_count=1251 1031 316 2245 1293 406 1522
internal_value=-0.000146353 -0.28267 -0.706312 0.184278 0.433945 0.239005
internal_weight=8064 4885 2561 2324 3179 2773
internal_count=8064 4885 2561 2324 3179 2773
is_linear=0
shrinkage=0.05


Tree=86
num_leaves=7
num_cat=0
split_feature=3 15 11 2 11 0
split_gain=387992 360516 619082 347734 124750 164138
threshold=-102.49082499999984 5165.514055208334 0.77969889170510676 -214.88975000000025 -0.59116893267988335 3841.9617000000003
decision_type=2 2 2 2 2 2
left_child=4 2 -2 -3 -1 -6
right_child=1 3 -4 -5 5 -7
leaf_value=-0.42475150721757693 0.54998830197935511 0.82362352164704244 -0.67604418577439951 -0.9465228765315814 -0.78420238296857625 -3.126772058633418
leaf_weight=228 4571 353 1328 1284 148 152
leaf_count=228 4571 353 1328 1284 148 152
internal_value=-0.000142065 0.0917294 0.273913 -0.564542 -1.30909 -1.97755
internal_weight=8064 7536 5899 1637 528 300
internal_count=8064 7536 5899 1637 528 300
is_linear=0
shrinkage=0.05


Tree=87
num_leaves=7
num_cat=0
split_feature=3 4 9 16 11 18
split_gain=366684 386962 587688 292981 273206 218442
threshold=76.748724999999936 -5.1009736111113844 1.0000000180025095e-35 0.05764900704064653 -0.8765181184813301 94.288287499999811
decision_type=2 2 2 2 2 2
left_child=1 2 -1 -2 -5 -3
right_child=3 5 -4 4 -6 -7
leaf_value=-0.35119610019850689 2.5656613518914275 0.068326071528969592 -2.5383385606186124 1.5121291053885915 0.11999524577252954 1.6739517117239009
leaf_weight=2943 144 739 342 395 3205 296
leaf_count=2943 144 739 342 395 3205 296
internal_value=-0.000163387 -0.314012 -0.579602 0.361957 0.273121 0.528692
internal_weight=8064 4320 3285 3744 3600 1035
internal_count=8064 4320 3285 3744 3600 1035
is_linear=0
shrinkage=0.05


Tree=88
num_leaves=7
num_cat=0
split_feature=18 18 4 16 13 12
split_gain=358984 446784 357621 346131 381539 324906
threshold=-1.0000000180025095e-35 397.49014999999969 -79.092654861111882 0.95488575672742748 -0.95280922353748843 -0.97111091670450067
decision_type=2 2 2 2 2 2
left_child=3 5 -3 4 -1 -2
right_child=1 2 -4 -5 -6 -7
leaf_value=1.164225378900505 -1.1936016878660989 -2.6351807684333703 -0.1349885372611983 -1.8099055082840814 -0.38171783220354705 0.72504160747773128
leaf_weight=455 237 189 579 361 3199 3044
leaf_count=455 237 189 579 361 3199 3044
internal_value=-0.000136304 0.332024 -0.752897 -0.335109 -0.188949 0.586129
internal_weight=8064 4049 768 4015 3654 3281
internal_count=8064 4049 768 4015 3654 3281
is_linear=0
shrinkage=0.05


Tree=89
num_leaves=5
num_cat=0
split_feature=3 11 0 18
split_gain=364149 386681 533547 501790
threshold=296.97584999999987 -0.55543802234893469 6270.8537500000011 -137.80350000000041
decision_type=2 2 2 2
left_child=1 2 -1 -3
right_child=-2 3 -4 -5
leaf_value=0.64316050913272182 1.8443183773617946 -1.3637365491725424 -2.2902640705546702 -0.08020226027778217
leaf_weight=2346 258 921 165 4374
leaf_count=2346 258 921 165 4374
internal_value=-0.000155939 -0.061347 0.449568 -0.303673
internal_weight=8064 7806 2511 5295
internal_count=8064 7806 2511 5295
is_linear=0
shrinkage=0.05


Tree=90
num_leaves=7
num_cat=0
split_feature=17 3 16 3 12 2
split_gain=349588 346300 330495 290025 326919 165774
threshold=-46.768299999999265 -15.82600000000002 0.1754697000392291 195.89656250000056 -0.59116893267988335 -254.62419999999995
decision_type=2 2 2 2 2 2
left_child=3 5 -3 4 -1 -2
right_child=1 2 -4 -5 -6 -7
leaf_value=-0.37381560426122085 -2.4842075970746351 0.82327041191259576 -0.28998373357007606 1.6542927929605256 0.71682862102977285 -0.77280676083383182
leaf_weight=1251 164 870 2841 406 1522 1010
leaf_count=1251 164 870 2841 406 1522 1010
internal_value=-0.000155872 -0.265712 -0.028843 0.407865 0.224842 -1.01379
internal_weight=8064 4885 3711 3179 2773 1174
internal_count=8064 4885 3711 3179 2773 1174
is_linear=0
shrinkage=0.05


Tree=91
num_leaves=6
num_cat=0
split_feature=15 15 15 15 11
split_gain=344200 368721 1.35195e+06 871084 28599.1
threshold=5273.5654847222231 4163.1634438368064 3385.0409054687507 4959.2183949652781 1.0000000180025095e-35
decision_type=2 2 2 2 2
left_child=1 2 -1 -3 -2
right_child=4 3 -4 -5 -6
leaf_value=-0.15385588964844732 -2.1950313530708185 1.9056303240937518 -5.1413546808012605 0.040500880166960351 -1.1822905857398591
leaf_weight=2160 144 720 144 4752 144
leaf_count=2160 144 720 144 4752 144
internal_value=-0.000152578 0.062811 -0.46767 0.286216 -1.6945
internal_weight=8064 7776 2304 5472 288
internal_count=8064 7776 2304 5472 288
is_linear=0
shrinkage=0.05


Tree=92
num_leaves=5
num_cat=0
split_feature=3 17 12 3
split_gain=332930 318868 586375 294084
threshold=-137.06971249999967 83.583637499999909 0.19504389580251646 163.5126750000002
decision_type=2 2 2 2
left_child=-1 2 -2 -3
right_child=1 3 -4 -5
leaf_value=-1.7430751640054414 -0.11661562827051584 -0.68444539500562196 0.99490154399124064 0.51819576449966165
leaf_weight=264 3234 2014 1873 679
leaf_count=264 3234 2014 1873 679
internal_value=-0.00018665 0.0590193 0.29115 -0.381137
internal_weight=8064 7800 5107 2693
internal_count=8064 7800 5107 2693
is_linear=0
shrinkage=0.05


Tree=93
num_leaves=7
num_cat=0
split_feature=15 2 4 2 1 11
split_gain=327925 572217 570168 338182 413822 319180
threshold=5165.514055208334 -351.03889999999996 -155.49236979166605 -214.88975000000025 72.510049999999879 0.065387565056497135
decision_type=2 2 2 2 2 2
left_child=1 -1 -3 5 -5 -2
right_child=3 2 -4 4 -6 -7
leaf_value=-2.0353251717561949 -1.167943372154558 -2.0595898906508139 0.36986974646780935 -1.4655842938973809 0.64197585376852073 1.7648107580032695
leaf_weight=281 147 251 5804 1033 300 248
leaf_count=281 147 251 5804 1033 300 248
internal_value=-0.000183712 0.166343 0.268837 -0.610525 -0.991139 0.673188
internal_weight=8064 6336 6055 1728 1333 395
internal_count=8064 6336 6055 1728 1333 395
is_linear=0
shrinkage=0.05


Tree=94
num_leaves=7
num_cat=0
split_feature=17 0 15 0 3 12
split_gain=315889 411389 532858 313086 246767 260902
threshold=-92.355600000000081 6553.8645500000011 5088.175217968751 2651.1804500000003 195.89656250000056 -0.98812630719300909
decision_type=2 2 2 2 2 2
left_child=4 3 -3 -2 5 -1
right_child=1 2 -4 -5 -6 -7
leaf_value=-1.2477170084152491 1.3447624994534486 -3.6842783577301925 -0.35839315191787835 -0.18172923820269149 1.8024449637719113 0.47313840741632796
leaf_weight=247 361 186 339 4659 302 1970
leaf_count=247 361 186 339 4659 302 1970
internal_value=-0.000199026 -0.211119 -1.54147 -0.0717097 0.463993 0.280939
internal_weight=8064 5545 525 5020 2519 2217
internal_count=8064 5545 525 5020 2519 2217
is_linear=0
shrinkage=0.05


Tree=95
num_leaves=7
num_cat=0
split_feature=3 11 15 3 15 1
split_gain=310442 303457 497071 320476 186925 289250
threshold=-59.72249999999962 -0.62577451934762984 5160.031812586808 296.97584999999987 4163.1634438368064 -221.55979999999997
decision_type=2 2 2 2 2 2
left_child=4 2 -2 -3 -1 -6
right_child=1 3 -4 -5 5 -7
leaf_value=-1.8242515123071383 1.168553106251254 -0.16815182778154433 -0.64880131378112049 1.663803755300884 -1.3048666176379031 0.66671089747422174
leaf_weight=312 1355 4883 520 250 390 354
leaf_count=312 1355 4883 520 250 390 354
internal_value=-0.000200553 0.120259 0.664463 -0.0786207 -0.79897 -0.367142
internal_weight=8064 7008 1875 5133 1056 744
internal_count=8064 7008 1875 5133 1056 744
is_linear=0
shrinkage=0.05


Tree=96
num_leaves=7
num_cat=0
split_feature=3 15 15 18 15 4
split_gain=296601 381050 697721 234930 242634 224234
threshold=96.967787500000682 3140.3962867187506 4163.1634438368064 591.73750000000007 5193.2872103298623 19.024390972222367
decision_type=2 2 2 2 2 2
left_child=1 5 -3 4 -2 -1
right_child=3 2 -4 -5 -6 -7
leaf_value=2.2044845368368788 0.74983192092674589 -1.5640197748499804 -0.049444887688608746 -0.87222608180607075 -0.38639747237569189 -0.16018156186602583
leaf_weight=237 2296 974 3455 339 590 173
leaf_count=237 2296 974 3455 339 590 173
internal_value=-0.000193296 -0.247728 -0.382799 0.371186 0.517493 1.20875
internal_weight=8064 4839 4429 3225 2886 410
internal_count=8064 4839 4429 3225 2886 410
is_linear=0
shrinkage=0.05


Tree=97
num_leaves=7
num_cat=0
split_feature=18 18 4 15 15 15
split_gain=291681 369468 299980 287142 530682 360263
threshold=-1.0000000180025095e-35 397.49014999999969 -79.092654861111882 4163.1634438368064 4959.2183949652781 3346.1859027777787
decision_type=2 2 2 2 2 2
left_child=3 -2 -3 5 -5 -1
right_child=1 2 -4 4 -6 -7
leaf_value=-0.53779148067841986 0.5302995126944724 -2.4112965961271211 -0.12144489471254678 1.7453304527225075 -0.29602322584095114 -2.7973701925846663
leaf_weight=894 3281 189 579 363 2539 219
leaf_count=894 3281 189 579 363 2539 219
internal_value=-0.000184119 0.299224 -0.687366 -0.302127 -0.0401649 -0.984511
internal_weight=8064 4049 768 4015 2902 1113
internal_count=8064 4049 768 4015 2902 1113
is_linear=0
shrinkage=0.05


Tree=98
num_leaves=7
num_cat=0
split_feature=17 15 16 3 12 2
split_gain=288145 282711 320636 230531 255774 85000.1
threshold=-46.768299999999265 5273.5654847222231 0.29985086157156671 195.89656250000056 -0.59116893267988335 -89.039750000000126
decision_type=2 2 2 2 2 2
left_child=3 2 -2 4 -1 -5
right_child=1 -3 -4 5 -6 -7
leaf_value=-0.32247220784866104 0.26710847581233466 -2.2324411363102672 -0.55871622933799525 2.3998234225389288 0.64222662350050808 0.90712187675433986
leaf_weight=1251 2227 171 2487 155 1522 251
leaf_count=1251 2227 171 2487 155 1522 251
internal_value=-0.000199015 -0.241291 -0.168604 0.370234 0.207057 1.48149
internal_weight=8064 4885 4714 3179 2773 406
internal_count=8064 4885 4714 3179 2773 406
is_linear=0
shrinkage=0.05


Tree=99
num_leaves=6
num_cat=0
split_feature=3 17 16 12 11
split_gain=273763 266738 281044 208888 83401.7
threshold=-117.89049999999996 -46.768299999999265 0.05764900704064653 -0.98812630719300909 -0.59116893267988335
decision_type=2 2 2 2 2
left_child=4 3 -3 -2 -1
right_child=1 2 -4 -5 -6
leaf_value=-0.41822026763335773 -0.78330738680313816 1.9572632906039555 -0.24286127663930063 0.57345680441645841 -1.8918808612587126
leaf_weight=165 316 149 4495 2708 231
leaf_count=165 316 149 4495 2708 231
internal_value=-0.00018223 0.0660935 -0.171865 0.431466 -1.28046
internal_weight=8064 7668 4644 3024 396
internal_count=8064 7668 4644 3024 396
is_linear=0
shrinkage=0.05


end of trees

feature_importances:
Column_3=150
Column_11=87
Column_15=60
Column_4=58
Column_1=42
Column_0=41
Column_18=33
Column_17=29
Column_16=27
Column_12=17
Column_2=15
Column_10=10
Column_9=8
Column_13=4
Column_8=3

parameters:
[boosting: gbdt]
[objective: regression]
[metric: l2]
[tree_learner: serial]
[device_type: cpu]
[data_sample_strategy: bagging]
[data: ]
[valid: ]
[num_iterations: 100]
[learning_rate: 0.05]
[num_leaves: 7]
[num_threads: 1]
[seed: 20250911]
[deterministic: 1]
[force_col_wise: 1]
[force_row_wise: 0]
[histogram_pool_size: -1]
[max_depth: 3]
[min_data_in_leaf: 144]
[min_sum_hessian_in_leaf: 0.001]
[bagging_fraction: 1]
[pos_bagging_fraction: 1]
[neg_bagging_fraction: 1]
[bagging_freq: 0]
[bagging_seed: 20250911]
[bagging_by_query: 0]
[feature_fraction: 1]
[feature_fraction_bynode: 1]
[feature_fraction_seed: 20250911]
[extra_trees: 0]
[extra_seed: 26685]
[early_stopping_round: 0]
[early_stopping_min_delta: 0]
[first_metric_only: 0]
[max_delta_step: 0]
[lambda_l1: 0]
[lambda_l2: 1]
[linear_lambda: 0]
[min_gain_to_split: 0]
[drop_rate: 0.1]
[max_drop: 50]
[skip_drop: 0.5]
[xgboost_dart_mode: 0]
[uniform_drop: 0]
[drop_seed: 2504]
[top_rate: 0.2]
[other_rate: 0.1]
[min_data_per_group: 100]
[max_cat_threshold: 32]
[cat_l2: 10]
[cat_smooth: 10]
[max_cat_to_onehot: 4]
[top_k: 20]
[monotone_constraints: ]
[monotone_constraints_method: basic]
[monotone_penalty: 0]
[feature_contri: ]
[forcedsplits_filename: ]
[refit_decay_rate: 0.9]
[cegb_tradeoff: 1]
[cegb_penalty_split: 0]
[cegb_penalty_feature_lazy: ]
[cegb_penalty_feature_coupled: ]
[path_smooth: 0]
[interaction_constraints: ]
[verbosity: -1]
[saved_feature_importance_type: 0]
[use_quantized_grad: 0]
[num_grad_quant_bins: 4]
[quant_train_renew_leaf: 0]
[stochastic_rounding: 1]
[linear_tree: 0]
[max_bin: 63]
[max_bin_by_feature: ]
[min_data_in_bin: 3]
[bin_construct_sample_cnt: 200000]
[data_random_seed: 20250911]
[is_enable_sparse: 1]
[enable_bundle: 1]
[use_missing: 1]
[zero_as_missing: 0]
[feature_pre_filter: 0]
[pre_partition: 0]
[two_round: 0]
[header: 0]
[label_column: ]
[weight_column: ]
[group_column: ]
[ignore_column: ]
[categorical_feature: ]
[forcedbins_filename: ]
[precise_float_parser: 0]
[parser_config_file: ]
[objective_seed: 19683]
[num_class: 1]
[is_unbalance: 0]
[scale_pos_weight: 1]
[sigmoid: 1]
[boost_from_average: 1]
[reg_sqrt: 0]
[alpha: 0.9]
[fair_c: 1]
[poisson_max_delta_step: 0.7]
[tweedie_variance_power: 1.5]
[lambdarank_truncation_level: 30]
[lambdarank_norm: 1]
[label_gain: ]
[lambdarank_position_bias_regularization: 0]
[eval_at: ]
[multi_error_top_k: 1]
[auc_mu_weights: ]
[num_machines: 1]
[local_listen_port: 12400]
[time_out: 120]
[machine_list_filename: ]
[machines: ]
[gpu_platform_id: -1]
[gpu_device_id: -1]
[gpu_device_id_list: ]
[gpu_use_dp: 0]
[num_gpu: 1]

end of parameters

pandas_categorical:null
