tree
version=v4
num_class=1
num_tree_per_iteration=1
label_index=0
max_feature_idx=18
objective=regression
feature_names=Column_0 Column_1 Column_2 Column_3 Column_4 Column_5 Column_6 Column_7 Column_8 Column_9 Column_10 Column_11 Column_12 Column_13 Column_14 Column_15 Column_16 Column_17 Column_18
feature_infos=[2466.7341000000001:7978.8849] [-4056.1587999999997:4662.9734000000008] [-1025.3800000000001:1358.3399999999997] [-955.84999999999945:637.93920000000026] [-109.15015277777729:676.32544791666578] [0:1] [0:1] [0:1] [0:1] [0:1] [0:1] [-1:1] [-1:1] [-1:1] [-1:1] [3273.2563986111109:5853.0427036458332] [0:1] [-2133.2351249999983:2151.5213999999996] [-5036.3238000000019:4126.4189999999971]
tree_sizes=745 761 761 763 762 762 762 767 762 769 772 767 774 767 767 763 770 762 772 760 768 774 757 773 772 766 767 763 772 767 773 773 769 770 777 769 774 768 770 776 680 767 677 762 674 779 765 769 678 782 771 776 759 679 767 768 680 785 779 762 677 770 781 671 769 772 768 779 770 683 764 762 784 772 770 763 768 759 590 777 768 773 758 775 769 766 761 764 592 604 767 767 753 767 751 762 592 756 755 742

Tree=0
num_leaves=7
num_cat=0
split_feature=4 3 3 1 3 3
split_gain=2.84278e+08 5.3406e+07 4.34317e+07 1.35621e+07 9.46876e+06 8.79635e+06
threshold=308.30396805555489 -193.04873750000021 7.548025000000508 -143.69014999999987 155.00246250000035 50.65929999999981
decision_type=2 2 2 2 2 2
left_child=2 -2 3 -1 -4 -3
right_child=1 5 4 -5 -6 -7
leaf_value=37.409592767658339 45.17937162002292 71.275713738257423 46.999390549080786 42.77556353864432 54.33169874443626 81.659493161883532
leaf_weight=2004 161 417 1583 2860 609 430
leaf_count=2004 161 417 1583 2860 609 430
internal_value=46.7456 71.5699 43.1963 40.5633 49.039 76.5822
internal_weight=8064 1008 7056 4864 2192 847
internal_count=8064 1008 7056 4864 2192 847
is_linear=0
shrinkage=1


Tree=1
num_leaves=7
num_cat=0
split_feature=4 3 3 1 3 3
split_gain=2.56616e+08 4.8252e+07 3.92002e+07 1.24203e+07 8.63136e+06 8.18629e+06
threshold=308.30396805555489 -206.42164999999974 7.548025000000508 -86.683350000000686 128.92072499999998 50.65929999999981
decision_type=2 2 2 2 2 2
left_child=2 -2 3 -1 -4 -3
right_child=1 5 4 -5 -6 -7
leaf_value=-8.4394545026039527 -1.9697067704929669 23.192050505022632 -0.22623518543848942 -3.383838997268088 6.2697278862185968 33.172214386800604
leaf_weight=2394 156 422 1381 2470 811 430
leaf_count=2394 156 422 1381 2470 811 430
internal_value=0.000324876 23.5859 -3.37191 -5.87337 2.17892 28.262
internal_weight=8064 1008 7056 4864 2192 852
internal_count=8064 1008 7056 4864 2192 852
is_linear=0
shrinkage=0.05


Tree=2
num_leaves=7
num_cat=0
split_feature=4 3 3 1 3 3
split_gain=2.31645e+08 4.35775e+07 3.53806e+07 1.12267e+07 7.86711e+06 7.23633e+06
threshold=308.30396805555489 -193.04873750000021 7.548025000000508 -71.00654999999982 155.00246250000035 106.52927500000011
decision_type=2 2 2 2 2 2
left_child=2 -2 3 -1 -4 -3
right_child=1 5 4 -5 -6 -7
leaf_value=-7.9211893033790206 -1.4293884848370966 23.496741775946301 0.21095791882035708 -3.113658603372226 6.8944073172084614 33.407198490508613
leaf_weight=2494 161 556 1583 2370 609 291
leaf_count=2494 161 556 1583 2370 609 291
internal_value=0.000610061 22.4093 -3.20336 -5.57983 2.07011 26.937
internal_weight=8064 1008 7056 4864 2192 847
internal_count=8064 1008 7056 4864 2192 847
is_linear=0
shrinkage=0.05


Tree=3
num_leaves=7
num_cat=0
split_feature=4 3 3 1 3 3
split_gain=2.09108e+08 3.93991e+07 3.21129e+07 1.01646e+07 8.03888e+06 6.86246e+06
threshold=308.30396805555489 -206.42164999999974 -6.523387499999898 -143.69014999999987 128.92072499999998 50.65929999999981
decision_type=2 2 2 2 2 2
left_child=2 -2 3 -1 -4 -3
right_child=1 5 4 -5 -6 -7
leaf_value=-8.224446537715691 -1.8008343933684055 20.877861718266288 -0.41579857253023705 -3.4839562577025727 5.6954633810617068 30.010776864514277
leaf_weight=1946 156 422 1595 2704 811 430
leaf_count=1946 156 422 1595 2704 811 430
internal_value=0.000899193 21.2916 -3.04322 -5.46917 1.64566 25.517
internal_weight=8064 1008 7056 4650 2406 852
internal_count=8064 1008 7056 4650 2406 852
is_linear=0
shrinkage=0.05


Tree=4
num_leaves=7
num_cat=0
split_feature=4 3 3 1 3 11
split_gain=1.8876e+08 3.55675e+07 2.89839e+07 9.17413e+06 7.256e+06 6.27251e+06
threshold=308.30396805555489 -206.42164999999974 -6.523387499999898 -143.69014999999987 128.92072499999998 0.55543802234893513
decision_type=2 2 2 2 2 2
left_child=2 -2 3 -1 -4 -3
right_child=1 5 4 -5 -6 -7
leaf_value=-7.8134353931861229 -1.7113661610017159 27.215602439806378 -0.39502177367279812 -3.3098228027098666 5.4110409382950939 17.86560509324509
leaf_weight=1946 156 579 1595 2704 811 273
leaf_count=1946 156 579 1595 2704 811 273
internal_value=0.00111864 20.2295 -2.8911 -5.19584 1.56349 24.2441
internal_weight=8064 1008 7056 4650 2406 852
internal_count=8064 1008 7056 4650 2406 852
is_linear=0
shrinkage=0.05


Tree=5
num_leaves=7
num_cat=0
split_feature=4 5 3 1 3 3
split_gain=1.7039e+08 3.23747e+07 2.62687e+07 9.27126e+06 6.52469e+06 4.98059e+06
threshold=308.30396805555489 1.0000000180025095e-35 32.976787500000235 -71.00654999999982 50.65929999999981 192.77243749999937
decision_type=2 2 2 2 2 2
left_child=2 4 3 -1 -2 -4
right_child=1 -3 5 -5 -6 -7
leaf_value=-6.6508817691303053 18.45949989159902 -2.713018611258474 0.97706444612822474 -2.4238711380326108 27.277581332399237 7.2285896957578037
leaf_weight=2640 434 144 1456 2553 430 407
leaf_count=2640 434 144 1456 2553 430 407
internal_value=0.00129376 19.2202 -2.74659 -4.57365 22.8746 2.34595
internal_weight=8064 1008 7056 5193 864 1863
internal_count=8064 1008 7056 5193 864 1863
is_linear=0
shrinkage=0.05


Tree=6
num_leaves=7
num_cat=0
split_feature=4 3 3 3 1 3
split_gain=1.53809e+08 2.92548e+07 2.4137e+07 7.85353e+06 6.77948e+06 5.57839e+06
threshold=308.30396805555489 -193.04873750000021 -55.75125000000002 128.92072499999998 -71.00654999999982 116.1695875000005
decision_type=2 2 2 2 2 2
left_child=2 -2 4 -4 -1 -3
right_child=1 5 3 -5 -6 -7
leaf_value=-7.1040992180128617 -1.2703002634423752 19.183407253443992 -0.79536561258975302 4.9353557211718542 -2.9639604972672426 28.098627719951676
leaf_weight=2129 161 585 2266 811 1850 262
leaf_count=2129 161 585 2266 811 1850 262
internal_value=0.00149038 18.2613 -2.60927 0.716184 -5.18041 21.971
internal_weight=8064 1008 7056 3077 3979 847
internal_count=8064 1008 7056 3077 3979 847
is_linear=0
shrinkage=0.05


Tree=7
num_leaves=7
num_cat=0
split_feature=4 5 3 3 1 3
split_gain=1.38845e+08 2.66739e+07 2.19178e+07 9.6303e+06 5.67716e+06 5.45293e+06
threshold=308.30396805555489 1.0000000180025095e-35 -157.73973749999956 128.92072499999998 -58.540400000000311 59.123249999999878
decision_type=2 2 2 2 2 2
left_child=2 5 4 -4 -1 -2
right_child=1 -3 3 -5 -6 -7
leaf_value=-7.8614987457918009 16.840849490574353 -2.557544325713454 -1.3666171170545216 4.6888918238467188 -3.3274585143024327 24.912698702514174
leaf_weight=1595 457 144 3429 811 1221 407
leaf_count=1595 457 144 3429 811 1221 407
internal_value=0.0016644 17.3505 -2.47885 -0.207526 -5.89745 20.6676
internal_weight=8064 1008 7056 4240 2816 864
internal_count=8064 1008 7056 4240 2816 864
is_linear=0
shrinkage=0.05


Tree=8
num_leaves=7
num_cat=0
split_feature=4 5 3 3 3 3
split_gain=1.25334e+08 2.40804e+07 2.00654e+07 7.4037e+06 5.03156e+06 4.98802e+06
threshold=308.30396805555489 1.0000000180025095e-35 -6.523387499999898 -457.02874999999989 106.52927500000011 155.00246250000035
decision_type=2 2 2 2 2 2
left_child=2 4 3 -1 -2 -4
right_child=1 -3 5 -5 -6 -7
leaf_value=-9.5285037415222913 16.854370463948424 -2.430548953249537 0.025283405186403315 -3.5140540337407176 25.03867959290335 5.2580858279447087
leaf_weight=585 573 144 1797 4065 291 609
leaf_count=585 573 144 1797 4065 291 609
internal_value=0.00177539 16.4849 -2.35496 -4.2726 19.6367 1.35143
internal_weight=8064 1008 7056 4650 864 2406
internal_count=8064 1008 7056 4650 864 2406
is_linear=0
shrinkage=0.05


Tree=9
num_leaves=7
num_cat=0
split_feature=4 3 3 5 11 1
split_gain=1.13139e+08 2.18957e+07 1.83431e+07 8.24446e+06 5.27263e+06 5.06836e+06
threshold=308.30396805555489 -193.04873750000021 -157.73973749999956 1.0000000180025095e-35 0.55543802234893513 -58.540400000000311
decision_type=2 2 2 2 2 2
left_child=2 -2 5 -4 -3 -1
right_child=1 4 3 -5 -6 -7
leaf_value=-7.2203464599760414 -1.233916034411501 21.5840149422521 -1.1434878010968426 4.7779148759740471 13.018143475979457 -2.9366907759504044
leaf_weight=1595 161 577 3536 704 270 1221
leaf_count=1595 161 577 3536 704 270 1221
internal_value=0.00188316 15.6626 -2.23727 -0.159417 18.872 -5.36468
internal_weight=8064 1008 7056 4240 847 2816
internal_count=8064 1008 7056 4240 847 2816
is_linear=0
shrinkage=0.05


Tree=10
num_leaves=7
num_cat=0
split_feature=4 5 3 3 3 5
split_gain=1.02129e+08 1.98243e+07 1.72612e+07 7.02774e+06 4.63818e+06 3.78336e+06
threshold=308.30396805555489 1.0000000180025095e-35 32.976787500000235 -457.02874999999989 1.0000000180025095e-35 1.0000000180025095e-35
decision_type=2 2 2 2 2 2
left_child=2 4 3 -1 -2 -4
right_child=1 -3 5 -5 -6 -7
leaf_value=-8.7652248769426411 12.728796704094131 -2.2810299917336168 1.0055726389424542 -2.9498305208041025 20.47554181296125 7.0957235382619448
leaf_weight=585 307 144 1559 4608 557 304
leaf_count=585 307 144 1559 4608 557 304
internal_value=0.00195545 14.8811 -2.12545 -3.60651 17.7408 2.00262
internal_weight=8064 1008 7056 5193 864 1863
internal_count=8064 1008 7056 5193 864 1863
is_linear=0
shrinkage=0.05


Tree=11
num_leaves=7
num_cat=0
split_feature=4 3 3 1 11 5
split_gain=9.21889e+07 1.79781e+07 1.58486e+07 7.65539e+06 4.76087e+06 2.56109e+06
threshold=308.30396805555489 -206.42164999999974 85.540887500000522 -71.00654999999982 0.55543802234893513 1.0000000180025095e-35
decision_type=2 2 2 2 2 2
left_child=2 -2 3 -1 -3 -4
right_child=1 4 5 -5 -6 -7
leaf_value=-4.9368728666576978 -1.4590102994423004 19.569823860474703 2.1336681701886984 -1.3144618469696414 11.476028125825591 8.276485885467892
leaf_weight=2880 156 579 1017 2956 273 203
leaf_count=2880 156 579 1017 2956 273 203
internal_value=0.00202701 14.1386 -2.0192 -3.10262 16.9929 3.16173
internal_weight=8064 1008 7056 5836 852 1220
internal_count=8064 1008 7056 5836 852 1220
is_linear=0
shrinkage=0.05


Tree=12
num_leaves=7
num_cat=0
split_feature=4 5 3 15 3 1
split_gain=8.32161e+07 1.63017e+07 1.48273e+07 7.55511e+06 4.27155e+06 4.00684e+06
threshold=308.30396805555489 1.0000000180025095e-35 -169.57989999999992 5751.5972574652778 155.00246250000035 -143.69014999999987
decision_type=2 2 2 2 2 2
left_child=2 4 5 -4 -2 -1
right_child=1 -3 3 -5 -6 -7
leaf_value=-6.9218748639909116 14.264502497724548 -2.1293310723119769 1.1758405213060834 -3.4603685463105585 23.251079073974068 -3.0483954063310534
leaf_weight=1241 697 144 3147 1218 167 1450
leaf_count=1241 697 144 3147 1218 167 1450
internal_value=0.00213483 13.4332 -1.91821 -0.118333 16.0264 -4.83662
internal_weight=8064 1008 7056 4365 864 2691
internal_count=8064 1008 7056 4365 864 2691
is_linear=0
shrinkage=0.05


Tree=13
num_leaves=7
num_cat=0
split_feature=4 3 3 3 11 5
split_gain=7.51214e+07 1.51286e+07 1.39711e+07 6.65129e+06 3.51118e+06 2.34344e+06
threshold=308.30396805555489 -75.290825000000027 85.540887500000522 -428.62941250000034 0.65918890865110003 1.0000000180025095e-35
decision_type=2 2 2 2 2 2
left_child=2 -2 3 -1 -3 -4
right_child=1 4 5 -5 -6 -7
leaf_value=-7.3867839806909448 3.0642654272305512 18.847687552049177 2.0585290569206425 -2.2125097638587889 11.005525161137859 7.9345911595605179
leaf_weight=706 288 515 1017 5130 205 203
leaf_count=706 288 515 1017 5130 205 203
internal_value=0.00217148 12.7632 -1.82239 -2.83962 16.6332 3.04196
internal_weight=8064 1008 7056 5836 720 1220
internal_count=8064 1008 7056 5836 720 1220
is_linear=0
shrinkage=0.05


Tree=14
num_leaves=7
num_cat=0
split_feature=4 3 3 15 15 11
split_gain=6.7813e+07 1.37909e+07 1.2969e+07 5.55763e+06 5.38835e+06 3.86917e+06
threshold=308.30396805555489 -193.04873750000021 -55.75125000000002 5751.5972574652778 5751.5972574652778 0.55543802234893513
decision_type=2 2 2 2 2 2
left_child=2 -2 3 -1 -4 -3
right_child=1 5 4 -5 -6 -7
leaf_value=-3.1139069997932709 -1.2810963297331774 16.993329307509129 2.1901624073492711 -10.585933578326909 -2.2420101429844341 9.6725129098249987
leaf_weight=3713 161 577 2047 266 1030 270
leaf_count=3713 161 577 2047 266 1030 270
internal_value=0.00226944 12.1267 -1.73127 -3.61595 0.706283 14.6738
internal_weight=8064 1008 7056 3979 3077 847
internal_count=8064 1008 7056 3979 3077 847
is_linear=0
shrinkage=0.05


Tree=15
num_leaves=7
num_cat=0
split_feature=4 3 3 1 11 3
split_gain=6.12139e+07 1.27327e+07 1.20527e+07 6.15986e+06 2.87806e+06 2.34992e+06
threshold=308.30396805555489 -75.290825000000027 85.540887500000522 -14.425100000000382 0.65918890865110003 216.87490000000028
decision_type=2 2 2 2 2 2
left_child=2 -2 3 -1 -3 -4
right_child=1 4 5 -5 -6 -7
leaf_value=-4.0118333668777195 2.6245471659777078 17.076844349324471 1.6082432841780658 -0.73421179940975501 9.9766421556762133 6.6837449881983435
leaf_weight=3303 288 515 917 2533 205 303
leaf_count=3303 288 515 917 2533 205 303
internal_value=0.00222812 11.5216 -1.6448 -2.58962 15.0719 2.87324
internal_weight=8064 1008 7056 5836 720 1220
internal_count=8064 1008 7056 5836 720 1220
is_linear=0
shrinkage=0.05


Tree=16
num_leaves=7
num_cat=0
split_feature=4 5 3 5 3 3
split_gain=5.52583e+07 1.17684e+07 1.13237e+07 6.76602e+06 3.4876e+06 3.45826e+06
threshold=308.30396805555489 1.0000000180025095e-35 -169.57989999999992 1.0000000180025095e-35 -565.01974999999982 155.00246250000035
decision_type=2 2 2 2 2 2
left_child=2 5 4 -4 -1 -2
right_child=1 -3 3 -5 -6 -7
leaf_value=-10.076498925315009 11.56971595183143 -2.2729255301171336 -0.86774828140406512 4.421441824485516 -3.5675903135215159 19.639665172213601
leaf_weight=224 697 144 3641 724 2467 167
leaf_count=224 697 144 3641 724 2467 167
internal_value=0.00232265 10.947 -1.56254 0.0103541 -4.11294 13.1504
internal_weight=8064 1008 7056 4365 2691 864
internal_count=8064 1008 7056 4365 2691 864
is_linear=0
shrinkage=0.05


Tree=17
num_leaves=7
num_cat=0
split_feature=4 3 3 15 1 11
split_gain=4.98832e+07 1.0663e+07 1.05528e+07 5.7668e+06 3.46223e+06 2.55126e+06
threshold=308.30396805555489 -75.290825000000027 16.170949999999724 5751.5972574652778 68.114999999999796 0.65918890865110003
decision_type=2 2 2 2 2 2
left_child=2 -2 3 -1 -4 -3
right_child=1 5 4 -5 -6 -7
leaf_value=-2.1537462281458661 2.2597633628542035 15.536252054121604 -0.47016887815325648 -7.7149407149276445 3.604695890778888 8.8589457585973648
leaf_weight=4450 288 515 1078 520 1008 205
leaf_count=4450 288 515 1078 520 1008 205
internal_value=0.00232336 10.4011 -1.48448 -2.73704 1.49968 13.65
internal_weight=8064 1008 7056 4970 2086 720
internal_count=8064 1008 7056 4970 2086 720
is_linear=0
shrinkage=0.05


Tree=18
num_leaves=7
num_cat=0
split_feature=4 5 3 15 1 1
split_gain=4.50305e+07 9.95364e+06 9.87381e+06 6.31115e+06 3.25933e+06 3.03395e+06
threshold=308.30396805555489 1.0000000180025095e-35 -169.57989999999992 5751.5972574652778 -143.69014999999987 628.06115000000034
decision_type=2 2 2 2 2 2
left_child=2 5 4 -4 -1 -2
right_child=1 -3 3 -5 -6 -7
leaf_value=-5.6722237671990907 8.8942481203916586 -2.2745474540570689 1.2412343143205025 -2.996140161690847 -2.1796890926948502 14.868288963382273
leaf_weight=1241 430 144 3147 1218 1450 434
leaf_count=1241 430 144 3147 1218 1450 434
internal_value=0.00233072 9.88238 -1.4103 0.0584312 -3.79184 11.9088
internal_weight=8064 1008 7056 4365 2691 864
internal_count=8064 1008 7056 4365 2691 864
is_linear=0
shrinkage=0.05


Tree=19
num_leaves=7
num_cat=0
split_feature=4 3 3 15 17 3
split_gain=4.06486e+07 9.47575e+06 8.99875e+06 5.21862e+06 2.99677e+06 2.12507e+06
threshold=308.30396805555489 85.540887500000522 -206.42164999999974 5751.5972574652778 185.48630000000006 216.87490000000028
decision_type=2 2 2 2 2 2
left_child=1 3 -2 -1 -4 -3
right_child=2 5 4 -5 -6 -7
leaf_value=-1.586613969914062 -1.6423103991682364 1.4632723125221294 12.802191686988388 -5.9623382339074382 5.0512033003953194 6.2896859864753338
leaf_weight=5049 156 917 698 787 154 303
leaf_count=5049 156 917 698 787 154 303
internal_value=0.00228781 -1.33986 9.38932 -2.17761 11.4088 2.66613
internal_weight=8064 7056 1008 5836 852 1220
internal_count=8064 7056 1008 5836 852 1220
is_linear=0
shrinkage=0.05


Tree=20
num_leaves=7
num_cat=0
split_feature=4 3 3 5 15 11
split_gain=3.66912e+07 8.76883e+06 8.31386e+06 4.34093e+06 4.32896e+06 2.20147e+06
threshold=308.30396805555489 -55.75125000000002 -75.290825000000027 1.0000000180025095e-35 5751.5972574652778 0.65918890865110003
decision_type=2 2 2 2 2 2
left_child=1 4 -2 -3 -1 -4
right_child=2 3 5 -5 -6 -7
leaf_value=-2.3796500238982197 1.732917821262947 -0.11316171842912698 13.539377588004797 4.9057231445217866 -8.9735305237189671 7.3486065792805952
leaf_weight=3713 288 2560 515 517 266 205
leaf_count=3713 288 2560 515 517 266 205
internal_value=0.00227522 -1.27286 8.92066 0.731435 -2.8226 11.7894
internal_weight=8064 7056 1008 3077 3979 720
internal_count=8064 7056 1008 3077 3979 720
is_linear=0
shrinkage=0.05


Tree=21
num_leaves=7
num_cat=0
split_feature=4 1 8 5 3 3
split_gain=3.31218e+07 8.48406e+06 8.25213e+06 7.66251e+06 4.3663e+06 2.79314e+06
threshold=308.30396805555489 14.694950000000064 1.0000000180025095e-35 1.0000000180025095e-35 -206.42164999999974 155.00246250000035
decision_type=2 2 2 2 2 2
left_child=1 4 -3 5 -1 -2
right_child=3 2 -4 -5 -6 -7
leaf_value=-4.8856892540319379 8.8383886452314631 2.5292032770223845 -2.9796806534640119 -2.1895423131359038 -1.4544186287565988 16.073316564623799
leaf_weight=1486 697 2100 1004 144 2466 167
leaf_count=1486 697 2100 1004 144 2466 167
internal_value=0.00226103 -1.20927 0.746949 8.47575 -2.74553 10.2538
internal_weight=8064 7056 3104 1008 3952 864
internal_count=8064 7056 3104 1008 3952 864
is_linear=0
shrinkage=0.05


Tree=22
num_leaves=7
num_cat=0
split_feature=4 3 3 3 11 5
split_gain=2.99e+07 7.78255e+06 6.95574e+06 5.07269e+06 1.99166e+06 1.69593e+06
threshold=308.30396805555489 116.1695875000005 -75.290825000000027 -457.02874999999989 0.27976242230339698 1.0000000180025095e-35
decision_type=2 2 2 2 2 2
left_child=1 3 -2 -1 -4 -3
right_child=2 5 4 -5 -6 -7
leaf_value=-6.2107094874729505 1.4790178149629218 2.2201386865808344 12.914372102873665 -1.3194106980906024 7.5301028557565832 8.078688097402857
leaf_weight=585 288 757 419 5567 301 147
leaf_count=585 288 757 419 5567 301 147
internal_value=0.00224674 -1.14885 8.05309 -1.78546 10.677 3.18068
internal_weight=8064 7056 1008 6152 720 904
internal_count=8064 7056 1008 6152 720 904
is_linear=0
shrinkage=0.05


Tree=23
num_leaves=7
num_cat=0
split_feature=4 1 8 5 3 17
split_gain=2.69914e+07 7.52734e+06 8.85334e+06 6.48106e+06 4.08098e+06 2.44714e+06
threshold=308.30396805555489 53.94130000000019 1.0000000180025095e-35 1.0000000180025095e-35 -206.42164999999974 185.48630000000006
decision_type=2 2 2 2 2 2
left_child=1 4 -3 5 -1 -2
right_child=3 2 -4 -5 -6 -7
leaf_value=-4.407554827717953 10.506061205837902 3.1400836105270447 -2.7644136314590773 -2.1563474844653032 -1.2204031883582924 3.451775628283916
leaf_weight=1584 714 1723 1004 144 2745 150
leaf_count=1584 714 1723 1004 144 2745 150
internal_value=0.00228746 -1.09139 0.966007 7.65152 -2.38734 9.28677
internal_weight=8064 7056 2727 1008 4329 864
internal_count=8064 7056 2727 1008 4329 864
is_linear=0
shrinkage=0.05


Tree=24
num_leaves=7
num_cat=0
split_feature=4 1 8 3 4 11
split_gain=2.43634e+07 6.81088e+06 5.94703e+06 5.87918e+06 3.28406e+06 2.40452e+06
threshold=308.30396805555489 -14.425100000000382 1.0000000180025095e-35 -206.42164999999974 -20.490138541666507 0.27976242230339698
decision_type=2 2 2 2 2 2
left_child=1 4 -3 -2 -1 -5
right_child=3 2 -4 5 -6 -7
leaf_value=-1.7445613436356702 -1.6454838679094985 1.9682291817703943 -2.6263304507391374 11.149353831539671 -5.3944677912784966 5.7329080579111755
leaf_weight=2918 156 2353 1004 497 781 355
leaf_count=2918 156 2353 1004 497 781 355
internal_value=0.0022137 -1.03686 0.593731 7.26953 -2.51645 8.90187
internal_weight=8064 7056 3357 1008 3699 852
internal_count=8064 7056 3357 1008 3699 852
is_linear=0
shrinkage=0.05


Tree=25
num_leaves=7
num_cat=0
split_feature=4 3 3 15 1 15
split_gain=2.19924e+07 6.59626e+06 5.49781e+06 4.83182e+06 2.63623e+06 1.85574e+06
threshold=308.30396805555489 85.540887500000522 1.0000000180025095e-35 5751.5972574652778 176.94060000000039 5751.5972574652778
decision_type=2 2 2 2 2 2
left_child=1 3 4 -1 -2 -3
right_child=2 5 -4 -5 -6 -7
leaf_value=-1.1154858233681557 -1.4898750717960187 4.0053609915328829 10.219204003911313 -5.3256541314601034 6.1987911461359007 0.05170168785780084
leaf_weight=5049 200 711 558 787 250 509
leaf_count=5049 200 711 558 787 250 509
internal_value=0.00214913 -0.985069 6.90681 -1.68405 2.78588 2.35724
internal_weight=8064 7056 1008 5836 450 1220
internal_count=8064 7056 1008 5836 450 1220
is_linear=0
shrinkage=0.05


Tree=26
num_leaves=7
num_cat=0
split_feature=4 3 15 3 15 3
split_gain=1.98522e+07 6.48317e+06 5.38794e+06 5.02102e+06 2.90886e+06 1.72006e+06
threshold=308.30396805555489 -193.04873750000021 5751.5972574652778 -75.290825000000027 5704.3939767361126 155.00246250000035
decision_type=2 2 2 2 2 2
left_child=1 4 -3 -2 -1 -5
right_child=3 2 -4 5 -6 -7
leaf_value=-2.5357315047559714 0.97785513966141269 1.2091834708998439 -2.6386663634374847 7.4233888420064531 -9.2296814314297269 13.250638190929644
leaf_weight=2273 288 3363 1246 553 174 167
leaf_count=2273 288 3363 1246 553 174 167
internal_value=0.00211944 -0.935833 0.168607 6.5622 -3.0153 8.79149
internal_weight=8064 7056 4609 1008 2447 720
internal_count=8064 7056 4609 1008 2447 720
is_linear=0
shrinkage=0.05


Tree=27
num_leaves=7
num_cat=0
split_feature=4 3 17 5 17 3
split_gain=1.79225e+07 6.01975e+06 4.8991e+06 4.5969e+06 2.16989e+06 1.17886e+06
threshold=308.30396805555489 128.92072499999998 42.693224999999536 1.0000000180025095e-35 185.48630000000006 216.87490000000028
decision_type=2 2 2 2 2 2
left_child=1 2 -1 4 -2 -3
right_child=3 5 -4 -5 -6 -7
leaf_value=-0.25923186162469125 8.7599113536484605 1.6831834885374093 -3.1114866677203805 -2.0237569136044078 2.1284257960240573 5.6248933701432851
leaf_weight=3714 714 508 2531 144 150 303
leaf_count=3714 714 508 2531 144 150 303
internal_value=0.00206591 -0.889135 -1.41552 6.23517 7.6124 3.16097
internal_weight=8064 7056 6245 1008 864 811
internal_count=8064 7056 6245 1008 864 811
is_linear=0
shrinkage=0.05


Tree=28
num_leaves=7
num_cat=0
split_feature=4 1 8 3 17 1
split_gain=1.6177e+07 5.80579e+06 7.31182e+06 4.35824e+06 3.32741e+06 2.13468e+06
threshold=308.30396805555489 53.94130000000019 1.0000000180025095e-35 1.0000000180025095e-35 42.693224999999536 176.94060000000039
decision_type=2 2 2 2 2 2
left_child=1 4 -3 5 -1 -2
right_child=3 2 -4 -5 -6 -7
leaf_value=-0.77569568537602018 -1.5911289105219628 2.9379312452724045 -2.4279840190753124 8.8728971932563194 -3.5748525899143049 5.3268148806940516
leaf_weight=2463 200 1723 1004 558 1866 250
leaf_count=2463 200 1723 1004 558 1866 250
internal_value=0.002042 -0.84465 0.962196 5.92385 -1.98281 2.25546
internal_weight=8064 7056 2727 1008 4329 450
internal_count=8064 7056 2727 1008 4329 450
is_linear=0
shrinkage=0.05


Tree=29
num_leaves=7
num_cat=0
split_feature=4 3 5 1 3 3
split_gain=1.46027e+07 5.62334e+06 5.37837e+06 4.02429e+06 2.72568e+06 1.8246e+06
threshold=308.30396805555489 -169.57989999999992 1.0000000180025095e-35 628.06115000000034 -565.01974999999982 -234.04097500000009
decision_type=2 2 2 2 2 2
left_child=1 4 -3 5 -1 -2
right_child=3 2 -4 -5 -6 -7
leaf_value=-7.8696585538122399 -1.9696873226394391 -0.47706205758078452 4.2386747624545267 9.2497183988434735 -2.118216312241632 4.507302016471372
leaf_weight=224 145 3641 724 435 2467 428
leaf_count=224 145 3641 724 435 2467 428
internal_value=0.00199425 -0.802445 0.305905 5.62828 -2.59971 2.8677
internal_weight=8064 7056 4365 1008 2691 573
internal_count=8064 7056 4365 1008 2691 573
is_linear=0
shrinkage=0.05


Tree=30
num_leaves=7
num_cat=0
split_feature=4 3 15 3 15 0
split_gain=1.31816e+07 5.22638e+06 4.51155e+06 3.68629e+06 2.55014e+06 1.90293e+06
threshold=308.30396805555489 1.0000000180025095e-35 5751.5972574652778 1.0000000180025095e-35 5751.5972574652778 4246.9783500000012
decision_type=2 2 2 2 2 2
left_child=1 2 -1 5 -3 -2
right_child=3 4 -4 -5 -6 -7
leaf_value=-1.209529812446646 6.3330064402696511 2.4661311741677325 -6.4662620400121966 8.0595877452198703 -0.98602244075532863 -0.44448645801068998
leaf_weight=4308 160 1452 450 558 846 290
leaf_count=4308 160 1452 450 558 846 290
internal_value=0.00192901 -0.762367 -1.70795 5.34745 1.19536 1.97399
internal_weight=8064 7056 4758 1008 2298 450
internal_count=8064 7056 4758 1008 2298 450
is_linear=0
shrinkage=0.05


Tree=31
num_leaves=7
num_cat=0
split_feature=4 1 8 1 17 17
split_gain=1.18994e+07 4.98662e+06 6.44517e+06 3.42175e+06 2.99279e+06 1.54046e+06
threshold=308.30396805555489 53.94130000000019 1.0000000180025095e-35 628.06115000000034 42.693224999999536 -22.178262500000297
decision_type=2 2 2 2 2 2
left_child=1 4 -3 5 -1 -2
right_child=3 2 -4 -5 -6 -7
leaf_value=-0.63435119605015977 5.5158617702090309 2.8051683623879597 -2.2327321371219275 8.4199989452684694 -3.2889675887071101 0.28341190465158078
leaf_weight=2463 246 1723 1004 435 1866 327
leaf_count=2463 246 1723 1004 435 1866 327
internal_value=0.00188061 -0.724292 0.950225 5.08077 -1.77911 2.5355
internal_weight=8064 7056 2727 1008 4329 573
internal_count=8064 7056 2727 1008 4329 573
is_linear=0
shrinkage=0.05


Tree=32
num_leaves=7
num_cat=0
split_feature=4 18 3 3 3 1
split_gain=1.07421e+07 4.81987e+06 3.19637e+06 2.92688e+06 2.5931e+06 1.64948e+06
threshold=308.30396805555489 -53.324924999999432 1.0000000180025095e-35 -522.42896250000001 155.00246250000035 176.94060000000039
decision_type=2 2 2 2 2 2
left_child=1 4 5 -3 -1 -2
right_child=2 3 -4 -5 -6 -7
leaf_value=-2.8517465843750864 -1.6936165302398789 -5.8424294283208642 7.3528376223736034 0.60015066076807511 2.6192727962461841 4.3867066554339287
leaf_weight=2429 200 183 558 4207 237 250
leaf_count=2429 200 183 558 4207 237 250
internal_value=0.00185398 -0.688101 4.82744 0.330318 -2.36459 1.68658
internal_weight=8064 7056 1008 4390 2666 450
internal_count=8064 7056 1008 4390 2666 450
is_linear=0
shrinkage=0.05


Tree=33
num_leaves=7
num_cat=0
split_feature=4 3 5 1 15 15
split_gain=9.69672e+06 4.66149e+06 4.75579e+06 2.91847e+06 2.58826e+06 1.83173e+06
threshold=308.30396805555489 -193.04873750000021 1.0000000180025095e-35 384.27425000000045 5573.9836552951392 5312.0413552951395
decision_type=2 2 2 2 2 2
left_child=1 4 -3 5 -1 -2
right_child=3 2 -4 -5 -6 -7
leaf_value=-1.5224031923373431 4.5320495385595638 -0.43516308191423109 3.8747114635024142 6.6111478558793584 -5.375376556561867 -2.5335272893879583
leaf_weight=1880 183 3842 767 643 567 182
leaf_count=1880 183 3842 767 643 567 182
internal_value=0.00178961 -0.653735 0.282743 4.58656 -2.41702 1.01164
internal_weight=8064 7056 4609 1008 2447 365
internal_count=8064 7056 4609 1008 2447 365
is_linear=0
shrinkage=0.05


Tree=34
num_leaves=7
num_cat=0
split_feature=1 8 1 3 15 4
split_gain=9.19401e+06 5.90248e+06 3.90904e+06 3.77296e+06 4.18118e+06 3.43376e+06
threshold=53.94130000000019 1.0000000180025095e-35 225.33485000000044 -346.35775000000007 5815.9305717881953 619.33039999999949
decision_type=2 2 2 2 2 2
left_child=3 2 -2 -1 -5 -3
right_child=1 5 -4 4 -6 -7
leaf_value=-4.2819834081261758 1.3122098696458737 -2.0446886266560402 5.3914159915150979 -0.00017968120167225247 -4.6458858718836886 6.1864976993922536
leaf_weight=948 1168 1004 1182 3043 575 144
leaf_count=948 1168 1004 1182 3043 575 144
internal_value=0.00173206 1.93031 3.36538 -1.47584 -0.73959 -1.00772
internal_weight=8064 3498 2350 4566 3618 1148
internal_count=8064 3498 2350 4566 3618 1148
is_linear=0
shrinkage=0.05


Tree=35
num_leaves=7
num_cat=0
split_feature=3 17 3 4 18 5
split_gain=8.37462e+06 5.1344e+06 3.84564e+06 2.77849e+06 2.16139e+06 1.2375e+06
threshold=116.1695875000005 42.693224999999536 -522.42896250000001 308.30396805555489 -53.324924999999432 1.0000000180025095e-35
decision_type=2 2 2 2 2 2
left_child=1 2 -1 5 -3 -2
right_child=3 4 -4 -5 -6 -7
leaf_value=-5.6866122614840675 1.7791667880750897 -4.0384112081427359 0.83492851695067383 8.4443016059498373 -1.185934572334876 6.7831294818504437
leaf_weight=239 757 1106 3890 262 1663 147
leaf_count=239 757 1106 3890 262 1663 147
internal_value=0.00165735 -0.660965 0.456155 3.91891 -2.32632 2.59946
internal_weight=8064 6898 4129 1166 2769 904
internal_count=8064 6898 4129 1166 2769 904
is_linear=0
shrinkage=0.05


Tree=36
num_leaves=7
num_cat=0
split_feature=1 8 1 3 15 4
split_gain=8.01382e+06 5.21638e+06 3.39134e+06 3.24622e+06 3.81773e+06 2.97743e+06
threshold=53.94130000000019 1.0000000180025095e-35 225.33485000000044 -346.35775000000007 5815.9305717881953 619.33039999999949
decision_type=2 2 2 2 2 2
left_child=3 2 -2 -1 -5 -3
right_child=1 5 -4 4 -6 -7
leaf_value=-3.98076894021386 1.2388500792550368 -1.9254188049666177 5.0383692272325522 0.011603285726918577 -4.4275934416904219 5.7393603589719744
leaf_weight=948 1168 1004 1182 3043 575 144
leaf_count=948 1168 1004 1182 3043 575 144
internal_value=0.00161745 1.80216 3.15126 -1.37787 -0.694936 -0.959825
internal_weight=8064 3498 2350 4566 3618 1148
internal_count=8064 3498 2350 4566 3618 1148
is_linear=0
shrinkage=0.05


Tree=37
num_leaves=7
num_cat=0
split_feature=3 4 15 3 15 11
split_gain=7.40065e+06 4.4345e+06 4.26025e+06 4.3462e+06 2.20744e+06 1.12655e+06
threshold=1.0000000180025095e-35 308.30396805555489 5751.5972574652778 -522.42896250000001 5751.5972574652778 0.62577451934763018
decision_type=2 2 2 2 2 2
left_child=2 4 3 -1 -2 -3
right_child=1 5 -4 -5 -6 -7
leaf_value=-5.70905545772181 2.256810787438075 7.4325044500355677 -5.7646462131299891 -0.22568647837549183 -0.95499799036923383 2.3977766284957909
leaf_weight=393 1452 403 450 4365 846 155
leaf_count=393 1452 403 450 4365 846 155
internal_value=0.00154709 2.04657 -1.12009 -0.679705 1.07449 6.04076
internal_weight=8064 2856 5208 4758 2298 558
internal_count=8064 2856 5208 4758 2298 558
is_linear=0
shrinkage=0.05


Tree=38
num_leaves=7
num_cat=0
split_feature=3 17 3 15 15 18
split_gain=6.84232e+06 4.56515e+06 3.00049e+06 2.23073e+06 2.57764e+06 1.92992e+06
threshold=116.1695875000005 42.693224999999536 -522.42896250000001 5751.5972574652778 5250.8874146701392 -53.324924999999432
decision_type=2 2 2 2 2 2
left_child=1 2 -1 4 -2 -3
right_child=3 5 -4 -5 -6 -7
leaf_value=-4.9700905229523782 2.4230028824442451 -3.7856110503738907 0.79045451173678039 0.55358770179617056 8.2701502475032722 -1.0902358230297418
leaf_weight=239 407 1106 3890 407 352 1663
leaf_count=239 407 1106 3890 407 352 1663
internal_value=0.0014662 -0.597476 0.455893 3.54226 5.14204 -2.16781
internal_weight=8064 6898 4129 1166 759 2769
internal_count=8064 6898 4129 1166 759 2769
is_linear=0
shrinkage=0.05


Tree=39
num_leaves=7
num_cat=0
split_feature=1 8 1 3 15 4
split_gain=6.62752e+06 4.56159e+06 2.78574e+06 2.78074e+06 3.22106e+06 2.50793e+06
threshold=53.94130000000019 1.0000000180025095e-35 225.33485000000044 -206.42164999999974 5815.9305717881953 619.33039999999949
decision_type=2 2 2 2 2 2
left_child=3 2 -2 -1 -5 -3
right_child=1 5 -4 4 -6 -7
leaf_value=-2.8704596251005396 1.1670961992941014 -1.8301243804699152 4.6107670415926565 0.50060369106239244 -3.7431189891173227 5.2044977954338343
leaf_weight=1679 1168 1004 1182 2335 552 144
leaf_count=1679 1168 1004 1182 2335 552 144
internal_value=0.00140648 1.63883 2.90041 -1.2531 -0.311819 -0.943971
internal_weight=8064 3498 2350 4566 2887 1148
internal_count=8064 3498 2350 4566 2887 1148
is_linear=0
shrinkage=0.05


Tree=40
num_leaves=6
num_cat=0
split_feature=3 15 3 3 15
split_gain=6.11719e+06 4.63262e+06 5.76091e+06 1.66424e+06 1.10881e+06
threshold=192.77243749999937 5751.5972574652778 -206.42164999999974 -93.627462499999623 5315.8755157986116
decision_type=2 2 2 2 2
left_child=1 2 -1 -3 -2
right_child=4 3 -4 -5 -6
leaf_value=-1.7673755953299268 7.5865795224385213 -7.6406200061557161 1.3130770865333998 -2.4745059041174509 2.936922590342852
leaf_weight=2437 257 188 4020 903 259
leaf_count=2437 257 188 4020 903 259
internal_value=0.00135501 -0.358989 0.150359 -3.37091 5.26293
internal_weight=8064 7548 6457 1091 516
internal_count=8064 7548 6457 1091 516
is_linear=0
shrinkage=0.05


Tree=41
num_leaves=7
num_cat=0
split_feature=1 8 15 17 2 0
split_gain=5.68014e+06 4.10952e+06 2.605e+06 2.50098e+06 2.265e+06 1.74624e+06
threshold=53.94130000000019 1.0000000180025095e-35 5718.5162643229169 42.693224999999536 401.54500000000013 7271.7772500000001
decision_type=2 2 2 2 2 2
left_child=3 2 -2 -1 -3 -5
right_child=1 4 -4 5 -6 -7
leaf_value=-0.1409674907104615 3.4762079849856455 -1.8158692564668972 -0.92082424797848172 -1.9216885128882042 4.64753907269733 -6.3228289845815073
leaf_weight=2597 1943 992 407 1710 156 259
leaf_count=2597 1943 992 407 1710 156 259
internal_value=0.00128696 1.51716 2.71461 -1.1601 -0.934286 -2.50353
internal_weight=8064 3498 2350 4566 1148 1969
internal_count=8064 3498 2350 4566 1148 1969
is_linear=0
shrinkage=0.05


Tree=42
num_leaves=6
num_cat=0
split_feature=3 18 3 15 15
split_gain=5.45684e+06 4.21862e+06 2.3533e+06 1.92923e+06 948746
threshold=192.77243749999937 -53.324924999999432 -522.42896250000001 5704.3939767361126 5315.8755157986116
decision_type=2 2 2 2 2
left_child=1 3 -3 -1 -2
right_child=4 2 -4 -5 -6
leaf_value=-1.1894795883398854 7.1203375023435944 -4.5566836926858754 0.82205530421894102 -4.3925735440950433 2.8184468672137997
leaf_weight=2246 257 212 4496 594 259
leaf_count=2246 257 212 4496 594 259
internal_value=0.00120402 -0.339135 0.578936 -1.86073 4.97068
internal_weight=8064 7548 4708 2840 516
internal_count=8064 7548 4708 2840 516
is_linear=0
shrinkage=0.05


Tree=43
num_leaves=7
num_cat=0
split_feature=3 2 15 15 5 17
split_gain=5.1988e+06 3.55614e+06 3.11182e+06 3.07585e+06 2.53793e+06 892374
threshold=-32.590287500000606 453.41964999999988 5751.5972574652778 5274.11605451389 1.0000000180025095e-35 25.995787499999555
decision_type=2 2 2 2 2 2
left_child=2 4 3 -1 -2 -3
right_child=1 5 -4 -5 -6 -7
leaf_value=-2.0513771577861064 0.13583486710307999 6.8429313124267894 -5.6326061272999048 0.6097282804242985 4.2222975029997469 2.669842260073279
leaf_weight=2156 2384 328 346 2186 451 213
leaf_count=2156 2384 328 346 2186 451 213
internal_value=0.0011477 1.49692 -1.07611 -0.711799 0.787181 5.20788
internal_weight=8064 3376 4688 4342 2835 541
internal_count=8064 3376 4688 4342 2835 541
is_linear=0
shrinkage=0.05


Tree=44
num_leaves=6
num_cat=0
split_feature=3 17 4 3 15
split_gain=4.80193e+06 3.95614e+06 2.65554e+06 2.04944e+06 585864
threshold=216.87490000000028 19.512075000000099 308.30396805555489 -382.54771249999948 5751.5972574652778
decision_type=2 2 2 2 2
left_child=1 2 -1 -3 -2
right_child=4 3 -4 -5 -6
leaf_value=0.28312707122603037 7.0091621632568355 -4.6544696018690583 4.0813091032263671 -1.0505958227964969 3.0061837531121509
leaf_weight=3680 233 453 525 3019 154
leaf_count=3680 233 453 525 3019 154
internal_value=0.00113245 -0.273114 0.758193 -1.52201 5.4281
internal_weight=8064 7677 4205 3472 387
internal_count=8064 7677 4205 3472 387
is_linear=0
shrinkage=0.05


Tree=45
num_leaves=7
num_cat=0
split_feature=1 8 15 10 2 2
split_gain=4.61035e+06 3.44849e+06 2.30578e+06 2.24041e+06 3.78519e+06 1.81121e+06
threshold=53.94130000000019 1.0000000180025095e-35 5718.5162643229169 1.0000000180025095e-35 -61.01834999999982 401.54500000000013
decision_type=2 2 2 2 2 2
left_child=3 2 -2 4 -1 -3
right_child=1 5 -4 -5 -6 -7
leaf_value=-0.13618138286659867 3.180272589254082 -1.6671290475331166 -0.95636399357634438 0.87091167062338626 -3.4694828195130953 4.1127184698915782
leaf_weight=1833 1943 992 407 1143 1590 156
leaf_count=1833 1943 992 407 1143 1590 156
internal_value=0.0011296 1.36682 2.46374 -1.04519 -1.68508 -0.878818
internal_weight=8064 3498 2350 4566 3423 1148
internal_count=8064 3498 2350 4566 3423 1148
is_linear=0
shrinkage=0.05


Tree=46
num_leaves=7
num_cat=0
split_feature=3 15 15 15 15 3
split_gain=4.33693e+06 3.40975e+06 4.24594e+06 1.39839e+06 2.25192e+06 1.10766e+06
threshold=116.1695875000005 5751.5972574652778 5274.11605451389 5751.5972574652778 5250.8874146701392 -93.627462499999623
decision_type=2 2 2 2 2 2
left_child=1 2 -1 4 -2 -3
right_child=3 5 -4 -5 -6 -7
leaf_value=-1.3013652115700545 1.5476187630319129 -6.7648183112148521 1.3609254682788712 0.45371962952537137 7.0097763203992045 -2.4436913892159779
leaf_weight=3180 407 188 2829 407 352 701
leaf_count=3180 407 188 2829 407 352 701
internal_value=0.00108511 -0.475757 -0.0479573 2.82005 4.08668 -3.36407
internal_weight=8064 6898 6009 1166 759 889
internal_count=8064 6898 6009 1166 759 889
is_linear=0
shrinkage=0.05


Tree=47
num_leaves=7
num_cat=0
split_feature=3 15 5 15 15 3
split_gain=4.22882e+06 3.85602e+06 9.15712e+06 2.27093e+06 2.7149e+06 1.60441e+06
threshold=-157.73973749999956 5751.5972574652778 1.0000000180025095e-35 5573.9836552951392 5274.11605451389 -326.53921249999979
decision_type=2 2 2 2 2 2
left_child=3 2 -2 4 -1 -5
right_child=1 -3 -4 5 -6 -7
leaf_value=-2.212172253689952 0.77168493697894003 -1.5919034143082316 8.3892902230868955 -7.4361010192380608 1.2605706726600288 -2.3176110038886963
leaf_weight=1314 3420 1201 445 226 983 475
leaf_count=1314 3420 1201 445 226 983 475
internal_value=0.00103 0.881802 1.65069 -1.48709 -0.726112 -3.97604
internal_weight=8064 5066 3865 2998 2297 701
internal_count=8064 5066 3865 2998 2297 701
is_linear=0
shrinkage=0.05


Tree=48
num_leaves=6
num_cat=0
split_feature=3 18 0 3 17
split_gain=4.04844e+06 3.64393e+06 2.04341e+06 1.74841e+06 496631
threshold=216.87490000000028 -53.324924999999432 7271.7772500000001 -346.35775000000007 -22.178262500000297
decision_type=2 2 2 2 2
left_child=1 3 -3 -1 -2
right_child=4 2 -4 -5 -6
leaf_value=-4.2720605698153662 7.0083652460435673 0.82394774706038643 -4.077976246425389 -1.0746381420577718 3.3731846729002961
leaf_weight=521 170 4564 222 2370 217
leaf_count=521 170 4564 222 2370 217
internal_value=0.000959061 -0.250853 0.595766 -1.65214 4.98398
internal_weight=8064 7677 4786 2891 387
internal_count=8064 7677 4786 2891 387
is_linear=0
shrinkage=0.05


Tree=49
num_leaves=7
num_cat=0
split_feature=1 8 3 15 15 4
split_gain=3.86833e+06 3.20232e+06 2.01937e+06 2.2301e+06 1.60238e+06 1.57528e+06
threshold=84.277000000000058 1.0000000180025095e-35 -522.42896250000001 5573.9836552951392 5693.8606594618059 619.33039999999949
decision_type=2 2 2 2 2 2
left_child=2 4 -1 -4 -2 -3
right_child=1 5 3 -5 -6 -7
leaf_value=-4.7601337853111803 3.2652526187164677 -1.4858486932516097 0.27862740754738402 -1.9921882680275027 -0.0093689535912431648 4.0894044297728049
leaf_weight=315 1603 1004 2716 1795 487 144
leaf_count=315 1603 1004 2716 1795 487 144
internal_value=0.000922147 1.33763 -0.896031 -0.625208 2.50258 -0.783563
internal_weight=8064 3238 4826 4511 2090 1148
internal_count=8064 3238 4826 4511 2090 1148
is_linear=0
shrinkage=0.05


Tree=50
num_leaves=7
num_cat=0
split_feature=17 4 4 18 0 0
split_gain=3.75261e+06 2.77023e+06 1.951e+06 1.63546e+06 1.54419e+06 1.29352e+06
threshold=42.693224999999536 308.30396805555489 1.0000000180025095e-35 -7.771250000000463 7271.7772500000001 4246.9783500000012
decision_type=2 2 2 2 2 2
left_child=1 2 -1 -2 -5 -3
right_child=3 5 -4 4 -6 -7
leaf_value=0.64592022022905737 -2.4311066620482848 6.0798841757886111 -4.8856967225850347 0.29699800750903232 -4.9934635253132962 1.4971957679260786
leaf_weight=4013 1624 339 165 1489 151 283
leaf_count=4013 1624 339 165 1489 151 283
internal_value=0.000872235 0.890244 0.426346 -1.3069 -0.192858 4.00058
internal_weight=8064 4800 4178 3264 1640 622
internal_count=8064 4800 4178 3264 1640 622
is_linear=0
shrinkage=0.05


Tree=51
num_leaves=7
num_cat=0
split_feature=3 15 15 2 5 3
split_gain=3.64104e+06 2.54602e+06 3.65851e+06 2.06643e+06 1.55728e+06 1.06876e+06
threshold=1.0000000180025095e-35 5704.3939767361126 5274.11605451389 507.00580000000042 1.0000000180025095e-35 -206.42164999999974
decision_type=2 2 2 2 2 2
left_child=1 2 -1 4 -2 -3
right_child=3 5 -4 -5 -6 -7
leaf_value=-1.6343003989944607 0.33883208272748655 -7.2075954162916602 1.2497862375404185 4.6836686608394933 3.8376881287453024 -2.510844472536264
leaf_weight=2418 2064 150 2015 417 375 625
leaf_count=2418 2064 150 2015 417 375 625
internal_value=0.000805125 -0.785936 -0.323366 1.43522 0.878139 -3.42801
internal_weight=8064 5208 4433 2856 2439 775
internal_count=8064 5208 4433 2856 2439 775
is_linear=0
shrinkage=0.05


Tree=52
num_leaves=7
num_cat=0
split_feature=3 2 4 15 17 3
split_gain=3.49367e+06 3.32728e+06 2.80762e+06 1.46762e+06 883235 764937
threshold=-428.62941250000034 453.41964999999988 -9.1512697916668895 5451.6656580729168 -22.178262500000297 -565.01974999999982
decision_type=2 2 2 2 2 2
left_child=3 2 -2 5 -3 -1
right_child=1 4 -4 -5 -6 -7
leaf_value=-4.3004069325982073 0.49227613994438413 5.0621349197214522 -2.0863723851680098 -6.7215383143027481 1.7720230703218356 -0.49317369996219551
leaf_weight=204 5130 390 1328 211 430 371
leaf_count=204 5130 390 1328 211 430 371
internal_value=0.000757162 0.34292 -0.0382288 -3.16393 3.34109 -1.84903
internal_weight=8064 7278 6458 786 820 575
internal_count=8064 7278 6458 786 820 575
is_linear=0
shrinkage=0.05


Tree=53
num_leaves=6
num_cat=0
split_feature=3 18 3 3 17
split_gain=3.44441e+06 3.09074e+06 1.66007e+06 1.3921e+06 414804
threshold=216.87490000000028 -53.324924999999432 -522.42896250000001 -346.35775000000007 -22.178262500000297
decision_type=2 2 2 2 2
left_child=1 3 -3 -1 -2
right_child=4 2 -4 -5 -6
leaf_value=-3.8599335473102174 6.4472984709847738 -3.7669566338051093 0.74890362283066325 -1.0067988026412287 3.1244600946066576
leaf_weight=521 170 212 4574 2370 217
leaf_count=521 170 212 4574 2370 217
internal_value=0.000680394 -0.231588 0.548125 -1.52213 4.59696
internal_weight=8064 7677 4786 2891 387
internal_count=8064 7677 4786 2891 387
is_linear=0
shrinkage=0.05


Tree=54
num_leaves=7
num_cat=0
split_feature=17 3 15 3 15 15
split_gain=3.29452e+06 2.2248e+06 1.8576e+06 1.40822e+06 1.21874e+06 1.01415e+06
threshold=42.693224999999536 171.37125000000017 5815.9305717881953 -206.42164999999974 5274.11605451389 5590.2722439236122
decision_type=2 2 2 2 2 2
left_child=1 2 -1 5 -5 -2
right_child=3 -3 -4 4 -6 -7
leaf_value=0.84827053502226579 -2.1148975136181747 4.5479753898111204 -2.6886602313674461 -1.8463413008357001 0.4873701308164381 -6.5704486685675505
leaf_weight=4021 844 371 408 996 1274 150
leaf_count=4021 844 371 408 996 1274 150
internal_value=0.000656837 0.833978 0.521915 -1.2247 -0.536946 -2.79319
internal_weight=8064 4800 4429 3264 2270 994
internal_count=8064 4800 4429 3264 2270 994
is_linear=0
shrinkage=0.05


Tree=55
num_leaves=7
num_cat=0
split_feature=17 4 4 3 18 0
split_gain=2.978e+06 1.98572e+06 1.79628e+06 1.50291e+06 1.33826e+06 954849
threshold=19.512075000000099 308.30396805555489 1.0000000180025095e-35 -382.54771249999948 -7.771250000000463 4246.9783500000012
decision_type=2 2 2 2 2 2
left_child=1 2 -1 -2 -5 -3
right_child=3 5 -4 4 -6 -7
leaf_value=0.68567386183565537 -3.7497595707805922 5.4689487984161538 -4.8086408766046649 -1.7006547084071759 0.34738048823775169 1.3463460516941268
leaf_weight=3699 453 314 154 1591 1598 255
leaf_count=3699 453 314 154 1591 1598 255
internal_value=0.000578509 0.872493 0.464882 -1.05802 -0.674602 3.62699
internal_weight=8064 4422 3853 3642 3189 569
internal_count=8064 4422 3853 3642 3189 569
is_linear=0
shrinkage=0.05


Tree=56
num_leaves=6
num_cat=0
split_feature=3 18 15 15 15
split_gain=2.92114e+06 2.75651e+06 1.55612e+06 1.33151e+06 560545
threshold=192.77243749999937 -53.324924999999432 5751.5972574652778 5704.3939767361126 5315.8755157986116
decision_type=2 2 2 2 2
left_child=1 3 -3 -1 -2
right_child=4 2 -4 -5 -6
leaf_value=-0.92083317063413939 5.2883626891913744 0.86429329185947046 -1.7343592793259415 -3.5817803795748397 1.9833032105289974
leaf_weight=2246 257 4037 671 594 259
leaf_count=2246 257 4037 671 594 259
internal_value=0.000534634 -0.248476 0.493635 -1.47845 3.63647
internal_weight=8064 7548 4708 2840 516
internal_count=8064 7548 4708 2840 516
is_linear=0
shrinkage=0.05


Tree=57
num_leaves=7
num_cat=0
split_feature=3 15 5 1 10 15
split_gain=2.87237e+06 2.4163e+06 9.13728e+06 1.85982e+06 1.83802e+06 1.22476e+06
threshold=-75.290825000000027 5718.5162643229169 1.0000000180025095e-35 -257.6006999999999 1.0000000180025095e-35 3369.4461164930558
decision_type=2 2 2 2 2 2
left_child=3 2 -2 4 -1 -5
right_child=1 -3 -4 5 -6 -7
leaf_value=-4.3270302525588447 0.83521682860006463 -1.0052648331116332 10.713084523710297 -3.5907459340572361 -0.36286360955077562 0.073270391897426942
leaf_weight=671 2632 1138 256 249 518 2600
leaf_count=671 2632 1138 256 249 518 2600
internal_value=0.000519684 0.945466 1.71422 -0.941619 -2.60176 -0.248109
internal_weight=8064 4026 2888 4038 1189 2849
internal_count=8064 4026 2888 4038 1189 2849
is_linear=0
shrinkage=0.05


Tree=58
num_leaves=7
num_cat=0
split_feature=17 4 15 15 15 5
split_gain=2.68639e+06 1.84724e+06 1.49145e+06 9.37119e+06 1.36924e+06 1.23701e+06
threshold=-22.178262500000297 308.30396805555489 5274.11605451389 5312.0413552951395 3734.6787809895841 1.0000000180025095e-35
decision_type=2 2 2 2 2 2
left_child=1 5 4 -4 -2 -1
right_child=2 -3 3 -5 -6 -7
leaf_value=0.17203401182966116 -0.21142314931065398 3.9557257662195506 9.5763098408692873 -0.98722663060979121 -2.8646914011625171 3.0001719732381473
leaf_weight=2675 804 465 231 2208 1230 451
leaf_count=2675 804 465 231 2208 1230 451
internal_value=0.000508179 1.01888 -0.817101 0.0167706 -1.81653 0.580889
internal_weight=8064 3591 4473 2439 2034 3126
internal_count=8064 3591 4473 2439 2034 3126
is_linear=0
shrinkage=0.05


Tree=59
num_leaves=7
num_cat=0
split_feature=3 15 15 15 15 3
split_gain=2.63916e+06 2.78325e+06 1.71643e+07 3.13391e+06 1.32877e+06 626438
threshold=-428.62941250000034 5274.11605451389 5312.0413552951395 3734.6787809895841 5451.6656580729168 -565.01974999999982
decision_type=2 2 2 2 2 2
left_child=4 3 -3 -2 5 -1
right_child=1 2 -4 -5 -6 -7
leaf_value=-3.717760813759595 1.2535767279058776 10.602980318665075 0.039488065949104506 -1.9229632379304751 -6.1347045690945867 -0.27299673630986165
leaf_weight=204 1223 431 3501 2123 211 371
leaf_count=204 1223 431 3501 2123 211 371
internal_value=0.000561138 0.29795 1.19979 -0.761875 -2.75 -1.49947
internal_weight=8064 7278 3932 3346 786 575
internal_count=8064 7278 3932 3346 786 575
is_linear=0
shrinkage=0.05


Tree=60
num_leaves=6
num_cat=0
split_feature=3 18 15 18 17
split_gain=2.5799e+06 2.35566e+06 1.37685e+06 1.28953e+06 286244
threshold=216.87490000000028 -53.324924999999432 5751.5972574652778 -350.50236249999938 -22.178262500000297
decision_type=2 2 2 2 2
left_child=1 3 -3 -1 -2
right_child=4 2 -4 -5 -6
leaf_value=0.2677163870088638 5.5163936775330216 0.83040152678707924 -1.572387425972944 -2.0259925407409844 2.7537509396808959
leaf_weight=881 170 4089 697 2010 217
leaf_count=881 170 4089 697 2010 217
internal_value=0.000532139 -0.200486 0.480221 -1.32716 3.9784
internal_weight=8064 7677 4786 2891 387
internal_count=8064 7677 4786 2891 387
is_linear=0
shrinkage=0.05


Tree=61
num_leaves=7
num_cat=0
split_feature=17 3 15 0 15 11
split_gain=2.44908e+06 1.88092e+06 1.73559e+06 1.19703e+06 1.49711e+06 228316
threshold=42.693224999999536 -489.2673124999996 5274.11605451389 7271.7772500000001 5274.11605451389 -0.10884096748385481
decision_type=2 2 2 2 2 2
left_child=1 5 -3 4 -2 -1
right_child=3 2 -4 -5 -6 -7
leaf_value=-1.6907899718260628 -1.9271978854750977 -0.06884026258254794 1.9049556544408777 -4.0015668332767795 0.32662082155031558 -4.3586481865325011
leaf_weight=173 1403 2084 2391 311 1550 152
leaf_count=173 1403 2084 2391 311 1550 152
internal_value=0.000541297 0.719028 0.985952 -1.05595 -0.744481 -2.94807
internal_weight=8064 4800 4475 3264 2953 325
internal_count=8064 4800 4475 3264 2953 325
is_linear=0
shrinkage=0.05


Tree=62
num_leaves=7
num_cat=0
split_feature=1 8 2 2 10 1
split_gain=2.40293e+06 2.02448e+06 1.54835e+06 1.50763e+06 3.00547e+06 1.64775e+06
threshold=53.94130000000019 1.0000000180025095e-35 -30.053000000000107 -61.01834999999982 1.0000000180025095e-35 -236.01999999999995
decision_type=2 2 2 2 2 2
left_child=3 2 -2 5 -5 -1
right_child=1 -3 -4 4 -6 -7
leaf_value=-1.181351645265182 4.2805837130210929 -0.73416497899110789 1.1550021352627606 -2.8561199495078333 1.128399191836575 1.4924155472621479
leaf_weight=1160 504 1148 1846 1590 673 1143
leaf_count=1160 504 1148 1846 1590 673 1143
internal_value=0.000453379 0.986404 1.82688 -0.754931 -1.67118 0.145735
internal_weight=8064 3498 2350 4566 2263 2303
internal_count=8064 3498 2350 4566 2263 2303
is_linear=0
shrinkage=0.05


Tree=63
num_leaves=6
num_cat=0
split_feature=3 15 15 18 15
split_gain=2.22492e+06 2.24595e+06 3.06589e+06 480677 273300
threshold=216.87490000000028 5815.9305717881953 5274.11605451389 -15.726637499999923 5751.5972574652778
decision_type=2 2 2 2 2
left_child=1 2 -1 -3 -2
right_child=4 3 -4 -5 -6
leaf_value=-0.95194861233893779 4.7743581260880852 -4.1557088673724767 1.1532370919356851 -1.6242108409237692 2.0405056438330682
leaf_weight=3468 233 341 3448 420 154
leaf_count=3468 233 341 3448 420 154
internal_value=0.000451082 -0.186226 0.0976153 -2.76253 3.69453
internal_weight=8064 7677 6916 761 387
internal_count=8064 7677 6916 761 387
is_linear=0
shrinkage=0.05


Tree=64
num_leaves=7
num_cat=0
split_feature=3 15 15 15 3 3
split_gain=2.20744e+06 2.59587e+06 6.16484e+06 2.16796e+06 1.21751e+06 826802
threshold=-346.35775000000007 5751.5972574652778 5274.11605451389 5451.6656580729168 -93.627462499999623 -565.01974999999982
decision_type=2 2 2 2 2 2
left_child=3 2 -2 5 -3 -1
right_child=1 4 -4 -5 -6 -7
leaf_value=-3.3577158848250783 -0.6161106717488245 -5.3684081150813308 2.7770248405545677 -5.0139556141551012 -1.0150432719634905 0.24280176181398061
leaf_weight=204 3115 187 2346 387 1108 717
leaf_count=204 3115 187 2346 387 1108 717
internal_value=0.000436189 0.364501 0.841794 -1.87885 -1.64733 -0.557484
internal_weight=8064 6756 5461 1308 1295 921
internal_count=8064 6756 5461 1308 1295 921
is_linear=0
shrinkage=0.05


Tree=65
num_leaves=7
num_cat=0
split_feature=17 3 15 18 0 3
split_gain=2.16993e+06 1.55941e+06 1.49214e+06 1.03089e+06 1.01025e+06 716840
threshold=42.693224999999536 -489.2673124999996 5815.9305717881953 -7.771250000000463 7271.7772500000001 -346.35775000000007
decision_type=2 2 2 2 2 2
left_child=1 -1 -3 5 -5 -2
right_child=3 2 -4 4 -6 -7
leaf_value=-2.6623874303570556 -4.3335934445320854 1.2417083777267373 -1.6668696198642494 0.28651456198636316 -3.9926382483620397 -1.4344046567983855
leaf_weight=325 252 3980 495 1489 151 1372
leaf_count=325 252 3980 495 1489 151 1372
internal_value=0.000337801 0.676637 0.919677 -0.994123 -0.109674 -1.88667
internal_weight=8064 4800 4475 3264 1640 1624
internal_count=8064 4800 4475 3264 1640 1624
is_linear=0
shrinkage=0.05


Tree=66
num_leaves=7
num_cat=0
split_feature=3 15 15 4 15 2
split_gain=2.12805e+06 2.05664e+06 2.92111e+06 1.59072e+06 1.69952e+06 887881
threshold=1.0000000180025095e-35 5693.8606594618059 5274.11605451389 -80.676162847221789 5751.5972574652778 158.63040000000004
decision_type=2 2 2 2 2 2
left_child=1 2 -1 -2 -5 -3
right_child=3 5 -4 4 -6 -7
leaf_value=-1.310985472733359 -4.0067295922904185 -2.0019535410747253 1.3013797690133395 2.2116507642943839 -0.48932320607172985 -5.9579640061495693
leaf_weight=2418 144 694 1918 1866 846 178
leaf_count=2418 144 694 1918 1866 846 178
internal_value=0.000243035 -0.601221 -0.15539 1.09686 1.36922 -2.81539
internal_weight=8064 5208 4336 2856 2712 872
internal_count=8064 5208 4336 2856 2712 872
is_linear=0
shrinkage=0.05


Tree=67
num_leaves=7
num_cat=0
split_feature=18 3 4 18 3 15
split_gain=2.03997e+06 1.5003e+06 1.14482e+06 1.13232e+06 1.22127e+06 1.10486e+06
threshold=-53.324924999999432 42.623250000000105 -69.452548958333395 -350.50236249999938 -85.747012499999514 5573.9836552951392
decision_type=2 2 2 2 2 2
left_child=3 5 -3 -1 -5 -2
right_child=1 2 -4 4 -6 -7
leaf_value=0.43271631631828333 0.63420865800313475 -1.66442104169677 2.6104881786361656 -2.9117739583098921 -0.50723758015606168 -1.3011298723067299
leaf_weight=931 2641 180 1174 1013 1103 1022
leaf_count=931 2641 180 1174 1013 1103 1022
internal_value=0.000167308 0.619886 2.04138 -1.02009 -1.6592 0.0940293
internal_weight=8064 5017 1354 3047 2116 3663
internal_count=8064 5017 1354 3047 2116 3663
is_linear=0
shrinkage=0.05


Tree=68
num_leaves=7
num_cat=0
split_feature=17 3 15 18 0 1
split_gain=1.98436e+06 1.32434e+06 1.87281e+06 1.21122e+06 1.31224e+06 981101
threshold=-22.178262500000297 -104.0880750000001 5751.5972574652778 74.473750000000123 6165.7715500000004 -236.01999999999995
decision_type=2 2 2 2 2 2
left_child=1 5 -3 -2 -5 -1
right_child=3 2 -4 4 -6 -7
leaf_value=-2.0609413495954172 -1.2629787053286308 2.6615670366922735 -0.86295892168092581 -0.67908727238755429 2.4565735175038008 0.62064792061081298
leaf_weight=485 3055 1455 508 883 535 1143
leaf_count=485 3055 1455 508 883 535 1143
internal_value=0.000142166 0.87539 1.74949 -0.70256 0.50487 -0.179003
internal_weight=8064 3591 1963 4473 1418 1628
internal_count=8064 3591 1963 4473 1418 1628
is_linear=0
shrinkage=0.05


Tree=69
num_leaves=6
num_cat=0
split_feature=3 18 18 17 1
split_gain=1.87464e+06 1.69037e+06 1.07074e+06 1.04421e+06 235627
threshold=216.87490000000028 -53.324924999999432 -350.50236249999938 -120.48981249999973 289.69315000000012
decision_type=2 2 2 2 2
left_child=1 2 -1 -3 -2
right_child=4 3 -4 -5 -6
leaf_value=0.32759361286856692 2.1990484073538989 1.5528767297977049 -1.7624172347947429 -0.069822636928807622 4.6870093123493968
leaf_weight=881 203 1401 2010 3385 184
leaf_count=881 203 1401 2010 3385 184
internal_value=0.000140463 -0.171213 -1.12562 0.405413 3.39099
internal_weight=8064 7677 2891 4786 387
internal_count=8064 7677 2891 4786 387
is_linear=0
shrinkage=0.05


Tree=70
num_leaves=7
num_cat=0
split_feature=3 15 15 15 15 18
split_gain=1.79764e+06 1.99276e+06 1.41264e+07 2.85908e+06 1.12717e+06 483864
threshold=-428.62941250000034 5274.11605451389 5312.0413552951395 3734.6787809895841 5451.6656580729168 74.473750000000123
decision_type=2 2 2 2 2 2
left_child=4 3 -3 -2 5 -1
right_child=1 2 -4 -5 -6 -7
leaf_value=-2.0647633635392877 1.2738502933966374 9.5392829763323626 -0.04388840035475642 -1.7601845206338087 -5.3869269575080221 1.0970054767724406
leaf_weight=403 1223 431 3501 2123 211 172
leaf_count=403 1223 431 3501 2123 211 172
internal_value=0.000176434 0.245615 1.00871 -0.651162 -2.2699 -1.11872
internal_weight=8064 7278 3932 3346 786 575
internal_count=8064 7278 3932 3346 786 575
is_linear=0
shrinkage=0.05


Tree=71
num_leaves=7
num_cat=0
split_feature=17 3 15 0 15 15
split_gain=1.75452e+06 1.27072e+06 1.26108e+06 912122 1.02112e+06 193291
threshold=42.693224999999536 -522.42896250000001 5274.11605451389 7271.7772500000001 5274.11605451389 5643.3852411458338
decision_type=2 2 2 2 2 2
left_child=1 -1 -3 4 -2 -5
right_child=3 2 -4 5 -6 -7
leaf_value=-2.9381552186111612 -1.5989225940814673 -0.1009590961876022 1.566255128425738 -2.2084084414228609 0.26243427692402727 -4.7241525703476324
leaf_weight=239 1403 2111 2450 157 1550 154
leaf_count=239 1403 2111 2450 157 1550 154
internal_value=0.000184069 0.608313 0.794754 -0.894035 -0.622157 -3.4653
internal_weight=8064 4800 4561 3264 2953 311
internal_count=8064 4800 4561 3264 2953 311
is_linear=0
shrinkage=0.05


Tree=72
num_leaves=7
num_cat=0
split_feature=1 8 2 10 2 1
split_gain=1.72302e+06 1.63382e+06 1.61262e+06 1.94847e+06 1.4173e+06 1.38429e+06
threshold=84.277000000000058 1.0000000180025095e-35 -70.338300000000331 1.0000000180025095e-35 9.858400000000076 -236.01999999999995
decision_type=2 2 2 2 2 2
left_child=2 4 5 -4 -2 -1
right_child=1 -3 3 -5 -6 -7
leaf_value=-0.90247628247863632 4.046724131849408 -0.62286261190239633 -2.3244994436533903 0.77537179300176273 0.99386104161163158 1.5545795678284895
leaf_weight=1113 499 1148 1833 700 1591 1180
leaf_count=1113 499 1148 1833 700 1591 1180
internal_value=0.000114475 0.892226 -0.598508 -1.46788 1.72434 0.362075
internal_weight=8064 3238 4826 2533 2090 2293
internal_count=8064 3238 4826 2533 2090 2293
is_linear=0
shrinkage=0.05


Tree=73
num_leaves=7
num_cat=0
split_feature=15 5 15 15 3 15
split_gain=1.59735e+06 5.48138e+06 9.29464e+06 2.4068e+06 2.37509e+06 1.67072e+06
threshold=5573.9836552951392 1.0000000180025095e-35 5304.5626758680564 5375.5049993055572 -218.50374999999983 5693.8606594618059
decision_type=2 2 2 2 2 2
left_child=1 3 -3 -1 -2 -6
right_child=4 2 -4 -5 5 -7
leaf_value=-0.56085175424510991 -4.2029359171490288 -1.2717932702038941 11.416202440022598 2.33683152203615 3.5529862062289164 -0.84461003827624204
leaf_weight=4176 483 288 288 864 246 1719
leaf_count=4176 483 288 288 864 246 1719
internal_value=0.000130574 0.464735 5.081 -0.063741 -1.06548 -0.292544
internal_weight=8064 5616 576 5040 2448 1965
internal_count=8064 5616 576 5040 2448 1965
is_linear=0
shrinkage=0.05


Tree=74
num_leaves=7
num_cat=0
split_feature=3 15 15 3 15 11
split_gain=1.60829e+06 1.8485e+06 5.47572e+06 1.09535e+06 1.05935e+06 444411
threshold=-428.62941250000034 5693.8606594618059 5296.8026847222236 -193.04873750000021 5451.6656580729168 0.34202014332566882
decision_type=2 2 2 2 2 2
left_child=4 2 -2 -3 5 -1
right_child=1 3 -4 -5 -6 -7
leaf_value=-0.21761267991260042 -0.48276809521723951 -4.7040392034376657 2.8362264500894234 -0.7153669276667346 -5.1687335666339358 -3.4037510744619128
leaf_weight=429 3489 191 1929 1669 211 146
leaf_count=429 3489 191 1929 1669 211 146
internal_value=0.000188682 0.232342 0.699217 -1.12726 -2.14701 -1.03112
internal_weight=8064 7278 5418 1860 786 575
internal_count=8064 7278 5418 1860 786 575
is_linear=0
shrinkage=0.05


Tree=75
num_leaves=7
num_cat=0
split_feature=3 15 15 3 13 15
split_gain=1.5964e+06 1.53516e+06 4.02549e+06 1.71117e+06 788612 577809
threshold=116.1695875000005 5573.9836552951392 5296.8026847222236 -326.53921249999979 -0.25881904510252018 5751.5972574652778
decision_type=2 2 2 2 2 2
left_child=1 2 -1 -3 -2 -6
right_child=4 3 -4 -5 5 -7
leaf_value=-0.83008454541926135 0.19556036953468836 -5.5507862457882471 2.1999953318032159 -0.93566944301968769 3.8663476946303241 0.75565430929439259
leaf_weight=3276 495 226 1646 1750 446 225
leaf_count=3276 495 226 1646 1750 446 225
internal_value=0.000105743 -0.289198 0.183466 -1.46605 1.7104 2.82595
internal_weight=8064 6898 4922 1976 1166 671
internal_count=8064 6898 4922 1976 1166 671
is_linear=0
shrinkage=0.05


Tree=76
num_leaves=7
num_cat=0
split_feature=18 11 3 15 18 18
split_gain=1.58216e+06 1.65597e+06 1.29853e+06 1.64349e+06 875289 758299
threshold=74.473750000000123 -0.1950438958025166 -382.54771249999948 5643.3852411458338 191.36875000000035 215.91576249999983
decision_type=2 2 2 2 2 2
left_child=2 4 -1 -4 -2 -3
right_child=1 5 3 -5 -6 -7
leaf_value=-2.4836486741620272 1.3909346328078651 1.5774114418036422 0.38592817648944733 -1.7379256085831807 4.2088757373010033 -0.87186040458773051
leaf_weight=717 850 448 3321 1254 408 1066
leaf_count=717 850 448 3321 1254 408 1066
internal_value=9.86051e-05 0.96758 -0.506764 -0.196469 2.30748 -0.146546
internal_weight=8064 2772 5292 4575 1258 1514
internal_count=8064 2772 5292 4575 1258 1514
is_linear=0
shrinkage=0.05


Tree=77
num_leaves=7
num_cat=0
split_feature=17 3 3 0 18 15
split_gain=1.56048e+06 1.21077e+06 1.04952e+06 721413 737414 649683
threshold=57.975975000000069 171.37125000000017 -522.42896250000001 7271.7772500000001 -29.563750000000024 5312.0413552951395
decision_type=2 2 2 2 2 2
left_child=1 2 -1 4 -2 -3
right_child=3 5 -4 -5 -6 -7
leaf_value=-2.7934224590253276 -1.5572360995840404 5.4740012378011436 0.4937116968485642 -3.2625506679897445 0.097037412560208799 1.3706755231279848
leaf_weight=256 1223 174 4405 291 1498 217
leaf_count=256 1223 174 4405 291 1498 217
internal_value=0.000108983 0.537135 0.312609 -0.900519 -0.646803 3.20601
internal_weight=8064 5052 4661 3012 2721 391
internal_count=8064 5052 4661 3012 2721 391
is_linear=0
shrinkage=0.05


Tree=78
num_leaves=5
num_cat=0
split_feature=3 17 15 4
split_gain=1.43774e+06 1.42271e+06 903208 737127
threshold=244.57980000000001 19.512075000000099 5815.9305717881953 -74.923170138888949
decision_type=2 2 2 2
left_child=1 2 -1 -3
right_child=-2 3 -4 -5
leaf_value=0.72990472535138662 3.6650969632804165 -3.7523415106062132 -1.722258413848109 -0.68345151974845109
leaf_weight=3862 258 207 415 3322
leaf_count=3862 258 207 415 3322
internal_value=0.000102434 -0.121485 0.491623 -0.864475
internal_weight=8064 7806 4277 3529
internal_count=8064 7806 4277 3529
is_linear=0
shrinkage=0.05


Tree=79
num_leaves=7
num_cat=0
split_feature=1 4 5 3 17 5
split_gain=1.39348e+06 1.3253e+06 3.83203e+06 1.10906e+06 1.08275e+06 553223
threshold=14.694950000000064 -20.490138541666507 1.0000000180025095e-35 216.87490000000028 -145.66438749999995 1.0000000180025095e-35
decision_type=2 2 2 2 2 2
left_child=1 2 -1 4 -2 -3
right_child=3 5 -4 -5 -6 -7
leaf_value=-0.71046242462633102 1.9685386605245725 -1.4009065608937299 5.0138695329518868 3.6230604742628501 -0.053602562699422429 -3.8725518029651704
leaf_weight=2759 874 770 326 295 2719 321
leaf_count=2759 874 770 326 295 2719 321
internal_value=8.63812e-05 -0.634044 -0.104129 0.681177 0.438696 -2.13101
internal_weight=8064 4176 3085 3888 3593 1091
internal_count=8064 4176 3085 3888 3593 1091
is_linear=0
shrinkage=0.05


Tree=80
num_leaves=7
num_cat=0
split_feature=18 11 3 15 18 18
split_gain=1.37122e+06 1.51699e+06 1.09001e+06 1.24554e+06 784140 686564
threshold=74.473750000000123 -0.1950438958025166 -565.01974999999982 5643.3852411458338 191.36875000000035 215.91576249999983
decision_type=2 2 2 2 2 2
left_child=2 4 -1 -4 -2 -3
right_child=1 5 3 -5 -6 -7
leaf_value=-4.2959890876213711 1.3157243689125979 1.4748674269126758 0.11166255665065006 -1.6939072229240726 3.9829063520236243 -0.85568146635800069
leaf_weight=179 850 448 3843 1270 408 1066
leaf_count=179 850 448 3843 1270 408 1066
internal_value=0.000110383 0.900791 -0.471756 -0.33706 2.18323 -0.165542
internal_weight=8064 2772 5292 5113 1258 1514
internal_count=8064 2772 5292 5113 1258 1514
is_linear=0
shrinkage=0.05


Tree=81
num_leaves=7
num_cat=0
split_feature=3 5 4 4 15 15
split_gain=1.33876e+06 2.0804e+06 7.86455e+06 1.5318e+06 1.28893e+06 1.56926e+06
threshold=-157.73973749999956 1.0000000180025095e-35 -23.021245138889068 -74.923170138888949 5573.9836552951392 5296.8026847222236
decision_type=2 2 2 2 2 2
left_child=4 3 -3 -2 5 -1
right_child=1 2 -4 -5 -6 -7
leaf_value=-1.3839283866890759 -3.5324321974218438 8.5111043722668231 -2.0199033377241462 0.32940201990794271 -2.7122444601819726 1.2597199673058745
leaf_weight=1324 273 338 371 4084 701 973
leaf_count=1324 273 338 371 4084 701 973
internal_value=0.000105108 0.495674 3.00544 0.086673 -0.83719 -0.264029
internal_weight=8064 5066 709 4357 2998 2297
internal_count=8064 5066 709 4357 2998 2297
is_linear=0
shrinkage=0.05


Tree=82
num_leaves=7
num_cat=0
split_feature=18 18 3 3 4 15
split_gain=1.2829e+06 986698 1.02233e+06 985561 879420 806935
threshold=-53.324924999999432 -281.77843749999948 -39.212925000000261 42.623250000000105 -69.452548958333395 5590.2722439236122
decision_type=2 2 2 2 2 2
left_child=1 5 -3 -2 -5 -1
right_child=3 2 -4 4 -6 -7
leaf_value=1.3622056122771626 0.065349743716183892 -2.4739221031749903 -0.18719078033855632 -1.6038146960801183 2.1425183205465053 -1.5872404535407547
leaf_weight=724 3663 1110 873 180 1174 340
leaf_count=724 3663 1110 873 180 1174 340
internal_value=0.000102654 -0.808984 -1.46781 0.491552 1.64367 0.419108
internal_weight=8064 3047 1983 5017 1354 1064
internal_count=8064 3047 1983 5017 1354 1064
is_linear=0
shrinkage=0.05


Tree=83
num_leaves=7
num_cat=0
split_feature=17 11 18 0 4 16
split_gain=1.26271e+06 1.44444e+06 1.48335e+06 1.10801e+06 1.01264e+06 910232
threshold=-120.48981249999973 0.065387565056497135 143.05697500000022 4246.9783500000012 -29.385297222222103 0.23724554288416683
decision_type=2 2 2 2 2 2
left_child=3 2 -2 5 -3 -1
right_child=1 4 -4 -5 -6 -7
leaf_value=3.5369701772218662 -0.1434086927915571 -0.26076036862043961 2.6804883670848136 0.09280479767472502 -2.1051475400779505 0.097637801178656392
leaf_weight=587 2379 1542 577 1255 1438 286
leaf_count=587 2379 1542 577 1255 1438 286
internal_value=8.33686e-05 -0.374541 0.408525 1.04477 -1.15118 2.41163
internal_weight=8064 5936 2956 2128 2980 873
internal_count=8064 5936 2956 2128 2980 873
is_linear=0
shrinkage=0.05


Tree=84
num_leaves=7
num_cat=0
split_feature=4 3 5 15 9 2
split_gain=1.22797e+06 1.51593e+06 2.03717e+06 1.38213e+06 646881 172736
threshold=-74.923170138888949 -206.42164999999974 1.0000000180025095e-35 5573.9836552951392 1.0000000180025095e-35 -103.39294999999991
decision_type=2 2 2 2 2 2
left_child=4 3 -3 -2 5 -1
right_child=1 2 -4 -5 -6 -7
leaf_value=0.012541403606020171 -0.28571038252182673 0.24575347707661344 3.1815731486283685 -3.2604538591181647 -5.3150155116771831 -2.4321792154348105
leaf_weight=144 1955 4511 679 487 144 144
leaf_count=144 1955 4511 679 487 144 144
internal_value=0.000103373 0.14704 0.630381 -0.880045 -2.59013 -1.21401
internal_weight=8064 7632 5190 2442 432 288
internal_count=8064 7632 5190 2442 432 288
is_linear=0
shrinkage=0.05


Tree=85
num_leaves=7
num_cat=0
split_feature=15 15 4 15 1 15
split_gain=1.18641e+06 1.12645e+07 1.60577e+07 2.44722e+06 2.01116e+06 1.86137e+06
threshold=5274.11605451389 5312.0413552951395 610.28691631944378 3734.6787809895841 202.45585000000008 3369.4461164930558
decision_type=2 2 2 2 2 2
left_child=3 2 -2 5 -3 -1
right_child=1 4 -4 -5 -6 -7
leaf_value=-1.2792899326464902 21.778534547213852 -0.81394624182949882 1.371154410528683 -1.7392798100180551 2.0483864105734604 2.3877227304746653
leaf_weight=576 144 3278 288 2160 754 864
leaf_count=576 144 3278 288 2160 754 864
internal_value=4.95162e-05 0.544626 8.2082 -0.675189 -0.278303 0.921048
internal_weight=8064 4464 432 3600 4032 1440
internal_count=8064 4464 432 3600 4032 1440
is_linear=0
shrinkage=0.05


Tree=86
num_leaves=7
num_cat=0
split_feature=3 15 15 15 1 2
split_gain=1.18669e+06 1.32785e+06 9.67315e+06 2.36049e+06 709887 479776
threshold=-489.2673124999996 5274.11605451389 5312.0413552951395 3734.6787809895841 -383.33999999999963 -8.8081499999998396
decision_type=2 2 2 2 2 2
left_child=4 3 -3 -2 -1 -6
right_child=1 2 -4 -5 5 -7
leaf_value=-5.2338230705341786 1.1217427736365426 7.8447155713759091 -0.065275165936050858 -1.5814407905704322 0.86561228879197627 -2.7196286851926796
leaf_weight=147 1294 431 3670 2145 166 211
leaf_count=147 1294 431 3670 2145 166 211
internal_value=0.000194309 0.160214 0.767745 -0.564278 -2.2983 -1.14287
internal_weight=8064 7540 4101 3439 524 377
internal_count=8064 7540 4101 3439 524 377
is_linear=0
shrinkage=0.05


Tree=87
num_leaves=7
num_cat=0
split_feature=17 15 3 11 18 4
split_gain=1.16771e+06 895122 1.20861e+06 796288 979595 710219
threshold=-22.178262500000297 5751.5972574652778 -104.0880750000001 0.065387565056497135 120.01278750000007 -29.385297222222103
decision_type=2 2 2 2 2 2
left_child=1 2 -1 4 -2 -5
right_child=3 -3 -4 5 -6 -7
leaf_value=0.049737246102974225 -0.47908951329784588 -1.1349445310317809 2.0524788135662675 -0.36513800075423175 1.8937670432083995 -2.2457002500467573
leaf_weight=1561 1900 575 1455 1036 563 974
leaf_count=1561 1900 575 1455 1036 563 974
internal_value=0.000186023 0.671595 1.01627 -0.538862 0.0638537 -1.27708
internal_weight=8064 3591 3016 4473 2463 2010
internal_count=8064 3591 3016 4473 2463 2010
is_linear=0
shrinkage=0.05


Tree=88
num_leaves=5
num_cat=0
split_feature=3 4 4 2
split_gain=1.10074e+06 1.13571e+06 1.23256e+06 253735
threshold=244.57980000000001 -74.923170138888949 -29.385297222222103 -137.75584999999998
decision_type=2 2 2 2
left_child=1 3 -3 -1
right_child=-2 2 -4 -5
leaf_value=-1.1874738050975344 3.2070074974289562 0.68919267587306199 -0.60134049064852946 -3.7308608242443633
leaf_weight=169 258 3650 3750 237
leaf_count=169 258 3650 3750 237
internal_value=0.0001753 -0.106213 0.0352134 -2.67768
internal_weight=8064 7806 7400 406
internal_count=8064 7806 7400 406
is_linear=0
shrinkage=0.05


Tree=89
num_leaves=5
num_cat=0
split_feature=3 17 11 16
split_gain=1.09572e+06 1.18175e+06 1.47961e+06 1.20566e+06
threshold=-565.01974999999982 -145.66438749999995 0.065387565056497135 0.13943727679008586
decision_type=2 2 2 2
left_child=-1 3 -3 -2
right_child=1 2 -4 -5
leaf_value=-3.1741167189730439 3.4245033210836433 0.5846787832582141 -0.9854318036948051 0.46629272192761384
leaf_weight=262 464 2894 3114 1330
leaf_count=262 464 2894 3114 1330
internal_value=0.000156475 0.107145 -0.229152 1.23289
internal_weight=8064 7802 6008 1794
internal_count=8064 7802 6008 1794
is_linear=0
shrinkage=0.05


Tree=90
num_leaves=7
num_cat=0
split_feature=17 11 17 4 0 0
split_gain=1.05254e+06 1.02307e+06 1.30441e+06 1.12323e+06 576119 614386
threshold=57.975975000000069 0.34202014332566882 -145.66438749999995 619.33039999999949 7271.7772500000001 4846.6250000000009
decision_type=2 2 2 2 2 2
left_child=1 3 -3 -1 5 -2
right_child=4 2 -4 -5 -6 -7
leaf_value=0.70869717624193962 -1.3786356291756787 1.7094113749492736 -1.1894707684750638 3.9910015262870324 -2.850276719880839 0.13883069164576331
leaf_weight=2754 1168 524 1487 287 291 1553
leaf_count=2754 1168 524 1487 287 291 1553
internal_value=0.00015061 0.441199 -0.433644 1.01968 -0.739516 -0.512815
internal_weight=8064 5052 2011 3041 3012 2721
internal_count=8064 5052 2011 3041 3012 2721
is_linear=0
shrinkage=0.05


Tree=91
num_leaves=7
num_cat=0
split_feature=3 15 5 15 4 15
split_gain=1.02811e+06 1.54142e+06 1.42369e+06 5.63712e+06 1.13908e+06 673824
threshold=-346.35775000000007 5451.6656580729168 1.0000000180025095e-35 5590.2722439236122 -74.923170138888949 5375.5049993055572
decision_type=2 2 2 2 2 2
left_child=1 5 4 -4 -2 -1
right_child=2 -3 3 -5 -6 -7
leaf_value=-1.4438659166795065 -3.1132995040388778 -3.9258603713868823 6.108288726534389 -1.5417898838089446 0.11241683740714337 1.2625421989169616
leaf_weight=487 287 387 450 516 5503 434
leaf_count=487 287 387 450 516 5503 434
internal_value=0.000150072 -1.28238 0.248608 2.02454 -0.0479862 -0.168547
internal_weight=8064 1308 6756 966 5790 921
internal_count=8064 1308 6756 966 5790 921
is_linear=0
shrinkage=0.05


Tree=92
num_leaves=7
num_cat=0
split_feature=18 18 3 3 12 15
split_gain=1.03112e+06 870067 832032 783387 673067 659116
threshold=-53.324924999999432 -281.77843749999948 -39.212925000000261 244.57980000000001 0.44218343748786643 5590.2722439236122
decision_type=2 2 2 2 2 2
left_child=1 5 -3 4 -2 -1
right_child=3 2 -4 -5 -6 -7
leaf_value=1.2802848069462283 -0.016775050082186171 -2.2515595365989647 -0.18857581981242522 3.8611952503246294 1.3356275804914892 -1.3853918500834546
leaf_weight=724 3624 1110 873 161 1232 340
leaf_count=724 3624 1110 873 161 1232 340
internal_value=0.000126824 -0.725233 -1.3439 0.44072 0.326543 0.42797
internal_weight=8064 3047 1983 5017 4856 1064
internal_count=8064 3047 1983 5017 4856 1064
is_linear=0
shrinkage=0.05


Tree=93
num_leaves=7
num_cat=0
split_feature=15 15 4 15 15 1
split_gain=1.03363e+06 8.64659e+06 1.40039e+07 2.0802e+06 1.69138e+06 1.66166e+06
threshold=5274.11605451389 5312.0413552951395 610.28691631944378 3734.6787809895841 3369.4461164930558 225.33485000000044
decision_type=2 2 2 2 2 2
left_child=3 2 -2 4 -1 -3
right_child=1 5 -4 -5 -6 -7
leaf_value=-1.2558608831292215 19.895346175226674 -0.66538701581950865 0.83946914844034459 -1.6111832037454317 2.2396690830209351 2.061370820920192
leaf_weight=576 144 3363 288 2160 864 669
leaf_count=576 144 3363 288 2160 864 669
internal_value=0.000136817 0.508441 7.22271 -0.630126 0.841556 -0.212557
internal_weight=8064 4464 432 3600 1440 4032
internal_count=8064 4464 432 3600 1440 4032
is_linear=0
shrinkage=0.05


Tree=94
num_leaves=7
num_cat=0
split_feature=18 18 3 15 3 15
split_gain=974175 1.25497e+06 809906 951797 543857 420809
threshold=74.473750000000123 337.1822874999994 -404.60192499999988 5643.3852411458338 -22.626212499999379 5451.6656580729168
decision_type=2 2 2 2 2 2
left_child=2 4 5 -4 -2 -1
right_child=1 -3 3 -5 -6 -7
leaf_value=-1.2752995076153306 0.87330156990598751 -0.64754476572568764 0.2636199404411193 -1.3456429437541706 2.6816408850745277 -4.1663059745388376
leaf_weight=454 1092 1008 3407 1257 672 174
leaf_count=454 1092 1008 3407 1257 672 174
internal_value=0.000263283 0.759427 -0.397462 -0.17029 1.56332 -2.08166
internal_weight=8064 2772 5292 4664 1764 628
internal_count=8064 2772 5292 4664 1764 628
is_linear=0
shrinkage=0.05


Tree=95
num_leaves=7
num_cat=0
split_feature=15 15 4 15 15 1
split_gain=985930 7.7185e+06 1.26505e+07 1.89185e+06 1.53862e+06 1.46304e+06
threshold=5274.11605451389 5312.0413552951395 610.28691631944378 3734.6787809895841 3369.4461164930558 202.45585000000008
decision_type=2 2 2 2 2 2
left_child=3 2 -2 4 -1 -3
right_child=1 5 -4 -5 -6 -7
leaf_value=-1.212287942830157 18.885083697417688 -0.64141324559106216 0.77349153121604641 -1.5509095201461005 2.1216543273790336 1.7999058078811658
leaf_weight=576 144 3278 288 2160 864 754
leaf_count=576 144 3278 288 2160 864 754
internal_value=0.000227702 0.496665 6.84036 -0.615322 0.788162 -0.184544
internal_weight=8064 4464 432 3600 1440 4032
internal_count=8064 4464 432 3600 1440 4032
is_linear=0
shrinkage=0.05


Tree=96
num_leaves=5
num_cat=0
split_feature=3 15 15 15
split_gain=934388 968261 6.77448e+06 1.91512e+06
threshold=-565.01974999999982 5274.11605451389 5312.0413552951395 3734.6787809895841
decision_type=2 2 2 2
left_child=-1 3 -3 -2
right_child=1 2 -4 -5
leaf_value=-2.9309396011521156 0.95013461829432644 6.541156419631335 -0.061840296774347707 -1.4435221984689264
leaf_weight=262 1364 431 3853 2154
leaf_count=262 1364 431 3853 2154
internal_value=0.000341397 0.0991401 0.603838 -0.515447
internal_weight=8064 7802 4284 3518
internal_count=8064 7802 4284 3518
is_linear=0
shrinkage=0.05


Tree=97
num_leaves=7
num_cat=0
split_feature=17 11 18 17 4 1
split_gain=900359 921608 1.55769e+06 980557 530348 787252
threshold=57.975975000000069 -0.44218343748786698 191.36875000000035 -145.66438749999995 -9.1512697916668895 384.27425000000045
decision_type=2 2 2 2 2 2
left_child=1 2 -1 -3 -2 -6
right_child=4 3 -4 -5 5 -7
leaf_value=0.77158171238396511 -0.28002495449348563 1.1158392521780047 5.2752232157596026 -0.66145974476831992 -2.7235089150211866 0.76989247965383101
leaf_weight=1385 2199 1179 222 2266 592 221
leaf_count=1385 2199 1179 222 2266 592 221
internal_value=0.00034328 0.408262 1.39663 -0.0530583 -0.683764 -1.77411
internal_weight=8064 5052 1607 3445 3012 813
internal_count=8064 5052 1607 3445 3012 813
is_linear=0
shrinkage=0.05


Tree=98
num_leaves=7
num_cat=0
split_feature=3 15 15 15 1 2
split_gain=855952 986988 9.39458e+06 1.57963e+06 577137 410575
threshold=-489.2673124999996 5296.8026847222236 5312.0413552951395 3734.6787809895841 -383.33999999999963 -8.8081499999998396
decision_type=2 2 2 2 2 2
left_child=4 3 -3 -2 -1 -6
right_child=1 2 -4 -5 5 -7
leaf_value=-4.5983784661502458 0.93072818794697665 9.359991448279068 -0.0031054430919539799 -1.2544446264398919 0.94702036691283054 -2.3691305074911071
leaf_weight=147 1294 288 3670 2288 166 211
leaf_count=147 1294 288 3670 2288 166 211
internal_value=0.000352563 0.136256 0.680383 -0.46501 -1.95174 -0.910326
internal_weight=8064 7540 3958 3582 524 377
internal_count=8064 7540 3958 3582 524 377
is_linear=0
shrinkage=0.05


Tree=99
num_leaves=7
num_cat=0
split_feature=18 18 3 18 2 15
split_gain=851473 663008 843110 606744 659816 614454
threshold=-7.771250000000463 337.1822874999994 -522.42896250000001 -755.83798749999994 565.29870000000039 5704.3939767361126
decision_type=2 2 2 2 2 2
left_child=3 2 -2 5 -5 -1
right_child=1 -3 -4 4 -6 -7
leaf_value=2.1301386962890625 -2.745866957612527 -0.62845249228789568 1.0229891678118312 -1.0030679493381267 1.5551516032652422 -1.5802557008446387
leaf_weight=374 155 1008 3062 3033 274 158
leaf_count=374 155 1008 3062 3033 274 158
internal_value=0.000353614 0.49005 0.840603 -0.538568 -0.790702 1.02728
internal_weight=8064 4225 3217 3839 3307 532
internal_count=8064 4225 3217 3839 3307 532
is_linear=0
shrinkage=0.05


end of trees

feature_importances:
Column_3=165
Column_15=127
Column_4=66
Column_1=49
Column_18=38
Column_17=35
Column_5=31
Column_11=20
Column_2=16
Column_0=14
Column_8=13
Column_10=4
Column_16=2
Column_9=1
Column_12=1
Column_13=1

parameters:
[boosting: gbdt]
[objective: regression]
[metric: l2]
[tree_learner: serial]
[device_type: cpu]
[data_sample_strategy: bagging]
[data: ]
[valid: ]
[num_iterations: 100]
[learning_rate: 0.05]
[num_leaves: 7]
[num_threads: 1]
[seed: 20250911]
[deterministic: 1]
[force_col_wise: 1]
[force_row_wise: 0]
[histogram_pool_size: -1]
[max_depth: 3]
[min_data_in_leaf: 144]
[min_sum_hessian_in_leaf: 0.001]
[bagging_fraction: 1]
[pos_bagging_fraction: 1]
[neg_bagging_fraction: 1]
[bagging_freq: 0]
[bagging_seed: 20250911]
[bagging_by_query: 0]
[feature_fraction: 1]
[feature_fraction_bynode: 1]
[feature_fraction_seed: 20250911]
[extra_trees: 0]
[extra_seed: 26685]
[early_stopping_round: 0]
[early_stopping_min_delta: 0]
[first_metric_only: 0]
[max_delta_step: 0]
[lambda_l1: 0]
[lambda_l2: 1]
[linear_lambda: 0]
[min_gain_to_split: 0]
[drop_rate: 0.1]
[max_drop: 50]
[skip_drop: 0.5]
[xgboost_dart_mode: 0]
[uniform_drop: 0]
[drop_seed: 2504]
[top_rate: 0.2]
[other_rate: 0.1]
[min_data_per_group: 100]
[max_cat_threshold: 32]
[cat_l2: 10]
[cat_smooth: 10]
[max_cat_to_onehot: 4]
[top_k: 20]
[monotone_constraints: ]
[monotone_constraints_method: basic]
[monotone_penalty: 0]
[feature_contri: ]
[forcedsplits_filename: ]
[refit_decay_rate: 0.9]
[cegb_tradeoff: 1]
[cegb_penalty_split: 0]
[cegb_penalty_feature_lazy: ]
[cegb_penalty_feature_coupled: ]
[path_smooth: 0]
[interaction_constraints: ]
[verbosity: -1]
[saved_feature_importance_type: 0]
[use_quantized_grad: 0]
[num_grad_quant_bins: 4]
[quant_train_renew_leaf: 0]
[stochastic_rounding: 1]
[linear_tree: 0]
[max_bin: 63]
[max_bin_by_feature: ]
[min_data_in_bin: 3]
[bin_construct_sample_cnt: 200000]
[data_random_seed: 20250911]
[is_enable_sparse: 1]
[enable_bundle: 1]
[use_missing: 1]
[zero_as_missing: 0]
[feature_pre_filter: 0]
[pre_partition: 0]
[two_round: 0]
[header: 0]
[label_column: ]
[weight_column: ]
[group_column: ]
[ignore_column: ]
[categorical_feature: ]
[forcedbins_filename: ]
[precise_float_parser: 0]
[parser_config_file: ]
[objective_seed: 19683]
[num_class: 1]
[is_unbalance: 0]
[scale_pos_weight: 1]
[sigmoid: 1]
[boost_from_average: 1]
[reg_sqrt: 0]
[alpha: 0.9]
[fair_c: 1]
[poisson_max_delta_step: 0.7]
[tweedie_variance_power: 1.5]
[lambdarank_truncation_level: 30]
[lambdarank_norm: 1]
[label_gain: ]
[lambdarank_position_bias_regularization: 0]
[eval_at: ]
[multi_error_top_k: 1]
[auc_mu_weights: ]
[num_machines: 1]
[local_listen_port: 12400]
[time_out: 120]
[machine_list_filename: ]
[machines: ]
[gpu_platform_id: -1]
[gpu_device_id: -1]
[gpu_device_id_list: ]
[gpu_use_dp: 0]
[num_gpu: 1]

end of parameters

pandas_categorical:null
