tree
version=v4
num_class=1
num_tree_per_iteration=1
label_index=0
max_feature_idx=18
objective=regression
feature_names=Column_0 Column_1 Column_2 Column_3 Column_4 Column_5 Column_6 Column_7 Column_8 Column_9 Column_10 Column_11 Column_12 Column_13 Column_14 Column_15 Column_16 Column_17 Column_18
feature_infos=[2055.4315000000001:7226.3100000000004] [-4087.7071000000001:3951.0089000000003] [-737.69359999999961:560.63000000000011] [-326.30732499999976:561.91769999999997] [-154.36443749999944:36.926277083332025] [0:1] [0:1] [0:1] [0:1] [0:1] [0:1] [-1:1] [-1:1] [-1:1] [-1:1] [3002.8596862847226:5113.7073140625007] [0:1] [-2122.3877749999997:2111.0726249999998] [-4723.2309000000014:4140.8287500000024]
tree_sizes=763 768 769 776 776 772 775 775 774 769 779 781 685 773 775 685 777 769 769 776 772 785 774 772 776 776 775 767 780 772 773 768 771 776 778 755 769 770 768 765 769 761 771 760 760 766 764 768 756 756 754 761 753 747 758 742 758 753 753 754 757 743 757 759 752 745 748 741 757 759 748 750 752 662 754 750 753 739 748 743 754 747 592 750 738 738 751 751 757 750 584 741 755 754 746 580 758 750 751 760

Tree=0
num_leaves=7
num_cat=0
split_feature=3 3 1 4 4 3
split_gain=4.0217e+07 6.58471e+06 6.25513e+06 3.59978e+06 3.57508e+06 2.94266e+06
threshold=8.7927375000001593 -91.994987499999965 8.0899999999999199 -72.935870486111966 -72.935870486111966 63.648012499999602
decision_type=2 2 2 2 2 2
left_child=1 -1 3 -2 -3 -4
right_child=2 4 5 -5 -6 -7
leaf_value=-28.026513051013396 -24.36482372546477 -27.927101163068549 -18.324859741150899 -18.474163930275605 -22.345917516383466 -14.596592609716804
leaf_weight=924 304 330 741 1733 2168 1864
leaf_count=924 304 330 741 1733 2168 1864
internal_value=-20.31 -24.4219 -17.2785 -19.3548 -23.086 -15.6559
internal_weight=8064 3422 4642 2037 2498 2605
internal_count=8064 3422 4642 2037 2498 2605
is_linear=0
shrinkage=1


Tree=1
num_leaves=7
num_cat=0
split_feature=3 3 1 4 3 4
split_gain=3.62992e+07 5.94327e+06 5.69938e+06 3.4416e+06 3.23613e+06 3.22786e+06
threshold=8.7927375000001593 -91.994987499999965 -46.808950000000088 -34.098725694444504 146.36313749999979 -72.935870486111966
decision_type=2 2 2 2 2 2
left_child=1 -1 3 -2 -4 -3
right_child=2 5 4 -5 -6 -7
leaf_value=-7.331122843938906 -4.432509068432501 -7.2374151143335439 3.0658742216536687 1.5560360696932107 6.6076063308392143 -1.9341871255195286
leaf_weight=924 294 330 2139 1284 925 2168
leaf_count=924 294 330 2139 1284 925 2168
internal_value=-7.37058e-05 -3.90655 2.87993 0.438199 4.13691 -2.63739
internal_weight=8064 3422 4642 1578 3064 2498
internal_count=8064 3422 4642 1578 3064 2498
is_linear=0
shrinkage=0.05


Tree=2
num_leaves=7
num_cat=0
split_feature=3 3 1 4 4 3
split_gain=3.28161e+07 5.99906e+06 4.85857e+06 3.01985e+06 2.93819e+06 2.22743e+06
threshold=18.142625000000411 -83.477224999999848 8.0899999999999199 -72.935870486111966 -72.935870486111966 146.36313749999979
decision_type=2 2 2 2 2 2
left_child=1 -1 4 -3 -2 -4
right_child=2 3 5 -5 -6 -7
leaf_value=-6.6618385039403849 -3.638764972636924 -6.6184053594616827 3.3172788260740682 -1.547204278162756 1.8495308321464827 6.5011605312426886
leaf_weight=1056 286 336 1648 2288 1623 827
leaf_count=1056 286 336 1648 2288 1623 827
internal_value=-0.000130226 -3.48099 2.92189 -2.19884 1.02582 4.38334
internal_weight=8064 3680 4384 2624 1909 2475
internal_count=8064 3680 4384 2624 1909 2475
is_linear=0
shrinkage=0.05


Tree=3
num_leaves=7
num_cat=0
split_feature=3 1 3 4 3 2
split_gain=2.97806e+07 5.56066e+06 4.57719e+06 3.61126e+06 2.89579e+06 2.82232e+06
threshold=1.0000000180025095e-35 -46.808950000000088 -124.72077499999976 -33.236151388889077 63.648012499999602 -277.34994999999998
decision_type=2 2 2 2 2 2
left_child=2 3 -1 -2 -3 -4
right_child=1 4 5 -5 -6 -7
leaf_value=-8.0268896198903672 -4.3413375611971601 1.5246414683362373 -9.4538090860136812 1.3171022346655352 4.7306862421192717 -2.5161878488657701
leaf_weight=528 355 1052 155 1355 2138 2481
leaf_count=528 355 1052 155 1355 2138 2481
internal_value=-0.000165812 2.44131 -3.78079 0.140546 3.6742 -2.92756
internal_weight=8064 4900 3164 1710 3190 2636
internal_count=8064 4900 3164 1710 3190 2636
is_linear=0
shrinkage=0.05


Tree=4
num_leaves=7
num_cat=0
split_feature=3 3 0 11 3 11
split_gain=2.68929e+07 5.43158e+06 4.2928e+06 4.11878e+06 3.57374e+06 1.53359e+06
threshold=-4.282362499999862 130.50560000000044 6605.6650500000005 1.0000000180025095e-35 -111.83228749999988 -0.1950438958025166
decision_type=2 2 2 2 2 2
left_child=2 3 4 -2 -1 -3
right_child=1 5 -4 -5 -6 -7
leaf_value=-6.6657694985152665 2.7769367046887692 7.7838873662841257 -11.719846496716986 -0.66485922627746341 -2.3570126453489393 3.8953411775375266
leaf_weight=611 1834 321 158 1651 2264 1225
leaf_count=611 1834 321 158 1651 2264 1225
internal_value=-0.000261468 2.24154 -3.71837 1.14668 -3.27472 4.70724
internal_weight=8064 5031 3033 3485 2875 1546
internal_count=8064 5031 3033 3485 2875 1546
is_linear=0
shrinkage=0.05


Tree=5
num_leaves=7
num_cat=0
split_feature=3 3 1 2 4 3
split_gain=2.45227e+07 4.76584e+06 3.88957e+06 2.47874e+06 2.39777e+06 1.83415e+06
threshold=18.142625000000411 -57.936774999999891 8.0899999999999199 -255.3614000000002 -72.935870486111966 -138.11607499999988
decision_type=2 2 2 2 2 2
left_child=1 5 4 -3 -2 -1
right_child=2 3 -4 -5 -6 -7
leaf_value=-8.0260576514672657 -3.3844942954359158 -7.3267304707521745 3.8332632741131043 -0.94110546161319952 1.5733794546394215 -4.0899217814369999
leaf_weight=396 286 164 2475 1932 1623 1188
leaf_count=396 286 164 2475 1932 1623 1188
internal_value=-0.000291511 -3.00933 2.52565 -1.444 0.829224 -5.0784
internal_weight=8064 3680 4384 2096 1909 1584
internal_count=8064 3680 4384 2096 1909 1584
is_linear=0
shrinkage=0.05


Tree=6
num_leaves=7
num_cat=0
split_feature=3 3 0 11 3 1
split_gain=2.22241e+07 5.46501e+06 3.78901e+06 2.71012e+06 2.46572e+06 2.22479e+06
threshold=-17.998499999999463 78.017837499999828 6605.6650500000005 0.21643961393810304 -138.11607499999988 54.733700000000233
decision_type=2 2 2 2 2 2
left_child=2 3 4 -2 -1 -3
right_child=1 5 -4 -5 -6 -7
leaf_value=-7.1200111493056655 1.4732509985781526 1.8911728493241087 -11.595484847565221 -1.7846364061617352 -2.6533636592487331 4.7656760547258372
leaf_weight=361 1694 1268 145 1023 2134 1439
leaf_count=361 1694 1268 145 1023 2134 1439
internal_value=-0.000390776 1.83081 -3.76195 0.246392 -3.30223 3.42041
internal_weight=8064 5424 2640 2717 2495 2707
internal_count=8064 5424 2640 2717 2495 2707
is_linear=0
shrinkage=0.05


Tree=7
num_leaves=7
num_cat=0
split_feature=3 1 3 4 11 3
split_gain=2.01567e+07 4.20798e+06 3.37758e+06 3.33553e+06 2.96816e+06 2.17508e+06
threshold=18.142625000000411 -171.02819999999994 146.36313749999979 -72.935870486111966 0.51864980417341211 -57.936774999999891
decision_type=2 2 2 2 2 2
left_child=1 3 4 -1 -2 -3
right_child=2 5 -4 -5 -6 -7
leaf_value=-10.378593573836742 2.4555295826367072 -3.4220670487860154 4.4404617436548088 -3.8200165742603178 -0.86208562945286116 -0.3448147927376316
leaf_weight=240 2105 927 1288 1006 991 1507
leaf_count=240 2105 927 1288 1006 991 1507
internal_value=-0.000464368 -2.72851 2.2896 -5.09062 1.39366 -1.51772
internal_weight=8064 3680 4384 1246 3096 2434
internal_count=8064 3680 4384 1246 3096 2434
is_linear=0
shrinkage=0.05


Tree=8
num_leaves=7
num_cat=0
split_feature=3 1 0 4 3 3
split_gain=1.83339e+07 4.9368e+06 3.29611e+06 3.21261e+06 2.44928e+06 2.16059e+06
threshold=-17.998499999999463 -46.808950000000088 6605.6650500000005 -72.935870486111966 63.648012499999602 -138.11607499999988
decision_type=2 2 2 2 2 2
left_child=2 3 5 -2 -3 -1
right_child=1 4 -4 -5 -6 -7
leaf_value=-6.5619038090871342 -4.8117343418322527 1.1034200381332036 -10.723052724869284 0.57522736231979976 3.8459799358583795 -2.3809953035712157
leaf_weight=361 332 1316 145 1638 2138 2134
leaf_count=361 332 1316 145 1638 2138 2134
internal_value=-0.000515123 1.66272 -3.41704 -0.334607 2.80167 -2.98831
internal_weight=8064 5424 2640 1970 3454 2495
internal_count=8064 5424 2640 1970 3454 2495
is_linear=0
shrinkage=0.05


Tree=9
num_leaves=7
num_cat=0
split_feature=3 0 3 1 15 3
split_gain=1.66059e+07 3.85304e+06 3.16217e+06 2.83876e+06 2.09385e+06 1.29512e+06
threshold=22.413712500000205 6605.6650500000005 -111.83228749999988 8.0899999999999199 4979.3526242187518 146.36313749999979
decision_type=2 2 2 2 2 2
left_child=1 2 -1 4 -2 -5
right_child=3 -3 -4 5 -6 -7
leaf_value=-5.3057740248642329 2.1894519675958275 -9.2645792890887364 -1.3617455830617857 2.4341285109627466 -1.2036887907365648 4.8756982253153547
leaf_weight=611 1009 193 3005 1593 826 827
leaf_count=611 1009 193 3005 1593 826 827
internal_value=-0.000606878 -2.39839 -2.02946 2.14591 0.662253 3.27017
internal_weight=8064 3809 3616 4255 1835 2420
internal_count=8064 3809 3616 4255 1835 2420
is_linear=0
shrinkage=0.05


Tree=10
num_leaves=7
num_cat=0
split_feature=3 1 10 2 3 3
split_gain=1.51972e+07 4.12242e+06 3.07599e+06 2.70576e+06 1.98835e+06 1.62565e+06
threshold=-17.998499999999463 -46.808950000000088 1.0000000180025095e-35 -277.34994999999998 63.648012499999602 -138.11607499999988
decision_type=2 2 2 2 2 2
left_child=3 2 -2 -1 -3 -5
right_child=1 4 -4 5 -6 -7
leaf_value=-9.3141109035954326 -1.8952528827112112 1.024273001377159 2.1506856095692424 -5.7797145638073966 3.4953727141465052 -2.1628977452548042
leaf_weight=164 1199 1316 771 364 2138 2112
leaf_count=164 1199 1316 771 364 2138 2112
internal_value=-0.000623861 1.51366 -0.311504 -3.11118 2.55443 -2.69673
internal_weight=8064 5424 1970 2640 3454 2476
internal_count=8064 5424 1970 2640 3454 2476
is_linear=0
shrinkage=0.05


Tree=11
num_leaves=7
num_cat=0
split_feature=3 3 11 0 17 11
split_gain=1.37229e+07 3.74376e+06 3.19296e+06 2.66976e+06 1.96748e+06 1.30597e+06
threshold=-13.118975000000317 130.50560000000044 1.0000000180025095e-35 6605.6650500000005 123.27075000000015 -0.10884096748385481
decision_type=2 2 2 2 2 2
left_child=3 2 -2 4 -1 -3
right_child=1 5 -4 -5 -6 -7
leaf_value=-1.7639644911981329 2.0132922590293378 6.2020583376826508 -0.91013477656473185 -9.3642880305947873 -5.1031739895076251 2.7577377120503273
leaf_weight=2062 1983 359 1764 148 561 1187
leaf_count=2062 1983 359 1764 148 561 1187
internal_value=-0.000670066 1.49167 0.637136 -2.85077 -2.47982 3.56104
internal_weight=8064 5293 3747 2771 2623 1546
internal_count=8064 5293 3747 2771 2623 1546
is_linear=0
shrinkage=0.05


Tree=12
num_leaves=6
num_cat=0
split_feature=3 0 3 0 11
split_gain=1.2611e+07 3.89161e+06 3.29462e+06 2.24895e+06 1.93895e+06
threshold=40.557824999999873 6696.5600000000004 -57.936774999999891 6535.8755500000007 0.77969889170510676
decision_type=2 2 2 2 2
left_child=1 2 -1 4 -2
right_child=3 -3 -4 -5 -6
leaf_value=-3.4141068609422804 3.1621681187721791 -9.807845736798404 -0.49517716910327486 -2.5591046161452931 0.51178373510869657
leaf_weight=1518 2554 147 2660 239 946
leaf_count=1518 2554 147 2660 239 946
internal_value=-0.000674805 -1.83894 -1.55628 2.12562 2.44616
internal_weight=8064 4325 4178 3739 3500
internal_count=8064 4325 4178 3739 3500
is_linear=0
shrinkage=0.05


Tree=13
num_leaves=7
num_cat=0
split_feature=3 2 3 4 11 3
split_gain=1.13825e+07 3.5225e+06 3.00897e+06 2.17424e+06 2.51582e+06 1.36153e+06
threshold=40.557824999999873 -309.51500000000004 -46.261250000000238 -34.098725694444504 0.15208718494349097 146.36313749999979
decision_type=2 2 2 2 2 2
left_child=1 -1 -3 4 -2 -5
right_child=3 2 -4 5 -6 -7
leaf_value=-8.228304888308049 2.7484487225848535 -2.9975594282224312 -0.26777176673704683 1.7594616828635961 -4.0763714138456839 3.9260234750940932
leaf_weight=199 251 1760 2366 2084 290 1114
leaf_count=199 251 1760 2366 2084 290 1114
internal_value=-0.000719172 -1.74715 -1.43264 2.01935 -0.910729 2.51516
internal_weight=8064 4325 4126 3739 541 3198
internal_count=8064 4325 4126 3739 541 3198
is_linear=0
shrinkage=0.05


Tree=14
num_leaves=7
num_cat=0
split_feature=3 1 10 2 3 3
split_gain=1.03196e+07 3.41116e+06 2.81876e+06 2.1717e+06 1.46285e+06 1.36026e+06
threshold=-17.998499999999463 -55.586200000000183 1.0000000180025095e-35 -277.34994999999998 199.73408750000002 -138.11607499999988
decision_type=2 2 2 2 2 2
left_child=3 2 -2 -1 -3 -5
right_child=1 4 -4 5 -6 -7
leaf_value=-8.1205894970352013 -2.0841523446437482 1.757005193722474 1.8485013289290233 -5.0124983293899943 4.7222973617682564 -1.704671430704658
leaf_weight=164 1111 3061 771 364 481 2112
leaf_count=164 1111 3061 771 364 481 2112
internal_value=-0.000727469 1.24711 -0.472934 -2.56396 2.16091 -2.19279
internal_weight=8064 5424 1882 2640 3542 2476
internal_count=8064 5424 1882 2640 3542 2476
is_linear=0
shrinkage=0.05


Tree=15
num_leaves=6
num_cat=0
split_feature=3 0 17 0 11
split_gain=9.48576e+06 3.35338e+06 2.75337e+06 1.95594e+06 1.71626e+06
threshold=40.557824999999873 6696.5600000000004 123.27075000000015 6535.8755500000007 0.77969889170510676
decision_type=2 2 2 2 2
left_child=1 2 -1 4 -2
right_child=3 -3 -4 -5 -6
leaf_value=-0.65294766323295805 2.8159359243172069 -8.9922459119679168 -3.7567515158525526 -2.5252606958150867 0.32259455856954666
leaf_weight=3264 2554 147 914 239 946
leaf_count=3264 2554 147 914 239 946
internal_value=-0.000744375 -1.59504 -1.33269 1.84336 2.14231
internal_weight=8064 4325 4178 3739 3500
internal_count=8064 4325 4178 3739 3500
is_linear=0
shrinkage=0.05


Tree=16
num_leaves=7
num_cat=0
split_feature=3 1 4 11 4 3
split_gain=8.76689e+06 3.41182e+06 2.78437e+06 1.66676e+06 2.90026e+06 1.38717e+06
threshold=-32.853987499999896 -55.586200000000183 -72.935870486111966 -0.48087430661751701 -72.935870486111966 146.36313749999979
decision_type=2 2 2 2 2 2
left_child=3 2 -2 -1 -5 -3
right_child=1 5 -4 4 -6 -7
leaf_value=-1.0804246558110508 -4.6411089168766804 1.3666589218942506 0.22717575769347775 -10.159368521574908 -2.9377249466988777 3.5872154007305173
leaf_weight=962 353 2804 1724 158 1124 939
leaf_count=962 353 2804 1724 158 1124 939
internal_value=-0.000786451 1.02291 -0.602057 -2.65511 -3.83498 1.92454
internal_weight=8064 5820 2077 2244 1282 3743
internal_count=8064 5820 2077 2244 1282 3743
is_linear=0
shrinkage=0.05


Tree=17
num_leaves=7
num_cat=0
split_feature=3 0 3 11 4 3
split_gain=7.96258e+06 3.08343e+06 2.45468e+06 1.72339e+06 2.72544e+06 957827
threshold=49.366600000000297 6696.5600000000004 -57.936774999999891 -0.15208718494349127 -72.935870486111966 146.36313749999979
decision_type=2 2 2 2 2 2
left_child=1 2 -1 5 -5 -2
right_child=3 -3 -4 4 -6 -7
leaf_value=-2.7510807554366301 2.5903446297467259 -8.1674539817786371 -0.27056781412645503 -3.6754215021712193 1.6285482365890134 6.0404297403143907
leaf_weight=1518 973 160 2905 275 1979 254
leaf_count=1518 973 160 2905 275 1979 254
internal_value=-0.000831668 -1.37001 -1.12232 1.80167 0.980093 3.30888
internal_weight=8064 4583 4423 3481 2254 1227
internal_count=8064 4583 4423 3481 2254 1227
is_linear=0
shrinkage=0.05


Tree=18
num_leaves=7
num_cat=0
split_feature=3 2 3 11 1 15
split_gain=7.23771e+06 2.67965e+06 1.92832e+06 2.57887e+06 1.72018e+06 453710
threshold=18.142625000000411 -309.51500000000004 199.73408750000002 0.51864980417341211 -55.586200000000183 4979.3526242187518
decision_type=2 2 2 2 2 2
left_child=1 -1 3 -2 -3 -4
right_child=2 4 5 -5 -6 -7
leaf_value=-7.5685910478975238 1.8815031127360129 -2.3521658644697427 5.1970121163406384 -0.88587651353058539 -0.12849309218993152 2.5263867016065689
leaf_weight=180 2463 1888 329 1278 1612 314
leaf_count=180 2463 1888 329 1278 1612 314
internal_value=-0.000818628 -1.63554 1.37145 0.936127 -1.32833 3.8988
internal_weight=8064 3680 4384 3741 3500 643
internal_count=8064 3680 4384 3741 3500 643
is_linear=0
shrinkage=0.05


Tree=19
num_leaves=7
num_cat=0
split_feature=3 4 11 3 11 4
split_gain=6.71549e+06 2.98815e+06 4.8571e+06 2.1146e+06 1.31522e+06 2.23112e+06
threshold=-37.391974999999995 -72.935870486111966 0.065387565056497135 104.73968750000019 -0.48087430661751701 -72.935870486111966
decision_type=2 2 2 2 2 2
left_child=4 2 -2 -3 -1 -6
right_child=1 3 -4 -5 5 -7
leaf_value=-0.98678969276167305 2.0283979197570847 0.54512787844956223 -6.0986551462494312 2.6596575746132749 -9.2163295017282163 -2.6916826720079108
leaf_weight=910 359 3408 375 1810 149 1053
leaf_count=910 359 3408 375 1810 149 1053
internal_value=-0.000785945 0.858745 -2.12636 1.27898 -2.42236 -3.50747
internal_weight=8064 5952 734 5218 2112 1202
internal_count=8064 5952 734 5218 2112 1202
is_linear=0
shrinkage=0.05


Tree=20
num_leaves=7
num_cat=0
split_feature=3 2 17 15 11 16
split_gain=6.12589e+06 2.69694e+06 2.09009e+06 1.60999e+06 1.73705e+06 996870
threshold=54.750475000000058 -350.38910000000004 46.288537500000082 4979.3526242187518 -0.2376293295203116 0.29680982872693235
decision_type=2 2 2 2 2 2
left_child=1 -1 -3 5 -5 -2
right_child=3 2 -4 4 -6 -7
leaf_value=-7.7831751572205725 4.0258523506551853 -0.12641861353154388 -2.3421628153275633 3.1336112447374362 -0.99807364503101825 1.7113440826195614
leaf_weight=148 692 2875 1689 357 878 1425
leaf_count=148 692 2875 1689 357 878 1425
internal_value=-0.00083196 -1.16307 -0.946733 1.63281 0.197837 2.46945
internal_weight=8064 4712 4564 3352 1235 2117
internal_count=8064 4712 4564 3352 1235 2117
is_linear=0
shrinkage=0.05


Tree=21
num_leaves=7
num_cat=0
split_feature=3 1 10 16 3 11
split_gain=5.7588e+06 2.69377e+06 2.00808e+06 1.50333e+06 1.24287e+06 1.06715e+06
threshold=-37.391974999999995 -35.209999999999575 1.0000000180025095e-35 0.29680982872693235 -158.73875000000018 -0.48087430661751701
decision_type=2 2 2 2 2 2
left_child=4 2 -2 -3 -1 -6
right_child=1 3 -4 -5 5 -7
leaf_value=-5.4471974334373794 -1.6190783453747106 2.9482649800972176 1.4138228219806663 0.84668084093601648 -0.40379432534687665 -2.8295756341735205
leaf_weight=264 1502 1384 856 2210 798 1050
leaf_count=264 1502 1384 856 2210 798 1050
internal_value=-0.000805113 0.79515 -0.517943 1.65657 -2.24327 -1.78286
internal_weight=8064 5952 2358 3594 2112 1848
internal_count=8064 5952 2358 3594 2112 1848
is_linear=0
shrinkage=0.05


Tree=22
num_leaves=7
num_cat=0
split_feature=3 4 11 3 11 3
split_gain=5.27599e+06 3.13192e+06 6.82667e+06 1.96956e+06 1.24675e+06 1.3648e+06
threshold=78.017837499999828 -72.935870486111966 0.34202014332566882 -57.936774999999891 -0.1950438958025166 199.73408750000002
decision_type=2 2 2 2 2 2
left_child=1 2 -1 -3 -2 -6
right_child=4 3 -4 -5 5 -7
leaf_value=-0.50961718909664766 3.4376351332319488 -2.0292040132338895 -11.205572634696962 0.21254137530643324 0.2149066696482477 3.1388946472854728
leaf_weight=443 811 1393 224 3297 1326 570
leaf_count=443 811 1393 224 3297 1326 570
internal_value=-0.000796416 -0.909905 -4.11306 -0.453581 1.79795 1.09514
internal_weight=8064 5357 667 4690 2707 1896
internal_count=8064 5357 667 4690 2707 1896
is_linear=0
shrinkage=0.05


Tree=23
num_leaves=7
num_cat=0
split_feature=3 4 11 0 3 3
split_gain=4.78009e+06 2.11038e+06 2.73502e+06 1.40774e+06 1.37144e+06 1.2177e+06
threshold=-17.998499999999463 -33.236151388889077 1.0000000180025095e-35 6605.6650500000005 146.36313749999979 -158.73875000000018
decision_type=2 2 2 2 2 2
left_child=3 2 -2 5 -3 -1
right_child=1 4 -4 -5 -6 -7
leaf_value=-4.8365108492699536 1.6050664885877888 0.79643322797810512 -3.957223279352458 -6.518834264106947 2.8334415789969478 -1.1029640332931558
leaf_weight=241 411 3451 476 145 1086 2254
leaf_count=241 411 3451 476 145 1086 2254
internal_value=-0.00079838 0.848466 -1.38098 -1.74531 1.28454 -1.46539
internal_weight=8064 5424 887 2640 4537 2495
internal_count=8064 5424 887 2640 4537 2495
is_linear=0
shrinkage=0.05


Tree=24
num_leaves=7
num_cat=0
split_feature=3 4 11 17 15 11
split_gain=4.44228e+06 2.73259e+06 5.97717e+06 1.6968e+06 1.14854e+06 1.14368e+06
threshold=78.017837499999828 -72.935870486111966 0.34202014332566882 26.231250000000049 4979.3526242187518 -0.2376293295203116
decision_type=2 2 2 2 2 2
left_child=1 2 -1 -3 -2 -6
right_child=4 3 -4 -5 5 -7
leaf_value=-0.455263551552822 2.4691562067042696 0.39492334642801075 -10.463566050873863 -1.5337640904557066 3.2178173662056682 -0.59438248983336783
leaf_weight=443 1657 2736 224 1954 261 789
leaf_count=443 1657 2736 224 1954 261 789
internal_value=-0.000827775 -0.835021 -3.82701 -0.408784 1.64969 0.355382
internal_weight=8064 5357 667 4690 2707 1050
internal_count=8064 5357 667 4690 2707 1050
is_linear=0
shrinkage=0.05


Tree=25
num_leaves=7
num_cat=0
split_feature=3 1 10 16 1 15
split_gain=4.17227e+06 2.16369e+06 1.95421e+06 1.35254e+06 1.01153e+06 833163
threshold=-37.391974999999995 -55.586200000000183 1.0000000180025095e-35 0.29680982872693235 -171.02819999999994 5019.9601540798621
decision_type=2 2 2 2 2 2
left_child=4 2 -2 -3 5 -1
right_child=1 3 -4 -5 -6 -7
leaf_value=-2.2957521945436468 -1.8127099710248284 2.5924972430573576 1.2638640279561073 0.65125409786640631 -1.0321609403559164 -5.8660992614990839
leaf_weight=600 1297 1453 856 2346 1287 225
leaf_count=600 1297 1453 856 2346 1287 225
internal_value=-0.000829573 0.67667 -0.589492 1.39421 -1.90956 -3.27541
internal_weight=8064 5952 2153 3799 2112 825
internal_count=8064 5952 2153 3799 2112 825
is_linear=0
shrinkage=0.05


Tree=26
num_leaves=7
num_cat=0
split_feature=3 1 4 17 15 11
split_gain=3.80041e+06 2.38982e+06 1.98979e+06 1.47761e+06 1.09199e+06 999282
threshold=82.737075000000019 -171.02819999999994 -72.935870486111966 85.304049999999521 4979.3526242187518 -0.1950438958025166
decision_type=2 2 2 2 2 2
left_child=1 2 -1 -3 -2 -6
right_child=4 3 -4 -5 5 -7
leaf_value=-5.9520740634279621 2.4063786699623346 0.52198338892921214 -1.5013786180291282 -1.6856207362368054 3.0393817327797414 -0.60484597603692425
leaf_weight=310 1570 2831 1311 1034 249 759
leaf_count=310 1570 2831 1311 1034 249 759
internal_value=-0.000828382 -0.7449 -2.35567 -0.0688982 1.58223 0.297485
internal_weight=8064 5486 1621 3865 2578 1008
internal_count=8064 5486 1621 3865 2578 1008
is_linear=0
shrinkage=0.05


Tree=27
num_leaves=7
num_cat=0
split_feature=3 17 0 4 12 17
split_gain=3.57796e+06 1.97088e+06 2.10833e+06 1.3007e+06 961911 961171
threshold=-37.391974999999995 123.27075000000015 6535.8755500000007 -34.098725694444504 -0.85470842479866194 61.310275000000281
decision_type=2 2 2 2 2 2
left_child=4 2 -2 -3 -1 -6
right_child=1 3 -4 -5 5 -7
leaf_value=-4.5332179478158912 1.412643019611213 -4.314353808760643 -3.6093141898601737 -0.29312319166204098 -0.49653411053861718 -2.8766099216315495
leaf_weight=273 4198 237 219 1298 1176 663
leaf_count=273 4198 237 219 1298 1176 663
internal_value=-0.000810374 0.626584 1.16289 -0.916395 -1.76838 -1.3557
internal_weight=8064 5952 4417 1535 2112 1839
internal_count=8064 5952 4417 1535 2112 1839
is_linear=0
shrinkage=0.05


Tree=28
num_leaves=7
num_cat=0
split_feature=1 0 15 0 10 1
split_gain=3.34055e+06 1.91411e+06 1.66735e+06 2.66858e+06 1.57748e+06 1.38017e+06
threshold=-55.586200000000183 6696.5600000000004 4051.8135958333337 2701.4494000000004 1.0000000180025095e-35 200.99034999999984
decision_type=2 2 2 2 2 2
left_child=1 4 3 -2 -1 -4
right_child=2 -3 5 -5 -6 -7
leaf_value=-1.6620109658174549 2.2527556130950828 -5.8370019317105202 1.2064089941587086 -1.6832466603965934 0.66665448539023553 4.4061456347782606
leaf_weight=2158 671 206 2342 1198 1096 393
leaf_count=2158 671 206 2342 1198 1096 393
internal_value=-0.000861057 -1.17458 0.881276 -0.269712 -0.877715 1.66763
internal_weight=8064 3460 4604 1869 3254 2735
internal_count=8064 3460 4604 1869 3254 2735
is_linear=0
shrinkage=0.05


Tree=29
num_leaves=7
num_cat=0
split_feature=3 4 11 3 3 11
split_gain=3.17545e+06 2.09076e+06 4.96378e+06 1.36478e+06 922051 1.32933e+06
threshold=78.017837499999828 -72.935870486111966 0.34202014332566882 -111.83228749999988 199.73408750000002 0.62577451934763018
decision_type=2 2 2 2 2 2
left_child=1 2 -1 -3 5 -2
right_child=4 3 -4 -5 -6 -7
leaf_value=-0.25096328247355315 1.8011264414062584 -2.6038192933836375 -9.3710617748598253 -0.012939013076668919 3.0466401717000822 -0.86524588550721016
leaf_weight=443 1350 579 224 4111 643 714
leaf_count=443 1350 579 224 4111 643 714
internal_value=-0.000822036 -0.70611 -3.32323 -0.333281 1.39465 0.878775
internal_weight=8064 5357 667 4690 2707 2064
internal_count=8064 5357 667 4690 2707 2064
is_linear=0
shrinkage=0.05


Tree=30
num_leaves=7
num_cat=0
split_feature=3 11 4 15 11 15
split_gain=2.90693e+06 1.72838e+06 2.88485e+06 1.23878e+06 1.10203e+06 920795
threshold=40.557824999999873 -0.44218343748786698 -72.935870486111966 4979.3526242187518 -0.2376293295203116 4051.8135958333337
decision_type=2 2 2 2 2 2
left_child=1 -1 -3 5 -5 -2
right_child=3 2 -4 4 -6 -7
leaf_value=0.27266634259763389 0.59380372162135142 -6.2590121081086902 -1.101071144619215 1.9716603936122852 -1.1505905546320061 2.5649752215720141
leaf_weight=1850 1059 309 2166 405 929 1346
leaf_count=1850 1059 309 2166 405 929 1346
internal_value=-0.00083212 -0.883405 -1.7473 1.02003 -0.201914 1.69761
internal_weight=8064 4325 2475 3739 1334 2405
internal_count=8064 4325 2475 3739 1334 2405
is_linear=0
shrinkage=0.05


Tree=31
num_leaves=7
num_cat=0
split_feature=3 11 4 18 11 3
split_gain=2.77328e+06 2.27746e+06 3.68836e+06 1.17326e+06 589036 586773
threshold=130.50560000000044 -0.48087430661751701 -33.236151388889077 1.0000000180025095e-35 0.55543802234893513 238.8492375000001
decision_type=2 2 2 2 2 2
left_child=1 3 -3 -1 -2 -6
right_child=4 2 -4 -5 5 -7
leaf_value=-0.073304431583553029 2.8878357257567564 -4.6749095592834058 -0.53200567940827914 2.1798255431632856 -0.031893271410100552 2.8753247652059564
leaf_weight=1640 765 639 3348 891 522 259
leaf_count=1640 765 639 3348 891 522 259
internal_value=-0.000809783 -0.452449 -1.197 0.720423 1.90238 0.93466
internal_weight=8064 6518 3987 2531 1546 781
internal_count=8064 6518 3987 2531 1546 781
is_linear=0
shrinkage=0.05


Tree=32
num_leaves=7
num_cat=0
split_feature=3 17 16 3 3 12
split_gain=2.66403e+06 1.62445e+06 1.76302e+06 1.02348e+06 887620 782938
threshold=-37.391974999999995 123.27075000000015 0.31089583785487296 186.64500000000001 -158.73875000000018 -0.85470842479866194
decision_type=2 2 2 2 2 2
left_child=4 2 -2 -3 -1 -6
right_child=1 3 -4 -5 5 -7
leaf_value=-4.2329604784610133 2.1999327705489358 -1.4633508552081476 0.17651884433861031 1.8986422663797502 -3.776337663756042 -0.73548667845690274
leaf_weight=264 1857 1260 2560 275 243 1605
leaf_count=264 1857 1260 2560 275 243 1605
internal_value=-0.000752987 0.540615 1.02751 -0.860195 -1.52596 -1.13716
internal_weight=8064 5952 4417 1535 2112 1848
internal_count=8064 5952 4417 1535 2112 1848
is_linear=0
shrinkage=0.05


Tree=33
num_leaves=7
num_cat=0
split_feature=1 0 15 0 10 1
split_gain=2.55602e+06 1.43231e+06 1.38134e+06 2.23472e+06 1.2589e+06 1.1491e+06
threshold=-55.586200000000183 6696.5600000000004 3211.4154543402783 2656.9560500000002 1.0000000180025095e-35 200.99034999999984
decision_type=2 2 2 2 2 2
left_child=1 4 3 -2 -1 -4
right_child=2 -3 5 -5 -6 -7
leaf_value=-1.4712717142937883 2.3443362123609246 -5.0606152740509618 1.0416784538672639 -1.4965733604596079 0.60899240992294335 3.902667122542713
leaf_weight=2158 545 206 2414 1235 1096 410
leaf_count=2158 545 206 2414 1235 1096 410
internal_value=-0.00075211 -1.02744 0.770878 -0.319909 -0.770633 1.45828
internal_weight=8064 3460 4604 1780 3254 2824
internal_count=8064 3460 4604 1780 3254 2824
is_linear=0
shrinkage=0.05


Tree=34
num_leaves=7
num_cat=0
split_feature=1 10 1 18 3 15
split_gain=2.31325e+06 1.58292e+06 1.74609e+06 1.23724e+06 1.10565e+06 758901
threshold=-84.713850000000079 1.0000000180025095e-35 -253.56194999999954 -1.0000000180025095e-35 116.89548749999973 4051.8135958333337
decision_type=2 2 2 2 2 2
left_child=1 2 -1 5 -3 -2
right_child=3 4 -4 -5 -6 -7
leaf_value=-4.6679074356745884 -1.308656350942996 -0.46828539125165164 -1.1192716877565838 1.3993899406431953 3.2042122005969844 0.53829103898715558
leaf_weight=454 906 881 1460 2660 266 1437
leaf_count=454 906 881 1460 2660 266 1437
internal_value=-0.000715318 -1.08317 -1.963 0.661648 0.38545 -0.176147
internal_weight=8064 3061 1914 5003 1147 2343
internal_count=8064 3061 1914 5003 1147 2343
is_linear=0
shrinkage=0.05


Tree=35
num_leaves=7
num_cat=0
split_feature=3 11 4 3 11 3
split_gain=2.2017e+06 1.97694e+06 3.15735e+06 974106 533306 529816
threshold=130.50560000000044 -0.48087430661751701 -72.935870486111966 -91.994987499999965 -0.1950438958025166 217.24438750000016
decision_type=2 2 2 2 2 2
left_child=1 3 -3 -1 -2 -6
right_child=4 2 -4 -5 5 -7
leaf_value=-1.5954690901382926 3.5068048991771961 -4.7584863211669131 -0.5560809307761696 1.1102303549130947 0.40054376992410506 2.5407420712021684
leaf_weight=393 321 512 3475 2138 758 467
leaf_count=393 321 512 3475 2138 758 467
internal_value=-0.000694569 -0.40311 -1.0968 0.68964 1.69507 1.21785
internal_weight=8064 6518 3987 2531 1546 1225
internal_count=8064 6518 3987 2531 1546 1225
is_linear=0
shrinkage=0.05


Tree=36
num_leaves=7
num_cat=0
split_feature=3 17 16 4 3 12
split_gain=2.0745e+06 1.68137e+06 1.57386e+06 951680 610779 596469
threshold=-57.936774999999891 123.27075000000015 0.30330400053492274 -34.098725694444504 -158.73875000000018 -0.85470842479866194
decision_type=2 2 2 2 2 2
left_child=4 2 -2 -3 -1 -6
right_child=1 3 -4 -5 5 -7
leaf_value=-3.8136989140904181 1.9515931858407116 -3.7355944473253917 0.11492361761914481 -0.45667246333280148 -3.7980882089405776 -0.74904357301506186
leaf_weight=264 1977 262 2843 1398 186 1134
leaf_count=264 1977 262 2843 1398 186 1134
internal_value=-0.00065582 0.395888 0.868512 -0.976126 -1.62211 -1.18123
internal_weight=8064 6480 4820 1660 1584 1320
internal_count=8064 6480 4820 1660 1584 1320
is_linear=0
shrinkage=0.05


Tree=37
num_leaves=7
num_cat=0
split_feature=3 11 4 0 15 11
split_gain=1.98467e+06 1.47857e+06 3.68594e+06 1.13157e+06 870856 680178
threshold=82.737075000000019 1.0000000180025095e-35 -72.935870486111966 6249.6397000000006 4979.3526242187518 -0.1950438958025166
decision_type=2 2 2 2 2 2
left_child=1 3 -3 -1 -2 -6
right_child=4 2 -4 -5 5 -7
leaf_value=0.4961778276541301 1.8792841086768797 -6.5571929387724284 -0.7129662215966257 -2.6072438747781082 2.2586283917427066 -0.74789910238040125
leaf_weight=2810 1570 310 2039 327 249 759
leaf_count=2810 1570 310 2039 327 249 759
internal_value=-0.000688047 -0.538392 -1.4867 0.17195 1.14331 -0.0037128
internal_weight=8064 5486 2349 3137 2578 1008
internal_count=8064 5486 2349 3137 2578 1008
is_linear=0
shrinkage=0.05


Tree=38
num_leaves=7
num_cat=0
split_feature=1 15 0 17 0 1
split_gain=1.86019e+06 1.2904e+06 1.7841e+06 1.11713e+06 1.00761e+06 792971
threshold=-17.623900000000045 4051.8135958333337 2656.9560500000002 77.079187499999776 6605.6650500000005 200.99034999999984
decision_type=2 2 2 2 2 2
left_child=3 2 -2 4 -1 -3
right_child=1 5 -4 -5 -6 -7
leaf_value=0.13896583976944582 2.1070814173484069 1.106887490342882 -1.3360461628179492 -1.8799335866794509 -3.6925066208839419 3.5706462380093367
leaf_weight=2367 544 1921 1214 1441 184 393
leaf_count=2367 544 1921 1214 1441 184 393
internal_value=-0.000690786 0.751126 -0.270004 -0.76757 -0.138731 1.52668
internal_weight=8064 4072 1758 3992 2551 2314
internal_count=8064 4072 1758 3992 2551 2314
is_linear=0
shrinkage=0.05


Tree=39
num_leaves=7
num_cat=0
split_feature=3 11 4 18 11 3
split_gain=1.79113e+06 1.58503e+06 2.51214e+06 890454 464466 459099
threshold=130.50560000000044 -0.48087430661751701 -33.236151388889077 1.0000000180025095e-35 0.55543802234893513 199.73408750000002
decision_type=2 2 2 2 2 2
left_child=1 3 -3 -1 -2 -6
right_child=4 2 -4 -5 5 -7
leaf_value=-0.076629283979743959 2.4038219833595793 -3.8550311269873059 -0.43594492158896181 1.8862493306623915 -0.587706688036574 1.8358611567927701
leaf_weight=1640 765 639 3348 891 376 405
leaf_count=1640 765 639 3348 891 376 405
internal_value=-0.000656152 -0.363616 -0.984754 0.614844 1.52884 0.669814
internal_weight=8064 6518 3987 2531 1546 781
internal_count=8064 6518 3987 2531 1546 781
is_linear=0
shrinkage=0.05


Tree=40
num_leaves=7
num_cat=0
split_feature=3 17 16 3 3 12
split_gain=1.72004e+06 1.13603e+06 1.36401e+06 745801 648605 550776
threshold=-37.391974999999995 85.304049999999521 0.31089583785487296 199.73408750000002 -158.73875000000018 -0.85470842479866194
decision_type=2 2 2 2 2 2
left_child=4 2 -2 -3 -1 -6
right_child=1 3 -4 -5 5 -7
leaf_value=-3.5400607294912612 2.0301323965459575 -0.98421023613896819 0.15890672909086728 1.8409134160085914 -3.107369621305681 -0.55700807262903285
leaf_weight=264 1620 1620 2440 272 243 1605
leaf_count=264 1620 1620 2440 272 243 1605
internal_value=-0.000616086 0.434386 0.905869 -0.577303 -1.22616 -0.893863
internal_weight=8064 5952 4060 1892 2112 1848
internal_count=8064 5952 4060 1892 2112 1848
is_linear=0
shrinkage=0.05


Tree=41
num_leaves=7
num_cat=0
split_feature=3 17 16 3 18 3
split_gain=1.58187e+06 1.28572e+06 1.42335e+06 772385 442721 260392
threshold=-91.994987499999965 85.304049999999521 0.30330400053492274 175.01749999999996 -13.6514374999997 -158.73875000000018
decision_type=2 2 2 2 2 2
left_child=4 2 -2 -3 -1 -6
right_child=1 3 -4 -5 5 -7
leaf_value=-3.0949898038821466 1.7571234652002756 -1.1398370896868306 0.014011170538492873 1.3929613355235015 -2.6595725191693731 -0.13945326769176652
leaf_weight=439 1942 1893 2948 357 146 339
leaf_count=439 1942 1893 2948 357 146 339
internal_value=-0.000611065 0.251399 0.706483 -0.737526 -1.94613 -0.901999
internal_weight=8064 7140 4890 2250 924 485
internal_count=8064 7140 4890 2250 924 485
is_linear=0
shrinkage=0.05


Tree=42
num_leaves=7
num_cat=0
split_feature=3 16 11 15 11 15
split_gain=1.51187e+06 1.01506e+06 1.51674e+06 954264 922208 804563
threshold=49.366600000000297 0.30330400053492274 -0.48087430661751701 4959.2183949652781 -0.2376293295203116 4051.8135958333337
decision_type=2 2 2 2 2 2
left_child=1 -1 -3 5 -5 -2
right_child=3 2 -4 4 -6 -7
leaf_value=0.22228200000973286 0.4868877652086197 -0.0030219215887451645 -2.4611087577449062 1.7774226119131566 -0.96902376945318203 2.4947554361401032
leaf_weight=2071 991 1215 1297 429 1056 1005
leaf_count=2071 991 1215 1297 429 1056 1005
internal_value=-0.0006045 -0.597213 -1.27266 0.784822 -0.174944 1.49861
internal_weight=8064 4583 2512 3481 1485 1996
internal_count=8064 4583 2512 3481 1485 1996
is_linear=0
shrinkage=0.05


Tree=43
num_leaves=7
num_cat=0
split_feature=3 11 4 0 11 3
split_gain=1.46626e+06 1.30869e+06 3.1404e+06 975224 517417 387133
threshold=146.36313749999979 1.0000000180025095e-35 -72.935870486111966 6249.6397000000006 -0.10884096748385481 217.24438750000016
decision_type=2 2 2 2 2 2
left_child=1 3 -3 -1 -2 -6
right_child=4 2 -4 -5 5 -7
leaf_value=0.59457462747085721 3.4966727509042146 -5.2099440242410155 -0.44181565618281343 -2.178185813439744 0.15282968838921693 2.1111352109413439
leaf_weight=3376 268 396 2655 349 564 456
leaf_count=3376 268 396 2655 349 564 456
internal_value=-0.00056468 -0.294569 -1.06219 0.334276 1.54518 1.02952
internal_weight=8064 6776 3051 3725 1288 1020
internal_count=8064 6776 3051 3725 1288 1020
is_linear=0
shrinkage=0.05


Tree=44
num_leaves=7
num_cat=0
split_feature=3 17 16 4 1 15
split_gain=1.36171e+06 1.1087e+06 1.26493e+06 653326 398752 336790
threshold=-91.994987499999965 123.27075000000015 0.29680982872693235 -15.037812152777176 -253.56194999999954 4051.8135958333337
decision_type=2 2 2 2 2 2
left_child=4 2 -2 -3 -1 -6
right_child=1 3 -4 -5 5 -7
leaf_value=-3.3160699519695656 1.5411008699232087 -2.1037080370839658 -0.031387084912734148 -0.1238461461156041 -2.5674972080723015 -0.18332381804885767
leaf_weight=296 2127 650 3205 1158 238 390
leaf_count=296 2127 650 3205 1158 238 390
internal_value=-0.00054559 0.23327 0.596069 -0.836402 -1.8056 -1.08953
internal_weight=8064 7140 5332 1808 924 628
internal_count=8064 7140 5332 1808 924 628
is_linear=0
shrinkage=0.05


Tree=45
num_leaves=7
num_cat=0
split_feature=3 11 4 18 15 4
split_gain=1.32774e+06 1.26025e+06 2.91047e+06 917331 304525 341738
threshold=175.01749999999996 1.0000000180025095e-35 -72.935870486111966 -1.0000000180025095e-35 4979.3526242187518 15.344065277777874
decision_type=2 2 2 2 2 2
left_child=1 3 -3 -1 5 -2
right_child=4 2 -4 -5 -6 -7
leaf_value=-0.26895709303400767 3.639379097886716 -4.7864951397155551 -0.37158769441641026 1.2933673317210683 0.84025132814465575 0.78836927909404042
leaf_weight=2242 313 428 2877 1616 429 159
leaf_count=2242 313 428 2877 1616 429 159
internal_value=-0.000560371 -0.228187 -0.944596 0.385619 1.80733 2.68267
internal_weight=8064 7163 3305 3858 901 472
internal_count=8064 7163 3305 3858 901 472
is_linear=0
shrinkage=0.05


Tree=46
num_leaves=7
num_cat=0
split_feature=3 15 11 15 17 12
split_gain=1.28388e+06 1.07306e+06 845755 799257 692119 685645
threshold=-4.282362499999862 4979.3526242187518 0.59116893267988335 4051.8135958333337 142.40612499999978 -0.87651811848132988
decision_type=2 2 2 2 2 2
left_child=4 3 -3 -2 5 -1
right_child=1 2 -4 -5 -6 -7
leaf_value=-2.6172842505116822 0.11082937684786212 0.29203281585127117 -2.051959763299736 1.6710033351801368 -2.3581493126989428 -0.12169084940965023
leaf_weight=315 1432 1079 597 1923 584 2134
leaf_count=315 1432 1079 597 1923 584 2134
internal_value=-0.000525322 0.489299 -0.543635 1.00531 -0.812917 -0.443621
internal_weight=8064 5031 1676 3355 3033 2449
internal_count=8064 5031 1676 3355 3033 2449
is_linear=0
shrinkage=0.05


Tree=47
num_leaves=7
num_cat=0
split_feature=3 11 4 18 11 18
split_gain=1.22783e+06 1.08648e+06 1.75384e+06 643076 370088 555083
threshold=130.50560000000044 -0.48087430661751701 -33.236151388889077 1.0000000180025095e-35 0.77969889170510676 -48.427937500000546
decision_type=2 2 2 2 2 2
left_child=1 3 -3 -1 5 -2
right_child=4 2 -4 -5 -6 -7
leaf_value=-0.078568749410985073 0.60053497706628911 -3.2135632651904604 -0.35674587594114121 1.5895116266982439 0.23579557128883699 2.9741214736793662
leaf_weight=1640 470 639 3348 891 558 518
leaf_count=1640 470 639 3348 891 558 518
internal_value=-0.000530518 -0.301045 -0.815302 0.509049 1.26582 1.84674
internal_weight=8064 6518 3987 2531 1546 988
internal_count=8064 6518 3987 2531 1546 988
is_linear=0
shrinkage=0.05


Tree=48
num_leaves=7
num_cat=0
split_feature=1 15 0 11 4 0
split_gain=1.17326e+06 981519 1.33778e+06 749356 967822 866174
threshold=-17.623900000000045 4051.8135958333337 2656.9560500000002 0.75166088996455116 -72.935870486111966 6173.6071500000007
decision_type=2 2 2 2 2 2
left_child=3 2 -2 5 -5 -1
right_child=1 -3 -4 4 -6 -7
leaf_value=0.32945759069059544 1.7644726030514875 1.272984530915291 -1.2170442805773438 -5.1717827830610981 -1.0701635431258532 -1.5046884841652532
leaf_weight=2121 544 2314 1214 176 772 923
leaf_count=2121 544 2314 1214 176 772 923
internal_value=-0.000493139 0.596584 -0.293957 -0.609533 -1.83629 -0.227003
internal_weight=8064 4072 1758 3992 948 3044
internal_count=8064 4072 1758 3992 948 3044
is_linear=0
shrinkage=0.05


Tree=49
num_leaves=7
num_cat=0
split_feature=3 16 4 17 15 15
split_gain=1.12686e+06 1.19139e+06 1.52046e+06 888522 190083 242094
threshold=199.73408750000002 0.29680982872693235 -72.935870486111966 94.686949999999356 4979.3526242187518 4051.8135958333337
decision_type=2 2 2 2 2 2
left_child=1 3 -3 -1 5 -2
right_child=4 2 -4 -5 -6 -7
leaf_value=1.1376260569285279 1.5894914185669689 -3.1326007335885828 -0.34403494477828411 -0.75758360766819643 1.1204290336086637 4.3224096762028754
leaf_weight=2145 179 559 3849 868 314 150
leaf_count=2145 179 559 3849 868 314 150
internal_value=-0.000503177 -0.174587 -0.698297 0.591574 2.00579 2.84483
internal_weight=8064 7421 4408 3013 643 329
internal_count=8064 7421 4408 3013 643 329
is_linear=0
shrinkage=0.05


Tree=50
num_leaves=7
num_cat=0
split_feature=3 1 11 16 18 11
split_gain=1.11413e+06 855353 780692 664760 339236 235759
threshold=-91.994987499999965 8.0899999999999199 0.87651811848133032 0.29680982872693235 -63.346325000000427 -0.59116893267988335
decision_type=2 2 2 2 2 2
left_child=4 2 -2 -3 5 -1
right_child=1 3 -4 -5 -6 -7
leaf_value=-1.5639217412400388 0.012328564679979143 1.6300056212417424 -1.9164058144559808 0.21392235873315954 -0.91315825044807264 -4.239702141499091
leaf_weight=166 3042 1371 633 2094 592 166
leaf_count=166 3042 1371 633 2094 592 166
internal_value=-0.000453619 0.211042 -0.320317 0.774534 -1.6332 -2.91053
internal_weight=8064 7140 3675 3465 924 332
internal_count=8064 7140 3675 3465 924 332
is_linear=0
shrinkage=0.05


Tree=51
num_leaves=7
num_cat=0
split_feature=3 18 11 17 15 11
split_gain=1.04078e+06 784933 799420 784272 525996 451647
threshold=78.017837499999828 -42.127400000000073 -0.15208718494349127 13.654962499999785 4979.3526242187518 -0.2376293295203116
decision_type=2 2 2 2 2 2
left_child=1 2 -1 -3 -2 -6
right_child=4 3 -4 -5 5 -7
leaf_value=-0.44129527282293729 1.3529838550204483 0.7841015886089453 -2.4797707601706196 -0.78007656479828968 1.7218980278222618 -0.67370125364323585
leaf_weight=1379 1657 1792 738 1448 261 789
leaf_count=1379 1657 1792 738 1448 261 789
internal_value=-0.00047295 -0.404251 -1.15276 0.0850241 0.798434 -0.077152
internal_weight=8064 5357 2117 3240 2707 1050
internal_count=8064 5357 2117 3240 2707 1050
is_linear=0
shrinkage=0.05


Tree=52
num_leaves=7
num_cat=0
split_feature=3 1 8 15 18 3
split_gain=1.00082e+06 854609 721535 658695 212412 106865
threshold=-124.72077499999976 8.0899999999999199 1.0000000180025095e-35 4959.2183949652781 -63.346325000000427 -158.73875000000018
decision_type=2 2 2 2 2 2
left_child=4 3 -3 -2 -1 -6
right_child=1 2 -4 -5 5 -7
leaf_value=-3.465672870733405 0.23279118768481599 1.1730749573521331 -0.38321985523738711 -1.059007642925935 -2.2361952066981376 -0.47014645026173707
leaf_weight=185 2162 2500 1060 1814 172 171
leaf_count=185 2162 2500 1060 1814 172 171
internal_value=-0.000452504 0.1471 0.709706 -0.356694 -2.10273 -1.35967
internal_weight=8064 7536 3560 3976 528 343
internal_count=8064 7536 3560 3976 528 343
is_linear=0
shrinkage=0.05


Tree=53
num_leaves=7
num_cat=0
split_feature=3 16 4 17 17 15
split_gain=974688 999301 1.31454e+06 764060 162131 141321
threshold=199.73408750000002 0.29680982872693235 -72.935870486111966 142.40612499999978 -47.762575000000645 4979.3526242187518
decision_type=2 2 2 2 2 2
left_child=1 3 -3 -1 -2 -6
right_child=4 2 -4 -5 5 -7
leaf_value=0.88937139131723486 3.0164976629500209 -2.9054733351982267 -0.3126106780513202 -1.2700598966295056 2.1822846062415469 0.38074577796571663
leaf_weight=2525 207 559 3849 488 225 211
leaf_count=2525 207 559 3849 488 225 211
internal_value=-0.000468369 -0.162372 -0.642009 0.539314 1.86544 1.31331
internal_weight=8064 7421 4408 3013 643 436
internal_count=8064 7421 4408 3013 643 436
is_linear=0
shrinkage=0.05


Tree=54
num_leaves=7
num_cat=0
split_feature=3 11 4 0 3 12
split_gain=922293 793412 1.533e+06 775090 353108 279224
threshold=-57.936774999999891 0.55543802234893513 -72.935870486111966 6173.6071500000007 -158.73875000000018 -0.85470842479866194
decision_type=2 2 2 2 2 2
left_child=4 3 -3 -2 -1 -6
right_child=1 2 -4 -5 5 -7
leaf_value=-2.7477066717845093 0.96683067238905096 -4.0219918487654942 -0.012093750345399243 -0.7748638097400059 -2.5368917292133375 -0.45088194079126853
leaf_weight=264 3552 272 1878 778 186 1134
leaf_count=264 3552 272 1878 778 186 1134
internal_value=-0.00043267 0.263972 -0.521026 0.653782 -1.08157 -0.746518
internal_weight=8064 6480 2150 4330 1584 1320
internal_count=8064 6480 2150 4330 1584 1320
is_linear=0
shrinkage=0.05


Tree=55
num_leaves=7
num_cat=0
split_feature=3 17 12 11 11 3
split_gain=891454 918406 946230 708074 189039 159983
threshold=175.01749999999996 32.758637500000539 -0.87651811848132988 0.48087430661751701 -0.10884096748385481 268.98374999999947
decision_type=2 2 2 2 2 2
left_child=1 2 -1 -3 -2 -6
right_child=4 3 -4 -5 5 -7
leaf_value=-1.239373875042749 3.0974415475959023 -0.13745118381621638 0.6538922284708133 -1.690575407800941 0.65501249742473144 2.2233698222988822
leaf_weight=818 150 1569 3398 1378 513 238
leaf_count=818 150 1569 3398 1378 513 238
internal_value=-0.000470413 -0.186986 0.286349 -0.86401 1.4809 1.15434
internal_weight=8064 7163 4216 2947 901 751
internal_count=8064 7163 4216 2947 901 751
is_linear=0
shrinkage=0.05


Tree=56
num_leaves=7
num_cat=0
split_feature=18 11 4 18 3 3
split_gain=850534 857974 921623 695877 612000 449469
threshold=-1.0000000180025095e-35 0.85470842479866238 -34.098725694444504 -762.74301249999996 175.01749999999996 1.0000000180025095e-35
decision_type=2 2 2 2 2 2
left_child=3 5 -3 -1 -5 -2
right_child=1 2 -4 4 -6 -7
leaf_value=1.1620956046985529 0.22033548795818458 -4.4089343677775394 -0.13114424894422935 -1.0250135775090587 1.0201837826305284 1.4476610839401329
leaf_weight=532 1296 146 878 3039 415 1758
leaf_count=532 1296 146 878 3039 415 1758
internal_value=-0.000424803 0.507188 -0.74477 -0.519751 -0.779058 0.927074
internal_weight=8064 4078 1024 3986 3454 3054
internal_count=8064 4078 1024 3986 3454 3054
is_linear=0
shrinkage=0.05


Tree=57
num_leaves=7
num_cat=0
split_feature=3 15 15 3 11 4
split_gain=806880 659337 742651 587954 523070 904804
threshold=40.557824999999873 4959.2183949652781 4051.8135958333337 238.8492375000001 -0.48087430661751701 -16.441751388888402
decision_type=2 2 2 2 2 2
left_child=4 2 -2 -3 -1 -6
right_child=1 3 -4 -5 5 -7
leaf_value=0.19330520489759906 0.1540357334180823 -0.64787136598322315 2.0042788177882755 2.0689745761995386 -2.3059291822515768 -0.28204313365466699
leaf_weight=1776 1059 1336 1111 233 808 1741
leaf_count=1776 1059 1336 1111 233 808 1741
internal_value=-0.000414202 0.537426 1.10181 -0.243353 -0.465398 -0.924242
internal_weight=8064 3739 2170 1569 4325 2549
internal_count=8064 3739 2170 1569 4325 2549
is_linear=0
shrinkage=0.05


Tree=58
num_leaves=7
num_cat=0
split_feature=18 11 4 18 3 4
split_gain=798142 750360 944480 743089 739333 507362
threshold=-42.127400000000073 0.77969889170510676 -72.935870486111966 -762.74301249999996 146.36313749999979 -116.58611111111166
decision_type=2 2 2 2 2 2
left_child=3 4 -3 -1 -2 -5
right_child=1 2 -4 5 -6 -7
leaf_value=1.0895872324984697 0.5317294571385689 -4.1126525584095255 -0.10047936084207268 -2.8932155014971896 2.8312268990446547 -0.70953708080879263
leaf_weight=532 3107 166 1206 299 393 2361
leaf_count=532 3107 166 1206 299 393 2361
internal_value=-0.000386144 0.402222 -0.588559 -0.614827 0.790665 -0.955991
internal_weight=8064 4872 1372 3192 3500 2660
internal_count=8064 4872 1372 3192 3500 2660
is_linear=0
shrinkage=0.05


Tree=59
num_leaves=7
num_cat=0
split_feature=3 17 16 11 18 3
split_gain=784725 655789 774645 403781 176637 85371.1
threshold=-124.72077499999976 85.304049999999521 0.31089583785487296 0.48087430661751701 -63.346325000000427 -158.73875000000018
decision_type=2 2 2 2 2 2
left_child=4 2 -2 -3 -1 -6
right_child=1 3 -4 -5 5 -7
leaf_value=-3.1046163115610361 1.1672674810987693 0.16785642012876367 -0.073430088390047832 -1.1450541446566536 -1.9679748764358505 -0.38975797995578415
leaf_weight=185 2163 1058 3005 1310 172 171
leaf_count=185 2163 1058 3005 1310 172 171
internal_value=-0.000387689 0.130268 0.445973 -0.558635 -1.86192 -1.18459
internal_weight=8064 7536 5168 2368 528 343
internal_count=8064 7536 5168 2368 528 343
is_linear=0
shrinkage=0.05


Tree=60
num_leaves=7
num_cat=0
split_feature=3 18 18 17 15 11
split_gain=742184 589706 614435 589710 515821 584381
threshold=82.737075000000019 -42.127400000000073 -392.89624999999995 13.654962499999785 3045.6456580729173 -0.1950438958025166
decision_type=2 2 2 2 2 2
left_child=1 2 -1 -3 -2 -6
right_child=4 3 -4 -5 5 -7
leaf_value=0.23850015496546534 3.0323347961573006 0.68802278008000028 -1.5544599651659285 -0.65355699432102021 1.7358345863736486 -0.0095006284517700351
leaf_weight=709 216 1838 1463 1476 668 1694
leaf_count=709 216 1838 1463 1476 668 1694
internal_value=-0.000401444 -0.329219 -0.969348 0.0904888 0.69918 0.484625
internal_weight=8064 5486 2172 3314 2578 2362
internal_count=8064 5486 2172 3314 2578 2362
is_linear=0
shrinkage=0.05


Tree=61
num_leaves=7
num_cat=0
split_feature=3 16 4 18 15 15
split_gain=725529 702247 958804 607674 140421 201722
threshold=199.73408750000002 0.29680982872693235 -72.935870486111966 70.431899999999828 4979.3526242187518 4051.8135958333337
decision_type=2 2 2 2 2 2
left_child=1 3 -3 -1 5 -2
right_child=4 2 -4 -5 -6 -7
leaf_value=-0.28168153331689999 1.1867986002171207 -2.4752063419576738 -0.26080497237307004 1.138634938792866 0.84911242307178569 3.6782663125076045
leaf_weight=1465 179 559 3849 1548 314 150
leaf_count=1465 179 559 3849 1548 314 150
internal_value=-0.000359818 -0.140045 -0.542122 0.448175 1.60949 2.33043
internal_weight=8064 7421 4408 3013 643 329
internal_count=8064 7421 4408 3013 643 329
is_linear=0
shrinkage=0.05


Tree=62
num_leaves=7
num_cat=0
split_feature=3 15 15 11 3 12
split_gain=702193 618656 905901 838939 280618 203140
threshold=-57.936774999999891 4939.4956592881954 4051.8135958333337 -0.2376293295203116 -158.73875000000018 -0.85470842479866194
decision_type=2 2 2 2 2 2
left_child=4 2 -2 -3 -1 -6
right_child=1 3 -4 -5 5 -7
leaf_value=-2.4289454924722889 -0.12875519270125033 0.7573995555618469 1.4412254507112845 -1.0163530675355192 -2.1721062970033942 -0.39283535213000453
leaf_weight=264 1835 1088 1839 1718 186 1134
leaf_count=264 1835 1088 1839 1718 186 1134
internal_value=-0.00031805 0.23039 0.657268 -0.328572 -0.943674 -0.645005
internal_weight=8064 6480 3674 2806 1584 1320
internal_count=8064 6480 3674 2806 1584 1320
is_linear=0
shrinkage=0.05


Tree=63
num_leaves=7
num_cat=0
split_feature=3 11 15 18 1 1
split_gain=676888 643104 1.14464e+06 405498 316097 313938
threshold=130.50560000000044 -0.51864980417341167 4943.7850691840295 85.928550000000328 -455.95499999999964 -84.713850000000079
decision_type=2 2 2 2 2 2
left_child=1 3 -3 -1 -2 -6
right_child=4 2 -4 -5 5 -7
leaf_value=0.15624070285857941 2.6506385130726775 -0.035206267878560696 -1.8315752764541942 1.9980378910087926 -1.4898376386929182 0.91969525797223106
leaf_weight=2081 229 2790 1299 348 152 1165
leaf_count=2081 229 2790 1299 348 152 1165
internal_value=-0.000326574 -0.223455 -0.606188 0.420826 0.939927 0.640682
internal_weight=8064 6518 4089 2429 1546 1317
internal_count=8064 6518 4089 2429 1546 1317
is_linear=0
shrinkage=0.05


Tree=64
num_leaves=7
num_cat=0
split_feature=17 0 15 18 13 12
split_gain=653421 512170 681150 467423 495618 452787
threshold=13.654962499999785 2612.3295000000003 3211.4154543402783 -42.127400000000073 0.38231920253318424 -0.62577451934762995
decision_type=2 2 2 2 2 2
left_child=3 -2 -3 5 -5 -1
right_child=1 2 -4 4 -6 -7
leaf_value=-0.9051393763102592 1.6531159376227902 -1.9220152076058679 -0.26116135814031854 0.39130508692448868 1.9007657772049207 0.75015340821859855
leaf_weight=999 261 798 2717 1809 777 703
leaf_count=999 261 798 2717 1809 777 703
internal_value=-0.000295566 -0.479854 -0.638659 0.422016 0.845403 -0.221392
internal_weight=8064 3776 3515 4288 2586 1702
internal_count=8064 3776 3515 4288 2586 1702
is_linear=0
shrinkage=0.05


Tree=65
num_leaves=7
num_cat=0
split_feature=3 16 11 17 17 15
split_gain=642751 628122 827768 542251 125990 118233
threshold=199.73408750000002 0.29680982872693235 -0.1950438958025166 142.40612499999978 -47.762575000000645 4979.3526242187518
decision_type=2 2 2 2 2 2
left_child=1 3 -3 -1 -2 -6
right_child=4 2 -4 -5 5 -7
leaf_value=0.71947118737812277 2.5291937325579621 0.15055371275520629 -1.2203506822755945 -1.0996919526888063 1.8234621835906528 0.17670563910648507
leaf_weight=2525 207 2278 2130 488 225 211
leaf_count=2525 207 2278 2130 488 225 211
internal_value=-0.000270824 -0.131746 -0.512011 0.424564 1.51496 1.02875
internal_weight=8064 7421 4408 3013 643 436
internal_count=8064 7421 4408 3013 643 436
is_linear=0
shrinkage=0.05


Tree=66
num_leaves=7
num_cat=0
split_feature=3 15 15 0 2 18
split_gain=630668 539607 820792 689932 293310 200336
threshold=-41.778562500000127 4939.4956592881954 4051.8135958333337 3474.2533000000008 -255.3614000000002 -13.6514374999997
decision_type=2 2 2 2 2 2
left_child=4 2 -2 -3 -1 -6
right_child=1 3 -4 -5 5 -7
leaf_value=-2.871180553052139 -0.10481103476402241 1.7238589407305733 1.4425156843050173 -0.60590322008494724 -1.1639127610399347 -0.1137430616526942
leaf_weight=153 1719 368 1708 2289 842 985
leaf_count=153 1719 368 1708 2289 842 985
internal_value=-0.000238192 0.252025 0.666565 -0.282699 -0.775109 -0.598101
internal_weight=8064 6084 3427 2657 1980 1827
internal_count=8064 6084 3427 2657 1980 1827
is_linear=0
shrinkage=0.05


Tree=67
num_leaves=7
num_cat=0
split_feature=3 3 11 1 1 11
split_gain=594855 501675 660275 172352 227597 116030
threshold=-111.83228749999988 217.24438750000016 0.62577451934763018 -288.83470000000005 25.976250000000167 0.48087430661751701
decision_type=2 2 2 2 2 2
left_child=3 2 -2 -1 -5 -3
right_child=1 5 -4 4 -6 -7
leaf_value=-2.7193277554150592 0.31131877834519756 2.7639671839915123 -0.7941973152775984 -0.19794553421663516 -2.5763460806320455 1.1298100778010971
leaf_weight=187 5047 157 1843 329 144 357
leaf_count=187 5047 157 1843 329 144 357
internal_value=-0.000236784 0.128051 0.0155329 -1.43741 -0.925933 1.63336
internal_weight=8064 7404 6890 660 473 514
internal_count=8064 7404 6890 660 473 514
is_linear=0
shrinkage=0.05


Tree=68
num_leaves=7
num_cat=0
split_feature=3 1 15 10 15 11
split_gain=567099 460227 653444 402671 400174 464012
threshold=78.017837499999828 -171.02819999999994 4051.8135958333337 1.0000000180025095e-35 3045.6456580729173 -0.1950438958025166
decision_type=2 2 2 2 2 2
left_child=1 3 -3 -1 -2 -6
right_child=4 2 -4 -5 5 -7
leaf_value=-1.7662129899595944 2.5298944664210818 -0.86843084031709195 0.50070241258749193 -0.17400839745191321 1.4744260081506713 -0.038277154070274787
leaf_weight=836 241 1368 2397 756 712 1754
leaf_count=836 241 1368 2397 756 712 1754
internal_value=-0.000237851 -0.298291 0.00313398 -1.0107 0.589484 0.398901
internal_weight=8064 5357 3765 1592 2707 2466
internal_count=8064 5357 3765 1592 2707 2466
is_linear=0
shrinkage=0.05


Tree=69
num_leaves=7
num_cat=0
split_feature=18 11 4 18 4 3
split_gain=549878 566842 654532 470188 394613 295635
threshold=-1.0000000180025095e-35 0.85470842479866238 -16.441751388888402 -762.74301249999996 -116.58611111111166 1.0000000180025095e-35
decision_type=2 2 2 2 2 2
left_child=3 5 -3 -1 -5 -2
right_child=1 2 -4 4 -6 -7
leaf_value=0.96467895876427523 0.17605502880742069 -2.4640178629251626 0.2509063304714147 -2.1602113932529661 -0.44403891615109981 1.17142871336428
leaf_weight=532 1296 324 700 375 3079 1758
leaf_count=532 1296 324 700 375 3079 1758
internal_value=-0.000215679 0.407935 -0.609679 -0.417784 -0.630935 0.749226
internal_weight=8064 4078 1024 3986 3454 3054
internal_count=8064 4078 1024 3986 3454 3054
is_linear=0
shrinkage=0.05


Tree=70
num_leaves=7
num_cat=0
split_feature=3 15 11 15 17 1
split_gain=540986 602531 1.22542e+06 703264 94581 98013.9
threshold=186.64500000000001 4959.2183949652781 0.55543802234893513 4051.8135958333337 -87.18363749999979 200.99034999999984
decision_type=2 2 2 2 2 2
left_child=1 3 -3 -1 -2 -6
right_child=4 2 -4 -5 5 -7
leaf_value=-0.50403036640950771 2.2114979868668776 -0.1115394976637484 -2.6722758284334551 0.71027405924728071 0.45467231811199649 1.8198200472616799
leaf_weight=2092 194 1800 630 2770 376 202
leaf_count=2092 194 1800 630 2770 376 202
internal_value=-0.000220432 -0.133533 -0.77626 0.187792 1.25754 0.934085
internal_weight=8064 7292 2430 4862 772 578
internal_count=8064 7292 2430 4862 772 578
is_linear=0
shrinkage=0.05


Tree=71
num_leaves=7
num_cat=0
split_feature=17 0 15 18 13 12
split_gain=518367 430836 553258 369025 447947 373628
threshold=13.654962499999785 2612.3295000000003 3211.4154543402783 -42.127400000000073 0.38231920253318424 -0.62577451934762995
decision_type=2 2 2 2 2 2
left_child=3 -2 -3 5 -5 -1
right_child=1 2 -4 4 -6 -7
leaf_value=-0.81685450005270543 1.5289469982831534 -1.72960179665211 -0.23276775726333063 0.32046797223739043 1.7554490434284178 0.68679707844064319
leaf_weight=999 261 798 2717 1809 777 703
leaf_count=999 261 798 2717 1809 777 703
internal_value=-0.000197577 -0.427331 -0.572985 0.375947 0.75214 -0.195742
internal_weight=8064 3776 3515 4288 2586 1702
internal_count=8064 3776 3515 4288 2586 1702
is_linear=0
shrinkage=0.05


Tree=72
num_leaves=7
num_cat=0
split_feature=3 11 15 18 1 15
split_gain=518687 461010 906859 308486 286882 297940
threshold=130.50560000000044 -0.55543802234893469 4959.2183949652781 85.928550000000328 -455.95499999999964 3079.6979512152784
decision_type=2 2 2 2 2 2
left_child=1 3 -3 -1 -2 -6
right_child=4 2 -4 -5 5 -7
leaf_value=0.1309808907785085 2.4525403094194509 -0.028939754567147116 -1.6366568610352055 1.7644907850485581 2.5461336459458614 0.25623342086631057
leaf_weight=1996 229 2935 1250 337 161 1156
leaf_count=1996 229 2935 1250 337 161 1156
internal_value=-0.000178318 -0.195499 -0.509418 0.367595 0.822896 0.537887
internal_weight=8064 6518 4185 2333 1546 1317
internal_count=8064 6518 4185 2333 1546 1317
is_linear=0
shrinkage=0.05


Tree=73
num_leaves=6
num_cat=0
split_feature=3 16 11 18 17
split_gain=502516 442277 596529 370462 130079
threshold=-124.72077499999976 0.12113060272578832 -0.55543802234893469 70.431899999999828 13.654962499999785
decision_type=2 2 2 2 2
left_child=4 3 -3 -2 -1
right_child=1 2 -4 -5 -6
leaf_value=-0.755479204124758 -0.13302079990713134 0.58704231036798726 -0.41767181193549074 1.7325531545227808 -2.3314887621053835
leaf_weight=283 431 2307 4104 694 245
leaf_count=283 431 2307 4104 694 245
internal_value=-0.000135401 0.10442 -0.05609 1.01835 -1.4898
internal_weight=8064 7536 6411 1125 528
internal_count=8064 7536 6411 1125 528
is_linear=0
shrinkage=0.05


Tree=74
num_leaves=7
num_cat=0
split_feature=3 15 15 3 3 16
split_gain=487518 415753 528471 427064 320271 276605
threshold=40.557824999999873 4959.2183949652781 4051.8135958333337 268.98374999999947 -158.73875000000018 0.29680982872693235
decision_type=2 2 2 2 2 2
left_child=4 2 -2 -3 -1 -6
right_child=1 3 -4 -5 5 -7
leaf_value=-2.0457811424698469 0.066649951500782997 -0.4746923766598779 1.627381388947666 2.2897999560448432 0.21921542926725773 -0.61311495801202109
leaf_weight=264 1059 1415 1111 154 1764 2297
leaf_count=264 1059 1415 1111 154 1764 2297
internal_value=-0.000136801 0.417928 0.866097 -0.202067 -0.361571 -0.251606
internal_weight=8064 3739 2170 1569 4325 4061
internal_count=8064 3739 2170 1569 4325 4061
is_linear=0
shrinkage=0.05


Tree=75
num_leaves=7
num_cat=0
split_feature=3 15 11 15 4 15
split_gain=459211 407862 941935 705245 368722 389089
threshold=146.36313749999979 4939.4956592881954 0.34202014332566882 4051.8135958333337 17.741193750000324 4979.3526242187518
decision_type=2 2 2 2 2 2
left_child=1 3 -3 -1 5 -2
right_child=4 2 -4 -5 -6 -7
leaf_value=-0.5598315748046595 2.1139600171921726 -0.024974367367437151 -2.1017373424529882 0.73834541181683244 -1.4158009119140798 0.26100815507593056
leaf_weight=1944 560 1783 786 2263 155 573
leaf_count=1944 560 1783 786 2263 155 573
internal_value=-0.000123329 -0.164657 -0.660942 0.138484 0.864923 1.17791
internal_weight=8064 6776 2569 4207 1288 1133
internal_count=8064 6776 2569 4207 1288 1133
is_linear=0
shrinkage=0.05


Tree=76
num_leaves=7
num_cat=0
split_feature=18 18 11 4 3 4
split_gain=460912 469762 396249 631429 504581 322008
threshold=-48.427937500000546 -762.74301249999996 0.77969889170510676 -72.935870486111966 138.39011249999956 -16.441751388888402
decision_type=2 2 2 2 2 2
left_child=1 -1 4 -4 -2 -3
right_child=2 5 3 -5 -6 -7
leaf_value=0.86570800182044394 0.34644300601874645 -1.5593704340675576 -3.2664630356762148 -0.022819248114921611 2.1226486832058002 -0.36524459914946861
leaf_weight=532 3154 851 170 1224 457 1676
leaf_count=532 3154 851 170 1224 457 1676
internal_value=-0.0001233 -0.483554 0.295382 -0.420444 0.571761 -0.76784
internal_weight=8064 3059 5005 1394 3611 2527
internal_count=8064 3059 5005 1394 3611 2527
is_linear=0
shrinkage=0.05


Tree=77
num_leaves=7
num_cat=0
split_feature=3 15 15 3 11 3
split_gain=433824 465882 831483 294452 93925.8 94453.9
threshold=217.24438750000016 3026.8270933159724 4051.8135958333337 63.648012499999602 0.48087430661751701 268.98374999999947
decision_type=2 2 2 2 2 2
left_child=1 3 -3 -1 -2 -6
right_child=4 2 -4 -5 5 -7
leaf_value=0.42489322272886992 2.4209207198570803 -1.367951891208089 0.037907509327323785 2.4911255512028063 0.091793601740809055 1.7192152023000062
leaf_weight=621 157 1306 5385 238 169 188
leaf_count=621 157 1306 5385 238 169 188
internal_value=-0.000128782 -0.095892 -0.236662 0.999608 1.40397 0.95122
internal_weight=8064 7550 6691 859 514 357
internal_count=8064 7550 6691 859 514 357
is_linear=0
shrinkage=0.05


Tree=78
num_leaves=7
num_cat=0
split_feature=17 0 15 12 15 18
split_gain=427772 368040 546418 308455 399379 308559
threshold=13.654962499999785 2656.9560500000002 3185.6351313368064 0.25881904510252068 3026.8270933159724 85.928550000000328
decision_type=2 2 2 2 2 2
left_child=3 -2 -3 4 -1 -5
right_child=1 2 -4 5 -6 -7
leaf_value=1.7646565047751033 1.2153199502269791 -1.8065277848610899 -0.2273093967996847 0.20526445628736509 -0.14020223200971088 1.7288307523479807
leaf_weight=306 326 682 2768 659 2653 670
leaf_count=306 326 682 2768 659 2653 670
internal_value=-8.62708e-05 -0.388104 -0.539924 0.341612 0.0573151 0.974075
internal_weight=8064 3776 3450 4288 2959 1329
internal_count=8064 3776 3450 4288 2959 1329
is_linear=0
shrinkage=0.05


Tree=79
num_leaves=7
num_cat=0
split_feature=3 15 11 18 18 11
split_gain=422962 447756 417273 200828 167118 147643
threshold=-52.379712499999634 3013.7172625000003 0.77969889170510676 -13.6514374999997 85.928550000000328 0.89665931010743594
decision_type=2 2 2 2 2 2
left_child=3 4 -3 -1 -2 -5
right_child=1 2 -4 5 -6 -7
leaf_value=-1.2739165854447538 1.0204129250250853 0.29519415759781203 -0.70482130901950923 0.088731441035944256 2.9983482403243151 -1.6358701358775836
leaf_weight=801 384 4455 1361 768 148 147
leaf_count=801 384 4455 1361 768 148 147
internal_value=-6.49716e-05 0.188224 0.0611 -0.696305 1.57526 -0.189819
internal_weight=8064 6348 5816 1716 532 915
internal_count=8064 6348 5816 1716 532 915
is_linear=0
shrinkage=0.05


Tree=80
num_leaves=7
num_cat=0
split_feature=3 15 11 18 18 17
split_gain=402244 369136 359760 325061 393412 292033
threshold=82.737075000000019 3045.6456580729173 -0.1950438958025166 -42.127400000000073 -392.89624999999995 -6.8818749999995807
decision_type=2 2 2 2 2 2
left_child=3 -2 -3 4 -1 -5
right_child=1 2 -4 5 -6 -7
leaf_value=0.24903293894105394 2.488634618608633 1.3152252140467477 -0.054170114390090507 0.54696402944946876 -1.18558864148952 -0.39162741755033226
leaf_weight=709 216 668 1694 1628 1463 1686
leaf_count=709 216 668 1694 1628 1463 1686
internal_value=-5.68379e-05 0.514967 0.333503 -0.242129 -0.71739 0.0694808
internal_weight=8064 2578 2362 5486 2172 3314
internal_count=8064 2578 2362 5486 2172 3314
is_linear=0
shrinkage=0.05


Tree=81
num_leaves=7
num_cat=0
split_feature=3 15 11 15 1 3
split_gain=397513 438153 926890 563525 79555.5 102594
threshold=217.24438750000016 4959.2183949652781 0.87651811848133032 4051.8135958333337 181.81145000000018 268.98374999999947
decision_type=2 2 2 2 2 2
left_child=1 3 -3 -1 5 -2
right_child=4 2 -4 -5 -6 -7
leaf_value=-0.42444956160527991 0.022726647685028915 -0.24855561287642278 -3.0373659483265394 0.64827403538582251 2.1382771798162437 1.8184646515830143
leaf_weight=2165 172 2227 343 2815 195 147
leaf_count=2165 172 2227 343 2815 195 147
internal_value=-3.55924e-05 -0.0917036 -0.621795 0.181928 1.34401 0.853326
internal_weight=8064 7550 2570 4980 514 319
internal_count=8064 7550 2570 4980 514 319
is_linear=0
shrinkage=0.05


Tree=82
num_leaves=5
num_cat=0
split_feature=3 18 18 11
split_gain=388768 368654 335763 325836
threshold=-158.73875000000018 -1.0000000180025095e-35 -577.33486249999999 0.85470842479866238
decision_type=2 2 2 2
left_child=-1 2 -2 -3
right_child=1 3 -4 -5
leaf_value=-1.8834103371737141 0.76206341042532588 0.66774912079650983 -0.49205545000569728 -0.37712244352062907
leaf_weight=264 639 2949 3214 998
leaf_count=264 639 2949 3214 998
internal_value=-2.81269e-05 0.0639504 -0.283923 0.403524
internal_weight=8064 7800 3853 3947
internal_count=8064 7800 3853 3947
is_linear=0
shrinkage=0.05


Tree=83
num_leaves=7
num_cat=0
split_feature=3 15 15 0 12 4
split_gain=373473 391244 499024 418130 244001 403801
threshold=4.1378249999997943 4959.2183949652781 4051.8135958333337 3503.6535000000008 -0.87651811848132988 -6.7384590277783891
decision_type=2 2 2 2 2 2
left_child=4 2 -2 -3 5 -1
right_child=1 3 -4 -5 -6 -7
leaf_value=-2.8459362666296766 -0.049617244746412298 1.5111387126721896 1.2686244613368909 -0.58530186917563531 -0.24247971576060998 0.24482802699009576
leaf_weight=245 1354 278 1527 1612 2863 185
leaf_count=245 1354 278 1527 1612 2863 185
internal_value=-3.49186e-05 0.282637 0.649281 -0.2763 -0.40954 -1.51871
internal_weight=8064 4771 2881 1890 3293 430
internal_count=8064 4771 2881 1890 3293 430
is_linear=0
shrinkage=0.05


Tree=84
num_leaves=7
num_cat=0
split_feature=3 15 15 3 4 2
split_gain=369648 388306 680589 205191 89566.2 113440
threshold=186.64500000000001 3026.8270933159724 4051.8135958333337 63.648012499999602 -10.485387500000796 20.922999999999778
decision_type=2 2 2 2 2 2
left_child=1 3 -3 -1 -2 -6
right_child=4 2 -4 -5 5 -7
leaf_value=0.42175832075513064 1.7406239886732469 -1.2932908958992009 0.0086101334537469886 2.1737756078420247 1.3200289179900089 -0.21191427075379604
leaf_weight=621 286 1243 5200 228 265 221
leaf_count=621 286 1243 5200 228 265 221
internal_value=-3.75043e-05 -0.110235 -0.242718 0.894269 1.03964 0.6244
internal_weight=8064 7292 6443 849 772 486
internal_count=8064 7292 6443 849 772 486
is_linear=0
shrinkage=0.05


Tree=85
num_leaves=7
num_cat=0
split_feature=3 15 15 1 15 18
split_gain=345348 341803 478056 195792 183297 153975
threshold=-91.994987499999965 3013.7172625000003 4051.8135958333337 -253.56194999999954 4051.8135958333337 54.11203749999914
decision_type=2 2 2 2 2 2
left_child=3 5 -3 -1 -5 -2
right_child=1 2 -4 4 -6 -7
leaf_value=-1.9670077615414403 0.65089535119346087 -0.8042780448263479 0.23551716938061326 -1.4984513007946096 0.25951176056128639 2.2911033972376234
leaf_weight=296 406 1410 5103 238 390 221
leaf_count=296 406 1410 5103 238 390 221
internal_value=-9.8443e-06 0.11774 0.0103229 -0.90904 -0.408046 1.23175
internal_weight=8064 7140 6513 924 628 627
internal_count=8064 7140 6513 924 628 627
is_linear=0
shrinkage=0.05


Tree=86
num_leaves=7
num_cat=0
split_feature=17 17 18 0 15 0
split_gain=341426 327225 364403 311729 399472 183243
threshold=13.654962499999785 -347.09658749999943 -42.127400000000073 2612.3295000000003 3185.6351313368064 5843.9967000000006
decision_type=2 2 2 2 2 2
left_child=1 5 -3 -2 -5 -1
right_child=3 2 -4 4 -6 -7
leaf_value=-0.17578239904888204 1.3173538277167403 -0.031328892470652125 1.0140625688228961 -1.501065318658948 -0.19485217255112289 -1.9373706664080208
leaf_weight=748 261 1538 1819 741 2774 183
leaf_count=748 261 1538 1819 741 2774 183
internal_value=-1.45136e-05 0.305256 0.535253 -0.346666 -0.470565 -0.523752
internal_weight=8064 4288 3357 3776 3515 931
internal_count=8064 4288 3357 3776 3515 931
is_linear=0
shrinkage=0.05


Tree=87
num_leaves=7
num_cat=0
split_feature=3 15 11 15 11 3
split_gain=340633 394534 748796 515832 76552.1 81583.3
threshold=217.24438750000016 4939.4956592881954 -0.1950438958025166 4051.8135958333337 0.48087430661751701 268.98374999999947
decision_type=2 2 2 2 2 2
left_child=1 3 -3 -1 -2 -6
right_child=4 2 -4 -5 5 -7
leaf_value=-0.35309010443594979 2.1621570991658712 0.29444207127643951 -1.2922586811182593 0.71037180146567547 0.037097410594715795 1.5492736373091778
leaf_weight=2165 157 1426 1552 2407 169 188
leaf_count=2165 157 1426 1552 2407 169 188
internal_value=-2.31451e-05 -0.0848797 -0.532631 0.206819 1.24416 0.835529
internal_weight=8064 7550 2978 4572 514 357
internal_count=8064 7550 2978 4572 514 357
is_linear=0
shrinkage=0.05


Tree=88
num_leaves=7
num_cat=0
split_feature=0 15 15 15 17 3
split_gain=338367 778036 1.14325e+06 825445 383782 277352
threshold=3605.9878500000004 3185.6351313368064 3079.6979512152784 4938.2504201388901 165.05616250000006 -41.778562500000127
decision_type=2 2 2 2 2 2
left_child=4 2 -2 -3 5 -1
right_child=1 3 -4 -5 -6 -7
leaf_value=-0.30151584297151235 -0.16757925127134768 0.73804909519976802 -5.9070336022656669 -0.63096128626212034 -1.0249883602709677 0.89763053631133227
leaf_weight=626 214 1838 145 2743 406 2092
leaf_count=626 214 1838 145 2743 406 2092
internal_value=-2.71693e-06 -0.257547 -2.49571 -0.0816424 0.407206 0.621438
internal_weight=8064 4940 359 4581 3124 2718
internal_count=8064 4940 359 4581 3124 2718
is_linear=0
shrinkage=0.05


Tree=89
num_leaves=7
num_cat=0
split_feature=3 16 4 18 15 1
split_gain=336346 290953 536978 308643 261715 316926
threshold=104.73968750000019 0.29680982872693235 -6.7384590277783891 54.11203749999914 3045.6456580729173 -455.95499999999964
decision_type=2 2 2 2 2 2
left_child=1 3 -3 -1 -2 -6
right_child=4 2 -4 -5 5 -7
leaf_value=-0.40763702234984073 2.5268233282527621 -1.0336343557749934 0.21409490941002984 0.71082300869820614 1.8761077258563201 0.1106369330455081
leaf_weight=1095 154 1956 1541 1410 301 1607
leaf_count=1095 154 1956 1541 1410 301 1607
internal_value=-4.2239e-05 -0.18932 -0.483902 0.221948 0.550725 0.389989
internal_weight=8064 6002 3497 2505 2062 1908
internal_count=8064 6002 3497 2505 2062 1908
is_linear=0
shrinkage=0.05


Tree=90
num_leaves=5
num_cat=0
split_feature=3 17 12 0
split_gain=315521 290806 282372 241272
threshold=-158.73875000000018 20.074037500000035 -0.91509365977396839 2656.9560500000002
decision_type=2 2 2 2
left_child=-1 2 -2 -3
right_child=1 3 -4 -5
leaf_value=-1.6967242226932411 -0.5204941575134614 1.0502707513695499 0.52886688796947867 -0.40592828470868886
leaf_weight=264 785 311 3479 3225
leaf_count=264 785 311 3479 3225
internal_value=-1.53414e-05 0.0576219 0.335603 -0.277591
internal_weight=8064 7800 4264 3536
internal_count=8064 7800 4264 3536
is_linear=0
shrinkage=0.05


Tree=91
num_leaves=7
num_cat=0
split_feature=3 15 15 3 4 2
split_gain=312236 326093 536374 155154 82071.2 98905.2
threshold=186.64500000000001 3026.8270933159724 4051.8135958333337 63.648012499999602 -10.485387500000796 20.922999999999778
decision_type=2 2 2 2 2 2
left_child=1 3 -3 -1 -2 -6
right_child=4 2 -4 -5 5 -7
leaf_value=0.40826154909728524 1.6264512759104424 -1.1553538724049399 0.00041123435719211254 1.9318864498336243 1.2077031104601361 -0.22265587145512977
leaf_weight=621 286 1243 5200 228 265 221
leaf_count=621 286 1243 5200 228 265 221
internal_value=-2.10498e-05 -0.1013 -0.222707 0.819224 0.955512 0.558151
internal_weight=8064 7292 6443 849 772 486
internal_count=8064 7292 6443 849 772 486
is_linear=0
shrinkage=0.05


Tree=92
num_leaves=7
num_cat=0
split_feature=3 1 15 11 15 11
split_gain=286385 282531 330952 252989 197122 294253
threshold=78.017837499999828 -171.02819999999994 4051.8135958333337 0.89665931010743594 3045.6456580729173 -0.2376293295203116
decision_type=2 2 2 2 2 2
left_child=1 3 -3 -1 -2 -6
right_child=4 2 -4 -5 5 -7
leaf_value=-0.51866125761352611 1.7809565571459562 -0.59591000828268847 0.37846033603956519 -2.3527935590492475 1.1660723821720937 -0.053215194792516497
leaf_weight=1375 241 1368 2397 217 684 1782
leaf_count=1375 241 1368 2397 217 684 1782
internal_value=3.54302e-06 -0.211803 0.0243619 -0.769985 0.41908 0.285317
internal_weight=8064 5357 3765 1592 2707 2466
internal_count=8064 5357 3765 1592 2707 2466
is_linear=0
shrinkage=0.05


Tree=93
num_leaves=7
num_cat=0
split_feature=18 18 4 18 18 12
split_gain=290508 314471 553816 274301 246698 244046
threshold=-1.0000000180025095e-35 419.94750000000005 -16.441751388888402 -762.74301249999996 -138.50631249999967 -0.98812630719300909
decision_type=2 2 2 2 2 2
left_child=3 5 -3 -1 -5 -2
right_child=1 2 -4 4 -6 -7
leaf_value=0.75240165677939863 -1.1797879833986264 -2.621162660103761 0.29662327738587496 -1.0462442514206749 -0.15842253091366446 0.61374536668706114
leaf_weight=532 201 237 513 1197 2257 3127
leaf_count=532 201 237 513 1197 2257 3127
internal_value=2.1551e-06 0.296667 -0.62766 -0.303509 -0.466315 0.5051
internal_weight=8064 4078 750 3986 3454 3328
internal_count=8064 4078 750 3986 3454 3328
is_linear=0
shrinkage=0.05


Tree=94
num_leaves=7
num_cat=0
split_feature=3 15 11 15 1 3
split_gain=288439 329127 737362 350012 73658 89893.5
threshold=217.24438750000016 4959.2183949652781 0.87651811848133032 4051.8135958333337 181.81145000000018 268.98374999999947
decision_type=2 2 2 2 2 2
left_child=1 3 -3 -1 5 -2
right_child=4 2 -4 -5 -6 -7
leaf_value=-0.31884258382215008 -0.10331200833265493 -0.20464227887111278 -2.6920273374896064 0.52658051912135728 1.9086777862541533 1.5769201131688584
leaf_weight=2165 172 2227 343 2815 195 147
leaf_count=2165 172 2227 343 2815 195 147
internal_value=-1.86796e-05 -0.0781039 -0.537534 0.159052 1.14488 0.673472
internal_weight=8064 7550 2570 4980 514 319
internal_count=8064 7550 2570 4980 514 319
is_linear=0
shrinkage=0.05


Tree=95
num_leaves=5
num_cat=0
split_feature=3 15 15 18
split_gain=274155 265083 403193 127797
threshold=-158.73875000000018 3013.7172625000003 4051.8135958333337 85.928550000000328
decision_type=2 2 2 2
left_child=-1 3 -3 -2
right_child=1 2 -4 -5
leaf_value=-1.5815948788758438 0.57302087049373962 -0.7558018114370868 0.15999999969849665 2.1042137857426932
leaf_weight=264 507 1531 5576 186
leaf_count=264 507 1531 5576 186
internal_value=-1.34457e-05 0.0537129 -0.0373619 0.98643
internal_weight=8064 7800 7107 693
internal_count=8064 7800 7107 693
is_linear=0
shrinkage=0.05


Tree=96
num_leaves=7
num_cat=0
split_feature=0 15 15 15 17 3
split_gain=277563 640480 1.00158e+06 710231 327092 251730
threshold=3605.9878500000004 3185.6351313368064 3079.6979512152784 4938.2504201388901 142.40612499999978 -41.778562500000127
decision_type=2 2 2 2 2 2
left_child=4 2 -2 -3 5 -1
right_child=1 3 -4 -5 -6 -7
leaf_value=-0.29566205429389009 -0.085199719812980926 0.68666691364109722 -5.4569160273336905 -0.58321286329155131 -0.74691788117173186 0.87414775016725832
leaf_weight=598 214 1838 145 2743 542 1984
leaf_count=598 214 1838 145 2743 542 1984
internal_value=-9.6737e-06 -0.233269 -2.26397 -0.0736699 0.368802 0.603206
internal_weight=8064 4940 359 4581 3124 2582
internal_count=8064 4940 359 4581 3124 2582
is_linear=0
shrinkage=0.05


Tree=97
num_leaves=7
num_cat=0
split_feature=3 11 15 4 1 15
split_gain=278989 301913 541870 271529 229932 187780
threshold=130.50560000000044 -0.55543802234893469 4959.2183949652781 -122.50413090277742 -455.95499999999964 3079.6979512152784
decision_type=2 2 2 2 2 2
left_child=1 3 -3 -1 -2 -6
right_child=4 2 -4 -5 5 -7
leaf_value=2.059734490968911 2.0624120562555999 -0.02592533636544463 -1.2686858871067279 0.1458704824702671 1.9428489509556031 0.12503896753207919
leaf_weight=202 229 2935 1250 2131 161 1156
leaf_count=202 229 2935 1250 2131 161 1156
internal_value=-4.39521e-05 -0.143292 -0.397335 0.312392 0.603598 0.348567
internal_weight=8064 6518 4185 2333 1546 1317
internal_count=8064 6518 4185 2333 1546 1317
is_linear=0
shrinkage=0.05


Tree=98
num_leaves=7
num_cat=0
split_feature=3 16 4 18 17 18
split_gain=259630 290716 413184 348632 73603.5 88237
threshold=217.24438750000016 0.29680982872693235 -16.441751388888402 85.928550000000328 -47.762575000000645 13.851474999999938
decision_type=2 2 2 2 2 2
left_child=1 3 -3 -1 -2 -6
right_child=4 2 -4 -5 5 -7
leaf_value=-0.18923465444504117 1.9817688366527078 -1.0071305449267229 0.0092127834361618206 0.88312274720173856 -0.10341282259235836 1.4681912671670567
leaf_weight=1652 158 1499 3000 1399 178 178
leaf_count=1652 158 1499 3000 1399 178 178
internal_value=-1.05028e-05 -0.0740937 -0.329566 0.30261 1.08621 0.684301
internal_weight=8064 7550 4499 3051 514 356
internal_count=8064 7550 4499 3051 514 356
is_linear=0
shrinkage=0.05


Tree=99
num_leaves=7
num_cat=0
split_feature=17 17 12 18 11 16
split_gain=259668 341288 319705 194622 404293 201582
threshold=-1.0000000180025095e-35 -347.09658749999943 0.25881904510252068 -116.24366249999956 0.065387565056497135 0.76740736129762388
decision_type=2 2 2 2 2 2
left_child=1 -1 -3 4 -2 -5
right_child=3 2 -4 5 -6 -7
leaf_value=-0.55010621181725172 -0.19860660602917543 0.2435297752223709 1.4180391084483004 -0.25846868931439781 -2.3805596252091421 0.85577570044509543
leaf_weight=931 665 2272 777 2629 311 479
leaf_count=931 665 2272 777 2629 311 479
internal_value=8.88985e-06 0.287385 0.543206 -0.280051 -0.895606 -0.0865231
internal_weight=8064 3980 3049 4084 976 3108
internal_count=8064 3980 3049 4084 976 3108
is_linear=0
shrinkage=0.05


end of trees

feature_importances:
Column_3=159
Column_15=84
Column_11=80
Column_4=54
Column_18=46
Column_1=42
Column_17=37
Column_0=33
Column_16=20
Column_12=15
Column_2=10
Column_10=8
Column_13=2
Column_8=1

parameters:
[boosting: gbdt]
[objective: regression]
[metric: l2]
[tree_learner: serial]
[device_type: cpu]
[data_sample_strategy: bagging]
[data: ]
[valid: ]
[num_iterations: 100]
[learning_rate: 0.05]
[num_leaves: 7]
[num_threads: 1]
[seed: 20250911]
[deterministic: 1]
[force_col_wise: 1]
[force_row_wise: 0]
[histogram_pool_size: -1]
[max_depth: 3]
[min_data_in_leaf: 144]
[min_sum_hessian_in_leaf: 0.001]
[bagging_fraction: 1]
[pos_bagging_fraction: 1]
[neg_bagging_fraction: 1]
[bagging_freq: 0]
[bagging_seed: 20250911]
[bagging_by_query: 0]
[feature_fraction: 1]
[feature_fraction_bynode: 1]
[feature_fraction_seed: 20250911]
[extra_trees: 0]
[extra_seed: 26685]
[early_stopping_round: 0]
[early_stopping_min_delta: 0]
[first_metric_only: 0]
[max_delta_step: 0]
[lambda_l1: 0]
[lambda_l2: 1]
[linear_lambda: 0]
[min_gain_to_split: 0]
[drop_rate: 0.1]
[max_drop: 50]
[skip_drop: 0.5]
[xgboost_dart_mode: 0]
[uniform_drop: 0]
[drop_seed: 2504]
[top_rate: 0.2]
[other_rate: 0.1]
[min_data_per_group: 100]
[max_cat_threshold: 32]
[cat_l2: 10]
[cat_smooth: 10]
[max_cat_to_onehot: 4]
[top_k: 20]
[monotone_constraints: ]
[monotone_constraints_method: basic]
[monotone_penalty: 0]
[feature_contri: ]
[forcedsplits_filename: ]
[refit_decay_rate: 0.9]
[cegb_tradeoff: 1]
[cegb_penalty_split: 0]
[cegb_penalty_feature_lazy: ]
[cegb_penalty_feature_coupled: ]
[path_smooth: 0]
[interaction_constraints: ]
[verbosity: -1]
[saved_feature_importance_type: 0]
[use_quantized_grad: 0]
[num_grad_quant_bins: 4]
[quant_train_renew_leaf: 0]
[stochastic_rounding: 1]
[linear_tree: 0]
[max_bin: 63]
[max_bin_by_feature: ]
[min_data_in_bin: 3]
[bin_construct_sample_cnt: 200000]
[data_random_seed: 20250911]
[is_enable_sparse: 1]
[enable_bundle: 1]
[use_missing: 1]
[zero_as_missing: 0]
[feature_pre_filter: 0]
[pre_partition: 0]
[two_round: 0]
[header: 0]
[label_column: ]
[weight_column: ]
[group_column: ]
[ignore_column: ]
[categorical_feature: ]
[forcedbins_filename: ]
[precise_float_parser: 0]
[parser_config_file: ]
[objective_seed: 19683]
[num_class: 1]
[is_unbalance: 0]
[scale_pos_weight: 1]
[sigmoid: 1]
[boost_from_average: 1]
[reg_sqrt: 0]
[alpha: 0.9]
[fair_c: 1]
[poisson_max_delta_step: 0.7]
[tweedie_variance_power: 1.5]
[lambdarank_truncation_level: 30]
[lambdarank_norm: 1]
[label_gain: ]
[lambdarank_position_bias_regularization: 0]
[eval_at: ]
[multi_error_top_k: 1]
[auc_mu_weights: ]
[num_machines: 1]
[local_listen_port: 12400]
[time_out: 120]
[machine_list_filename: ]
[machines: ]
[gpu_platform_id: -1]
[gpu_device_id: -1]
[gpu_device_id_list: ]
[gpu_use_dp: 0]
[num_gpu: 1]

end of parameters

pandas_categorical:null
