tree
version=v4
num_class=1
num_tree_per_iteration=1
label_index=0
max_feature_idx=18
objective=regression
feature_names=Column_0 Column_1 Column_2 Column_3 Column_4 Column_5 Column_6 Column_7 Column_8 Column_9 Column_10 Column_11 Column_12 Column_13 Column_14 Column_15 Column_16 Column_17 Column_18
feature_infos=[2118.6365999999998:7546.7527] [-3998.1497000000004:3851.9499999999998] [-745.96199999999953:553.97000000000025] [-274.21000000000049:569.23662499999955] [-204.93800347222259:31.102710416666923] [0:1] [0:1] [0:1] [0:1] [0:1] [0:1] [-1:1] [-1:1] [-1:1] [-1:1] [3269.7095373263892:5319.7549513888889] [0:1] [-2211.6114749999997:2295.8055666666669] [-3958.9502999999995:4371.7547999999988]
tree_sizes=764 767 770 768 776 771 767 773 764 780 764 755 775 768 769 765 768 765 760 774 767 761 761 768 773 775 777 759 778 753 762 754 761 765 762 764 758 768 752 761 755 673 757 752 758 753 762 678 751 743 750 751 663 743 737 754 666 740 753 751 748 663 741 756 580 740 756 747 754 741 743 746 583 748 586 739 757 743 579 580 758 748 587 588 747 750 756 750 744 750 749 584 758 583 749 756 745 747 746 748

Tree=0
num_leaves=7
num_cat=0
split_feature=3 1 4 3 3 3
split_gain=3.02908e+07 1.05818e+07 5.31881e+06 3.7187e+06 3.6203e+06 1.90137e+06
threshold=-10.671874999999998 19.798350000000031 -91.635957638889053 127.24124999999982 133.16166666666666 -80.357566666666557
decision_type=2 2 2 2 2 2
left_child=2 4 -1 -3 -2 -4
right_child=1 3 5 -5 -6 -7
leaf_value=-51.216737852964307 -41.034698416352498 -36.823182909144847 -46.743840889222817 -32.539431566623392 -36.314944290068979 -42.678265650090346
leaf_weight=352 1924 1380 467 802 514 753
leaf_count=352 1924 1380 467 802 514 753
internal_value=-39.8146 -37.7746 -45.8076 -35.2461 -40.0386 -44.2389
internal_weight=6192 4620 1572 2182 2438 1220
internal_count=6192 4620 1572 2182 2438 1220
is_linear=0
shrinkage=1


Tree=1
num_leaves=7
num_cat=0
split_feature=3 1 4 3 3 3
split_gain=2.73432e+07 9.55087e+06 4.80199e+06 3.3567e+06 3.32205e+06 1.71648e+06
threshold=-10.671874999999998 19.798350000000031 -91.635957638889053 127.24124999999982 111.40983750000011 -80.357566666666557
decision_type=2 2 2 2 2 2
left_child=2 4 -1 -3 -2 -4
right_child=1 3 5 -5 -6 -7
leaf_value=-10.833599488255661 -1.3816429850495047 2.8420009135056201 -6.5834728165314749 6.9119093980465038 2.6990258682066197 -2.720625882759562
leaf_weight=352 1740 1380 467 802 698 753
leaf_count=352 1740 1380 467 802 698 753
internal_value=-6.98627e-05 1.93816 -5.69401 4.34039 -0.212719 -4.20345
internal_weight=6192 4620 1572 2182 2438 1220
internal_count=6192 4620 1572 2182 2438 1220
is_linear=0
shrinkage=0.05


Tree=2
num_leaves=7
num_cat=0
split_feature=3 1 4 3 3 3
split_gain=2.46824e+07 8.62044e+06 4.33538e+06 3.02994e+06 3.00957e+06 1.58139e+06
threshold=-10.671874999999998 19.798350000000031 -91.635957638889053 127.24124999999982 139.53885000000017 -126.80603333333327
decision_type=2 2 2 2 2 2
left_child=2 4 -1 -3 -2 -4
right_child=1 3 5 -5 -6 -7
leaf_value=-10.29345411415985 -1.0664656476309247 2.7000037430432897 -8.0890791142829741 6.5667444248014553 3.3649667607385574 -3.1978747773304352
leaf_weight=352 1963 1380 197 802 475 1023
leaf_count=352 1963 1380 197 802 475 1023
internal_value=-0.000139537 1.84137 -5.40995 4.12359 -0.202056 -3.99366
internal_weight=6192 4620 1572 2182 2438 1220
internal_count=6192 4620 1572 2182 2438 1220
is_linear=0
shrinkage=0.05


Tree=3
num_leaves=7
num_cat=0
split_feature=3 1 4 3 3 3
split_gain=2.22811e+07 7.81802e+06 3.91399e+06 3.18626e+06 2.87433e+06 1.46423e+06
threshold=-10.671874999999998 -38.941000000000251 -91.635957638889053 161.92904166666679 116.56467916666635 -80.357566666666557
decision_type=2 2 2 2 2 2
left_child=2 4 -1 -3 -2 -4
right_child=1 3 5 -5 -6 -7
leaf_value=-9.7802393183871974 -1.7352680615710998 2.512892113720385 -5.9925051319659648 6.5059462205600127 2.6860505214939945 -2.425093272841222
leaf_weight=352 1480 1984 467 668 488 753
leaf_count=352 1480 1984 467 668 488 753
internal_value=-0.000213408 1.74943 -5.14014 3.52076 -0.638117 -3.79444
internal_weight=6192 4620 1572 2652 1968 1220
internal_count=6192 4620 1572 2652 1968 1220
is_linear=0
shrinkage=0.05


Tree=4
num_leaves=7
num_cat=0
split_feature=3 1 4 8 4 3
split_gain=2.01129e+07 7.18766e+06 3.53367e+06 2.93369e+06 2.62008e+06 1.34987e+06
threshold=-10.671874999999998 63.418250000000633 -91.635957638889053 1.0000000180025095e-35 -91.635957638889053 -126.80603333333327
decision_type=2 2 2 2 2 2
left_child=2 4 -1 -3 -2 -4
right_child=1 3 5 -5 -6 -7
leaf_value=-9.2926128047721583 -3.3576902124362116 5.5146966547135419 -7.3885555562121104 1.308195107731313 0.74511260380665956 -2.8699696380004753
leaf_weight=352 467 1215 197 630 2308 1023
leaf_count=352 467 1215 197 630 2308 1023
internal_value=-0.000269175 1.66207 -4.88371 4.07982 0.0536981 -3.60506
internal_weight=6192 4620 1572 1845 2775 1220
internal_count=6192 4620 1572 1845 2775 1220
is_linear=0
shrinkage=0.05


Tree=5
num_leaves=7
num_cat=0
split_feature=3 1 4 3 3 3
split_gain=1.82081e+07 6.44636e+06 3.74006e+06 2.58978e+06 2.19855e+06 1.56973e+06
threshold=-1.0000000180025095e-35 63.418250000000633 -91.635957638889053 127.24124999999982 161.92904166666679 -80.357566666666557
decision_type=2 2 2 2 2 2
left_child=2 4 -1 -3 -2 -4
right_child=1 3 5 -5 -6 -7
leaf_value=-8.723101562497483 -0.50449283819796675 2.5002226790737163 -5.4552254543982004 6.3991910891460009 3.4093102357237139 -1.882089391581615
leaf_weight=378 2219 1106 467 694 427 901
leaf_count=378 2219 1106 467 694 427 901
internal_value=-0.000379565 1.69876 -4.32556 4.00621 0.128149 -3.10496
internal_weight=6192 4446 1746 1800 2646 1368
internal_count=6192 4446 1746 1800 2646 1368
is_linear=0
shrinkage=0.05


Tree=6
num_leaves=7
num_cat=0
split_feature=3 3 4 4 1 3
split_gain=1.64824e+07 6.28304e+06 4.05262e+06 2.73723e+06 1.92551e+06 1.06084e+06
threshold=-15.239166666666504 127.24124999999982 -91.635957638889053 -91.635957638889053 88.250000000000014 -126.80603333333327
decision_type=2 2 2 2 2 2
left_child=3 2 -2 -1 -3 -5
right_child=1 4 -4 5 -6 -7
leaf_value=-8.5269641660350519 -4.2002776708777096 2.549515691567648 0.95840617369809866 -6.7496099148434823 6.3253655525115065 -2.7172097144783862
leaf_weight=340 437 726 2910 197 634 948
leaf_count=340 437 726 2910 197 634 948
internal_value=-0.000394926 1.44866 0.283811 -4.59135 4.31308 -3.41628
internal_weight=6192 4707 3347 1485 1360 1145
internal_count=6192 4707 3347 1485 1360 1145
is_linear=0
shrinkage=0.05


Tree=7
num_leaves=7
num_cat=0
split_feature=3 1 4 3 3 3
split_gain=1.49264e+07 5.67077e+06 3.04512e+06 2.26416e+06 2.16561e+06 1.31904e+06
threshold=-1.0000000180025095e-35 -38.941000000000251 -91.635957638889053 111.40983750000011 206.37041666666667 -71.002283333333693
decision_type=2 2 2 2 2 2
left_child=2 3 -1 -2 -3 -4
right_child=1 4 5 -5 -6 -7
leaf_value=-7.8845646393645099 -1.6362721280807659 2.4559708348729048 -4.7506683422210836 2.230488363143496 6.5436123963416097 -1.5678310330072753
leaf_weight=378 1350 2191 535 525 380 833
leaf_count=378 1350 2191 535 525 380 833
internal_value=-0.000475001 1.53794 -3.91653 -0.552967 3.06244 -2.81514
internal_weight=6192 4446 1746 1875 2571 1368
internal_count=6192 4446 1746 1875 2571 1368
is_linear=0
shrinkage=0.05


Tree=8
num_leaves=7
num_cat=0
split_feature=3 1 4 3 3 1
split_gain=1.34942e+07 5.38477e+06 2.2325e+06 2.16043e+06 2.13398e+06 946306
threshold=-15.239166666666504 -38.941000000000251 -91.635957638889053 111.40983750000011 161.92904166666679 -125.94359999999982
decision_type=2 2 2 2 2 2
left_child=2 3 -1 -2 -3 -4
right_child=1 4 5 -5 -6 -7
leaf_value=-7.7087940745339729 -1.6057124257898421 1.9648932885692425 -4.6136248583714314 2.1191759869427962 5.2258087310310799 -1.7308667788509489
leaf_weight=340 1497 2017 540 525 668 605
leaf_count=340 1497 2017 540 525 668 605
internal_value=-0.000488462 1.31065 -4.15449 -0.637998 2.77782 -3.09326
internal_weight=6192 4707 1485 2022 2685 1145
internal_count=6192 4707 1485 2022 2685 1145
is_linear=0
shrinkage=0.05


Tree=9
num_leaves=7
num_cat=0
split_feature=3 1 4 8 4 3
split_gain=1.22246e+07 4.75888e+06 2.50272e+06 2.26102e+06 1.96285e+06 1.14904e+06
threshold=-1.0000000180025095e-35 63.418250000000633 -91.635957638889053 1.0000000180025095e-35 -91.635957638889053 -80.357566666666557
decision_type=2 2 2 2 2 2
left_child=2 4 -1 -3 -2 -4
right_child=1 3 5 -5 -6 -7
leaf_value=-7.1417891977959389 -2.9866153563575804 4.6328277614131048 -4.5566821896311884 0.87868067439922626 0.65408906477021123 -1.4999301364955115
leaf_weight=378 444 1196 467 604 2202 901
leaf_count=378 444 1196 467 604 2202 901
internal_value=-0.000515314 1.39173 -3.54448 3.37429 0.0422797 -2.54599
internal_weight=6192 4446 1746 1800 2646 1368
internal_count=6192 4446 1746 1800 2646 1368
is_linear=0
shrinkage=0.05


Tree=10
num_leaves=7
num_cat=0
split_feature=3 3 4 15 1 15
split_gain=1.11456e+07 5.05014e+06 3.51868e+06 1.88538e+06 1.69486e+06 991567
threshold=-31.496112499999978 127.24124999999982 -91.635957638889053 5274.3047280381952 -203.43825000000012 3395.5295407407411
decision_type=2 2 2 2 2 2
left_child=4 2 -2 -3 -1 -6
right_child=1 3 -4 -5 5 -7
leaf_value=-6.5175458040155609 -3.8701709044720136 2.7814020683279432 0.6913807433550937 7.6629554925617844 -5.982191152458137 -1.6741183183607249
leaf_weight=498 488 1120 3120 240 176 550
leaf_count=498 488 1120 3120 240 176 550
internal_value=-0.000570428 1.05253 0.0735067 3.64785 -4.27228 -2.72529
internal_weight=6192 4968 3608 1360 1224 726
internal_count=6192 4968 3608 1360 1224 726
is_linear=0
shrinkage=0.05


Tree=11
num_leaves=7
num_cat=0
split_feature=3 1 3 3 4 1
split_gain=1.00728e+07 4.70697e+06 1.89099e+06 1.83779e+06 1.69791e+06 745673
threshold=-25.126424999999923 -21.173099999999973 206.37041666666667 96.7727 -91.635957638889053 -203.43825000000012
decision_type=2 2 2 2 2 2
left_child=4 3 -3 -2 -1 -6
right_child=1 2 -4 -5 5 -7
leaf_value=-7.1686303082412408 -1.5471296719209895 1.9505694029711778 5.8213894386046938 1.5393191954282495 -4.8326848260076822 -1.9384504169776773
leaf_weight=303 1591 2232 367 691 333 675
leaf_count=303 1591 2232 367 691 333 675
internal_value=-0.000597706 1.04467 2.49919 -0.612274 -3.89007 -2.89842
internal_weight=6192 4881 2599 2282 1311 1008
internal_count=6192 4881 2599 2282 1311 1008
is_linear=0
shrinkage=0.05


Tree=12
num_leaves=7
num_cat=0
split_feature=3 1 8 4 4 3
split_gain=9.16407e+06 3.88451e+06 1.9479e+06 1.93917e+06 1.61925e+06 958882
threshold=-1.0000000180025095e-35 63.418250000000633 1.0000000180025095e-35 -91.635957638889053 -91.635957638889053 -126.80603333333327
decision_type=2 2 2 2 2 2
left_child=3 4 -3 -1 -2 -5
right_child=1 2 -4 5 -6 -7
leaf_value=-6.2354767244692528 -2.7653818111456516 4.1641269375977812 0.67990593850612646 -5.4100863433847524 0.5413460077410982 -1.6443479252006517
leaf_weight=378 444 1196 604 197 2202 1171
leaf_count=378 444 1196 604 197 2202 1171
internal_value=-0.000617658 1.20481 2.996 -3.06904 -0.0143595 -2.19019
internal_weight=6192 4446 1800 1746 2646 1368
internal_count=6192 4446 1800 1746 2646 1368
is_linear=0
shrinkage=0.05


Tree=13
num_leaves=7
num_cat=0
split_feature=3 4 15 3 1 11
split_gain=8.52104e+06 4.50083e+06 3.07014e+06 2.77188e+06 2.40082e+06 908426
threshold=51.604649999999999 -91.635957638889053 5274.3047280381952 195.33682500000035 -125.94359999999982 -0.2376293295203116
decision_type=2 2 2 2 2 2
left_child=1 5 3 -2 -3 -1
right_child=2 4 -4 -5 -6 -7
leaf_value=-3.2318502517944241 0.055460662777235381 -2.6067516828779826 5.1578159590369062 4.2625293111801152 0.28248656150064899 -7.4650239330639536
leaf_weight=211 1460 1179 642 534 1840 326
leaf_count=211 1460 1179 642 534 1840 326
internal_value=-0.000672927 -1.59745 2.15319 1.1837 -0.846328 -5.81081
internal_weight=6192 3556 2636 1994 3019 537
internal_count=6192 3556 2636 1994 3019 537
is_linear=0
shrinkage=0.05


Tree=14
num_leaves=7
num_cat=0
split_feature=3 1 10 3 1 15
split_gain=7.84629e+06 3.80829e+06 1.92486e+06 1.49977e+06 1.25205e+06 848065
threshold=-31.496112499999978 -51.223599999999799 1.0000000180025095e-35 161.92904166666679 -203.43825000000012 3395.5295407407411
decision_type=2 2 2 2 2 2
left_child=4 2 -2 -3 -1 -6
right_child=1 3 -4 -5 5 -7
leaf_value=-5.5144674592362142 -1.8361257730234755 1.427137144405366 1.3580959634756811 4.1154698239403826 -5.2668532200452303 -1.2838801092574688
leaf_weight=498 1374 2198 717 679 176 550
leaf_count=498 1374 2198 717 679 176 550
internal_value=-0.000667883 0.882921 -0.740707 2.06282 -3.58479 -2.25537
internal_weight=6192 4968 2091 2877 1224 726
internal_count=6192 4968 2091 2877 1224 726
is_linear=0
shrinkage=0.05


Tree=15
num_leaves=7
num_cat=0
split_feature=3 4 15 1 3 11
split_gain=7.22827e+06 4.28446e+06 2.7646e+06 2.1916e+06 2.03093e+06 884211
threshold=77.250612500000003 -91.635957638889053 5274.3047280381952 -60.899650000000285 206.37041666666667 -0.2376293295203116
decision_type=2 2 2 2 2 2
left_child=1 5 4 -3 -2 -1
right_child=2 3 -4 -5 -6 -7
leaf_value=-2.7462331689227888 0.32028615827369578 -1.8714041926271723 5.6276153953665311 0.68085627795810544 4.1993694360619003 -6.6283878699502852
leaf_weight=245 1267 1648 484 1716 459 373
leaf_count=245 1267 1648 484 1716 459 373
internal_value=-0.000691014 -1.27329 2.29183 -0.569663 1.3537 -5.09627
internal_weight=6192 3982 2210 3364 1726 618
internal_count=6192 3982 2210 3364 1726 618
is_linear=0
shrinkage=0.05


Tree=16
num_leaves=7
num_cat=0
split_feature=3 1 18 4 1 15
split_gain=6.69593e+06 3.21528e+06 1.59862e+06 1.40738e+06 1.05389e+06 760766
threshold=-31.496112499999978 42.633749999999971 -17.987374999999698 -91.635957638889053 -203.43825000000012 3395.5295407407411
decision_type=2 2 2 2 2 2
left_child=4 3 -3 -2 -1 -6
right_child=1 2 -4 -5 5 -7
leaf_value=-5.0820645834795224 -2.696200472864152 0.72516000537086234 3.5011534124388173 0.23111015289823175 -4.9440925903934039 -1.1718722769493632
leaf_weight=498 496 918 1193 2361 176 550
leaf_count=498 496 918 1193 2361 176 550
internal_value=-0.000659854 0.815591 2.29489 -0.277862 -3.31164 -2.09189
internal_weight=6192 4968 2111 2857 1224 726
internal_count=6192 4968 2111 2857 1224 726
is_linear=0
shrinkage=0.05


Tree=17
num_leaves=7
num_cat=0
split_feature=3 4 15 18 3 11
split_gain=6.25026e+06 3.61085e+06 2.48182e+06 2.07987e+06 1.80587e+06 792658
threshold=77.250612500000003 -91.635957638889053 5274.3047280381952 148.60427500000017 206.37041666666667 -0.2376293295203116
decision_type=2 2 2 2 2 2
left_child=1 5 4 -3 -2 -1
right_child=2 3 -4 -5 -6 -7
leaf_value=-2.4695474881466812 0.26781951616568145 -1.2905483646244962 5.2916467053143634 1.5147607788707595 3.9256295181357346 -6.1440829025551595
leaf_weight=245 1267 2462 484 902 459 373
leaf_count=245 1267 2462 484 902 459 373
internal_value=-0.000703044 -1.18408 2.13109 -0.538125 1.24226 -4.69369
internal_weight=6192 3982 2210 3364 1726 618
internal_count=6192 3982 2210 3364 1726 618
is_linear=0
shrinkage=0.05


Tree=18
num_leaves=7
num_cat=0
split_feature=3 3 4 3 15 15
split_gain=5.75774e+06 2.83344e+06 2.46967e+06 1.01736e+06 754656 686285
threshold=-31.496112499999978 161.92904166666679 -91.635957638889053 -141.29512500000007 5273.5654847222231 5283.1736671296303
decision_type=2 2 2 2 2 2
left_child=3 2 -2 -1 -3 -5
right_child=1 4 -4 5 -6 -7
leaf_value=-6.5813338417770328 -2.8782975747360071 2.5952572398059424 0.68113621289471515 -3.4799159198838683 6.4149294156294605 -0.84421574267886224
leaf_weight=176 566 780 3467 648 155 400
leaf_count=176 566 780 3467 648 155 400
internal_value=-0.000659047 0.756251 0.181008 -3.07093 3.23464 -2.47569
internal_weight=6192 4968 4033 1224 935 1048
internal_count=6192 4968 4033 1224 935 1048
is_linear=0
shrinkage=0.05


Tree=19
num_leaves=7
num_cat=0
split_feature=3 1 15 15 3 15
split_gain=5.36398e+06 2.77932e+06 2.29023e+06 1.84967e+06 1.79444e+06 1.57284e+06
threshold=51.604649999999999 -136.33394999999993 5274.3047280381952 3395.5295407407411 195.33682500000035 5283.1736671296303
decision_type=2 2 2 2 2 2
left_child=1 5 4 -3 -2 -1
right_child=2 3 -4 -5 -6 -7
leaf_value=-4.4885448654937221 -0.03673249418088053 -3.2252803753130141 4.3032534408300513 0.6168906132166877 3.3481966508646437 -1.2173493618851012
leaf_weight=770 1460 383 642 1699 534 704
leaf_count=770 1460 383 642 1699 534 704
internal_value=-0.000659134 -1.26755 1.70823 -0.0911155 0.870987 -2.92807
internal_weight=6192 3556 2636 2082 1994 1474
internal_count=6192 3556 2636 2082 1994 1474
is_linear=0
shrinkage=0.05


Tree=20
num_leaves=7
num_cat=0
split_feature=3 1 18 15 3 15
split_gain=4.86877e+06 2.59764e+06 1.28088e+06 1.03204e+06 908462 564330
threshold=-31.496112499999978 19.798350000000031 -35.714462499999847 5281.0050107638899 -141.29512500000007 5283.1736671296303
decision_type=2 2 2 2 2 2
left_child=4 3 -3 -2 -1 -6
right_child=1 2 -4 -5 5 -7
leaf_value=-6.1409011349166178 -1.1143010765608727 0.49659496947437332 2.9048277989695799 0.91913725980303507 -3.1722369940807966 -0.78210457734336281
leaf_weight=176 1687 928 1364 989 648 400
leaf_count=176 1687 928 1364 989 648 400
internal_value=-0.000631827 0.695398 1.93041 -0.362717 -2.82396 -2.26159
internal_weight=6192 4968 2292 2676 1224 1048
internal_count=6192 4968 2292 2676 1224 1048
is_linear=0
shrinkage=0.05


Tree=21
num_leaves=7
num_cat=0
split_feature=3 4 15 18 3 18
split_gain=4.65472e+06 2.43474e+06 2.0205e+06 1.7274e+06 1.59648e+06 742862
threshold=51.604649999999999 -91.635957638889053 5274.3047280381952 148.60427500000017 206.37041666666667 -43.785416666666599
decision_type=2 2 2 2 2 2
left_child=1 -1 4 -3 -2 -4
right_child=2 3 5 -5 -6 -7
leaf_value=-4.2797350168172761 0.030551401484020364 -1.359807554487134 2.1081885563752105 1.3258297623072912 3.3886413098191444 5.5420588221556635
leaf_weight=537 1535 2197 284 822 459 358
leaf_count=537 1535 2197 284 822 459 358
internal_value=-0.00065586 -1.18083 1.59125 -0.628377 0.804863 4.02867
internal_weight=6192 3556 2636 3019 1994 642
internal_count=6192 3556 2636 3019 1994 642
is_linear=0
shrinkage=0.05


Tree=22
num_leaves=7
num_cat=0
split_feature=3 1 15 15 15 3
split_gain=4.26181e+06 2.86521e+06 1.79271e+06 1.51185e+06 1.41236e+06 1.10597e+06
threshold=96.7727 -125.94359999999982 3390.6444892071763 5274.3047280381952 5283.1736671296303 271.29356250000006
decision_type=2 2 2 2 2 2
left_child=1 4 -3 5 -1 -2
right_child=3 2 -4 -5 -6 -7
leaf_value=-3.6589922510528647 0.81860740820467037 -2.8554275003964444 0.79625797468957482 4.8660483769303111 -0.83729369413139954 5.2052110708278159
leaf_weight=987 1343 398 2131 367 806 160
leaf_count=987 1343 398 2131 367 806 160
internal_value=-0.00056851 -0.863399 0.220674 1.99303 -2.39174 1.28873
internal_weight=6192 4322 2529 1870 1793 1503
internal_count=6192 4322 2529 1870 1793 1503
is_linear=0
shrinkage=0.05


Tree=23
num_leaves=7
num_cat=0
split_feature=3 1 8 17 3 18
split_gain=3.94112e+06 2.16639e+06 1.4964e+06 1.05414e+06 824604 557478
threshold=-31.496112499999978 74.708799999999897 1.0000000180025095e-35 -139.98655000000005 -126.80603333333327 -8.9863999999997741
decision_type=2 2 2 2 2 2
left_child=4 3 -3 -2 -1 -6
right_child=1 2 -4 -5 5 -7
leaf_value=-5.0118190244683687 1.4244292542819055 3.0661032351542619 0.10407041490432763 -0.70149759815693657 -3.1162202048413703 -0.70344516094885101
leaf_weight=264 774 1169 671 2354 458 502
leaf_count=264 774 1169 671 2354 458 502
internal_value=-0.000505102 0.625716 1.98657 -0.175166 -2.54066 -1.85658
internal_weight=6192 4968 1840 3128 1224 960
internal_count=6192 4968 1840 3128 1224 960
is_linear=0
shrinkage=0.05


Tree=24
num_leaves=7
num_cat=0
split_feature=3 4 18 15 3 11
split_gain=3.68115e+06 2.21775e+06 1.72553e+06 1.6183e+06 1.17281e+06 695715
threshold=77.250612500000003 -91.635957638889053 -1.0000000180025095e-35 5274.3047280381952 230.83664999999999 -0.2376293295203116
decision_type=2 2 2 2 2 2
left_child=1 5 -3 4 -2 -1
right_child=3 2 -4 -5 -6 -7
leaf_value=-1.5801751081536457 0.30217725733731415 -1.5561641889012254 0.70843276316196857 4.1876113544873048 3.6765408116720972 -5.0168687926575464
leaf_weight=245 1412 1650 1714 484 314 373
leaf_count=245 1412 1650 1714 484 314 373
internal_value=-0.00051971 -0.908686 -0.402456 1.63549 0.917827 -3.65918
internal_weight=6192 3982 3364 2210 1726 618
internal_count=6192 3982 3364 2210 1726 618
is_linear=0
shrinkage=0.05


Tree=25
num_leaves=7
num_cat=0
split_feature=1 10 1 15 4 18
split_gain=3.48014e+06 1.63737e+06 1.86632e+06 1.46085e+06 1.25582e+06 1.16604e+06
threshold=-51.223599999999799 1.0000000180025095e-35 -203.43825000000012 3390.6444892071763 -24.295867708333386 -43.785416666666599
decision_type=2 2 2 2 2 2
left_child=1 2 -1 -2 -3 -5
right_child=3 4 -4 5 -6 -7
leaf_value=-3.9974635804134233 -0.9179501013599487 -3.671741869367402 -0.87363366702260115 0.32033811886194014 1.4293735883474579 2.506132246420735
leaf_weight=755 693 144 1303 991 718 1588
leaf_count=755 693 144 1303 991 718 1588
internal_value=-0.000487897 -1.25504 -2.02103 1.11915 0.573948 1.66667
internal_weight=6192 2920 2058 3272 862 2579
internal_count=6192 2920 2058 3272 862 2579
is_linear=0
shrinkage=0.05


Tree=26
num_leaves=7
num_cat=0
split_feature=3 17 15 3 18 4
split_gain=3.26177e+06 1.83824e+06 1.52385e+06 1.32672e+06 1.16626e+06 1.02821e+06
threshold=51.604649999999999 -77.612924999999663 5281.0050107638899 195.33682500000035 -8.9863999999997741 -91.635957638889053
decision_type=2 2 2 2 2 2
left_child=1 4 3 -2 -1 -3
right_child=2 5 -4 -5 -6 -7
leaf_value=-0.99029076300733365 -0.011191840568924194 -4.3558466896200043 3.7372946951663355 2.8479365450024172 2.0027414343062722 -1.3953269764190335
leaf_weight=649 1563 346 526 547 651 1910
leaf_count=649 1563 346 526 547 651 1910
internal_value=-0.000505529 -0.988431 1.33209 0.731011 0.508915 -1.85111
internal_weight=6192 3556 2636 2110 1300 2256
internal_count=6192 3556 2636 2110 1300 2256
is_linear=0
shrinkage=0.05


Tree=27
num_leaves=7
num_cat=0
split_feature=3 17 18 3 3 17
split_gain=3.06795e+06 1.87566e+06 1.766e+06 985294 730192 483454
threshold=-31.496112499999978 115.62689999999999 -17.987374999999698 127.24124999999982 -141.29512500000007 156.80542500000027
decision_type=2 2 2 2 2 2
left_child=4 2 -2 -3 -1 -6
right_child=1 3 -4 -5 5 -7
leaf_value=-5.2144925993293691 0.029482434837448741 -1.744881172188999 2.2941045889886533 1.0250467887310231 -1.1168121411463927 -3.5992017192581232
leaf_weight=176 1669 1063 1777 459 787 261
leaf_count=176 1669 1063 1777 459 787 261
internal_value=-0.000465433 0.552047 1.19761 -0.90941 -2.24164 -1.73788
internal_weight=6192 4968 3446 1522 1224 1048
internal_count=6192 4968 3446 1522 1224 1048
is_linear=0
shrinkage=0.05


Tree=28
num_leaves=7
num_cat=0
split_feature=1 10 1 15 17 4
split_gain=2.921e+06 1.45392e+06 1.47209e+06 1.22216e+06 1.07281e+06 1.07264e+06
threshold=-60.899650000000285 1.0000000180025095e-35 -203.43825000000012 3390.6444892071763 -19.386512500000205 -24.295867708333386
decision_type=2 2 2 2 2 2
left_child=1 2 -1 -2 -5 -3
right_child=3 5 -4 4 -6 -7
leaf_value=-3.6699543693708998 -0.86135071980375377 -3.4009558235982369 -0.85342935360906225 2.4983303262927912 0.49315381299946071 1.3134469114785423
leaf_weight=755 703 144 1203 1314 1355 718
leaf_count=755 703 144 1203 1314 1355 718
internal_value=-0.000509392 -1.1878 -1.94079 0.992479 1.48091 0.522862
internal_weight=6192 2820 1958 3372 2669 862
internal_count=6192 2820 1958 3372 2669 862
is_linear=0
shrinkage=0.05


Tree=29
num_leaves=7
num_cat=0
split_feature=3 1 15 15 15 3
split_gain=2.74595e+06 1.82304e+06 1.32187e+06 1.08998e+06 1.00961e+06 848528
threshold=96.7727 -125.94359999999982 3390.6444892071763 5274.3047280381952 5283.1736671296303 271.29356250000006
decision_type=2 2 2 2 2 2
left_child=1 4 -3 5 -1 -2
right_child=3 2 -4 -5 -6 -7
leaf_value=-2.983622247117161 0.59011963995497874 -2.4698035720894511 0.66587821385258816 4.03909543423873 -0.5981263199324871 4.4321560664576776
leaf_weight=987 1343 398 2131 367 806 160
leaf_count=987 1343 398 2131 367 806 160
internal_value=-0.000520095 -0.693108 0.171621 1.59972 -1.91221 1.00179
internal_weight=6192 4322 2529 1870 1793 1503
internal_count=6192 4322 2529 1870 1793 1503
is_linear=0
shrinkage=0.05


Tree=30
num_leaves=7
num_cat=0
split_feature=3 1 8 16 15 16
split_gain=2.55198e+06 1.84224e+06 1.15379e+06 846998 456467 331572
threshold=-71.002283333333693 74.708799999999897 1.0000000180025095e-35 0.7790914227232183 5283.1736671296303 0.55121749302062661
decision_type=2 2 2 2 2 2
left_child=4 3 -3 -2 5 -1
right_child=1 2 -4 -5 -6 -7
leaf_value=-2.7928979273716159 0.17082613093057966 2.5553169164057215 0.05237912092223225 -1.5425919571034019 -1.2882531771449361 -5.7326871755623046
leaf_weight=263 2535 1202 746 1007 285 154
leaf_count=263 2535 1202 746 1007 285 154
internal_value=-0.000464419 0.362676 1.59732 -0.316601 -2.83689 -3.88969
internal_weight=6192 5490 1948 3542 702 417
internal_count=6192 5490 1948 3542 702 417
is_linear=0
shrinkage=0.05


Tree=31
num_leaves=7
num_cat=0
split_feature=3 17 18 15 3 15
split_gain=2.37439e+06 1.65121e+06 1.43869e+06 964375 750211 586330
threshold=96.7727 106.0750874999999 -1.0000000180025095e-35 5274.3047280381952 271.29356250000006 5281.0050107638899
decision_type=2 2 2 2 2 2
left_child=1 2 -1 4 -2 -3
right_child=3 5 -4 -5 -6 -7
leaf_value=-1.0855114874186826 0.53804889926576016 -3.0150375321035585 1.1262662366783709 3.7820391664777517 4.1506194312333689 -0.94736867435335181
leaf_weight=1462 1343 749 1477 367 160 634
leaf_count=1462 1343 749 1477 367 160 634
internal_value=-0.000510448 -0.644538 0.0260266 1.48753 0.925125 -2.06854
internal_weight=6192 4322 2939 1870 1503 1383
internal_count=6192 4322 2939 1870 1503 1383
is_linear=0
shrinkage=0.05


Tree=32
num_leaves=7
num_cat=0
split_feature=3 18 1 17 15 16
split_gain=2.24419e+06 1.68674e+06 1.40604e+06 850731 400668 293795
threshold=-71.002283333333693 -95.545316666667063 112.96585000000029 -108.05472499999995 5283.1736671296303 0.55121749302062661
decision_type=2 2 2 2 2 2
left_child=4 3 -3 -2 5 -1
right_child=1 2 -4 -5 -6 -7
leaf_value=-2.6143746584653855 0.73681048492902657 0.29585314994635364 2.4120189844465361 -1.5723523533019936 -1.2094191559127996 -5.3814333872641287
leaf_weight=263 572 2451 1154 1313 285 154
leaf_count=263 572 2451 1154 1313 285 154
internal_value=-0.000448199 0.34009 0.973742 -0.871622 -2.66033 -3.64669
internal_weight=6192 5490 3605 1885 702 417
internal_count=6192 5490 3605 1885 702 417
is_linear=0
shrinkage=0.05


Tree=33
num_leaves=7
num_cat=0
split_feature=3 17 15 11 18 15
split_gain=2.10434e+06 1.36666e+06 1.18978e+06 931633 827224 811179
threshold=51.604649999999999 -88.822699999999472 5274.3047280381952 -0.15208718494349127 1.0000000180025095e-35 5283.1736671296303
decision_type=2 2 2 2 2 2
left_child=1 4 3 -2 -1 -3
right_child=2 5 -4 -5 -6 -7
leaf_value=-0.71279287329220531 1.7065876477963695 -2.3240310142351137 2.9402132100626992 -0.47460198947380294 1.8659634391122528 -0.43210624305407708
leaf_weight=638 860 1320 642 1134 605 993
leaf_count=638 860 1320 642 1134 605 993
internal_value=-0.000484995 -0.794 1.06987 0.466516 0.542845 -1.51234
internal_weight=6192 3556 2636 1994 1243 2313
internal_count=6192 3556 2636 1994 1243 2313
is_linear=0
shrinkage=0.05


Tree=34
num_leaves=7
num_cat=0
split_feature=1 3 15 15 17 3
split_gain=2.04212e+06 1.12704e+06 990180 879582 837585 823105
threshold=-21.173099999999973 -99.229362499999738 3390.6444892071763 5283.1736671296303 -1.0000000180025095e-35 146.87961249999992
decision_type=2 2 2 2 2 2
left_child=1 -1 5 -3 -4 -2
right_child=2 3 4 -5 -6 -7
leaf_value=-3.5953599203334137 -2.0223767347701882 -1.218454533900124 2.3176679752914415 0.59187687164976821 0.40987794271395039 1.7098712598529098
leaf_weight=339 437 1819 1238 1062 1075 222
leaf_count=339 437 1819 1238 1062 1075 222
internal_value=-0.000440003 -0.872662 0.944541 -0.551153 1.43156 -0.764394
internal_weight=6192 3220 2972 2881 2313 659
internal_count=6192 3220 2972 2881 2313 659
is_linear=0
shrinkage=0.05


Tree=35
num_leaves=7
num_cat=0
split_feature=3 17 1 15 3 15
split_gain=1.91137e+06 1.52776e+06 1.05438e+06 733137 630250 553607
threshold=107.06433750000043 156.80542500000027 -38.941000000000251 5274.3047280381952 249.10092500000044 5281.0050107638899
decision_type=2 2 2 2 2 2
left_child=1 2 -1 4 -2 -3
right_child=3 5 -4 -5 -6 -7
leaf_value=-0.84519555326943563 0.43545621940344187 -3.1842151328307668 0.91940069702164884 3.5839768123067914 3.2500391294600064 -0.92358893643193429
leaf_weight=1803 1141 600 1594 319 240 495
leaf_count=1803 1141 600 1594 319 240 495
internal_value=-0.000432595 -0.540864 -0.0171538 1.42706 0.926592 -2.16406
internal_weight=6192 4492 3397 1700 1381 1095
internal_count=6192 4492 3397 1700 1381 1095
is_linear=0
shrinkage=0.05


Tree=36
num_leaves=7
num_cat=0
split_feature=4 3 11 18 15 0
split_gain=1.86305e+06 1.58644e+06 1.04953e+06 1.03337e+06 909908 547574
threshold=-91.635957638889053 42.177499999999789 -0.8433914458128855 148.60427500000017 5274.3047280381952 3672.6094500000004
decision_type=2 2 2 2 2 2
left_child=2 3 -1 -2 -3 -4
right_child=1 4 5 -5 -6 -7
leaf_value=1.3866888530630817 -0.9790962470441239 0.73356607109442895 -0.68033898032786 1.1565074602756458 2.9364066834046025 -3.5523311209127422
leaf_weight=189 2097 1659 232 775 653 587
leaf_count=189 2097 1659 232 775 653 587
internal_value=-0.000384836 0.382148 -1.96612 -0.402608 1.35674 -2.7406
internal_weight=6192 5184 1008 2872 2312 819
internal_count=6192 5184 1008 2872 2312 819
is_linear=0
shrinkage=0.05


Tree=37
num_leaves=7
num_cat=0
split_feature=3 18 17 17 3 17
split_gain=1.69087e+06 1.40067e+06 1.11476e+06 731489 567229 322194
threshold=-25.126424999999923 -17.987374999999698 78.959425000000024 -119.35343750000037 -141.29512500000007 156.80542500000027
decision_type=2 2 2 2 2 2
left_child=4 3 -3 -2 -1 -6
right_child=1 2 -4 -5 5 -7
leaf_value=-4.2278806663165662 0.88849015611529869 2.0812962962167116 -0.043054758526825651 -1.0496757049383394 -0.70071304912585552 -2.6583806514526356
leaf_weight=176 696 1541 1030 1614 857 278
leaf_count=176 696 1541 1030 1614 857 278
internal_value=-0.000357511 0.427903 1.23055 -0.465577 -1.59393 -1.18213
internal_weight=6192 4881 2571 2310 1311 1135
internal_count=6192 4881 2571 2310 1311 1135
is_linear=0
shrinkage=0.05


Tree=38
num_leaves=7
num_cat=0
split_feature=4 3 15 11 1 16
split_gain=1.6611e+06 1.40829e+06 1.24701e+06 937419 519866 485759
threshold=-91.635957638889053 116.56467916666635 3390.6444892071763 -0.75166088996455094 162.31194999999983 0.1846012851636338
decision_type=2 2 2 2 2 2
left_child=3 2 -2 -1 -3 -5
right_child=1 4 -4 5 -6 -7
leaf_value=0.93682918849176378 -2.9092830390027027 1.0845934799266483 0.17512251912335119 -0.3826320399980197 3.225266946845244 -3.365180778929874
leaf_weight=231 360 846 3551 177 427 600
leaf_count=231 360 846 3551 177 427 600
internal_value=-0.000385732 0.360819 -0.109462 -1.85653 1.8046 -2.68712
internal_weight=6192 5184 3911 1008 1273 777
internal_count=6192 5184 3911 1008 1273 777
is_linear=0
shrinkage=0.05


Tree=39
num_leaves=7
num_cat=0
split_feature=1 10 1 18 4 17
split_gain=1.53666e+06 983244 1.05199e+06 795891 766680 735478
threshold=-60.899650000000285 1.0000000180025095e-35 -382.45859999999988 -35.714462499999847 -24.295867708333386 106.0750874999999
decision_type=2 2 2 2 2 2
left_child=1 2 -1 -2 -3 -5
right_child=3 4 -4 5 -6 -7
leaf_value=-5.4625740681598387 -0.21098132445950446 -2.7724012985722775 -1.1428124673889799 2.0016579576697082 1.2134328657877793 -0.059849874457179368
leaf_weight=152 1366 144 1806 1375 718 631
leaf_count=152 1366 144 1806 1375 718 631
internal_value=-0.000376419 -0.86153 -1.48077 0.719847 0.545145 1.35349
internal_weight=6192 2820 1958 3372 862 2006
internal_count=6192 2820 1958 3372 862 2006
is_linear=0
shrinkage=0.05


Tree=40
num_leaves=7
num_cat=0
split_feature=3 17 16 4 3 13
split_gain=1.45887e+06 1.3866e+06 1.32076e+06 486983 231059 138029
threshold=195.33682500000035 106.0750874999999 0.76027143833449862 -91.635957638889053 271.29356250000006 -0.25881904510252163
decision_type=2 2 2 2 2 2
left_child=1 2 -1 -3 5 -2
right_child=4 3 -4 -5 -6 -7
leaf_value=0.90347864950996193 2.9314916267402862 -3.2436017922557046 -1.1228398567137323 -1.0284077024734752 3.9073433606248154 1.0459666811532595
leaf_weight=2652 151 297 1153 1495 170 274
leaf_count=2652 151 297 1153 1495 170 274
internal_value=-0.000409545 -0.250789 0.289325 -1.39715 2.35131 1.72119
internal_weight=6192 5597 3805 1792 595 425
internal_count=6192 5597 3805 1792 595 425
is_linear=0
shrinkage=0.05


Tree=41
num_leaves=6
num_cat=0
split_feature=3 18 1 17 1
split_gain=1.4303e+06 1.41173e+06 957691 652972 267596
threshold=-99.229362499999738 -95.545316666667063 112.96585000000029 -119.35343750000037 -261.5371499999996
decision_type=2 2 2 2 2
left_child=4 3 -3 -2 -1
right_child=1 2 -4 -5 -6
leaf_value=-4.3183685983930316 0.56487513519526844 0.23716373869527177 1.9519514499650796 -1.4467010729083423 -1.7696792627419651
leaf_weight=167 564 2589 1187 1412 273
leaf_count=167 564 2589 1187 1412 273
internal_value=-0.000361667 0.210001 0.776588 -0.872551 -2.74462
internal_weight=6192 5752 3776 1976 440
internal_count=6192 5752 3776 1976 440
is_linear=0
shrinkage=0.05


Tree=42
num_leaves=7
num_cat=0
split_feature=4 3 15 15 11 16
split_gain=1.35781e+06 1.18368e+06 846454 839060 796395 420962
threshold=-91.635957638889053 42.177499999999789 3390.6444892071763 5274.3047280381952 -0.8433914458128855 0.21133638652343711
decision_type=2 2 2 2 2 2
left_child=4 2 -2 -3 -1 -6
right_child=1 3 -4 -5 5 -7
leaf_value=1.2419653670019226 -3.2748159174398896 0.56970733221193937 -0.099657053830266115 2.6848830962627672 -0.47991229579594341 -3.0392612966902863
leaf_weight=189 227 1659 2645 653 220 599
leaf_count=189 227 1659 2645 653 220 599
internal_value=-0.000382182 0.326187 -0.351671 1.16802 -1.67854 -2.35319
internal_weight=6192 5184 2872 2312 1008 819
internal_count=6192 5184 2872 2312 1008 819
is_linear=0
shrinkage=0.05


Tree=43
num_leaves=7
num_cat=0
split_feature=3 15 0 1 4 1
split_gain=1.27209e+06 1.25198e+06 1.23527e+06 869351 219612 244571
threshold=195.33682500000035 5283.1736671296303 6366.5650000000014 112.96585000000029 -38.845727083333252 129.38424999999964
decision_type=2 2 2 2 2 2
left_child=1 2 -1 -3 -2 -6
right_child=4 3 -4 -5 5 -7
leaf_value=-0.41036466299831348 0.82981940782979968 0.29369216664089609 -3.0563502976199768 3.0477655689007253 1.8934079560060657 4.4629127400254971
leaf_weight=3113 198 1624 513 347 247 150
leaf_count=3113 198 1624 513 347 247 150
internal_value=-0.000382426 -0.234185 -0.785453 0.779854 2.19564 2.87303
internal_weight=6192 5597 3626 1971 595 397
internal_count=6192 5597 3626 1971 595 397
is_linear=0
shrinkage=0.05


Tree=44
num_leaves=7
num_cat=0
split_feature=3 18 17 17 3 15
split_gain=1.23783e+06 1.098e+06 834398 561348 273834 217227
threshold=-71.002283333333693 -95.545316666667063 51.987208333333236 -108.05472499999995 -141.29512500000007 5274.3047280381952
decision_type=2 2 2 2 2 2
left_child=4 3 -3 -2 -1 -6
right_child=1 2 -4 -5 5 -7
leaf_value=-3.6793271868579134 0.58153818148280934 1.4442594442410555 -0.086291656710272502 -1.2942255484984173 -2.4325892201894499 -0.40023873833918666
leaf_weight=176 572 2002 1603 1313 258 268
leaf_count=176 572 2002 1603 1313 258 268
internal_value=-0.000306295 0.252604 0.763849 -0.725022 -1.97574 -1.39982
internal_weight=6192 5490 3605 1885 702 526
internal_count=6192 5490 3605 1885 702 526
is_linear=0
shrinkage=0.05


Tree=45
num_leaves=7
num_cat=0
split_feature=3 15 1 11 1 4
split_gain=1.17819e+06 1.12242e+06 1.18059e+06 759278 469213 444527
threshold=121.72005000000014 3390.6444892071763 -149.01194999999981 -0.59116893267988335 178.1070500000001 -38.845727083333252
decision_type=2 2 2 2 2 2
left_child=1 3 -3 -1 -2 -6
right_child=4 2 -4 -5 5 -7
leaf_value=0.16548293497827318 0.64405866025355396 -1.136300705229371 0.5769713433955338 -3.800319950539317 0.65537870433595447 3.8728342510373501
leaf_weight=179 997 1666 2533 369 179 269
leaf_count=179 997 1666 2533 369 179 269
internal_value=-0.000338348 -0.380897 -0.102897 -2.50698 1.24924 2.59161
internal_weight=6192 4747 4199 548 1445 448
internal_count=6192 4747 4199 548 1445 448
is_linear=0
shrinkage=0.05


Tree=46
num_leaves=7
num_cat=0
split_feature=17 16 3 17 3 4
split_gain=1.14433e+06 1.07237e+06 1.02533e+06 712550 580807 362317
threshold=115.62689999999999 0.7790914227232183 -5.9339749999994629 -108.05472499999995 206.37041666666667 -91.635957638889053
decision_type=2 2 2 2 2 2
left_child=1 2 -1 -3 5 -2
right_child=4 3 -4 -5 -6 -7
leaf_value=-0.54564362525173993 -2.9128675602299121 0.36030120788568476 1.4834509011289987 -2.1476796554236475 1.6669479283723025 -0.97239174366685388
leaf_weight=855 288 580 2285 552 182 1450
leaf_count=855 288 580 2285 552 182 1450
internal_value=-0.000313532 0.455363 0.930945 -0.863488 -1.0139 -1.29543
internal_weight=6192 4272 3140 1132 1920 1738
internal_count=6192 4272 3140 1132 1920 1738
is_linear=0
shrinkage=0.05


Tree=47
num_leaves=6
num_cat=0
split_feature=3 18 17 13 1
split_gain=1.05564e+06 1.08848e+06 761867 499694 224797
threshold=-99.229362499999738 -95.545316666667063 51.987208333333236 -0.92300020391127913 -241.40499999999994
decision_type=2 2 2 2 2
left_child=4 3 -3 -2 -1
right_child=1 2 -4 -5 -6
leaf_value=-3.7261228685605463 0.70989309973157022 1.3121604349950009 -0.11710636447171015 -1.1968056640106615 -1.4177554648865314
leaf_weight=178 442 2100 1676 1534 262
leaf_count=178 442 2100 1676 1534 262
internal_value=-0.000322627 0.180401 0.677909 -0.770164 -2.35793
internal_weight=6192 5752 3776 1976 440
internal_count=6192 5752 3776 1976 440
is_linear=0
shrinkage=0.05


Tree=48
num_leaves=7
num_cat=0
split_feature=4 18 1 3 11 12
split_gain=1.04414e+06 919652 764890 739737 688813 422708
threshold=-91.635957638889053 52.350924999999968 145.06999999999974 29.364875000000215 -0.1950438958025166 -0.44218343748786698
decision_type=2 2 2 2 2 2
left_child=4 3 -3 -2 5 -1
right_child=1 2 -4 -5 -6 -7
leaf_value=-2.1699421302289577 -1.0381829085226517 0.46049828484495275 2.5227844858151016 0.52019259506756954 -2.623071387499361 1.1045967379490198
leaf_weight=147 1548 1497 642 1497 567 294
leaf_count=147 1548 1497 642 1497 567 294
internal_value=-0.000342307 0.286033 1.08036 -0.272126 -1.47195 0.0106439
internal_weight=6192 5184 2139 3045 1008 441
internal_count=6192 5184 2139 3045 1008 441
is_linear=0
shrinkage=0.05


Tree=49
num_leaves=7
num_cat=0
split_feature=3 15 0 1 3 13
split_gain=998516 1.11627e+06 968205 667929 210743 124967
threshold=195.33682500000035 5283.1736671296303 6366.5650000000014 145.06999999999974 271.29356250000006 -0.25881904510252163
decision_type=2 2 2 2 2 2
left_child=1 2 -1 -3 5 -2
right_child=4 3 -4 -5 -6 -7
leaf_value=-0.39592723733698865 2.4953982300664252 0.37935584464762578 -2.7385052401499994 3.0360197139897132 3.4300642344251018 0.70378505673191771
leaf_weight=3113 151 1697 513 274 170 274
leaf_count=3113 151 1697 513 274 170 274
internal_value=-0.000335065 -0.207477 -0.728015 0.750026 1.94527 1.3447
internal_weight=6192 5597 3626 1971 595 425
internal_count=6192 5597 3626 1971 595 425
is_linear=0
shrinkage=0.05


Tree=50
num_leaves=7
num_cat=0
split_feature=17 16 17 4 18 3
split_gain=981939 934169 1.22613e+06 737303 481540 494734
threshold=-129.66537500000024 0.29500397697159281 179.07855000000043 -91.635957638889053 218.42823333333334 146.87961249999992
decision_type=2 2 2 2 2 2
left_child=4 2 -2 -3 5 -1
right_child=1 3 -4 -5 -6 -7
leaf_value=0.24297764917726739 1.1603027205800747 -2.934463806705816 -1.8039987048846873 -0.64172643288010267 2.9390716490500117 2.724809784864386
leaf_weight=1231 1443 419 459 2130 271 239
leaf_count=1231 1443 419 459 2130 271 239
internal_value=-0.000262523 -0.39406 0.444371 -1.01961 1.00616 0.648064
internal_weight=6192 4451 1902 2549 1741 1470
internal_count=6192 4451 1902 2549 1741 1470
is_linear=0
shrinkage=0.05


Tree=51
num_leaves=7
num_cat=0
split_feature=3 15 1 11 15 11
split_gain=921078 906646 810704 585364 479994 503659
threshold=107.06433750000043 3390.6444892071763 -113.28915000000005 -0.55543802234893469 5274.3047280381952 -0.10884096748385481
decision_type=2 2 2 2 2 2
left_child=1 3 -3 -1 5 -2
right_child=4 2 -4 -5 -6 -7
leaf_value=-0.037329787555439718 1.7252013785065268 -0.89400617106880298 0.53445138937209269 -3.6377986783247729 2.7358054616604934 -0.21356608187287207
leaf_weight=173 569 1843 2152 324 319 812
leaf_count=173 569 1843 2152 324 319 812
internal_value=-0.00023578 -0.375396 -0.124593 -2.38711 0.990707 0.585916
internal_weight=6192 4492 3995 497 1700 1381
internal_count=6192 4492 3995 497 1700 1381
is_linear=0
shrinkage=0.05


Tree=52
num_leaves=6
num_cat=0
split_feature=3 18 1 17 15
split_gain=882830 878498 627087 453164 186244
threshold=-99.229362499999738 -95.545316666667063 145.06999999999974 -108.05472499999995 5274.3047280381952
decision_type=2 2 2 2 2
left_child=4 3 -3 -2 -1
right_child=1 2 -4 -5 -6
leaf_value=-3.2654595507107973 0.4531213953394122 0.21003436518285207 1.644827913027433 -1.1904548177026548 -1.1964058073127972
leaf_weight=203 603 2719 1057 1373 237
leaf_count=203 603 2719 1057 1373 237
internal_value=-0.000222271 0.165048 0.611999 -0.688922 -2.15623
internal_weight=6192 5752 3776 1976 440
internal_count=6192 5752 3776 1976 440
is_linear=0
shrinkage=0.05


Tree=53
num_leaves=7
num_cat=0
split_feature=17 16 3 15 3 4
split_gain=863675 796950 768319 550548 450469 387757
threshold=115.62689999999999 0.7790914227232183 -5.9339749999994629 5274.3047280381952 127.24124999999982 -38.845727083333252
decision_type=2 2 2 2 2 2
left_child=1 2 -1 -3 -2 -6
right_child=4 3 -4 -5 5 -7
leaf_value=-0.47258083708758392 -1.3098639282322759 -1.752920102452844 1.2838953498184635 0.45884691562381558 -1.5246535990811603 1.5309906433751383
leaf_weight=855 1461 614 2285 518 157 302
leaf_count=855 1461 614 2285 518 157 302
internal_value=-0.000238157 0.395636 0.805621 -0.74131 -0.880805 0.484772
internal_weight=6192 4272 3140 1132 1920 459
internal_count=6192 4272 3140 1132 1920 459
is_linear=0
shrinkage=0.05


Tree=54
num_leaves=7
num_cat=0
split_feature=3 15 0 1 3 13
split_gain=825229 968765 767112 523060 195496 118349
threshold=195.33682500000035 5283.1736671296303 6366.5650000000014 112.96585000000029 271.29356250000006 -0.25881904510252018
decision_type=2 2 2 2 2 2
left_child=1 2 -1 -3 5 -2
right_child=4 3 -4 -5 -6 -7
leaf_value=-0.37787479168185745 2.2495669097988151 0.32627445887235496 -2.4630544120699516 2.4626373315080148 3.1981964394145197 0.53203328027192398
leaf_weight=3113 162 1624 513 347 170 263
leaf_count=3113 162 1624 513 347 170 263
internal_value=-0.000240675 -0.188553 -0.67348 0.703445 1.7685 1.19046
internal_weight=6192 5597 3626 1971 595 425
internal_count=6192 5597 3626 1971 595 425
is_linear=0
shrinkage=0.05


Tree=55
num_leaves=7
num_cat=0
split_feature=17 16 17 4 11 3
split_gain=796070 773252 1.04133e+06 600711 417558 408090
threshold=-129.66537500000024 0.29500397697159281 179.07855000000043 -91.635957638889053 0.40265084705289472 111.40983750000011
decision_type=2 2 2 2 2 2
left_child=4 2 -2 -3 5 -1
right_child=1 3 -4 -5 -6 -7
leaf_value=0.13574403383788633 1.0678323898918494 -2.652289237000403 -1.6639709009003381 -0.58279130838388349 2.8812563439124617 2.050283144560197
leaf_weight=1143 1443 419 459 2130 231 367
leaf_count=1143 1443 419 459 2130 231 367
internal_value=-0.000180778 -0.354754 0.408052 -0.923878 0.905997 0.602115
internal_weight=6192 4451 1902 2549 1741 1510
internal_count=6192 4451 1902 2549 1741 1510
is_linear=0
shrinkage=0.05


Tree=56
num_leaves=6
num_cat=0
split_feature=3 18 1 13 1
split_gain=749429 727782 528499 433610 178013
threshold=-99.229362499999738 -95.545316666667063 145.06999999999974 -0.92300020391127913 -241.40499999999994
decision_type=2 2 2 2 2
left_child=4 3 -3 -2 -1
right_child=1 2 -4 -5 -6
leaf_value=-3.2037737376197093 0.75343238155254533 0.18990365339662224 1.5070896976315797 -1.0226161158752267 -1.1506461412054505
leaf_weight=178 442 2719 1057 1534 262
leaf_count=178 442 2719 1057 1534 262
internal_value=-0.000161762 0.152111 0.558919 -0.625162 -1.98661
internal_weight=6192 5752 3776 1976 440
internal_count=6192 5752 3776 1976 440
is_linear=0
shrinkage=0.05


Tree=57
num_leaves=7
num_cat=0
split_feature=3 15 11 18 1 2
split_gain=731669 875811 651112 463902 209523 139333
threshold=186.03673749999965 5283.1736671296303 -0.1950438958025166 218.42823333333334 178.1070500000001 -114.90674999999963
decision_type=2 2 2 2 2 2
left_child=1 2 -1 -3 5 -2
right_child=4 3 -4 -5 -6 -7
leaf_value=0.077517328164571728 1.9359450776251439 0.29282867690032383 -1.281045599443404 2.2816669480382235 2.720597737099304 0.12860229118197572
leaf_weight=1626 183 1602 1926 358 243 254
leaf_count=1626 183 1602 1926 358 243 254
internal_value=-0.000177305 -0.191172 -0.659289 0.657074 1.54601 0.888145
internal_weight=6192 5512 3552 1960 680 437
internal_count=6192 5512 3552 1960 680 437
is_linear=0
shrinkage=0.05


Tree=58
num_leaves=7
num_cat=0
split_feature=17 12 17 18 3 15
split_gain=706367 669855 930214 475496 360725 368424
threshold=115.62689999999999 0.13052619222005141 -139.98655000000005 218.42823333333334 127.24124999999982 3395.5295407407411
decision_type=2 2 2 2 2 2
left_child=1 2 -1 -3 5 -2
right_child=4 3 -4 -5 -6 -7
leaf_value=0.84482092941522502 -3.2474895049163957 0.63027949002076777 -1.0799919225905799 2.5279597971309613 0.42554868721443678 -0.87469399548920945
leaf_weight=1195 187 1317 1320 440 459 1274
leaf_count=1195 187 1317 1320 440 459 1274
internal_value=-0.000118736 0.357893 -0.165447 1.10668 -0.796466 -1.18041
internal_weight=6192 4272 2515 1757 1920 1461
internal_count=6192 4272 2515 1757 1920 1461
is_linear=0
shrinkage=0.05


Tree=59
num_leaves=7
num_cat=0
split_feature=3 15 15 11 17 1
split_gain=676628 663594 612335 616501 610068 349284
threshold=51.604649999999999 3390.6444892071763 5274.3047280381952 -0.15208718494349127 -28.222612499999965 965.16200000000015
decision_type=2 2 2 2 2 2
left_child=1 5 3 -2 -3 -1
right_child=2 4 -4 -5 -6 -7
leaf_value=-3.8843060692623257 1.1828982568749431 0.53791998902377658 1.9485693744938493 -0.59138023859341249 -0.84812934853043509 -0.69905508160591134
leaf_weight=199 860 1444 642 1134 1761 152
leaf_count=199 860 1444 642 1134 1761 152
internal_value=-0.000119043 -0.450078 0.606822 0.174065 -0.223677 -2.51084
internal_weight=6192 3556 2636 1994 3205 351
internal_count=6192 3556 2636 1994 3205 351
is_linear=0
shrinkage=0.05


Tree=60
num_leaves=7
num_cat=0
split_feature=4 18 1 13 11 2
split_gain=659528 622246 528524 503561 488898 349334
threshold=-91.635957638889053 52.350924999999968 145.06999999999974 -0.92300020391127913 -0.75166088996455094 -276.53389999999985
decision_type=2 2 2 2 2 2
left_child=4 3 -3 -2 -1 -6
right_child=1 2 -4 -5 5 -7
leaf_value=0.84705792510689337 1.1350046698017504 0.36560533876507201 2.0798653945106649 -0.53392063434045389 -0.18251550627941909 -2.4772677980872309
leaf_weight=231 551 1497 642 2494 240 537
leaf_count=231 551 1497 642 2494 240 537
internal_value=-0.00013209 0.227468 0.880855 -0.231651 -1.16971 -1.76961
internal_weight=6192 5184 2139 3045 1008 777
internal_count=6192 5184 2139 3045 1008 777
is_linear=0
shrinkage=0.05


Tree=61
num_leaves=6
num_cat=0
split_feature=3 18 1 18 16
split_gain=641540 610054 429247 372015 166660
threshold=-99.229362499999738 -95.545316666667063 162.31194999999983 -538.89929999999947 0.53157507734536558
decision_type=2 2 2 2 2
left_child=4 3 -3 -2 -1
right_child=1 2 -4 -5 -6
leaf_value=-1.0409283659932085 0.50998387512239363 0.19633212385440305 1.4100333811031396 -1.0058646669110336 -3.032286287217655
leaf_weight=265 567 2791 985 1409 175
leaf_count=265 567 2791 985 1409 175
internal_value=-0.000115528 0.140771 0.513225 -0.570864 -1.83803
internal_weight=6192 5752 3776 1976 440
internal_count=6192 5752 3776 1976 440
is_linear=0
shrinkage=0.05


Tree=62
num_leaves=7
num_cat=0
split_feature=3 15 11 1 3 4
split_gain=628952 755917 623874 492082 196669 194078
threshold=186.03673749999965 5274.3047280381952 -0.59116893267988335 162.31194999999983 271.29356250000006 -38.845727083333252
decision_type=2 2 2 2 2 2
left_child=1 2 -1 -3 5 -2
right_child=4 3 -4 -5 -6 -7
leaf_value=0.34221319818481494 -0.54143029252848318 0.23596389031286813 -1.16908047700673 2.4890400089595439 2.9021473719231916 1.5793067636443121
leaf_weight=1003 154 2100 2136 273 170 356
leaf_count=1003 154 2100 2136 273 170 356
internal_value=-0.000133669 -0.177215 -0.686224 0.496107 1.43342 0.939121
internal_weight=6192 5512 3139 2373 680 510
internal_count=6192 5512 3139 2373 680 510
is_linear=0
shrinkage=0.05


Tree=63
num_leaves=7
num_cat=0
split_feature=17 3 18 4 18 14
split_gain=586206 633199 518176 417048 363311 552256
threshold=-77.612924999999663 24.49321250000003 -126.31522500000095 -38.845727083333252 1.0000000180025095e-35 0.92300020391127935
decision_type=2 2 2 2 2 2
left_child=4 2 -2 -3 -1 -6
right_child=1 3 -4 -5 5 -7
leaf_value=0.061410135368227349 -2.2636090423438149 -0.8470910763125592 -0.47591189430321307 0.71930637220387406 1.9430809952180181 -0.87475078189158229
leaf_weight=1224 581 606 1338 1416 806 221
leaf_count=1224 581 606 1338 1416 806 221
internal_value=-7.98543e-05 -0.367731 -1.01806 0.249665 0.643472 1.33645
internal_weight=6192 3941 1919 2022 2251 1027
internal_count=6192 3941 1919 2022 2251 1027
is_linear=0
shrinkage=0.05


Tree=64
num_leaves=5
num_cat=0
split_feature=3 15 16 1
split_gain=564887 581442 598197 523527
threshold=-126.80603333333327 5274.3047280381952 0.95311725170480111 162.31194999999983
decision_type=2 2 2 2
left_child=-1 2 -2 -3
right_child=1 3 -4 -5
leaf_value=-2.2586561248437413 -0.15022614251040917 0.42604027872756128 -3.1632343215921712 2.6440612799958223
leaf_weight=264 3451 1999 172 306
leaf_count=264 3451 1999 172 306
internal_value=-8.98893e-05 0.100858 -0.2941 0.721512
internal_weight=6192 5928 3623 2305
internal_count=6192 5928 3623 2305
is_linear=0
shrinkage=0.05


Tree=65
num_leaves=7
num_cat=0
split_feature=3 15 0 18 3 13
split_gain=568096 659045 563750 362137 161394 111304
threshold=195.33682500000035 5283.1736671296303 6366.5650000000014 218.42823333333334 271.29356250000006 -0.25881904510252018
decision_type=2 2 2 2 2 2
left_child=1 2 -1 -3 5 -2
right_child=4 3 -4 -5 -6 -7
leaf_value=-0.3029133472869181 1.9695067217196425 0.25899777418280789 -2.0904451001392035 2.0132098898684814 2.7660013113105508 0.30519777346741073
leaf_weight=3113 162 1612 513 359 170 263
leaf_count=3113 162 1612 513 359 170 263
internal_value=-0.000105594 -0.156349 -0.556317 0.579371 1.46743 0.942727
internal_weight=6192 5597 3626 1971 595 425
internal_count=6192 5597 3626 1971 595 425
is_linear=0
shrinkage=0.05


Tree=66
num_leaves=7
num_cat=0
split_feature=17 12 17 18 3 13
split_gain=544913 545239 758023 397087 264554 224413
threshold=115.62689999999999 0.13052619222005141 -139.98655000000005 218.42823333333334 206.37041666666667 0.38231920253318424
decision_type=2 2 2 2 2 2
left_child=1 2 -1 -3 5 -2
right_child=4 3 -4 -5 -6 -7
leaf_value=0.75421696630373514 -0.41496605089925542 0.55461034901293171 -0.98333860512839255 2.2887459057951327 1.1098476380028361 -1.5701523546995571
leaf_weight=1195 1025 1317 1320 440 182 713
leaf_count=1195 1025 1317 1320 440 182 713
internal_value=-6.05931e-05 0.314385 -0.157769 0.989939 -0.699501 -0.889502
internal_weight=6192 4272 2515 1757 1920 1738
internal_count=6192 4272 2515 1757 1920 1738
is_linear=0
shrinkage=0.05


Tree=67
num_leaves=7
num_cat=0
split_feature=3 15 1 15 11 4
split_gain=536374 602430 486329 430604 459119 322175
threshold=77.250612500000003 3390.6444892071763 -203.43825000000012 5274.3047280381952 -0.15208718494349127 -14.041602430556166
decision_type=2 2 2 2 2 2
left_child=1 5 -3 4 -2 -1
right_child=3 2 -4 -5 -6 -7
leaf_value=-1.0903802125037394 1.2140402243169055 -0.97096048818276071 0.27116493097831673 1.9408197557895457 -0.43784843883755437 -3.99434955494096
leaf_weight=263 723 1173 2396 484 1003 150
leaf_count=263 723 1173 2396 484 1003 150
internal_value=-4.35267e-05 -0.346707 -0.137234 0.624452 0.25441 -2.15219
internal_weight=6192 3982 3569 2210 1726 413
internal_count=6192 3982 3569 2210 1726 413
is_linear=0
shrinkage=0.05


Tree=68
num_leaves=7
num_cat=0
split_feature=3 18 13 17 14 1
split_gain=496071 472329 358279 348135 164499 136561
threshold=-99.229362499999738 -95.545316666667063 -0.92300020391127913 51.987208333333236 0.49999999999999994 -187.68764999999982
decision_type=2 2 2 2 2 2
left_child=4 2 -2 -3 5 -1
right_child=1 3 -4 -5 -6 -7
leaf_value=-2.0289601642509987 0.75069897724462686 0.88029007287549721 -0.86365522356976909 -0.085863098420966899 -2.9903564282680213 0.11865737438201905
leaf_weight=144 442 2100 1534 1676 145 151
leaf_count=144 442 2100 1534 1676 145 151
internal_value=-6.61126e-05 0.123822 -0.502353 0.451548 -1.61623 -0.932984
internal_weight=6192 5752 1976 3776 440 295
internal_count=6192 5752 1976 3776 440 295
is_linear=0
shrinkage=0.05


Tree=69
num_leaves=7
num_cat=0
split_feature=3 15 1 0 1 11
split_gain=490536 614466 502721 392925 162711 133531
threshold=186.03673749999965 3390.6444892071763 -51.223599999999799 2919.5344000000005 255.27485000000027 -0.10884096748385481
decision_type=2 2 2 2 2 2
left_child=1 3 -3 -1 5 -2
right_child=4 2 -4 -5 -6 -7
leaf_value=-0.014648514956517041 1.9155724955841582 -0.4274905510789786 0.59763778090601227 -2.4567547018669513 2.6968980330925483 0.25408451303298912
leaf_weight=264 187 2593 2218 437 153 340
leaf_count=264 187 2593 2218 437 153 340
internal_value=-9.68714e-05 -0.156483 0.0451471 -1.53838 1.26592 0.846156
internal_weight=6192 5512 4811 701 680 527
internal_count=6192 5512 4811 701 680 527
is_linear=0
shrinkage=0.05


Tree=70
num_leaves=7
num_cat=0
split_feature=4 2 1 3 11 2
split_gain=472665 504882 541474 452767 399357 302121
threshold=-91.635957638889053 148.30634999999987 19.798350000000031 127.24124999999982 -0.1950438958025166 -276.53389999999985
decision_type=2 2 2 2 2 2
left_child=4 2 -2 -3 -1 -6
right_child=1 3 -4 -5 5 -7
leaf_value=0.13841249361398264 -0.034651481429278104 -1.5061747752614867 1.1124878999934475 1.2906181098326392 -0.27037398051850653 -2.7005166538389296
leaf_weight=441 2636 679 1686 183 195 372
leaf_count=441 2636 679 1686 183 195 372
internal_value=-7.13183e-05 0.192607 0.412998 -0.911617 -0.990196 -1.8667
internal_weight=6192 5184 4322 862 1008 567
internal_count=6192 5184 4322 862 1008 567
is_linear=0
shrinkage=0.05


Tree=71
num_leaves=7
num_cat=0
split_feature=15 16 13 1 2 2
split_gain=460839 491381 495922 487008 369069 199314
threshold=5274.3047280381952 0.95311725170480111 -0.38231920253318369 162.31194999999983 127.33835000000001 137.31074999999967
decision_type=2 2 2 2 2 2
left_child=1 2 -1 4 -2 -5
right_child=3 -3 -4 5 -6 -7
leaf_value=0.59383828687225793 0.55150044978798463 -2.9052266966197746 -0.64717042549373649 3.6411587102208167 -1.2402672535407613 1.0865857714885159
leaf_weight=1226 1800 178 2340 156 341 151
leaf_count=1226 1800 178 2340 156 341 151
internal_value=-8.36594e-05 -0.348844 -0.220462 0.53324 0.265677 2.39228
internal_weight=6192 3744 3566 2448 2141 307
internal_count=6192 3744 3566 2448 2141 307
is_linear=0
shrinkage=0.05


Tree=72
num_leaves=5
num_cat=0
split_feature=3 15 11 1
split_gain=449399 501546 511935 386834
threshold=271.29356250000006 5274.3047280381952 -0.59116893267988335 162.31194999999983
decision_type=2 2 2 2
left_child=1 2 -1 -3
right_child=-2 3 -4 -5
leaf_value=0.44899279571674128 2.527531633199307 0.24446586728953279 -0.84594844886695675 2.1563966347176016
leaf_weight=1101 170 2137 2483 301
leaf_count=1101 170 2137 2483 301
internal_value=-7.07523e-05 -0.0718323 -0.44813 0.481304
internal_weight=6192 6022 3584 2438
internal_count=6192 6022 3584 2438
is_linear=0
shrinkage=0.05


Tree=73
num_leaves=7
num_cat=0
split_feature=3 15 4 1 17 11
split_gain=442871 473148 459915 626684 410635 356758
threshold=51.604649999999999 3395.5295407407411 -38.845727083333252 300.86285000000004 -28.222612499999965 -0.77969889170510642
decision_type=2 2 2 2 2 2
left_child=1 -1 5 -4 -3 -2
right_child=2 4 3 -5 -6 -7
leaf_value=-1.8969460687196715 1.6014713537018253 0.4853359027210073 0.56762422225044218 3.3123819295332524 -0.66769601297178127 -1.0477322266046369
leaf_weight=440 158 1407 1607 238 1709 633
leaf_count=440 158 1407 1607 238 1709 633
internal_value=-3.06319e-05 -0.36406 0.491001 0.923293 -0.147067 -0.517207
internal_weight=6192 3556 2636 1845 3116 791
internal_count=6192 3556 2636 1845 3116 791
is_linear=0
shrinkage=0.05


Tree=74
num_leaves=5
num_cat=0
split_feature=3 18 17 13
split_gain=428784 423376 390373 313592
threshold=-141.29512500000007 -17.987374999999698 51.987208333333236 0.8425887240367157
decision_type=2 2 2 2
left_child=-1 3 -3 -2
right_child=1 2 -4 -5
leaf_value=-2.4255428170416988 -0.12126987622595052 0.97254960009552471 -0.13877408539993161 -1.471305291380008
leaf_weight=176 2303 1735 1450 528
leaf_count=176 2303 1735 1450 528
internal_value=-1.00863e-05 0.071341 0.466725 -0.373491
internal_weight=6192 6016 3185 2831
internal_count=6192 6016 3185 2831
is_linear=0
shrinkage=0.05


Tree=75
num_leaves=7
num_cat=0
split_feature=3 15 0 2 4 4
split_gain=411189 485366 455116 317853 130536 180489
threshold=195.33682500000035 5283.1736671296303 6366.5650000000014 8.4779000000003197 -38.845727083333252 -11.509612152777434
decision_type=2 2 2 2 2 2
left_child=1 2 -1 -3 -2 -6
right_child=4 3 -4 -5 5 -7
leaf_value=-0.2485316104437455 0.19831812450634176 1.0636191165108573 -1.8546106154077364 -0.21432363165186172 2.8852003791928293 0.74855891447603418
leaf_weight=3113 198 1099 513 872 189 208
leaf_count=3113 198 1099 513 872 189 208
internal_value=-3.52982e-05 -0.132962 -0.476205 0.498416 1.24849 1.77044
internal_weight=6192 5597 3626 1971 595 397
internal_count=6192 5597 3626 1971 595 397
is_linear=0
shrinkage=0.05


Tree=76
num_leaves=7
num_cat=0
split_feature=17 16 17 18 12 11
split_gain=401652 454611 610980 324213 424790 211284
threshold=179.07855000000043 0.27783413405873053 -139.98655000000005 -174.26249999999979 0.065387565056496968 -0.59116893267988335
decision_type=2 2 2 2 2 2
left_child=1 5 -3 -2 -5 -1
right_child=3 2 -4 4 -6 -7
leaf_value=1.5752464856530473 -2.3893169001579286 0.77893972982442528 -0.71746378510953268 0.60834273612524115 -1.359908710404109 0.44876026953248582
leaf_weight=617 249 1068 1884 538 557 1279
leaf_count=617 249 1068 1884 538 557 1279
internal_value=-1.27146e-05 0.21204 -0.176002 -0.764507 -0.393186 0.815981
internal_weight=6192 4848 2952 1344 1095 1896
internal_count=6192 4848 2952 1344 1095 1896
is_linear=0
shrinkage=0.05


Tree=77
num_leaves=7
num_cat=0
split_feature=3 15 4 18 4 1
split_gain=396570 505670 429714 396368 314003 522994
threshold=107.06433750000043 3390.6444892071763 -14.041602430556166 52.350924999999968 -25.787370138889852 300.86285000000004
decision_type=2 2 2 2 2 2
left_child=1 2 -1 -3 -2 -6
right_child=4 3 -4 -5 5 -7
leaf_value=-0.62689303688799281 -0.21332968739054514 -0.4804664931158536 -3.6758881165681645 0.52917605527467948 0.72669867092627749 3.9080227335754607
leaf_weight=315 650 2327 182 1668 900 150
leaf_count=315 650 2327 182 1668 900 150
internal_value=-2.06e-05 -0.246187 -1.74857 -0.0588917 0.650199 1.18446
internal_weight=6192 4492 497 3995 1700 1050
internal_count=6192 4492 497 3995 1700 1050
is_linear=0
shrinkage=0.05


Tree=78
num_leaves=5
num_cat=0
split_feature=3 2 15 3
split_gain=383447 385314 401567 298261
threshold=-126.80603333333327 161.05545000000009 5274.3047280381952 127.24124999999982
decision_type=2 2 2 2
left_child=-1 2 -2 -3
right_child=1 3 -4 -5
leaf_value=-1.8608394415226748 -0.10496923121988828 -1.4976025839848366 0.80431266722615491 0.8858725820420057
leaf_weight=264 3223 590 1947 168
leaf_count=264 3223 590 1947 168
internal_value=-1.82203e-05 0.0831522 0.237552 -0.968868
internal_weight=6192 5928 5170 758
internal_count=6192 5928 5170 758
is_linear=0
shrinkage=0.05


Tree=79
num_leaves=5
num_cat=0
split_feature=3 15 0 1
split_gain=377475 398405 446679 326693
threshold=271.29356250000006 5274.3047280381952 6320.6133500000005 162.31194999999983
decision_type=2 2 2 2
left_child=1 2 -1 -3
right_child=-2 3 -4 -5
leaf_value=-0.18115324005400571 2.3164917363147985 0.20954877094315996 -1.8172916821022498 1.9665663513916218
leaf_weight=3103 170 2137 481 301
leaf_count=3103 170 2137 481 301
internal_value=-3.16245e-05 -0.0658004 -0.401181 0.427191
internal_weight=6192 6022 3584 2438
internal_count=6192 6022 3584 2438
is_linear=0
shrinkage=0.05


Tree=80
num_leaves=7
num_cat=0
split_feature=17 16 17 18 12 11
split_gain=361140 396984 539852 286892 389204 204440
threshold=179.07855000000043 0.27783413405873053 -139.98655000000005 -174.26249999999979 0.065387565056496968 -0.59116893267988335
decision_type=2 2 2 2 2 2
left_child=1 5 -3 -2 -5 -1
right_child=3 2 -4 4 -6 -7
leaf_value=1.5122737490388183 -2.2533621273040771 0.73608360733134259 -0.6705211279449852 0.58303648388230955 -1.3009684317014232 0.40424740380141888
leaf_weight=617 249 1068 1884 538 557 1279
leaf_count=617 249 1068 1884 538 557 1279
internal_value=-9.90603e-06 0.201065 -0.161551 -0.724925 -0.375624 0.765431
internal_weight=6192 4848 2952 1344 1095 1896
internal_count=6192 4848 2952 1344 1095 1896
is_linear=0
shrinkage=0.05


Tree=81
num_leaves=7
num_cat=0
split_feature=3 4 1 15 1 15
split_gain=358104 384472 513377 379758 380473 319853
threshold=51.604649999999999 -38.845727083333252 300.86285000000004 3395.5295407407411 -203.43825000000012 3385.0409054687507
decision_type=2 2 2 2 2 2
left_child=3 -2 -3 5 -5 -1
right_child=1 2 -4 4 -6 -7
leaf_value=-0.61107736276740687 -0.48028029793440696 0.51486345871759409 2.9991298214536335 -0.89218365636769004 0.26887617909914507 -3.3690910733979322
leaf_weight=267 791 1607 238 1078 2038 173
leaf_count=267 791 1607 238 1078 2038 173
internal_value=-1.73976e-05 0.441528 0.836778 -0.32736 -0.132957 -1.70066
internal_weight=6192 2636 1845 3556 3116 440
internal_count=6192 2636 1845 3556 3116 440
is_linear=0
shrinkage=0.05


Tree=82
num_leaves=5
num_cat=0
split_feature=3 13 16 16
split_gain=337405 355416 449991 430474
threshold=-141.29512500000007 -0.1736481776669305 0.95311725170480111 0.79763038972210365
decision_type=2 2 2 2
left_child=-1 2 -2 -3
right_child=1 3 -4 -5
leaf_value=-2.1516396088788738 0.73124967783612893 -0.052186773274605039 -1.3541443926567065 -1.7003249189177911
leaf_weight=176 2333 2936 290 457
leaf_count=176 2333 2936 290 457
internal_value=-2.92018e-05 0.063264 0.500259 -0.274609
internal_weight=6192 6016 2623 3393
internal_count=6192 6016 2623 3393
is_linear=0
shrinkage=0.05


Tree=83
num_leaves=5
num_cat=0
split_feature=3 15 15 9
split_gain=337950 374383 1.08472e+06 378711
threshold=271.29356250000006 3390.6444892071763 3385.0409054687507 1.0000000180025095e-35
decision_type=2 2 2 2
left_child=1 2 -1 -3
right_child=-2 3 -4 -5
leaf_value=-0.21253854951531004 2.1918278056365703 -0.034060312270829715 -4.9787818060250117 1.5119144683979728
leaf_weight=676 170 4771 144 431
leaf_count=676 170 4771 144 431
internal_value=-6.42927e-05 -0.0622947 -1.05458 0.0942939
internal_weight=6192 6022 820 5202
internal_count=6192 6022 820 5202
is_linear=0
shrinkage=0.05


Tree=84
num_leaves=7
num_cat=0
split_feature=3 15 18 4 1 11
split_gain=323564 338322 323514 307055 554069 342148
threshold=77.250612500000003 3390.6444892071763 218.42823333333334 -38.845727083333252 255.27485000000027 -0.065387565056497052
decision_type=2 2 2 2 2 2
left_child=1 -1 -3 5 -5 -2
right_child=3 2 -4 4 -6 -7
leaf_value=-1.6223485380331288 0.78825719598269428 -0.33912855087699456 0.88624302972722446 0.46004531984285785 3.0492742799767636 -1.4705120474853544
leaf_weight=413 316 2909 660 1294 245 355
leaf_count=413 316 2909 660 1294 245 355
internal_value=-7.3362e-05 -0.269322 -0.112341 0.484964 0.873948 -0.40718
internal_weight=6192 3982 3569 2210 1539 671
internal_count=6192 3982 3569 2210 1539 671
is_linear=0
shrinkage=0.05


Tree=85
num_leaves=7
num_cat=0
split_feature=2 1 13 15 3 16
split_gain=326348 418114 365829 269150 241556 167929
threshold=161.05545000000009 -60.899650000000285 -0.25881904510252163 5283.1736671296303 127.24124999999982 0.2483467953023602
decision_type=2 2 2 2 2 2
left_child=1 3 -3 -1 5 -2
right_child=4 2 -4 -5 -6 -7
leaf_value=-0.70394322575680457 -0.23221748922593319 1.2568881975956629 0.086972189149186946 0.33587803917373726 0.73330773086942869 -1.974168385988488
leaf_weight=1642 207 1137 1619 1001 168 418
leaf_count=1642 207 1137 1619 1001 168 418
internal_value=-5.55457e-05 0.139112 0.569907 -0.310147 -0.946535 -1.39853
internal_weight=6192 5399 2756 2643 793 625
internal_count=6192 5399 2756 2643 793 625
is_linear=0
shrinkage=0.05


Tree=86
num_leaves=7
num_cat=0
split_feature=17 16 17 18 12 3
split_gain=311296 338182 482768 254731 350757 222152
threshold=179.07855000000043 0.27783413405873053 -139.98655000000005 -137.01201249999983 0.065387565056496968 9.5653624999997664
decision_type=2 2 2 2 2 2
left_child=1 -1 -3 5 -5 -2
right_child=3 2 -4 4 -6 -7
leaf_value=0.70752066572667605 -3.1038174373507501 0.70079165143845135 -0.62936860199963351 0.70073048127562376 -1.1524004510663437 -0.45866424656238691
leaf_weight=1896 174 1068 1884 478 546 146
leaf_count=1896 174 1068 1884 478 546 146
internal_value=-5.67864e-05 0.186627 -0.148057 -0.673089 -0.287525 -1.90215
internal_weight=6192 4848 2952 1344 1024 320
internal_count=6192 4848 2952 1344 1024 320
is_linear=0
shrinkage=0.05


Tree=87
num_leaves=7
num_cat=0
split_feature=15 15 15 4 3 1
split_gain=307376 405715 361272 348983 316355 399927
threshold=5274.3047280381952 5217.4767748263903 3390.6444892071763 -134.86545138888866 46.634000000000476 -203.43825000000012
decision_type=2 2 2 2 2 2
left_child=1 2 -1 -3 5 -2
right_child=4 3 -4 -5 -6 -7
leaf_value=-0.77210375939964226 -0.90349375261639597 0.058446013796687402 0.4795013354590002 -1.7385418515037565 1.3586470429955764 0.65411481613258649
leaf_weight=864 648 432 1728 720 672 1128
leaf_count=864 648 432 1728 720 672 1128
internal_value=-8.00665e-05 -0.284911 0.0621628 -1.06521 0.435483 0.0856096
internal_weight=6192 3744 2592 1152 2448 1776
internal_count=6192 3744 2592 1152 2448 1776
is_linear=0
shrinkage=0.05


Tree=88
num_leaves=7
num_cat=0
split_feature=3 15 16 11 0 11
split_gain=308907 355994 361762 305909 113127 216516
threshold=186.03673749999965 5283.1736671296303 0.95311725170480111 0.15208718494349097 3716.4377000000004 -0.065387565056497052
decision_type=2 2 2 2 2 2
left_child=1 2 -1 -3 -2 -6
right_child=4 3 -4 -5 5 -7
leaf_value=-0.31441701983152098 1.8870743842881943 -0.15253133425913029 -2.777104338621482 1.1016859679610542 1.990143147662834 -0.3011397041222999
leaf_weight=3397 236 1071 155 889 161 283
leaf_count=3397 236 1071 155 889 161 283
internal_value=-8.30367e-05 -0.124185 -0.422634 0.416618 1.00458 0.532314
internal_weight=6192 5512 3552 1960 680 444
internal_count=6192 5512 3552 1960 680 444
is_linear=0
shrinkage=0.05


Tree=89
num_leaves=7
num_cat=0
split_feature=2 1 13 2 1 16
split_gain=305500 356491 332604 231487 231096 187560
threshold=161.05545000000009 -60.899650000000285 -0.25881904510252163 -187.33969999999997 255.27485000000027 0.21996174844102112
decision_type=2 2 2 2 2 2
left_child=1 3 -3 -1 5 -2
right_child=4 2 -4 -5 -6 -7
leaf_value=0.37563311031021418 0.041567226105965444 1.1874066976172382 0.071890293226899285 -0.61383598304209686 0.52785368167153268 -1.9640754608441762
leaf_weight=891 160 1137 1619 1752 205 428
leaf_count=891 160 1137 1619 1752 205 428
internal_value=-6.73079e-05 0.134582 0.532365 -0.280253 -0.915816 -1.41918
internal_weight=6192 5399 2756 2643 793 588
internal_count=6192 5399 2756 2643 793 588
is_linear=0
shrinkage=0.05


Tree=90
num_leaves=7
num_cat=0
split_feature=3 2 1 1 14 1
split_gain=289858 298012 476504 368943 144819 101530
threshold=-99.229362499999738 78.407349999999511 -382.45859999999988 -161.66945000000007 0.49999999999999994 -187.68764999999982
decision_type=2 2 2 2 2 2
left_child=4 3 -3 -2 5 -1
right_child=1 2 -4 -5 -6 -7
leaf_value=-1.5408667087965999 -0.35397457716311476 1.6365237035940994 -0.88350354770118111 0.63485037699663216 -2.5240366809988677 0.30985462610658848
leaf_weight=144 1409 219 1274 2850 145 151
leaf_count=144 1409 219 1274 2850 145 151
internal_value=-6.69567e-05 0.0946328 -0.513007 0.307712 -1.23546 -0.595702
internal_weight=6192 5752 1493 4259 440 295
internal_count=6192 5752 1493 4259 440 295
is_linear=0
shrinkage=0.05


Tree=91
num_leaves=5
num_cat=0
split_feature=3 15 11 15
split_gain=282934 326125 376002 255858
threshold=271.29356250000006 5274.3047280381952 -0.59116893267988335 5276.93822326389
decision_type=2 2 2 2
left_child=1 2 -1 -3
right_child=-2 3 -4 -5
leaf_value=0.40836995115229852 2.0054712152271938 2.4260487345991466 -0.70140173436088515 0.26013750160896182
leaf_weight=1101 170 144 2483 2294
leaf_count=1101 170 144 2483 2294
internal_value=-8.55823e-05 -0.0570257 -0.360463 0.389009
internal_weight=6192 6022 3584 2438
internal_count=6192 6022 3584 2438
is_linear=0
shrinkage=0.05


Tree=92
num_leaves=7
num_cat=0
split_feature=17 12 18 17 18 12
split_gain=272106 344996 460238 447396 231136 267538
threshold=106.0750874999999 0.19504389580251646 237.61525000000009 -108.05472499999995 -137.01201249999983 0.065387565056496968
decision_type=2 2 2 2 2 2
left_child=1 3 -3 -1 -2 -6
right_child=4 2 -4 -5 5 -7
leaf_value=0.43790890688777762 -1.4453564221954953 0.37416986110305817 2.4725167662207266 -0.89169395797231155 0.71324947561458119 -0.66444046170788407
leaf_weight=1492 471 1258 329 1097 542 1003
leaf_count=1492 471 1258 329 1097 542 1003
internal_value=-4.57887e-05 0.230244 0.81046 -0.125591 -0.476952 -0.180986
internal_weight=6192 4176 1587 2589 2016 1545
internal_count=6192 4176 1587 2589 2016 1545
is_linear=0
shrinkage=0.05


Tree=93
num_leaves=5
num_cat=0
split_feature=3 2 1 1
split_gain=268960 302441 502977 326723
threshold=-141.29512500000007 -141.20625000000015 -203.43825000000012 112.96585000000029
decision_type=2 2 2 2
left_child=-1 2 -2 -3
right_child=1 3 -4 -5
leaf_value=-1.921053926217354 -0.45370691850693268 -0.48066186945414346 1.2913043368404307 0.44334490991720954
leaf_weight=176 675 2838 1061 1442
leaf_count=176 675 2838 1061 1442
internal_value=-3.54527e-05 0.0564745 0.61293 -0.169318
internal_weight=6192 6016 1736 4280
internal_count=6192 6016 1736 4280
is_linear=0
shrinkage=0.05


Tree=94
num_leaves=7
num_cat=0
split_feature=4 2 1 1 11 2
split_gain=262272 357934 410246 389611 278812 285420
threshold=-91.635957638889053 78.407349999999511 -382.45859999999988 -51.223599999999799 -0.8765181184813301 -276.53389999999985
decision_type=2 2 2 2 2 2
left_child=4 3 -3 -2 -1 -6
right_child=1 2 -4 -5 5 -7
leaf_value=1.1645474199263126 -0.088087383799967001 1.4872232884741747 -0.84428988218411305 0.94222225871567433 0.30158593773987952 -1.6999803503994089
leaf_weight=161 1898 220 1291 1775 254 593
leaf_count=161 1898 220 1291 1775 254 593
internal_value=-4.27294e-05 0.143484 -0.504065 0.409937 -0.737589 -1.1001
internal_weight=6192 5184 1511 3673 1008 847
internal_count=6192 5184 1511 3673 1008 847
is_linear=0
shrinkage=0.05


Tree=95
num_leaves=7
num_cat=0
split_feature=15 15 15 4 11 11
split_gain=256961 343699 474680 268586 310811 257593
threshold=5274.3047280381952 5165.514055208334 3390.6444892071763 -91.635957638889053 0.15208718494349097 -0.59116893267988335
decision_type=2 2 2 2 2 2
left_child=1 2 -1 -2 -5 -3
right_child=3 5 -4 4 -6 -7
leaf_value=-0.75748394960785193 -1.6894728544763902 0.15738628979473679 0.75476848938808994 0.0024607766302405555 1.1691514077769032 -1.235365451256939
leaf_weight=864 144 473 1296 1264 1040 1111
leaf_count=864 144 473 1296 1264 1040 1111
internal_value=-3.03943e-05 -0.260458 0.149797 0.398214 0.529371 -0.819637
internal_weight=6192 3744 2160 2448 2304 1584
internal_count=6192 3744 2160 2448 2304 1584
is_linear=0
shrinkage=0.05


Tree=96
num_leaves=7
num_cat=0
split_feature=3 15 9 11 0 11
split_gain=266433 333911 355389 273593 102220 190077
threshold=186.03673749999965 3390.6444892071763 1.0000000180025095e-35 -0.59116893267988335 3716.4377000000004 -0.065387565056497052
decision_type=2 2 2 2 2 2
left_child=1 3 -3 -1 -2 -6
right_child=4 2 -4 -5 5 -7
leaf_value=0.31613701728961929 1.7718392108877499 -0.10038152331272882 1.4138853600936778 -1.8053222109827525 1.8500832992571372 -0.29672241382510733
leaf_weight=222 236 4387 424 479 161 283
leaf_count=222 236 4387 424 479 161 283
internal_value=-4.17779e-05 -0.115296 0.033339 -1.13398 0.932996 0.484145
internal_weight=6192 5512 4811 701 680 444
internal_count=6192 5512 4811 701 680 444
is_linear=0
shrinkage=0.05


Tree=97
num_leaves=7
num_cat=0
split_feature=3 15 17 4 1 17
split_gain=257842 272728 242829 239897 426139 263998
threshold=67.20534999999974 3390.6444892071763 -28.222612499999965 -38.845727083333252 300.86285000000004 -139.98655000000005
decision_type=2 2 2 2 2 2
left_child=1 -1 -3 5 -5 -2
right_child=3 2 -4 4 -6 -7
leaf_value=-1.5131185694258342 1.3329698919245367 0.35047234129136612 -0.49506218834453847 0.42789156496368508 2.796964753490605 -0.87918434677582025
leaf_weight=386 177 1549 1877 1429 218 556
leaf_count=386 177 1549 1877 1429 218 556
internal_value=-1.42691e-05 -0.254936 -0.112779 0.408225 0.742973 -0.34392
internal_weight=6192 3812 3426 2380 1647 733
internal_count=6192 3812 3426 2380 1647 733
is_linear=0
shrinkage=0.05


Tree=98
num_leaves=7
num_cat=0
split_feature=13 18 2 1 18 1
split_gain=255288 351687 270219 285888 220193 123929
threshold=0.8425887240367157 -189.61567499999975 161.05545000000009 -21.173099999999973 148.60427500000017 255.27485000000027
decision_type=2 2 2 2 2 2
left_child=2 -2 3 -1 -3 -4
right_child=1 4 5 -5 -6 -7
leaf_value=-0.066165204523463333 -2.8698098781742627 -0.68478478326709302 -1.2077251638762083 0.74377810289860846 1.2589690465167915 0.34362940915267576
leaf_weight=2467 157 783 482 1950 178 175
leaf_count=2467 157 783 482 1950 178 175
internal_value=2.76188e-06 -0.683598 0.150732 0.291493 -0.323821 -0.794609
internal_weight=6192 1118 5074 4417 961 657
internal_count=6192 1118 5074 4417 961 657
is_linear=0
shrinkage=0.05


Tree=99
num_leaves=7
num_cat=0
split_feature=15 16 13 1 2 2
split_gain=241679 325378 344078 242719 256200 131725
threshold=5274.3047280381952 0.95311725170480111 -0.92300020391127913 162.31194999999983 -45.847949999999848 137.31074999999967
decision_type=2 2 2 2 2 2
left_child=1 2 -1 4 -2 -5
right_child=3 -3 -4 5 -6 -7
leaf_value=1.352684130581177 0.74113246992493298 -2.3327968877121057 -0.30872610250221788 2.7133308165012653 -0.35231370945351015 0.63937366344034674
leaf_weight=344 1076 178 3222 156 1065 151
leaf_count=344 1076 178 3222 156 1065 151
internal_value=-1.74157e-05 -0.252582 -0.148121 0.386203 0.197308 1.69863
internal_weight=6192 3744 3566 2448 2141 307
internal_count=6192 3744 3566 2448 2141 307
is_linear=0
shrinkage=0.05


end of trees

feature_importances:
Column_3=144
Column_1=85
Column_15=83
Column_4=55
Column_17=46
Column_18=43
Column_11=33
Column_16=22
Column_2=18
Column_13=16
Column_0=10
Column_12=8
Column_8=5
Column_10=4
Column_14=3
Column_9=2

parameters:
[boosting: gbdt]
[objective: regression]
[metric: l2]
[tree_learner: serial]
[device_type: cpu]
[data_sample_strategy: bagging]
[data: ]
[valid: ]
[num_iterations: 100]
[learning_rate: 0.05]
[num_leaves: 7]
[num_threads: 1]
[seed: 20250911]
[deterministic: 1]
[force_col_wise: 1]
[force_row_wise: 0]
[histogram_pool_size: -1]
[max_depth: 3]
[min_data_in_leaf: 144]
[min_sum_hessian_in_leaf: 0.001]
[bagging_fraction: 1]
[pos_bagging_fraction: 1]
[neg_bagging_fraction: 1]
[bagging_freq: 0]
[bagging_seed: 20250911]
[bagging_by_query: 0]
[feature_fraction: 1]
[feature_fraction_bynode: 1]
[feature_fraction_seed: 20250911]
[extra_trees: 0]
[extra_seed: 26685]
[early_stopping_round: 0]
[early_stopping_min_delta: 0]
[first_metric_only: 0]
[max_delta_step: 0]
[lambda_l1: 0]
[lambda_l2: 1]
[linear_lambda: 0]
[min_gain_to_split: 0]
[drop_rate: 0.1]
[max_drop: 50]
[skip_drop: 0.5]
[xgboost_dart_mode: 0]
[uniform_drop: 0]
[drop_seed: 2504]
[top_rate: 0.2]
[other_rate: 0.1]
[min_data_per_group: 100]
[max_cat_threshold: 32]
[cat_l2: 10]
[cat_smooth: 10]
[max_cat_to_onehot: 4]
[top_k: 20]
[monotone_constraints: ]
[monotone_constraints_method: basic]
[monotone_penalty: 0]
[feature_contri: ]
[forcedsplits_filename: ]
[refit_decay_rate: 0.9]
[cegb_tradeoff: 1]
[cegb_penalty_split: 0]
[cegb_penalty_feature_lazy: ]
[cegb_penalty_feature_coupled: ]
[path_smooth: 0]
[interaction_constraints: ]
[verbosity: -1]
[saved_feature_importance_type: 0]
[use_quantized_grad: 0]
[num_grad_quant_bins: 4]
[quant_train_renew_leaf: 0]
[stochastic_rounding: 1]
[linear_tree: 0]
[max_bin: 63]
[max_bin_by_feature: ]
[min_data_in_bin: 3]
[bin_construct_sample_cnt: 200000]
[data_random_seed: 20250911]
[is_enable_sparse: 1]
[enable_bundle: 1]
[use_missing: 1]
[zero_as_missing: 0]
[feature_pre_filter: 0]
[pre_partition: 0]
[two_round: 0]
[header: 0]
[label_column: ]
[weight_column: ]
[group_column: ]
[ignore_column: ]
[categorical_feature: ]
[forcedbins_filename: ]
[precise_float_parser: 0]
[parser_config_file: ]
[objective_seed: 19683]
[num_class: 1]
[is_unbalance: 0]
[scale_pos_weight: 1]
[sigmoid: 1]
[boost_from_average: 1]
[reg_sqrt: 0]
[alpha: 0.9]
[fair_c: 1]
[poisson_max_delta_step: 0.7]
[tweedie_variance_power: 1.5]
[lambdarank_truncation_level: 30]
[lambdarank_norm: 1]
[label_gain: ]
[lambdarank_position_bias_regularization: 0]
[eval_at: ]
[multi_error_top_k: 1]
[auc_mu_weights: ]
[num_machines: 1]
[local_listen_port: 12400]
[time_out: 120]
[machine_list_filename: ]
[machines: ]
[gpu_platform_id: -1]
[gpu_device_id: -1]
[gpu_device_id_list: ]
[gpu_use_dp: 0]
[num_gpu: 1]

end of parameters

pandas_categorical:null
