tree
version=v4
num_class=1
num_tree_per_iteration=1
label_index=0
max_feature_idx=18
objective=regression
feature_names=Column_0 Column_1 Column_2 Column_3 Column_4 Column_5 Column_6 Column_7 Column_8 Column_9 Column_10 Column_11 Column_12 Column_13 Column_14 Column_15 Column_16 Column_17 Column_18
feature_infos=[2159.52:7491.4642999999996] [-4265.6854000000003:4662.9734000000008] [-825.63000000000011:1358.3399999999997] [-777.52394999999979:461.92750000000024] [-65.576029861110328:676.32544791666578] [0:1] [0:1] [0:1] [0:1] [0:1] [0:1] [-1:1] [-1:1] [-1:1] [-1:1] [3044.4619034722223:5318.3253131944448] [0:1] [-2069.572000000001:2151.5213999999996] [-4648.6858500000035:4701.8170500000006]
tree_sizes=754 767 761 765 765 764 755 756 769 759 763 758 760 760 762 761 777 754 755 765 762 759 763 761 763 763 763 774 760 760 763 763 761 765 763 766 762 753 763 769 765 683 761 765 772 679 783 760 673 785 762 776 781 674 774 773 775 774 677 776 785 777 775 780 682 778 600 773 681 768 757 773 777 683 607 773 779 766 679 780 682 764 676 682 679 768 765 770 596 770 680 765 769 597 752 670 758 583 673 755

Tree=0
num_leaves=7
num_cat=0
split_feature=4 2 3 3 3 3
split_gain=2.54573e+08 6.06772e+07 4.65198e+07 2.49806e+07 1.1656e+07 9.74009e+06
threshold=179.9649309027773 264.32229999999987 4.549812500000372 1.0000000180025095e-35 128.71312500000025 -192.80662500000014
decision_type=2 2 2 2 2 2
left_child=2 -2 5 -3 -4 -1
right_child=1 3 4 -5 -6 -7
leaf_value=85.987644922124005 99.070454263400777 111.48691004611206 96.472837686337385 125.92184684397287 105.63886006415589 91.033124377107654
leaf_weight=1466 491 522 1666 715 437 2767
leaf_count=1466 491 522 1666 715 437 2767
internal_value=96.9426 113.948 92.3028 119.847 98.3808 89.2836
internal_weight=8064 1728 6336 1237 2103 4233
internal_count=8064 1728 6336 1237 2103 4233
is_linear=0
shrinkage=1


Tree=1
num_leaves=7
num_cat=0
split_feature=4 2 3 3 3 3
split_gain=2.29783e+08 5.50154e+07 4.20532e+07 2.31123e+07 9.6817e+06 9.52051e+06
threshold=179.9649309027773 289.65410000000026 16.937487500000547 -144.38000000000031 -192.80662500000014 128.71312500000025
decision_type=2 2 2 2 2 2
left_child=2 -2 4 -3 -1 -4
right_child=1 3 5 -5 -6 -7
leaf_value=-10.407608888989497 2.7907029554750142 4.1351624032494376 -0.13322621849027733 24.803231064298981 -5.4349430227184019 8.2624115858222762
leaf_weight=1466 533 156 1474 1039 2959 437
leaf_count=1466 533 156 1474 1039 2959 437
internal_value=0.000229411 16.1566 -4.40792 22.1109 -7.08436 1.78997
internal_weight=8064 1728 6336 1195 4425 1911
internal_count=8064 1728 6336 1195 4425 1911
is_linear=0
shrinkage=0.05


Tree=2
num_leaves=7
num_cat=0
split_feature=4 2 3 3 3 3
split_gain=2.074e+08 4.98319e+07 3.80607e+07 2.28513e+07 9.4641e+06 7.90384e+06
threshold=179.9649309027773 206.84770000000006 4.549812500000372 45.555525000000223 128.71312500000025 -192.80662500000014
decision_type=2 2 2 2 2 2
left_child=2 -2 5 -3 -4 -1
right_child=1 3 4 -5 -6 -7
leaf_value=-9.8875832370210048 0.17284235212473836 14.179833440187847 -0.40912739323261049 27.477710213681572 7.850234210736132 -5.3424877377897602
leaf_weight=1466 412 732 1666 584 437 2767
leaf_count=1466 412 732 1666 584 437 2767
internal_value=0.000366873 15.3497 -4.18758 20.0974 1.31007 -6.91854
internal_weight=8064 1728 6336 1316 2103 4233
internal_count=8064 1728 6336 1316 2103 4233
is_linear=0
shrinkage=0.05


Tree=3
num_leaves=7
num_cat=0
split_feature=4 2 3 3 3 3
split_gain=1.87204e+08 4.54095e+07 3.43925e+07 2.01218e+07 7.86884e+06 7.86275e+06
threshold=179.9649309027773 289.65410000000026 16.937487500000547 -144.38000000000031 155.69567499999997 -192.80662500000014
decision_type=2 2 2 2 2 2
left_child=2 -2 5 -3 -4 -1
right_child=1 3 4 -5 -6 -7
leaf_value=-9.3935409408611203 2.4405305745449852 3.2252454676445881 0.2951645541601251 22.504965892342423 9.3545524500416484 -4.912253765892773
leaf_weight=1466 533 156 1631 1039 280 2959
leaf_count=1466 533 156 1631 1039 280 2959
internal_value=0.000559638 14.5834 -3.97826 19.9929 1.62675 -6.39869
internal_weight=8064 1728 6336 1195 1911 4425
internal_count=8064 1728 6336 1195 1911 4425
is_linear=0
shrinkage=0.05


Tree=4
num_leaves=7
num_cat=0
split_feature=2 3 3 3 3 1
split_gain=1.69355e+08 4.19743e+07 2.36651e+07 1.5025e+07 8.56697e+06 7.57699e+06
threshold=402.61580000000009 -38.588512500000427 -154.38773750000016 109.00361250000016 109.00361250000016 -106.12154999999983
decision_type=2 2 2 2 2 2
left_child=1 5 -2 -3 -4 -1
right_child=2 3 4 -5 -6 -7
leaf_value=-9.157948341917221 0.023777698516342906 -0.6303902651076867 17.452636526057447 7.6466167566504923 27.576301200659046 -4.5521829827296427
leaf_weight=1675 162 2625 681 692 309 1920
leaf_count=1675 162 2625 681 692 309 1920
internal_value=0.000677358 -2.95816 17.7409 1.09816 20.6371 -6.70007
internal_weight=8064 6912 1152 3317 990 3595
internal_count=8064 6912 1152 3317 990 3595
is_linear=0
shrinkage=0.05


Tree=5
num_leaves=7
num_cat=0
split_feature=4 2 3 3 3 3
split_gain=1.56325e+08 3.76844e+07 2.82176e+07 1.81691e+07 7.76758e+06 5.80131e+06
threshold=179.9649309027773 206.84770000000006 34.434912499999889 45.555525000000223 -133.75531250000014 174.42513750000015
decision_type=2 2 2 2 2 2
left_child=2 -2 4 -3 -1 -4
right_child=1 3 5 -5 -6 -7
leaf_value=-7.9153845217056107 0.12889712693183245 12.180247213002319 0.91041107740597327 24.035605134012609 -3.8164053833204989 9.8908571310413702
leaf_weight=2041 412 732 1418 584 2672 205
leaf_count=2041 412 732 1418 584 2672 205
internal_value=0.000881318 13.3269 -3.63501 17.4555 -5.5928 2.05012
internal_weight=8064 1728 6336 1316 4713 1623
internal_count=8064 1728 6336 1316 4713 1623
is_linear=0
shrinkage=0.05


Tree=6
num_leaves=7
num_cat=0
split_feature=4 1 3 4 15 3
split_gain=1.41102e+08 3.53663e+07 2.56261e+07 1.90837e+07 7.4311e+06 6.55092e+06
threshold=179.9649309027773 388.05170000000004 4.549812500000372 481.38695138888858 3114.9700479166672 128.71312500000025
decision_type=2 2 2 2 2 2
left_child=2 3 -1 -2 -3 -4
right_child=1 4 5 -5 -6 -7
leaf_value=-5.6941454893371368 -0.32256816056592497 8.444436480259073 -0.37250102455970785 17.334393190747161 20.837734721420173 6.4990904543497798
leaf_weight=4233 550 144 1666 211 823 437
leaf_count=4233 550 144 1666 211 823 437
internal_value=0.00105684 12.6616 -3.45327 4.58944 19.0028 1.05781
internal_weight=8064 1728 6336 761 967 2103
internal_count=8064 1728 6336 761 967 2103
is_linear=0
shrinkage=0.05


Tree=7
num_leaves=7
num_cat=0
split_feature=4 1 3 4 3 3
split_gain=1.27367e+08 3.19199e+07 2.35856e+07 1.72315e+07 8.15097e+06 7.01861e+06
threshold=179.9649309027773 388.05170000000004 -38.588512500000427 481.38695138888858 84.419899999999885 109.00361250000016
decision_type=2 2 2 2 2 2
left_child=2 3 -1 -2 -4 -3
right_child=1 5 4 -5 -6 -7
leaf_value=-6.0959443946284626 -0.3064691152146421 15.069049487626408 -1.7128206280571723 16.471761582665287 4.045634117076327 24.252930479918046
leaf_weight=3421 550 655 2036 211 879 312
leaf_count=3421 550 655 2036 211 879 312
internal_value=0.00129366 12.0299 -3.2806 4.36109 0.0243973 18.0542
internal_weight=8064 1728 6336 761 2915 967
internal_count=8064 1728 6336 761 2915 967
is_linear=0
shrinkage=0.05


Tree=8
num_leaves=7
num_cat=0
split_feature=4 2 3 3 3 1
split_gain=1.14974e+08 2.91969e+07 2.1287e+07 1.54765e+07 7.40947e+06 5.42083e+06
threshold=179.9649309027773 206.84770000000006 -38.588512500000427 -154.38773750000016 91.624212499999445 -106.12154999999983
decision_type=2 2 2 2 2 2
left_child=2 -2 5 -3 -4 -1
right_child=1 3 4 -5 -6 -7
leaf_value=-7.9160645434064794 -0.18634543999055397 -0.34327031791310647 -1.5138897606018347 16.970549985532468 4.1545276500736792 -3.9231526854966563
leaf_weight=1599 412 145 2125 1171 790 1822
leaf_count=1599 412 145 2125 1171 790 1822
internal_value=0.00154961 11.43 -3.1166 15.0641 0.0232173 -5.79124
internal_weight=8064 1728 6336 1316 2915 3421
internal_count=8064 1728 6336 1316 2915 3421
is_linear=0
shrinkage=0.05


Tree=9
num_leaves=7
num_cat=0
split_feature=4 3 2 1 3 12
split_gain=1.05592e+08 3.33228e+07 1.70174e+07 1.08007e+07 4.55807e+06 1.3663e+06
threshold=481.38695138888858 16.937487500000547 355.13960000000003 -23.88920000000007 58.387025000000001 0.19504389580251646
decision_type=2 2 2 2 2 2
left_child=1 3 -3 -1 5 -2
right_child=4 2 -4 -5 -6 -7
leaf_value=-6.2721636054836019 11.623509363501284 1.6175810513414952 15.139997510873636 -1.6150713191926478 22.460413654737696 17.854655537547838
leaf_weight=2663 212 2081 261 2339 343 165
leaf_count=2663 212 2081 261 2339 343 165
internal_value=0.00151705 -1.79085 3.13038 -4.09521 18.2608 14.3907
internal_weight=8064 7344 2342 5002 720 377
internal_count=8064 7344 2342 5002 720 377
is_linear=0
shrinkage=0.05


Tree=10
num_leaves=7
num_cat=0
split_feature=2 3 3 3 3 3
split_gain=9.57611e+07 2.49029e+07 1.45015e+07 8.27522e+06 5.63835e+06 4.76984e+06
threshold=402.61580000000009 39.774437500000211 -84.549750000000117 -133.75531250000014 174.42513750000015 155.69567499999997
decision_type=2 2 2 2 2 2
left_child=1 3 -2 -1 -3 -4
right_child=2 4 5 -5 -6 -7
leaf_value=-6.4159610458839387 3.5870699846496188 1.8205406377493702 14.631267085724971 -2.3315927775248233 10.134650142062299 23.879410551389057
leaf_weight=2066 287 1506 686 3105 235 179
leaf_count=2066 287 1506 686 3105 235 179
internal_value=0.00181824 -2.22311 13.3418 -3.96437 2.94795 16.5704
internal_weight=8064 6912 1152 5171 1741 865
internal_count=8064 6912 1152 5171 1741 865
is_linear=0
shrinkage=0.05


Tree=11
num_leaves=7
num_cat=0
split_feature=4 3 1 4 1 4
split_gain=8.87708e+07 2.46782e+07 9.35025e+06 8.90562e+06 8.27645e+06 4.97625e+06
threshold=354.09215694444475 39.774437500000211 603.36090000000002 179.9649309027773 -23.88920000000007 481.38695138888858
decision_type=2 2 2 2 2 2
left_child=1 4 5 -3 -1 -2
right_child=2 3 -4 -5 -6 -7
leaf_value=-5.5768966548158225 4.012978337865019 1.6586349157458233 19.481908020356318 11.753466813190311 -1.6087352481173758 13.484685583579164
leaf_weight=2779 232 1529 428 254 2494 348
leaf_count=2779 232 1529 428 254 2494 348
internal_value=0.00200819 -1.9814 13.8741 3.10249 -3.70071 9.70943
internal_weight=8064 7056 1008 1783 5273 580
internal_count=8064 7056 1008 1783 5273 580
is_linear=0
shrinkage=0.05


Tree=12
num_leaves=7
num_cat=0
split_feature=4 1 3 4 11 3
split_gain=8.08194e+07 2.13445e+07 1.51684e+07 1.35017e+07 6.649e+06 6.14937e+06
threshold=179.9649309027773 228.49344999999997 -57.157512500000387 619.92381354166639 0.34202014332566882 117.76642499999959
decision_type=2 2 2 2 2 2
left_child=2 3 -1 -2 -3 -4
right_child=1 4 5 -5 -6 -7
leaf_value=-5.1015858873708186 -2.4238904812802584 16.168764724029042 -1.1596956705861756 14.265946617471167 7.6200221797566359 4.8003501198954375
leaf_weight=3112 448 792 2710 165 323 514
leaf_count=3112 448 792 2710 165 323 514
internal_value=0.00217562 9.58389 -2.61212 2.0844 13.7014 -0.208296
internal_weight=8064 1728 6336 613 1115 3224
internal_count=8064 1728 6336 613 1115 3224
is_linear=0
shrinkage=0.05


Tree=13
num_leaves=7
num_cat=0
split_feature=4 3 2 1 3 12
split_gain=7.36153e+07 2.28697e+07 1.16002e+07 8.11332e+06 3.61208e+06 1.1731e+06
threshold=481.38695138888858 16.937487500000547 355.13960000000003 -75.307399999999674 58.387025000000001 0.19504389580251646
decision_type=2 2 2 2 2 2
left_child=1 3 -3 -1 5 -2
right_child=4 2 -4 -5 -6 -7
leaf_value=-5.6136540398075558 9.2657428354864404 1.3336290514592251 12.498158753919238 -1.5683040043228167 18.981623477991239 15.003945156465093
leaf_weight=2268 212 2081 261 2734 343 165
leaf_count=2268 212 2081 261 2734 343 165
internal_value=0.00227866 -1.49429 2.58264 -3.4033 15.2482 11.8102
internal_weight=8064 7344 2342 5002 720 377
internal_count=8064 7344 2342 5002 720 377
is_linear=0
shrinkage=0.05


Tree=14
num_leaves=7
num_cat=0
split_feature=4 1 3 4 3 11
split_gain=6.73353e+07 1.80056e+07 1.27491e+07 8.93948e+06 5.63862e+06 4.88747e+06
threshold=179.9649309027773 388.05170000000004 -69.746999999999375 481.38695138888858 155.69567499999997 0.34202014332566882
decision_type=2 2 2 2 2 2
left_child=2 3 -1 -2 -4 -3
right_child=1 5 4 -5 -6 -7
leaf_value=-4.8268514543470946 -0.37239892566728727 15.453543862128971 -0.92842712223936541 11.712174092626796 6.4625785922664765 7.4299269551601057
leaf_weight=2897 550 703 3159 211 280 264
leaf_count=2897 550 703 3159 211 280 264
internal_value=0.00247415 8.74842 -2.38379 2.98922 -0.324955 13.273
internal_weight=8064 1728 6336 761 3439 967
internal_count=8064 1728 6336 761 3439 967
is_linear=0
shrinkage=0.05


Tree=15
num_leaves=7
num_cat=0
split_feature=4 3 3 1 4 11
split_gain=6.10882e+07 1.80574e+07 8.58972e+06 7.08467e+06 4.60786e+06 3.74099e+06
threshold=354.09215694444475 84.419899999999885 -192.80662500000014 603.36090000000002 179.9649309027773 0.21643961393810304
decision_type=2 2 2 2 2 2
left_child=1 2 -1 5 -3 -2
right_child=3 4 -4 -5 -6 -7
leaf_value=-5.8796447882764191 11.951021294735813 3.0058178116550502 -1.5735313161162325 16.390286568633883 12.189677354435863 3.9063192834086338
leaf_weight=1565 286 879 4451 428 161 294
leaf_count=1565 286 879 4451 428 161 294
internal_value=0.00256695 -1.64277 -2.69451 11.5101 4.43789 7.88693
internal_weight=8064 7056 6016 1008 1040 580
internal_count=8064 7056 6016 1008 1040 580
is_linear=0
shrinkage=0.05


Tree=16
num_leaves=7
num_cat=0
split_feature=4 2 3 3 5 1
split_gain=5.57125e+07 1.5543e+07 1.06652e+07 8.67465e+06 5.40325e+06 3.97535e+06
threshold=179.9649309027773 206.84770000000006 -57.157512500000387 -154.38773750000016 1.0000000180025095e-35 -135.50710000000024
decision_type=2 2 2 2 2 2
left_child=2 -2 5 -3 -4 -1
right_child=1 3 4 -5 -6 -7
leaf_value=-6.3303580993879169 -0.51655243360967384 -0.92100084187233289 -1.0118988730342153 12.036963488901536 4.7183533031401064 -2.7141238560710494
leaf_weight=1325 412 145 2741 1171 483 1787
leaf_count=1325 412 145 2741 1171 483 1787
internal_value=0.00268654 7.95808 -2.16788 10.6096 -0.152231 -4.25535
internal_weight=8064 1728 6336 1316 3224 3112
internal_count=8064 1728 6336 1316 3224 3112
is_linear=0
shrinkage=0.05


Tree=17
num_leaves=7
num_cat=0
split_feature=4 3 1 4 3 12
split_gain=5.12466e+07 1.68815e+07 7.92477e+06 5.66843e+06 3.01834e+06 994272
threshold=481.38695138888858 58.387025000000001 46.825350000000078 179.9649309027773 58.387025000000001 0.19504389580251646
decision_type=2 2 2 2 2 2
left_child=1 2 -1 -3 5 -2
right_child=4 3 -4 -5 -6 -7
leaf_value=-3.9436791513730656 7.2610549437048295 1.9228253264608512 -0.14767337262870159 9.6133890992764268 16.130344066439672 12.517167678906258
leaf_weight=3567 212 1244 2237 296 343 165
leaf_count=3567 212 1244 2237 296 343 165
internal_value=0.00258484 -1.24608 -2.48089 3.40629 12.723 9.5885
internal_weight=8064 7344 5804 1540 720 377
internal_count=8064 7344 5804 1540 720 377
is_linear=0
shrinkage=0.05


Tree=18
num_leaves=7
num_cat=0
split_feature=2 3 15 3 3 3
split_gain=4.67438e+07 1.37874e+07 7.579e+06 6.41401e+06 3.8038e+06 3.2794e+06
threshold=452.0392500000001 58.387025000000001 5274.8144302083338 -144.38000000000031 199.41867499999992 155.69567499999997
decision_type=2 2 2 2 2 2
left_child=1 2 -1 -2 -3 -5
right_child=3 4 -4 5 -6 -7
leaf_value=-3.0171865233664596 0.45997043028473855 2.0004007554130943 5.1538332212020954 10.071977127782375 10.289880238781052 17.803807702009706
leaf_weight=5286 151 1301 299 700 154 173
leaf_count=5286 151 1301 299 700 154 173
internal_value=0.00272437 -1.44955 -2.5789 9.97876 2.88424 11.6228
internal_weight=8064 7040 5585 1024 1455 873
internal_count=8064 7040 5585 1024 1455 873
is_linear=0
shrinkage=0.05


Tree=19
num_leaves=7
num_cat=0
split_feature=4 1 15 5 4 3
split_gain=4.28454e+07 1.25337e+07 8.82651e+06 3.76347e+07 7.65762e+06 6.72284e+06
threshold=179.9649309027773 228.49344999999997 5304.5626758680564 1.0000000180025095e-35 627.07316423611053 -69.746999999999375
decision_type=2 2 2 2 2 2
left_child=2 4 5 -4 -2 -1
right_child=1 -3 3 -5 -6 -7
leaf_value=-4.1774461252223487 -1.9796622938601485 10.134500296985378 -5.4513659557050493 25.768676869622592 10.92673602821001 -0.79890967156675519
leaf_weight=2807 461 1115 288 144 152 3097
leaf_count=2807 461 1115 288 144 152 3097
internal_value=0.00285325 6.97935 -1.90063 4.99079 1.2332 -2.40564
internal_weight=8064 1728 6336 432 613 5904
internal_count=8064 1728 6336 432 613 5904
is_linear=0
shrinkage=0.05


Tree=20
num_leaves=7
num_cat=0
split_feature=4 3 1 11 11 3
split_gain=3.91935e+07 1.33665e+07 7.44618e+06 4.14493e+06 2.60186e+06 1.87905e+06
threshold=481.38695138888858 84.419899999999885 35.337700000000048 0.21643961393810304 0.55543802234893513 11.32250000000022
decision_type=2 2 2 2 2 2
left_child=1 2 -1 -3 5 -2
right_child=4 3 -4 -5 -6 -7
leaf_value=-3.4452245491727114 9.0301114085267802 6.8664649492754792 0.054077169040650686 0.70285189380530277 6.6232085236933376 15.520485630289764
leaf_weight=3636 182 586 2612 510 225 313
leaf_count=3636 182 586 2612 510 225 313
internal_value=0.00292402 -1.08907 -1.98255 4.00162 11.1273 13.1571
internal_weight=8064 7344 6248 1096 720 495
internal_count=8064 7344 6248 1096 720 495
is_linear=0
shrinkage=0.05


Tree=21
num_leaves=7
num_cat=0
split_feature=4 11 15 5 4 3
split_gain=3.59817e+07 1.1549e+07 7.85191e+06 3.40037e+07 6.68147e+06 5.81176e+06
threshold=179.9649309027773 0.27976242230339698 5304.5626758680564 1.0000000180025095e-35 481.38695138888858 -21.54403750000051
decision_type=2 2 2 2 2 2
left_child=2 5 -1 -4 -3 -2
right_child=1 4 3 -5 -6 -7
leaf_value=-2.2176893207683821 4.974120365365958 -2.6169338892047533 -5.1672739478131069 24.508547890761804 7.2213131599103084 12.761430083643175
leaf_weight=5904 389 413 288 144 295 631
leaf_count=5904 389 413 288 144 295 631
internal_value=0.00299698 6.39632 -1.74137 4.75842 1.48674 9.79934
internal_weight=8064 1728 6336 432 708 1020
internal_count=8064 1728 6336 432 708 1020
is_linear=0
shrinkage=0.05


Tree=22
num_leaves=7
num_cat=0
split_feature=4 11 3 4 3 15
split_gain=3.24778e+07 1.04652e+07 7.35691e+06 5.7672e+06 5.29505e+06 4.4841e+06
threshold=179.9649309027773 0.34202014332566882 -69.746999999999375 481.38695138888858 -21.54403750000051 5022.7979585069452
decision_type=2 2 2 2 2 2
left_child=2 4 -1 -3 -2 -4
right_child=1 3 5 -5 -6 -7
leaf_value=-3.5100154960028611 4.6644590140347386 -2.716313119200426 -1.442423810186152 6.6648045489345797 11.964746574190364 2.3190606072045137
leaf_weight=2897 404 392 2203 280 652 1236
leaf_count=2897 404 392 2203 280 652 1236
internal_value=0.00309181 6.07715 -1.65417 1.19658 9.17889 -0.0902396
internal_weight=8064 1728 6336 672 1056 3439
internal_count=8064 1728 6336 672 1056 3439
is_linear=0
shrinkage=0.05


Tree=23
num_leaves=7
num_cat=0
split_feature=4 3 3 4 11 3
split_gain=2.96819e+07 1.11646e+07 6.43377e+06 3.48089e+06 2.14043e+06 1.42189e+06
threshold=481.38695138888858 84.419899999999885 -192.80662500000014 3.2816864583332976 0.55543802234893513 11.32250000000022
decision_type=2 2 2 2 2 2
left_child=1 2 -1 -3 5 -2
right_child=4 3 -4 -5 -6 -7
leaf_value=-4.5253175543620001 7.9330854385928378 1.5480312315631568 -0.83153691769150273 7.3873770935631091 5.6022797133015327 13.580383182938693
leaf_weight=1576 182 692 4672 404 225 313
leaf_count=1576 182 692 4672 404 225 313
internal_value=0.00304845 -0.947246 -1.76383 3.70526 9.68393 11.5242
internal_weight=8064 7344 6248 1096 720 495
internal_count=8064 7344 6248 1096 720 495
is_linear=0
shrinkage=0.05


Tree=24
num_leaves=7
num_cat=0
split_feature=2 3 3 1 3 3
split_gain=2.73145e+07 9.50671e+06 4.93438e+06 3.75935e+06 3.64867e+06 1.33378e+06
threshold=500.39999999999969 -38.588512500000427 174.42513750000015 -106.12154999999983 -21.54403750000051 155.69567499999997
decision_type=2 2 2 2 2 2
left_child=1 3 -3 -1 -2 -6
right_child=4 2 -4 -5 5 -7
leaf_value=-4.5114419995534609 3.8993896026843751 0.33677052008809938 7.6573952963319663 -1.3185511710827538 9.0426457030810337 14.453656743793955
leaf_weight=1701 317 3206 247 2014 416 163
leaf_count=1701 317 3206 247 2014 416 163
internal_value=0.00308631 -1.02613 0.862495 -2.78131 8.22875 10.5882
internal_weight=8064 7168 3453 3715 896 579
internal_count=8064 7168 3453 3715 896 579
is_linear=0
shrinkage=0.05


Tree=25
num_leaves=7
num_cat=0
split_feature=4 11 15 5 4 3
split_gain=2.52414e+07 8.82299e+06 6.51188e+06 3.08387e+07 5.01161e+06 4.35889e+06
threshold=179.9649309027773 0.21643961393810304 5304.5626758680564 1.0000000180025095e-35 481.38695138888858 -21.54403750000051
decision_type=2 2 2 2 2 2
left_child=2 -2 5 -4 -3 -1
right_child=1 4 3 -5 -6 -7
leaf_value=-2.9852809162365972 8.462206075770526 -2.2206931986685459 -4.9910470604174693 23.269859818754526 6.0917792082791165 -0.20410916135051849
leaf_weight=3582 984 434 288 144 310 2322
leaf_count=3582 984 434 288 144 310 2322
internal_value=0.00311528 5.3579 -1.4579 4.46124 1.24636 -1.89169
internal_weight=8064 1728 6336 432 744 5904
internal_count=8064 1728 6336 432 744 5904
is_linear=0
shrinkage=0.05


Tree=26
num_leaves=7
num_cat=0
split_feature=4 3 3 1 11 11
split_gain=2.2958e+07 8.3074e+06 4.74106e+06 3.52869e+06 2.62812e+06 2.08151e+06
threshold=354.09215694444475 84.419899999999885 -410.2645374999999 603.36090000000002 1.0000000180025095e-35 0.21643961393810304
decision_type=2 2 2 2 2 2
left_child=1 2 -1 5 -3 -2
right_child=3 4 -4 -5 -6 -7
leaf_value=-6.9787578715719283 7.5337728035989961 5.8613110919951614 -1.3441030943978429 10.499779661385331 0.81575741815976999 1.5412145912041098
leaf_weight=399 286 474 5617 428 566 294
leaf_count=399 286 474 5617 428 566 294
internal_value=0.00312951 -1.00553 -1.71891 7.05774 3.11879 4.50405
internal_weight=8064 7056 6016 1008 1040 580
internal_count=8064 7056 6016 1008 1040 580
is_linear=0
shrinkage=0.05


Tree=27
num_leaves=7
num_cat=0
split_feature=4 11 15 5 3 17
split_gain=2.10688e+07 7.66064e+06 5.73389e+06 2.78828e+07 4.04752e+06 3.99004e+06
threshold=179.9649309027773 0.34202014332566882 5304.5626758680564 1.0000000180025095e-35 -144.38000000000031 29.43961250000007
decision_type=2 2 2 2 2 2
left_child=2 4 5 -4 -2 -1
right_child=1 -3 3 -5 -6 -7
leaf_value=-0.62566009693466973 -0.00066426458701588753 0.72010809203047987 -4.7652519285163253 22.107100415723078 8.8170438540179443 -3.2566869404187813
leaf_weight=3407 152 672 288 144 904 2497
leaf_count=3407 152 672 288 144 904 2497
internal_value=0.00308419 4.89529 -1.33172 4.22257 7.54903 -1.73877
internal_weight=8064 1728 6336 432 1056 5904
internal_count=8064 1728 6336 432 1056 5904
is_linear=0
shrinkage=0.05


Tree=28
num_leaves=7
num_cat=0
split_feature=4 3 1 11 3 17
split_gain=1.95797e+07 7.89918e+06 5.66506e+06 2.00718e+06 1.67269e+06 1.23347e+06
threshold=481.38695138888858 117.76642499999959 24.55499999999984 1.0000000180025095e-35 109.00361250000016 54.517987500000352
decision_type=2 2 2 2 2 2
left_child=1 2 -1 -3 5 -2
right_child=4 3 -4 -5 -6 -7
leaf_value=-2.6054251944349254 7.9312516001554645 7.1532661333190859 0.32086314960996809 1.6568598478179741 11.32297084080016 2.5467252654688703
leaf_weight=3668 324 334 3011 331 236 160
leaf_count=3668 324 334 3011 331 236 160
internal_value=0.00307254 -0.768747 -1.28636 4.42406 7.86577 6.16016
internal_weight=8064 7344 6679 665 720 484
internal_count=8064 7344 6679 665 720 484
is_linear=0
shrinkage=0.05


Tree=29
num_leaves=7
num_cat=0
split_feature=4 3 11 1 3 12
split_gain=1.7677e+07 7.36851e+06 8.5876e+06 3.43591e+06 1.54599e+06 821620
threshold=481.38695138888858 -192.80662500000014 1.0000000180025095e-35 -166.46939999999969 58.387025000000001 -0.065387565056497052
decision_type=2 2 2 2 2 2
left_child=1 3 -3 -1 5 -2
right_child=4 2 -4 -5 -6 -7
leaf_value=-6.4573765444799704 2.7756961268244198 2.3786306886045776 -1.5335437826525036 -1.737774268916477 9.9064177681280441 7.4673929026632599
leaf_weight=674 180 2405 3363 902 343 197
leaf_count=674 180 2405 3363 902 343 197
internal_value=0.00309452 -0.730265 0.0977889 -3.759 7.474 5.24059
internal_weight=8064 7344 5768 1576 720 377
internal_count=8064 7344 5768 1576 720 377
is_linear=0
shrinkage=0.05


Tree=30
num_leaves=7
num_cat=0
split_feature=4 11 15 5 17 4
split_gain=1.65022e+07 6.62285e+06 5.03485e+06 2.51534e+07 3.5451e+06 3.34098e+06
threshold=179.9649309027773 0.21643961393810304 5304.5626758680564 1.0000000180025095e-35 29.43961250000007 481.38695138888858
decision_type=2 2 2 2 2 2
left_child=2 -2 4 -4 -1 -3
right_child=1 5 3 -5 -6 -7
leaf_value=-0.51056105300189469 7.0222045894655487 -2.0594159139838371 -4.5102724031593562 21.012980211192165 -2.990521889908897 4.7274152173298347
leaf_weight=3407 984 434 288 144 2497 310
leaf_count=3407 984 434 288 144 2497 310
internal_value=0.00301914 4.33271 -1.1783 4.02636 -1.55975 0.77098
internal_weight=8064 1728 6336 432 5904 744
internal_count=8064 1728 6336 432 5904 744
is_linear=0
shrinkage=0.05


Tree=31
num_leaves=7
num_cat=0
split_feature=2 3 15 1 1 15
split_gain=1.49803e+07 6.51599e+06 4.03785e+06 2.98062e+06 2.60763e+06 986891
threshold=500.39999999999969 -50.704975000000552 5001.8272532118071 -166.46939999999969 603.36090000000002 5274.8144302083338
decision_type=2 2 2 2 2 2
left_child=1 3 -3 -1 5 -2
right_child=4 2 -4 -5 -6 -7
leaf_value=-4.2217274218832399 0.77686961691693535 -0.69194707238140607 2.6612444520291429 -1.1889698249619911 8.5094592585426607 5.7641688479029618
leaf_weight=1287 216 2158 1536 2187 497 183
leaf_count=1287 216 2158 1536 2187 497 183
internal_value=0.00300888 -0.75919 0.702684 -2.3134 6.09465 3.07297
internal_weight=8064 7168 3694 3474 896 399
internal_count=8064 7168 3694 3474 896 399
is_linear=0
shrinkage=0.05


Tree=32
num_leaves=7
num_cat=0
split_feature=4 11 15 5 4 3
split_gain=1.37252e+07 5.85573e+06 4.35634e+06 2.27519e+07 3.50417e+06 3.28822e+06
threshold=179.9649309027773 1.0000000180025095e-35 5304.5626758680564 1.0000000180025095e-35 481.38695138888858 -84.549750000000117
decision_type=2 2 2 2 2 2
left_child=2 5 -1 -4 -3 -2
right_child=1 4 3 -5 -6 -7
leaf_value=-1.4292350966385254 1.5733138182044568 -1.6517413207217313 -4.3518794028404271 19.92232666745268 4.7995880073622654 8.6604626845666601
leaf_weight=5904 220 504 288 144 360 644
leaf_count=5904 220 504 288 144 360 644
internal_value=0.0029304 3.95155 -1.07442 3.76685 1.03875 6.85977
internal_weight=8064 1728 6336 432 864 864
internal_count=8064 1728 6336 432 864 864
is_linear=0
shrinkage=0.05


Tree=33
num_leaves=7
num_cat=0
split_feature=4 1 3 4 17 11
split_gain=1.23884e+07 5.43675e+06 4.01645e+06 3.75256e+06 3.25202e+06 3.22227e+06
threshold=179.9649309027773 98.74385000000008 70.90958749999983 627.07316423611053 5.6500875000003825 0.34202014332566882
decision_type=2 2 2 2 2 2
left_child=2 3 4 -2 -1 -3
right_child=1 5 -4 -5 -6 -7
leaf_value=-0.38124219915999991 -3.4584379573437305 7.2803624330299161 1.7883671819819313 6.0995690765052011 -2.8648339660423758 1.7941995995689799
leaf_weight=2721 351 839 1059 144 2556 394
leaf_count=2721 351 839 1059 144 2556 394
internal_value=0.00295451 3.75436 -1.02059 -0.671235 -1.58452 5.53016
internal_weight=8064 1728 6336 495 5277 1233
internal_count=8064 1728 6336 495 5277 1233
is_linear=0
shrinkage=0.05


Tree=34
num_leaves=7
num_cat=0
split_feature=4 3 3 17 11 3
split_gain=1.12589e+07 6.08584e+06 4.51344e+06 1.38253e+06 1.04626e+06 1.03709e+06
threshold=481.38695138888858 155.69567499999997 -192.80662500000014 102.78771249999978 -1.0000000180025095e-35 11.32250000000022
decision_type=2 2 2 2 2 2
left_child=1 2 -1 5 -3 -2
right_child=3 4 -4 -5 -6 -7
leaf_value=-3.2644434457546789 4.572761451356719 8.2901265972852709 -0.22420887928159755 2.4525858644176934 2.898336300645556 9.1770406944424874
leaf_weight=1576 208 189 5405 203 174 309
leaf_count=1576 208 189 5405 203 174 309
internal_value=0.00287039 -0.582405 -0.910928 5.96521 5.72069 7.33705
internal_weight=8064 7344 6981 720 363 517
internal_count=8064 7344 6981 720 363 517
is_linear=0
shrinkage=0.05


Tree=35
num_leaves=7
num_cat=0
split_feature=4 11 15 15 12 3
split_gain=1.04191e+07 4.85194e+06 3.83354e+06 1.03765e+07 3.248e+06 2.66346e+06
threshold=179.9649309027773 1.0000000180025095e-35 5022.7979585069452 5054.3207666666676 0.44218343748786643 -84.549750000000117
decision_type=2 2 2 2 2 2
left_child=2 5 -1 -4 -3 -2
right_child=1 4 3 -5 -6 -7
leaf_value=-1.9589122258010603 1.3330739189596739 -1.444000142816273 13.538455636953486 -0.22746616337667405 4.986518052972829 7.7110246296585077
leaf_weight=3744 220 564 144 2448 300 644
leaf_count=3744 220 564 144 2448 300 644
internal_value=0.00287504 3.44321 -0.935792 0.542233 0.792002 6.09043
internal_weight=8064 1728 6336 2592 864 864
internal_count=8064 1728 6336 2592 864 864
is_linear=0
shrinkage=0.05


Tree=36
num_leaves=7
num_cat=0
split_feature=3 1 15 15 3 4
split_gain=9.66581e+06 5.2959e+06 5.10216e+06 3.27647e+06 2.69534e+06 1.40575e+06
threshold=109.00361250000016 84.106999999999758 3369.4461164930558 5274.8144302083338 199.41867499999992 3.2816864583332976
decision_type=2 2 2 2 2 2
left_child=1 3 -3 -1 5 -2
right_child=4 2 -4 -5 -6 -7
leaf_value=-2.1667583343454644 0.91814355285565064 -1.4606914984436139 2.9132430840865347 2.660824830359128 9.0874253791641912 5.2447781628480667
leaf_weight=3944 374 1150 1584 385 250 377
leaf_count=3944 374 1150 1584 385 250 377
internal_value=0.00287971 -0.649002 1.07358 -1.7369 4.59858 3.09419
internal_weight=8064 7063 2734 4329 1001 751
internal_count=8064 7063 2734 4329 1001 751
is_linear=0
shrinkage=0.05


Tree=37
num_leaves=7
num_cat=0
split_feature=4 3 3 3 17 3
split_gain=8.82345e+06 4.97879e+06 3.32107e+06 2.79595e+06 1.24917e+06 771475
threshold=481.38695138888858 4.549812500000372 -464.92138749999998 174.42513750000015 54.517987500000352 -16.171487500000236
decision_type=2 2 2 2 2 2
left_child=1 2 -1 -3 5 -2
right_child=4 3 -4 -5 -6 -7
leaf_value=-6.8885370595624842 3.7671349350084258 0.70008593964227328 -1.1487430001455012 6.123737904676851 2.4467381557237871 8.1930431888110924
leaf_weight=266 146 2304 4510 264 254 320
leaf_count=266 146 2304 4510 264 254 320
internal_value=0.00284234 -0.51528 -1.4698 1.25982 5.28107 6.81742
internal_weight=8064 7344 4776 2568 720 466
internal_count=8064 7344 4776 2568 720 466
is_linear=0
shrinkage=0.05


Tree=38
num_leaves=7
num_cat=0
split_feature=2 3 11 11 1 3
split_gain=8.1999e+06 4.38885e+06 3.09708e+06 2.60166e+06 1.90905e+06 621792
threshold=500.39999999999969 -69.746999999999375 0.065387565056497135 -0.2376293295203116 695.0406999999999 11.32250000000022
decision_type=2 2 2 2 2 2
left_child=1 3 -3 -1 5 -2
right_child=4 2 -4 -5 -6 -7
leaf_value=-0.69350368403090457 0.93985044261994399 2.3126712058763093 -0.54311024397743313 -3.6073244966724625 7.025129803768019 4.594243790695705
leaf_weight=1744 295 1513 2545 1366 409 192
leaf_count=1744 295 1513 2545 1366 409 192
internal_value=0.00278202 -0.561131 0.521958 -1.97408 4.50969 2.38706
internal_weight=8064 7168 4058 3110 896 487
internal_count=8064 7168 4058 3110 896 487
is_linear=0
shrinkage=0.05


Tree=39
num_leaves=7
num_cat=0
split_feature=4 11 17 12 15 3
split_gain=7.64784e+06 4.09006e+06 3.49363e+06 3.07033e+06 2.12866e+06 1.96945e+06
threshold=179.9649309027773 -0.15208718494349127 5.6500875000003825 0.44218343748786643 5304.5626758680564 -340.54661249999975
decision_type=2 2 2 2 2 2
left_child=2 -2 4 -3 -1 -4
right_child=1 3 5 -5 -6 -7
leaf_value=-0.019043997979819816 5.629551594379083 -1.424865746215457 -5.9159578230512677 4.4715737748795048 4.8830126420723348 -1.5984248381017283
leaf_weight=3017 780 600 291 348 238 2790
leaf_count=3017 780 600 291 348 238 2790
internal_value=0.00270509 2.95021 -0.801499 0.742081 0.340776 -2.008
internal_weight=8064 1728 6336 948 3255 3081
internal_count=8064 1728 6336 948 3255 3081
is_linear=0
shrinkage=0.05


Tree=40
num_leaves=7
num_cat=0
split_feature=3 1 15 15 3 4
split_gain=7.38602e+06 4.19063e+06 3.7093e+06 2.50806e+06 2.18084e+06 1.06285e+06
threshold=109.00361250000016 46.825350000000078 3369.4461164930558 5274.8144302083338 199.41867499999992 3.2816864583332976
decision_type=2 2 2 2 2 2
left_child=1 3 -3 -1 5 -2
right_child=4 2 -4 -5 -6 -7
leaf_value=-2.0382420700300998 0.77491253924369818 -1.3497410030348655 2.2052760631940416 2.2954001015052201 8.0574592377886596 4.5369393718739355
leaf_weight=3615 374 1203 1878 367 250 377
leaf_count=3615 374 1203 1878 367 250 377
internal_value=0.00260719 -0.567235 0.817205 -1.63836 4.01994 2.66696
internal_weight=8064 7063 3081 3982 1001 751
internal_count=8064 7063 3081 3982 1001 751
is_linear=0
shrinkage=0.05


Tree=41
num_leaves=6
num_cat=0
split_feature=3 3 11 1 4
split_gain=6.68353e+06 4.48287e+06 5.59375e+06 2.67823e+06 1.23892e+06
threshold=155.69567499999997 -192.80662500000014 -0.27976242230339682 -166.46939999999969 3.2816864583332976
decision_type=2 2 2 2 2
left_child=1 3 -3 -1 -2
right_child=4 2 -4 -5 -6
leaf_value=-5.0956395775954988 2.8475220708862734 2.4625789383401422 -0.80261767803011819 -0.95408249661212663 7.8614736356874451
leaf_weight=680 227 1945 4023 916 273
leaf_count=680 227 1945 4023 916 273
internal_value=0.00256661 -0.367823 0.26176 -2.72074 5.59537
internal_weight=8064 7564 5968 1596 500
internal_count=8064 7564 5968 1596 500
is_linear=0
shrinkage=0.05


Tree=42
num_leaves=7
num_cat=0
split_feature=4 17 1 3 17 3
split_gain=6.24823e+06 3.69407e+06 2.10357e+06 1.99214e+06 1.13429e+06 664526
threshold=481.38695138888858 23.350000000000822 84.106999999999758 -154.38773750000016 102.78771249999978 11.32250000000022
decision_type=2 2 2 2 2 2
left_child=1 2 -1 -3 5 -2
right_child=4 3 -4 -5 -6 -7
leaf_value=-0.39409802682001127 3.4750413050206657 -3.7746039167431769 1.8998983221567045 -0.95573349994079493 1.2690286248630169 7.1583073938493769
leaf_weight=2400 208 850 1711 2383 203 309
leaf_count=2400 208 850 1711 2383 203 309
internal_value=0.00247746 -0.433528 0.560894 -1.69779 4.44416 5.68602
internal_weight=8064 7344 4111 3233 720 517
internal_count=8064 7344 4111 3233 720 517
is_linear=0
shrinkage=0.05


Tree=43
num_leaves=7
num_cat=0
split_feature=3 17 4 3 3 4
split_gain=5.91351e+06 3.73867e+06 2.21538e+06 1.8046e+06 1.73694e+06 852655
threshold=109.00361250000016 23.350000000000822 1.0000000180025095e-35 199.41867499999992 -410.2645374999999 3.2816864583332976
decision_type=2 2 2 2 2 2
left_child=1 2 -1 5 -3 -2
right_child=3 4 -4 -5 -6 -7
leaf_value=-0.40178850641114749 0.67182946463425963 -6.6210758273884398 2.0408739425129232 7.2696896549952461 -1.5180559626039032 4.0412997733308842
leaf_weight=2492 374 176 1478 250 2917 377
leaf_count=2492 374 176 1478 250 2917 377
internal_value=0.00240739 -0.507478 0.507881 3.59705 -1.81048 2.36642
internal_weight=8064 7063 3970 1001 3093 751
internal_count=8064 7063 3970 1001 3093 751
is_linear=0
shrinkage=0.05


Tree=44
num_leaves=7
num_cat=0
split_feature=4 15 15 11 0 17
split_gain=5.44119e+06 3.44147e+06 9.08807e+06 3.41367e+06 2.28742e+06 1.67468e+06
threshold=179.9649309027773 5022.7979585069452 5054.3207666666676 0.34202014332566882 3521.9338500000008 -6.7097624999998962
decision_type=2 2 2 2 2 2
left_child=1 5 -3 4 -2 -1
right_child=3 2 -4 -5 -6 -7
leaf_value=-0.51192389302417085 8.464216715668238 12.886929337320659 0.003914566793493857 -0.29742632479936904 2.9674772155634415 -2.632013831731292
leaf_weight=1743 247 144 2448 672 809 2001
leaf_count=1743 247 144 2448 672 809 2001
internal_value=0.00232101 -0.676013 0.724331 2.4885 4.25996 -1.64542
internal_weight=8064 6336 2592 1728 1056 3744
internal_count=8064 6336 2592 1728 1056 3744
is_linear=0
shrinkage=0.05


Tree=45
num_leaves=6
num_cat=0
split_feature=3 3 11 1 4
split_gain=5.20522e+06 3.75348e+06 4.79271e+06 2.35099e+06 826929
threshold=174.42513750000015 -192.80662500000014 -0.27976242230339682 -166.46939999999969 3.2816864583332976
decision_type=2 2 2 2 2
left_child=1 3 -3 -1 -2
right_child=4 2 -4 -5 -6
leaf_value=-4.6612630143871048 3.0268433069158918 2.2961670161516059 -0.69148181247506513 -0.78115043005090512 7.7912206008334026
leaf_weight=680 162 1995 4098 916 213
leaf_count=680 162 1995 4098 916 213
internal_value=0.00233441 -0.278527 0.286965 -2.43621 5.74653
internal_weight=8064 7689 6093 1596 375
internal_count=8064 7689 6093 1596 375
is_linear=0
shrinkage=0.05


Tree=46
num_leaves=7
num_cat=0
split_feature=3 4 3 11 5 10
split_gain=4.88145e+06 3.90889e+06 2.62403e+06 3.21693e+06 2.44482e+06 2.33761e+06
threshold=4.549812500000372 3.2816864583332976 -464.92138749999998 -0.2376293295203116 1.0000000180025095e-35 1.0000000180025095e-35
decision_type=2 2 2 2 2 2
left_child=2 4 -1 -4 -2 -3
right_child=1 5 3 -5 -6 -7
leaf_value=-5.7728884794738855 -0.8905696826103956 2.6735393313357987 0.73546323487492482 -1.8678371252620356 4.1077063345949254 8.2884555414118584
leaf_weight=266 1387 1112 2183 2598 296 222
leaf_count=266 1387 1112 2183 2598 296 222
internal_value=0.00226097 1.59306 -0.948815 -0.679267 -0.0095736 3.61346
internal_weight=8064 3017 5047 4781 1683 1334
internal_count=8064 3017 5047 4781 1683 1334
is_linear=0
shrinkage=0.05


Tree=47
num_leaves=7
num_cat=0
split_feature=4 15 15 18 17 3
split_gain=4.63636e+06 3.09471e+06 4.14176e+06 1.91037e+06 995272 429994
threshold=481.38695138888858 5001.8272532118071 5084.5454308159733 -12.653749999999944 54.517987500000352 -16.171487500000236
decision_type=2 2 2 2 2 2
left_child=1 3 -3 -1 5 -2
right_child=4 2 -4 -5 -6 -7
leaf_value=-2.5094987233520296 2.9201746450395003 3.7330354984061564 -0.29180137226806796 -0.32139588104600336 1.3033903569567438 6.2261041840393325
leaf_weight=1809 146 864 2448 2223 254 320
leaf_count=1809 146 864 2448 2223 254 320
internal_value=0.00219302 -0.373386 0.758966 -1.30349 3.82831 5.19881
internal_weight=8064 7344 3312 4032 720 466
internal_count=8064 7344 3312 4032 720 466
is_linear=0
shrinkage=0.05


Tree=48
num_leaves=6
num_cat=0
split_feature=3 17 15 3 4
split_gain=4.43468e+06 3.3957e+06 2.64784e+06 1.43575e+06 631179
threshold=174.42513750000015 40.786274999999712 5274.8144302083338 -410.2645374999999 3.2816864583332976
decision_type=2 2 2 2 2
left_child=1 2 -1 -3 -2
right_child=4 3 -4 -5 -6
leaf_value=0.19527231485100183 2.9251810399666889 -6.1790261626988654 4.2173000915950496 -1.3095897591747803 7.0914145085020612
leaf_weight=4234 162 159 452 2844 213
leaf_count=4234 162 159 452 2844 213
internal_value=0.00215194 -0.257089 0.584044 -1.56938 5.30417
internal_weight=8064 7689 4686 3003 375
internal_count=8064 7689 4686 3003 375
is_linear=0
shrinkage=0.05


Tree=49
num_leaves=7
num_cat=0
split_feature=3 4 5 11 1 11
split_gain=4.1552e+06 3.22446e+06 2.68219e+06 2.64344e+06 2.37664e+06 2.36963e+06
threshold=-38.588512500000427 3.2816864583332976 1.0000000180025095e-35 1.0000000180025095e-35 -106.12154999999983 -0.27976242230339682
decision_type=2 2 2 2 2 2
left_child=4 2 -2 -3 -1 -6
right_child=1 3 -4 -5 5 -7
leaf_value=-2.507262778137433 -0.86958968029434791 4.8753980981903515 3.5748871517702216 0.95973557074664129 1.4720711859279199 -1.8052678576175794
leaf_weight=1775 1927 796 411 940 1185 1030
leaf_count=1775 1927 796 411 940 1185 1030
internal_value=0.00208737 1.12517 -0.0870951 2.75694 -1.14464 -0.0520554
internal_weight=8064 4074 2338 1736 3990 2215
internal_count=8064 4074 2338 1736 3990 2215
is_linear=0
shrinkage=0.05


Tree=50
num_leaves=7
num_cat=0
split_feature=3 17 15 3 3 18
split_gain=3.88351e+06 2.87207e+06 1.70065e+06 1.26009e+06 1.25554e+06 629584
threshold=109.00361250000016 29.43961250000007 5274.8144302083338 -369.68136249999947 199.41867499999992 -150.1254749999998
decision_type=2 2 2 2 2 2
left_child=1 2 -1 -3 5 -2
right_child=4 3 -4 -5 -6 -7
leaf_value=0.13566330665534626 -0.98006936609745032 -5.2067108023861604 3.7574713752890982 -1.2977746451690482 5.9782866575447215 2.6171261700503532
leaf_weight=3727 152 222 354 2760 250 599
leaf_count=3727 152 222 354 2760 250 599
internal_value=0.00201834 -0.411183 0.450675 -1.59043 2.91504 1.88873
internal_weight=8064 7063 4081 2982 1001 751
internal_count=8064 7063 4081 2982 1001 751
is_linear=0
shrinkage=0.05


Tree=51
num_leaves=7
num_cat=0
split_feature=1 15 3 15 2 11
split_gain=3.70298e+06 3.65157e+06 1.98824e+06 2.07825e+06 1.57937e+06 1.32071e+06
threshold=84.106999999999758 3369.4461164930558 -369.68136249999947 5022.7979585069452 402.61580000000009 -0.10884096748385481
decision_type=2 2 2 2 2 2
left_child=2 4 -1 -4 -2 -3
right_child=1 5 3 -5 -6 -7
leaf_value=-4.2900762998106474 -1.418183070679798 3.7687988672235044 -1.6593249728111865 0.56560894303415954 3.9177155900912681 1.2660486115185605
leaf_weight=400 1189 1070 2214 1994 156 1041
leaf_count=400 1189 1070 2214 1994 156 1041
internal_value=0.00194844 1.23895 -0.92587 -0.605135 -0.796847 2.5358
internal_weight=8064 3456 4608 4208 1345 2111
internal_count=8064 3456 4608 4208 1345 2111
is_linear=0
shrinkage=0.05


Tree=52
num_leaves=7
num_cat=0
split_feature=3 11 4 1 8 15
split_gain=3.4976e+06 3.061e+06 2.70094e+06 2.17546e+06 1.89446e+06 1.80158e+06
threshold=-84.549750000000117 1.0000000180025095e-35 3.2816864583332976 -166.46939999999969 1.0000000180025095e-35 5274.8144302083338
decision_type=2 2 2 2 2 2
left_child=3 2 -2 -1 -5 -3
right_child=1 5 -4 4 -6 -7
leaf_value=-3.010304079828201 0.62604631315740722 -0.62949529071344357 4.3361625753269903 0.57288687916656922 -3.2540600934301516 3.1290885210037231
leaf_weight=1181 1057 2672 915 1464 414 361
leaf_count=1181 1057 2672 915 1464 414 361
internal_value=0.00186435 0.815895 2.34885 -1.32985 -0.272036 -0.181249
internal_weight=8064 5005 1972 3059 1878 3033
internal_count=8064 5005 1972 3059 1878 3033
is_linear=0
shrinkage=0.05


Tree=53
num_leaves=6
num_cat=0
split_feature=3 18 3 18 4
split_gain=3.27012e+06 2.81904e+06 2.54894e+06 1.96534e+06 470813
threshold=174.42513750000015 18.141137500000017 -410.2645374999999 306.54536250000007 3.2816864583332976
decision_type=2 2 2 2 2
left_child=1 2 -1 -3 -2
right_child=4 3 -4 -5 -6
leaf_value=-6.1645977110689527 2.5003373460901295 1.5604284956159713 -0.79396881971033217 -1.0958413518417693 6.0982305009231395
leaf_weight=233 162 2529 3967 960 213
leaf_count=233 162 2529 3967 960 213
internal_value=0.00178211 -0.220833 -1.09331 0.82945 4.55472
internal_weight=8064 7689 4200 3489 375
internal_count=8064 7689 4200 3489 375
is_linear=0
shrinkage=0.05


Tree=54
num_leaves=7
num_cat=0
split_feature=15 5 4 4 4 1
split_gain=3.16266e+06 1.59278e+07 4.19378e+06 2.88419e+06 2.34636e+06 1.47217e+06
threshold=5274.8144302083338 1.0000000180025095e-35 481.38695138888858 1.0000000180025095e-35 3.6076201388891609 -135.50710000000024
decision_type=2 2 2 2 2 2
left_child=3 2 -2 5 -5 -1
right_child=1 -3 -4 4 -6 -7
leaf_value=-2.4974019102675458 -4.8503760742274951 17.977327752935476 2.9272855220014105 4.3136102480947214 0.30182679626956854 -0.52405662982720713
leaf_weight=1358 288 144 432 432 2304 3106
leaf_count=1358 288 144 432 432 2304 3106
internal_value=0.00170605 2.85835 -0.186191 -0.34144 0.936611 -1.1248
internal_weight=8064 864 720 7200 2736 4464
internal_count=8064 864 720 7200 2736 4464
is_linear=0
shrinkage=0.05


Tree=55
num_leaves=7
num_cat=0
split_feature=3 17 4 10 5 15
split_gain=2.98828e+06 2.12007e+06 1.82237e+06 1.92823e+06 1.62745e+06 1.26338e+06
threshold=58.387025000000001 29.43961250000007 3.2816864583332976 1.0000000180025095e-35 1.0000000180025095e-35 5274.8144302083338
decision_type=2 2 2 2 2 2
left_child=1 5 4 -4 -2 -1
right_child=2 -3 3 -5 -6 -7
leaf_value=-0.012836721600286158 -0.66794112153725216 -1.6138587112239506 2.3415987428272773 8.5931775928751843 4.6961534410524477 3.4855028518608644
leaf_weight=3296 816 2606 750 147 170 279
leaf_count=3296 816 2606 750 147 170 279
internal_value=0.00173016 -0.529555 1.74505 3.37453 0.260724 0.261079
internal_weight=8064 6181 1883 897 986 3575
internal_count=8064 6181 1883 897 986 3575
is_linear=0
shrinkage=0.05


Tree=56
num_leaves=7
num_cat=0
split_feature=1 15 15 15 2 12
split_gain=2.89725e+06 2.94017e+06 1.69826e+06 8.40165e+06 1.32281e+06 1.25414e+06
threshold=84.106999999999758 3369.4461164930558 5312.0413552951395 5274.8144302083338 402.61580000000009 -0.51864980417341189
decision_type=2 2 2 2 2 2
left_child=2 4 3 -1 -2 -3
right_child=1 5 -4 -5 -6 -7
leaf_value=-1.1206897633323474 -1.2994582242443533 0.38384852700742189 -4.8524368973154779 8.4839945128349843 3.5838574735601996 3.0513421606616138
leaf_weight=4122 1189 627 246 240 156 1484
leaf_count=4122 1189 627 246 240 156 1484
internal_value=0.00174795 1.09592 -0.818944 -0.590411 -0.730824 2.25961
internal_weight=8064 3456 4608 4362 1345 2111
internal_count=8064 3456 4608 4362 1345 2111
is_linear=0
shrinkage=0.05


Tree=57
num_leaves=7
num_cat=0
split_feature=3 11 15 17 1 8
split_gain=2.74302e+06 3.89378e+06 3.52248e+06 1.85405e+06 1.6817e+06 947767
threshold=-192.80662500000014 0.065387565056497135 5315.8755157986116 -111.47992499999985 -307.79675000000015 1.0000000180025095e-35
decision_type=2 2 2 2 2 2
left_child=4 2 -2 -3 -1 -6
right_child=1 3 -4 -5 5 -7
leaf_value=-4.5315140333660562 2.2226439980364137 1.9844853828530924 -5.7747100377493901 -1.1370570846083838 -0.20345045863961181 -3.9122869355337961
leaf_weight=428 2750 564 144 3010 959 209
leaf_count=428 2750 564 144 3010 959 209
internal_value=0.00171157 0.459842 1.82285 -0.64404 -1.85405 -0.869883
internal_weight=8064 6468 2894 3574 1596 1168
internal_count=8064 6468 2894 3574 1596 1168
is_linear=0
shrinkage=0.05


Tree=58
num_leaves=6
num_cat=0
split_feature=3 18 3 18 17
split_gain=2.62726e+06 2.45106e+06 2.10998e+06 1.75865e+06 425473
threshold=174.42513750000015 18.141137500000017 -410.2645374999999 306.54536250000007 -18.343750000000451
decision_type=2 2 2 2 2
left_child=1 2 -1 -3 -2
right_child=4 3 -4 -5 -6
leaf_value=-5.6255304127676879 5.9597617243017469 1.4728292579439435 -0.73917209812277562 -1.0398809750683597 2.5539838419861773
leaf_weight=233 167 2529 3967 960 208
leaf_count=233 167 2529 3967 960 208
internal_value=0.00155561 -0.197981 -1.01152 0.781356 4.08251
internal_weight=8064 7689 4200 3489 375
internal_count=8064 7689 4200 3489 375
is_linear=0
shrinkage=0.05


Tree=59
num_leaves=7
num_cat=0
split_feature=17 15 15 4 12 4
split_gain=2.54206e+06 1.63858e+06 2.14229e+06 1.61378e+06 1.14537e+06 995040
threshold=-18.343750000000451 4999.2510594618061 5315.8755157986116 481.38695138888858 -0.065387565056497052 332.19351736111145
decision_type=2 2 2 2 2 2
left_child=3 5 -3 4 -1 -2
right_child=1 2 -4 -5 -6 -7
leaf_value=-0.32981236982445278 -2.0984718959700372 0.65382052129806145 -5.5243256376081753 4.2645681101850599 1.5561702629122518 0.90122302670031795
leaf_weight=1546 2048 1982 150 341 1678 319
leaf_count=1546 2048 1982 150 341 1678 319
internal_value=0.00149384 -0.788672 0.216762 0.998618 0.651966 -1.69399
internal_weight=8064 4499 2132 3565 3224 2367
internal_count=8064 4499 2132 3565 3224 2367
is_linear=0
shrinkage=0.05


Tree=60
num_leaves=7
num_cat=0
split_feature=3 11 15 11 3 12
split_gain=2.55868e+06 1.97207e+06 2.04728e+06 1.86908e+06 2.25632e+06 1.49835e+06
threshold=-69.746999999999375 1.0000000180025095e-35 5001.8272532118071 -0.2376293295203116 -410.2645374999999 0.65918890865109991
decision_type=2 2 2 2 2 2
left_child=3 2 -2 4 -1 -3
right_child=1 5 -4 -5 -6 -7
leaf_value=-3.8691384121588195 0.5593760524989303 -0.67384265145334854 3.8998538938199583 -2.4206632122641114 0.74869069709796021 2.0999420797383346
leaf_weight=317 1055 2253 811 1436 1572 620
leaf_count=317 1055 2253 811 1436 1572 620
internal_value=0.00141557 0.747385 2.01252 -1.06169 -0.0278812 -0.0747311
internal_weight=8064 4739 1866 3325 1889 2873
internal_count=8064 4739 1866 3325 1889 2873
is_linear=0
shrinkage=0.05


Tree=61
num_leaves=7
num_cat=0
split_feature=17 15 15 12 3 11
split_gain=2.3331e+06 1.69255e+06 5.18889e+06 1.60658e+06 1.07161e+06 1.2724e+06
threshold=29.43961250000007 5274.8144302083338 5312.0413552951395 -0.065387565056497052 -154.38773750000016 0.065387565056497135
decision_type=2 2 2 2 2 2
left_child=1 3 -3 -1 -2 -6
right_child=4 2 -4 -5 5 -7
leaf_value=-0.67205698432177163 -2.5558171705714687 10.485618209838869 -0.17721547847170205 1.3027833220710934 0.84785883720165411 -1.409299615678905
leaf_weight=1904 828 172 335 2241 1053 1531
leaf_count=1904 828 172 335 2241 1053 1531
internal_value=0.00134693 0.729645 3.45368 0.3957 -0.991555 -0.489518
internal_weight=8064 4652 507 4145 3412 2584
internal_count=8064 4652 507 4145 3412 2584
is_linear=0
shrinkage=0.05


Tree=62
num_leaves=7
num_cat=0
split_feature=3 4 4 4 11 3
split_gain=2.27134e+06 1.84652e+06 2.56099e+06 1.68811e+06 1.49243e+06 2.1841e+06
threshold=-4.8547750000002443 1.0000000180025095e-35 3.6076201388891609 -30.784587152777927 -0.2376293295203116 -410.2645374999999
decision_type=2 2 2 2 2 2
left_child=4 3 -3 -2 5 -1
right_child=1 2 -4 -5 -6 -7
leaf_value=-3.63549664372918 1.9865270457553621 8.4160115432913436 1.607004770547019 -1.2265683118498818 -1.5508606360542831 0.82387181773266804
leaf_weight=317 636 153 1347 1140 2461 2010
leaf_count=317 636 153 1347 1140 2461 2010
internal_value=0.00132807 1.01563 2.30667 -0.0754624 -0.692733 0.215085
internal_weight=8064 3276 1500 1776 4788 2327
internal_count=8064 3276 1500 1776 4788 2327
is_linear=0
shrinkage=0.05


Tree=63
num_leaves=7
num_cat=0
split_feature=18 18 11 3 3 3
split_gain=2.21137e+06 1.63259e+06 1.58744e+06 1.66216e+06 1.39138e+06 953426
threshold=-12.653749999999944 -756.92532500000004 0.69134849440110402 -133.75531250000014 -105.55099999999992 -105.55099999999992
decision_type=2 2 2 2 2 2
left_child=1 -1 3 -2 -3 -4
right_child=2 4 5 -5 -6 -7
leaf_value=1.668614327269091 -0.21888197385697003 -2.8609150063339159 -3.9752636044101921 2.2567761511545679 -0.61243857779699962 -0.12652938145966758
leaf_weight=532 1033 1004 186 1971 2184 1154
leaf_count=532 1033 1004 186 1971 2184 1154
internal_value=0.00130148 -0.893315 0.767439 1.40567 -1.32123 -0.663323
internal_weight=8064 3720 4344 3004 3188 1340
internal_count=8064 3720 4344 3004 3188 1340
is_linear=0
shrinkage=0.05


Tree=64
num_leaves=6
num_cat=0
split_feature=15 15 4 4 11
split_gain=2.18927e+06 7.9329e+06 7.65228e+06 2.28249e+06 282631
threshold=5315.8755157986116 5304.5626758680564 481.38695138888858 1.0000000180025095e-35 1.0000000180025095e-35
decision_type=2 2 2 2 2
left_child=1 3 -3 -1 -2
right_child=4 2 -4 -5 -6
leaf_value=-0.93565302857292731 -5.8380843147121624 16.105341685393764 2.0127533656090604 0.86952353972107288 -2.6763201778921588
leaf_weight=4464 144 144 288 2880 144
leaf_count=4464 144 144 288 2880 144
internal_value=0.00121242 0.160006 6.73663 -0.227719 -4.27193
internal_weight=8064 7776 432 7344 288
internal_count=8064 7776 432 7344 288
is_linear=0
shrinkage=0.05


Tree=65
num_leaves=7
num_cat=0
split_feature=17 1 15 15 12 10
split_gain=2.0891e+06 1.38187e+06 1.37716e+06 1.85229e+06 1.11535e+06 876410
threshold=-18.343750000000451 84.106999999999758 4999.2510594618061 5315.8755157986116 -0.1088409674838548 1.0000000180025095e-35
decision_type=2 2 2 2 2 2
left_child=1 5 -2 -4 -3 -1
right_child=2 4 3 -5 -6 -7
leaf_value=-0.62786373539363727 -1.5450721575674047 0.48983646829368016 0.61303704471989118 -5.1317445291588646 3.1213830354089729 1.8120463807986242
leaf_weight=1434 2367 715 1982 150 922 494
leaf_count=1434 2367 715 1982 150 922 494
internal_value=0.00121093 0.905142 -0.715105 0.206638 1.97299 -0.00208476
internal_weight=8064 3565 4499 2132 1637 1928
internal_count=8064 3565 4499 2132 1637 1928
is_linear=0
shrinkage=0.05


Tree=66
num_leaves=5
num_cat=0
split_feature=3 18 18 11
split_gain=2.04097e+06 2.0026e+06 1.9896e+06 1.39835e+06
threshold=199.41867499999992 -61.754350000000152 -756.92532500000004 0.59116893267988335
decision_type=2 2 2 2
left_child=1 2 -1 -3
right_child=-2 3 -4 -5
leaf_value=1.5721670821499756 4.4391324996235841 1.0391121136003478 -1.9028445145587538 -0.69593059412116209
leaf_weight=507 250 3351 2180 1776
leaf_count=507 250 3351 2180 1776
internal_value=0.00114252 -0.141396 -1.24682 0.438072
internal_weight=8064 7814 2687 5127
internal_count=8064 7814 2687 5127
is_linear=0
shrinkage=0.05


Tree=67
num_leaves=7
num_cat=0
split_feature=3 11 15 12 1 15
split_gain=1.94761e+06 2.5978e+06 1.95959e+06 1.95489e+06 1.48442e+06 765416
threshold=-192.80662500000014 -0.32136297141497078 5001.8272532118071 0.69134849440110391 -307.79675000000015 4999.2510594618061
decision_type=2 2 2 2 2 2
left_child=4 2 -2 -3 -1 -6
right_child=1 3 -4 -5 5 -7
leaf_value=-4.0780351060114821 0.48883897568510054 -0.91738457297358122 3.5734202941158211 1.5201571001014749 -1.9253865155777712 0.63268152273976341
leaf_weight=428 1180 3278 913 1097 580 588
leaf_count=428 1180 3278 913 1097 580 588
internal_value=0.00111299 0.387147 1.83545 -0.305981 -1.5626 -0.638152
internal_weight=8064 6468 2093 4375 1596 1168
internal_count=8064 6468 2093 4375 1596 1168
is_linear=0
shrinkage=0.05


Tree=68
num_leaves=6
num_cat=0
split_feature=15 15 4 4 11
split_gain=1.93915e+06 6.8715e+06 6.96641e+06 1.97188e+06 284215
threshold=5315.8755157986116 5304.5626758680564 481.38695138888858 1.0000000180025095e-35 1.0000000180025095e-35
decision_type=2 2 2 2 2
left_child=1 3 -3 -1 -2
right_child=4 2 -4 -5 -6
leaf_value=-0.86835836843048275 -5.5896648424247219 15.210217138652144 1.7647697228564525 0.80949831220513058 -2.4237993249194378
leaf_weight=4464 144 144 288 2880 144
leaf_count=4464 144 144 288 2880 144
internal_value=0.00105296 0.150501 6.27136 -0.210355 -4.0206
internal_weight=8064 7776 432 7344 288
internal_count=8064 7776 432 7344 288
is_linear=0
shrinkage=0.05


Tree=69
num_leaves=7
num_cat=0
split_feature=17 12 4 3 18 18
split_gain=1.88862e+06 1.46724e+06 1.81647e+06 893449 804053 668373
threshold=40.786274999999712 -0.44218343748786698 3.2816864583332976 -98.834087499999882 18.141137500000017 -756.92532500000004
decision_type=2 2 2 2 2 2
left_child=1 3 -3 -1 5 -2
right_child=4 2 -4 -5 -6 -7
leaf_value=-2.4903901466214822 0.66329433289067508 0.38460511902523103 2.9042301118955205 0.10999740701373838 0.096724798655320798 -1.9342181534662417
leaf_weight=441 289 2064 1094 1307 1157 1712
leaf_count=441 289 2064 1094 1307 1157 1712
internal_value=0.00105551 0.614931 1.2581 -0.547099 -0.952502 -1.55892
internal_weight=8064 4906 3158 1748 3158 2001
internal_count=8064 4906 3158 1748 3158 2001
is_linear=0
shrinkage=0.05


Tree=70
num_leaves=7
num_cat=0
split_feature=3 18 18 11 0 3
split_gain=1.76748e+06 1.63356e+06 1.60708e+06 1.21373e+06 327694 191464
threshold=155.69567499999997 -46.591662500000432 -756.92532500000004 0.69134849440110402 3521.9338500000008 199.41867499999992
decision_type=2 2 2 2 2 2
left_child=1 2 -1 -3 -2 -6
right_child=4 3 -4 -5 5 -7
leaf_value=1.4770971278745704 4.4890980443081911 0.91105967700652613 -1.6719868056851479 -0.83576704600948704 0.6410649487748743 3.1407538572413811
leaf_weight=488 193 3285 2366 1425 159 148
leaf_count=488 193 3285 2366 1425 159 148
internal_value=0.00100109 -0.189472 -1.1332 0.382496 2.8771 1.85241
internal_weight=8064 7564 2854 4710 500 307
internal_count=8064 7564 2854 4710 500 307
is_linear=0
shrinkage=0.05


Tree=71
num_leaves=7
num_cat=0
split_feature=3 15 15 1 11 2
split_gain=1.76246e+06 1.66774e+06 3.88672e+06 1.44305e+06 1.41653e+06 599563
threshold=-84.549750000000117 5315.8755157986116 5304.5626758680564 -166.46939999999969 -0.55543802234893469 -281.08004999999974
decision_type=2 2 2 2 2 2
left_child=3 2 -2 5 -5 -1
right_child=1 -3 -4 4 -6 -7
leaf_value=0.38626463640142572 0.38154004467264518 -3.4273239757609271 5.8272129329752786 1.3631570676092881 -1.3855329321104097 -2.7824400600412158
leaf_weight=175 4406 246 353 890 988 1006
leaf_count=175 4406 246 353 890 988 1006
internal_value=0.00100157 0.578852 0.786614 -0.944331 -0.0828734 -2.31297
internal_weight=8064 5005 4759 3059 1878 1181
internal_count=8064 5005 4759 3059 1878 1181
is_linear=0
shrinkage=0.05


Tree=72
num_leaves=7
num_cat=0
split_feature=17 15 15 3 12 1
split_gain=1.67792e+06 1.12604e+06 1.54697e+06 1.08124e+06 1.24396e+06 785215
threshold=-18.343750000000451 4999.2510594618061 5100.7047520833339 -165.70770000000036 -0.065387565056497052 -90.768150000000091
decision_type=2 2 2 2 2 2
left_child=3 -2 -3 5 -5 -1
right_child=1 2 -4 4 -6 -7
leaf_value=-2.3926668837267377 -1.3915025908144418 1.9032865819484728 -0.86688619084438612 0.28218431470474287 2.4209638689819348 0.67201562627617806
leaf_weight=391 2367 815 1317 1438 1289 447
leaf_count=391 2367 815 1317 1438 1289 447
internal_value=0.000953741 -0.641012 0.192464 0.811061 1.29366 -0.759073
internal_weight=8064 4499 2132 3565 2727 838
internal_count=8064 4499 2132 3565 2727 838
is_linear=0
shrinkage=0.05


Tree=73
num_leaves=6
num_cat=0
split_feature=15 15 4 4 11
split_gain=1.61857e+06 5.62079e+06 6.38822e+06 1.61625e+06 266957
threshold=5315.8755157986116 5304.5626758680564 481.38695138888858 1.0000000180025095e-35 1.0000000180025095e-35
decision_type=2 2 2 2 2
left_child=1 3 -3 -1 -2
right_child=4 2 -4 -5 -6
leaf_value=-0.78464181047612924 -5.1928581924068524 14.232909666957525 1.3590709232702647 0.73439923887403225 -2.1284057239006304
leaf_weight=4464 144 144 288 2880 144
leaf_count=4464 144 144 288 2880 144
internal_value=0.000909939 0.137447 5.67331 -0.188921 -3.6733
internal_weight=8064 7776 432 7344 288
internal_count=8064 7776 432 7344 288
is_linear=0
shrinkage=0.05


Tree=74
num_leaves=5
num_cat=0
split_feature=3 11 15 16
split_gain=1.60619e+06 1.96164e+06 2.12407e+06 1.80435e+06
threshold=-464.92138749999998 -0.27976242230339682 5001.8272532118071 0.043992511044651759
decision_type=2 2 2 2
left_child=-1 2 -2 -3
right_child=1 3 -4 -5
leaf_value=-3.8124044742030598 -0.085585918719343942 2.4028775362325714 2.5435294248232543 -0.84135544465244172
leaf_weight=266 1692 476 1406 4224
leaf_count=266 1692 476 1406 4224
internal_value=0.000915409 0.131465 1.10805 -0.512349
internal_weight=8064 7798 3098 4700
internal_count=8064 7798 3098 4700
is_linear=0
shrinkage=0.05


Tree=75
num_leaves=7
num_cat=0
split_feature=18 18 11 15 3 3
split_gain=1.55439e+06 1.34073e+06 1.22503e+06 1.35492e+06 911670 871444
threshold=-61.754350000000152 -756.92532500000004 0.55543802234893513 5001.8272532118071 -105.55099999999992 -340.54661249999975
decision_type=2 2 2 2 2 2
left_child=1 -1 3 -2 -4 -3
right_child=2 5 4 -5 -6 -7
leaf_value=1.3040359673507889 0.16421338934733257 -4.8846553970342397 -3.0982526226452585 2.1743128052173182 -0.046990127646167779 -1.199911228952909
leaf_weight=532 1849 173 288 1533 1601 2088
leaf_count=532 1849 173 288 1533 1601 2088
internal_value=0.000870923 -0.952575 0.506168 1.07573 -0.513584 -1.48388
internal_weight=8064 2793 5271 3382 1889 2261
internal_count=8064 2793 5271 3382 1889 2261
is_linear=0
shrinkage=0.05


Tree=76
num_leaves=7
num_cat=0
split_feature=3 12 4 3 11 4
split_gain=1.52536e+06 1.23115e+06 1.081e+06 1.04937e+06 1.50851e+06 553331
threshold=-4.8547750000002443 -0.021809693682668031 1.0000000180025095e-35 -464.92138749999998 -0.2376293295203116 610.46040243055506
decision_type=2 2 2 2 2 2
left_child=3 5 -3 -1 -5 -2
right_child=1 2 -4 4 -6 -7
leaf_value=-3.6140182257033469 -0.36286932347518097 0.60660796064575007 3.2977995320255928 0.58604469945563387 -1.2438589818156836 2.4787605512111139
leaf_weight=266 1589 784 712 2115 2407 191
leaf_count=266 1589 784 712 2115 2407 191
internal_value=0.000792735 0.832004 1.88879 -0.567986 -0.388048 -0.0567323
internal_weight=8064 3276 1496 4788 4522 1780
internal_count=8064 3276 1496 4788 4522 1780
is_linear=0
shrinkage=0.05


Tree=77
num_leaves=7
num_cat=0
split_feature=17 12 4 11 3 11
split_gain=1.51294e+06 1.22167e+06 1.45781e+06 831094 634317 833827
threshold=40.786274999999712 0.19504389580251646 3.2816864583332976 -0.1950438958025166 -154.38773750000016 -0.72219205899833561
decision_type=2 2 2 2 2 2
left_child=1 3 -3 -1 5 -2
right_child=4 2 -4 -5 -6 -7
leaf_value=0.8501242173492205 -0.53733235403087931 0.47877948154586669 3.1260125614834404 -0.95883912228771173 -0.45024477084716746 -3.834069499593892
leaf_weight=1100 405 1516 791 1499 2389 364
leaf_count=1100 405 1516 791 1499 2389 364
internal_value=0.000763943 0.550201 1.3874 -0.193182 -0.852699 -2.10077
internal_weight=8064 4906 2307 2599 3158 769
internal_count=8064 4906 2307 2599 3158 769
is_linear=0
shrinkage=0.05


Tree=78
num_leaves=6
num_cat=0
split_feature=15 15 4 18 11
split_gain=1.49989e+06 4.84971e+06 5.87093e+06 1.29901e+06 284840
threshold=5315.8755157986116 5304.5626758680564 481.38695138888858 -53.769899999999772 1.0000000180025095e-35
decision_type=2 2 2 2 2
left_child=1 3 -3 -1 -2
right_child=4 2 -4 -5 -6
leaf_value=-1.0623873441341432 -5.1046869437036841 13.479913123558308 1.139050705670331 0.32495991850970318 -1.9433671706401068
leaf_weight=2625 144 144 288 4719 144
leaf_count=2625 144 144 288 4719 144
internal_value=0.000717528 0.132153 5.2743 -0.171003 -3.53622
internal_weight=8064 7776 432 7344 288
internal_count=8064 7776 432 7344 288
is_linear=0
shrinkage=0.05


Tree=79
num_leaves=7
num_cat=0
split_feature=3 11 12 16 1 11
split_gain=1.40731e+06 1.83281e+06 1.54091e+06 1.53149e+06 1.21224e+06 629969
threshold=-192.80662500000014 -0.55543802234893469 0.65918890865109991 0.44628451234439104 -307.79675000000015 0.21643961393810304
decision_type=2 2 2 2 2 2
left_child=4 3 -3 -2 -1 -6
right_child=1 2 -4 -5 5 -7
leaf_value=-3.6016346729788191 4.457125334563079 -0.70797465267589588 1.2680103687798769 0.89521841020887782 -0.05121847392513678 -3.5418146623147502
leaf_weight=428 404 3505 1372 1187 1021 147
leaf_count=428 404 3505 1372 1187 1021 147
internal_value=0.000724019 0.328872 -0.151944 1.80192 -1.32851 -0.493186
internal_weight=8064 6468 4877 1591 1596 1168
internal_count=8064 6468 4877 1591 1596 1168
is_linear=0
shrinkage=0.05


Tree=80
num_leaves=6
num_cat=0
split_feature=15 15 4 4 11
split_gain=1.36308e+06 4.35684e+06 5.30541e+06 1.26722e+06 267101
threshold=5315.8755157986116 5304.5626758680564 481.38695138888858 1.0000000180025095e-35 1.0000000180025095e-35
decision_type=2 2 2 2 2
left_child=1 3 -3 -1 -2
right_child=4 2 -4 -5 -6
leaf_value=-0.6888518888467855 -4.8897218869883439 12.800230919102143 1.0688400172418997 0.65620504604907581 -1.8292312365050976
leaf_weight=4464 144 144 288 2880 144
leaf_count=4464 144 144 288 2880 144
internal_value=0.000679864 0.125978 4.99983 -0.161361 -3.3711
internal_weight=8064 7776 432 7344 288
internal_count=8064 7776 432 7344 288
is_linear=0
shrinkage=0.05


Tree=81
num_leaves=7
num_cat=0
split_feature=17 3 15 15 12 12
split_gain=1.33188e+06 882997 880017 1.41331e+06 755754 729307
threshold=-18.343750000000451 -113.96756249999952 4999.2510594618061 5100.7047520833339 -0.065387565056497052 -0.77969889170510653
decision_type=2 2 2 2 2 2
left_child=1 5 -2 -4 -3 -1
right_child=2 4 3 -5 -6 -7
leaf_value=-3.3232532697719535 -1.23471943785663 0.44186680403484957 1.8008162398084169 -0.84697825978955255 2.2144952466608476 0.12704963208604297
leaf_weight=181 2367 1297 815 1317 1121 966
leaf_count=181 2367 1297 815 1317 1121 966
internal_value=0.000689988 0.722443 -0.571259 0.165564 1.26424 -0.419839
internal_weight=8064 3565 4499 2132 2418 1147
internal_count=8064 3565 4499 2132 2418 1147
is_linear=0
shrinkage=0.05


Tree=82
num_leaves=6
num_cat=0
split_feature=3 18 3 18 0
split_gain=1.31586e+06 1.29404e+06 1.21543e+06 1.04434e+06 249969
threshold=174.42513750000015 18.141137500000017 -410.2645374999999 306.54536250000007 3521.9338500000008
decision_type=2 2 2 2 2
left_child=1 2 -1 -3 -2
right_child=4 3 -4 -5 -6
leaf_value=-4.2335643191113439 4.4406820056887417 1.10388328902924 -0.52498787922654189 -0.83241338173431623 1.8040850214292652
leaf_weight=233 153 2529 3967 960 222
leaf_count=233 153 2529 3967 960 222
internal_value=0.000650402 -0.140563 -0.731684 0.571024 2.88877
internal_weight=8064 7689 4200 3489 375
internal_count=8064 7689 4200 3489 375
is_linear=0
shrinkage=0.05


Tree=83
num_leaves=6
num_cat=0
split_feature=15 15 4 11 11
split_gain=1.24363e+06 3.89888e+06 4.79698e+06 1.14497e+06 242253
threshold=5315.8755157986116 5304.5626758680564 481.38695138888858 -0.59116893267988335 1.0000000180025095e-35
decision_type=2 2 2 2 2
left_child=1 3 -3 -1 -2
right_child=4 2 -4 -5 -6
leaf_value=0.80507659363647821 -4.6663218097851198 12.14810659887462 0.99309603662639345 -0.55884319311877362 -1.7515195633419631
leaf_weight=2193 144 144 288 5151 144
leaf_count=2193 144 144 288 5151 144
internal_value=0.000628782 0.120311 4.7309 -0.151507 -3.22002
internal_weight=8064 7776 432 7344 288
internal_count=8064 7776 432 7344 288
is_linear=0
shrinkage=0.05


Tree=84
num_leaves=6
num_cat=0
split_feature=3 3 11 1 4
split_gain=1.22609e+06 950173 1.27851e+06 621224 1.0033e+06
threshold=64.394400000000374 -464.92138749999998 -0.2376293295203116 -213.88485000000034 -29.135964583333585
decision_type=2 2 2 2 2
left_child=1 -1 -3 -2 -5
right_child=3 2 -4 4 -6
leaf_value=-3.2437528083833413 3.3947990013524554 0.65778723559606123 -0.81542978691321832 4.0383411159215887 0.25652424130418522
leaf_weight=266 265 2541 3500 202 1290
leaf_count=266 265 2541 3500 202 1290
internal_value=0.000640551 -0.324795 -0.195751 1.16836 0.770902
internal_weight=8064 6307 6041 1757 1492
internal_count=8064 6307 6041 1757 1492
is_linear=0
shrinkage=0.05


Tree=85
num_leaves=7
num_cat=0
split_feature=17 12 4 3 18 12
split_gain=1.20684e+06 1.01147e+06 1.20025e+06 683163 538884 572037
threshold=40.786274999999712 0.19504389580251646 3.2816864583332976 -133.75531250000014 18.141137500000017 -0.72219205899833572
decision_type=2 2 2 2 2 2
left_child=1 3 -3 -1 5 -2
right_child=4 2 -4 -5 -6 -7
leaf_value=-1.6648232403422396 -2.949904855921865 0.42868000623833291 2.8306979593905535 0.25874533041239323 0.097329703003605619 -0.83512132756054136
leaf_weight=599 399 1516 791 2000 1157 1602
leaf_count=599 399 1516 791 2000 1157 1602
internal_value=0.000635112 0.491354 1.25313 -0.185056 -0.761619 -1.25807
internal_weight=8064 4906 2307 2599 3158 2001
internal_count=8064 4906 2307 2599 3158 2001
is_linear=0
shrinkage=0.05


Tree=86
num_leaves=7
num_cat=0
split_feature=15 15 15 4 3 17
split_gain=1.18939e+06 1.75526e+06 2.40944e+06 1.72884e+06 713835 541898
threshold=5001.8272532118071 5315.8755157986116 5304.5626758680564 336.77507777777788 -133.75531250000014 -30.459025000000334
decision_type=2 2 2 2 2 2
left_child=3 2 -2 4 -1 -5
right_child=1 -3 -4 5 -6 -7
leaf_value=-2.0216930643392219 0.46589487391076062 -3.0909044632398133 4.4540066868617414 4.6017616616766572 -0.48954220342904736 0.9853780673253012
leaf_weight=1036 3024 288 432 172 2852 260
leaf_count=1036 3024 288 432 172 2852 260
internal_value=0.000591981 0.652776 0.965553 -0.564654 -0.898215 2.43254
internal_weight=8064 3744 3456 4320 3888 432
internal_count=8064 3744 3456 4320 3888 432
is_linear=0
shrinkage=0.05


Tree=87
num_leaves=7
num_cat=0
split_feature=18 18 11 15 3 11
split_gain=1.12793e+06 1.1232e+06 938140 1.12903e+06 777784 683433
threshold=-61.754350000000152 -260.58805000000024 0.59116893267988335 5001.8272532118071 -69.746999999999375 -0.51864980417341167
decision_type=2 2 2 2 2 2
left_child=1 5 3 -2 -3 -1
right_child=2 4 -4 -5 -6 -7
leaf_value=1.2821791165378464 0.093621584084699061 -2.9429652337889509 -0.4911930257192243 1.9080192150933968 -0.76128800440516864 -1.4978828013824008
leaf_weight=752 1898 662 1810 1563 1067 312
leaf_count=752 1898 662 1810 1563 1067 312
internal_value=0.000592795 -0.811596 0.431028 0.913325 -1.59783 0.466332
internal_weight=8064 2793 5271 3461 1729 1064
internal_count=8064 2793 5271 3461 1729 1064
is_linear=0
shrinkage=0.05


Tree=88
num_leaves=5
num_cat=0
split_feature=3 17 11 12
split_gain=1.0952e+06 1.03906e+06 836450 675844
threshold=199.41867499999992 -52.715937500000102 -0.75166088996455094 0.25881904510252068
decision_type=2 2 2 2
left_child=1 3 -3 -1
right_child=-2 2 -4 -5
leaf_value=0.012819138793501911 3.2515377996904977 0.63256475080835062 -0.8921333167707175 1.588400513122636
leaf_weight=1639 250 1174 3838 1163
leaf_count=1639 250 1174 3838 1163
internal_value=0.000548215 -0.103866 -0.534936 0.667114
internal_weight=8064 7814 5012 2802
internal_count=8064 7814 5012 2802
is_linear=0
shrinkage=0.05


Tree=89
num_leaves=7
num_cat=0
split_feature=3 11 16 16 1 2
split_gain=1.10557e+06 1.30569e+06 1.34274e+06 1.31349e+06 1.07655e+06 619329
threshold=-192.80662500000014 -0.55543802234893469 0.44628451234439104 0.050628641743423561 -307.79675000000015 -147.25080000000023
decision_type=2 2 2 2 2 2
left_child=4 2 -2 -3 -1 -6
right_child=1 3 -4 -5 5 -7
leaf_value=-3.3197015460867152 4.0208221021256652 2.1685301645378514 0.68586722067761108 -0.40921782989316147 1.7153056696001927 -1.018743794781624
leaf_weight=428 404 557 1187 4320 268 900
leaf_count=428 404 557 1187 4320 268 900
internal_value=0.000549275 0.291398 1.5347 -0.11443 -1.1776 -0.39048
internal_weight=8064 6468 1591 4877 1596 1168
internal_count=8064 6468 1591 4877 1596 1168
is_linear=0
shrinkage=0.05


Tree=90
num_leaves=6
num_cat=0
split_feature=15 15 4 4 11
split_gain=1.06353e+06 3.05165e+06 4.32382e+06 958071 248540
threshold=5315.8755157986116 5304.5626758680564 481.38695138888858 1.0000000180025095e-35 1.0000000180025095e-35
decision_type=2 2 2 2 2
left_child=1 3 -3 -1 -2
right_child=4 2 -4 -5 -6
leaf_value=-0.58791452867574445 -4.4416420666102701 11.231975226717006 0.64266710558255236 0.58162117516114431 -1.4933842432909998
leaf_weight=4464 144 144 288 2880 144
leaf_count=4464 144 144 288 2880 144
internal_value=0.000545644 0.111223 4.19022 -0.129256 -2.97778
internal_weight=8064 7776 432 7344 288
internal_count=8064 7776 432 7344 288
is_linear=0
shrinkage=0.05


Tree=91
num_leaves=7
num_cat=0
split_feature=3 11 1 16 11 14
split_gain=1.02709e+06 974914 939282 869889 1.15806e+06 704179
threshold=-69.746999999999375 0.15208718494349097 -135.50710000000024 0.85784948669914207 0.75166088996455116 -0.21623361138472535
decision_type=2 2 2 2 2 2
left_child=1 2 -1 4 -2 -5
right_child=3 -3 -4 5 -6 -7
leaf_value=-1.3431876946976025 1.5003666721618045 -1.9646941217867626 0.71472924534555482 1.174439324260115 -0.37626505584796033 -1.5686243439698235
leaf_weight=921 2366 1014 1390 333 1259 781
leaf_count=921 2366 1014 1390 333 1259 781
internal_value=0.000555143 -0.672999 -0.105636 0.47318 0.848669 -0.748342
internal_weight=8064 3325 2311 4739 3625 1114
internal_count=8064 3325 2311 4739 3625 1114
is_linear=0
shrinkage=0.05


Tree=92
num_leaves=7
num_cat=0
split_feature=15 15 10 5 4 4
split_gain=995761 1.71155e+06 4.26204e+06 2.49884e+06 1.4679e+06 658969
threshold=5001.8272532118071 5100.7047520833339 1.0000000180025095e-35 1.0000000180025095e-35 336.77507777777788 -29.135964583333585
decision_type=2 2 2 2 2 2
left_child=4 2 -2 -3 5 -1
right_child=1 3 -4 -5 -6 -7
leaf_value=0.39340213657975887 1.0479285341715772 -0.92049988461533694 10.145056092985746 3.2657592122329029 2.2450799996803319 -1.1718917189895
leaf_weight=864 1152 2016 144 432 432 3024
leaf_count=864 1152 2016 144 432 432 3024
internal_value=0.000515839 0.597255 2.06576 -0.180716 -0.516677 -0.824037
internal_weight=8064 3744 1296 2448 4320 3888
internal_count=8064 3744 1296 2448 4320 3888
is_linear=0
shrinkage=0.05


Tree=93
num_leaves=5
num_cat=0
split_feature=3 11 16 16
split_gain=992949 1.04808e+06 1.2782e+06 1.15249e+06
threshold=-464.92138749999998 -0.59116893267988335 0.056998086535275307 0.44628451234439104
decision_type=2 2 2 2
left_child=-1 3 -3 -2
right_child=1 2 -4 -5
leaf_value=-2.9976690328411397 2.8111807080851476 1.5788499913493459 -0.57678972453084254 0.29993680088737301
leaf_weight=266 638 803 4753 1604
leaf_count=266 638 803 4753 1604
internal_value=0.000583069 0.103229 -0.26501 1.01549
internal_weight=8064 7798 5556 2242
internal_count=8064 7798 5556 2242
is_linear=0
shrinkage=0.05


Tree=94
num_leaves=7
num_cat=0
split_feature=18 18 3 11 1 3
split_gain=965770 935594 776175 892537 747051 561997
threshold=-61.754350000000152 -756.92532500000004 -133.75531250000014 0.59116893267988335 -237.92190000000025 -369.68136249999947
decision_type=2 2 2 2 2 2
left_child=1 -1 4 -4 -2 -3
right_child=2 5 3 -5 -6 -7
leaf_value=1.1340571747879598 -2.3829943802688969 -4.2072614016204044 1.4061224497081639 -0.12966514724740161 0.14499560243377285 -0.98802489084424683
leaf_weight=532 417 144 2253 1630 971 2117
leaf_count=532 417 144 2253 1630 971 2117
internal_value=0.000560827 -0.75098 0.398854 0.761564 -0.615663 -1.19482
internal_weight=8064 2793 5271 3883 1388 2261
internal_count=8064 2793 5271 3883 1388 2261
is_linear=0
shrinkage=0.05


Tree=95
num_leaves=6
num_cat=0
split_feature=15 15 4 16 11
split_gain=950302 2.67952e+06 3.75609e+06 830634 240802
threshold=5315.8755157986116 5304.5626758680564 481.38695138888858 0.056998086535275307 1.0000000180025095e-35
decision_type=2 2 2 2 2
left_child=1 3 -3 -1 -2
right_child=4 2 -4 -5 -6
leaf_value=1.4060313363270192 -4.2553273878323621 10.490531183768963 0.62079740940080796 -0.30541931316688709 -1.3549116209457661
leaf_weight=794 144 144 288 6550 144
leaf_count=794 144 144 288 6550 144
internal_value=0.00050165 0.105122 3.92734 -0.120219 -2.81483
internal_weight=8064 7776 432 7344 288
internal_count=8064 7776 432 7344 288
is_linear=0
shrinkage=0.05


Tree=96
num_leaves=7
num_cat=0
split_feature=17 15 15 2 3 11
split_gain=910483 744688 2.31668e+06 1.10889e+06 571800 458659
threshold=61.387124999999749 5019.4184664062514 5054.3207666666676 452.0392500000001 -84.549750000000117 -0.59116893267988335
decision_type=2 2 2 2 2 2
left_child=1 3 -3 -1 5 -2
right_child=4 2 -4 -5 -6 -7
leaf_value=-0.4563545284969493 -0.67135837922120856 6.5668433891253528 0.60928083728496507 2.3952045991595425 -0.19052688541764259 -2.8082750732465733
leaf_weight=2758 532 177 1964 388 1769 476
leaf_count=2758 532 177 1964 388 1769 476
internal_value=0.000517495 0.38555 1.10464 -0.104019 -0.732402 -1.68224
internal_weight=8064 5287 2141 3146 2777 1008
internal_count=8064 5287 2141 3146 2777 1008
is_linear=0
shrinkage=0.05


Tree=97
num_leaves=5
num_cat=0
split_feature=3 18 18 3
split_gain=869035 848155 984653 609127
threshold=199.41867499999992 -69.926987499999754 -369.3906124999998 -133.75531250000014
decision_type=2 2 2 2
left_child=1 2 -1 -3
right_child=-2 3 -4 -5
leaf_value=0.5028013758745562 2.8964491254304985 -0.60824876444327181 -1.5553052582031974 0.60045882723799315
leaf_weight=891 250 1432 1668 3823
leaf_count=891 250 1432 1668 3823
internal_value=0.000525376 -0.0924852 -0.838791 0.27103
internal_weight=8064 7814 2559 5255
internal_count=8064 7814 2559 5255
is_linear=0
shrinkage=0.05


Tree=98
num_leaves=6
num_cat=0
split_feature=15 15 4 10 11
split_gain=873642 2.38341e+06 3.3913e+06 788596 219229
threshold=5315.8755157986116 5304.5626758680564 481.38695138888858 1.0000000180025095e-35 1.0000000180025095e-35
decision_type=2 2 2 2 2
left_child=1 3 -3 -1 -2
right_child=4 2 -4 -5 -6
leaf_value=-0.31840523881654298 -4.073379552302689 9.9420025299335357 0.56387915862885307 1.1865951473618848 -1.3057572703114873
leaf_weight=6336 144 144 288 1008 144
leaf_count=6336 144 144 288 1008 144
internal_value=0.000510491 0.100822 3.70566 -0.111703 -2.69887
internal_weight=8064 7776 432 7344 288
internal_count=8064 7776 432 7344 288
is_linear=0
shrinkage=0.05


Tree=99
num_leaves=7
num_cat=0
split_feature=17 11 17 3 12 18
split_gain=835431 729192 826625 702131 609272 543285
threshold=-52.715937500000102 -0.75166088996455094 182.19981249999981 -77.610287500000354 0.19504389580251646 -77.524999999999849
decision_type=2 2 2 2 2 2
left_child=4 2 -2 -3 -1 -6
right_child=1 3 -4 -5 5 -7
leaf_value=0.053518820427232931 1.3075036777643465 -1.6720595974883552 -2.0185169980189075 -0.24780911114993948 -0.078505361396918966 2.2029737644876066
leaf_weight=1665 995 1284 229 2651 373 867
leaf_count=1665 995 1284 229 2651 373 867
internal_value=0.000522131 -0.381351 0.684094 -0.712852 0.67859 1.51718
internal_weight=8064 5159 1224 3935 2905 1240
internal_count=8064 5159 1224 3935 2905 1240
is_linear=0
shrinkage=0.05


end of trees

feature_importances:
Column_3=161
Column_4=95
Column_15=76
Column_11=68
Column_1=43
Column_17=30
Column_18=27
Column_12=23
Column_2=20
Column_5=12
Column_16=8
Column_10=5
Column_0=3
Column_8=2
Column_14=1

parameters:
[boosting: gbdt]
[objective: regression]
[metric: l2]
[tree_learner: serial]
[device_type: cpu]
[data_sample_strategy: bagging]
[data: ]
[valid: ]
[num_iterations: 100]
[learning_rate: 0.05]
[num_leaves: 7]
[num_threads: 1]
[seed: 20250911]
[deterministic: 1]
[force_col_wise: 1]
[force_row_wise: 0]
[histogram_pool_size: -1]
[max_depth: 3]
[min_data_in_leaf: 144]
[min_sum_hessian_in_leaf: 0.001]
[bagging_fraction: 1]
[pos_bagging_fraction: 1]
[neg_bagging_fraction: 1]
[bagging_freq: 0]
[bagging_seed: 20250911]
[bagging_by_query: 0]
[feature_fraction: 1]
[feature_fraction_bynode: 1]
[feature_fraction_seed: 20250911]
[extra_trees: 0]
[extra_seed: 26685]
[early_stopping_round: 0]
[early_stopping_min_delta: 0]
[first_metric_only: 0]
[max_delta_step: 0]
[lambda_l1: 0]
[lambda_l2: 1]
[linear_lambda: 0]
[min_gain_to_split: 0]
[drop_rate: 0.1]
[max_drop: 50]
[skip_drop: 0.5]
[xgboost_dart_mode: 0]
[uniform_drop: 0]
[drop_seed: 2504]
[top_rate: 0.2]
[other_rate: 0.1]
[min_data_per_group: 100]
[max_cat_threshold: 32]
[cat_l2: 10]
[cat_smooth: 10]
[max_cat_to_onehot: 4]
[top_k: 20]
[monotone_constraints: ]
[monotone_constraints_method: basic]
[monotone_penalty: 0]
[feature_contri: ]
[forcedsplits_filename: ]
[refit_decay_rate: 0.9]
[cegb_tradeoff: 1]
[cegb_penalty_split: 0]
[cegb_penalty_feature_lazy: ]
[cegb_penalty_feature_coupled: ]
[path_smooth: 0]
[interaction_constraints: ]
[verbosity: -1]
[saved_feature_importance_type: 0]
[use_quantized_grad: 0]
[num_grad_quant_bins: 4]
[quant_train_renew_leaf: 0]
[stochastic_rounding: 1]
[linear_tree: 0]
[max_bin: 63]
[max_bin_by_feature: ]
[min_data_in_bin: 3]
[bin_construct_sample_cnt: 200000]
[data_random_seed: 20250911]
[is_enable_sparse: 1]
[enable_bundle: 1]
[use_missing: 1]
[zero_as_missing: 0]
[feature_pre_filter: 0]
[pre_partition: 0]
[two_round: 0]
[header: 0]
[label_column: ]
[weight_column: ]
[group_column: ]
[ignore_column: ]
[categorical_feature: ]
[forcedbins_filename: ]
[precise_float_parser: 0]
[parser_config_file: ]
[objective_seed: 19683]
[num_class: 1]
[is_unbalance: 0]
[scale_pos_weight: 1]
[sigmoid: 1]
[boost_from_average: 1]
[reg_sqrt: 0]
[alpha: 0.9]
[fair_c: 1]
[poisson_max_delta_step: 0.7]
[tweedie_variance_power: 1.5]
[lambdarank_truncation_level: 30]
[lambdarank_norm: 1]
[label_gain: ]
[lambdarank_position_bias_regularization: 0]
[eval_at: ]
[multi_error_top_k: 1]
[auc_mu_weights: ]
[num_machines: 1]
[local_listen_port: 12400]
[time_out: 120]
[machine_list_filename: ]
[machines: ]
[gpu_platform_id: -1]
[gpu_device_id: -1]
[gpu_device_id_list: ]
[gpu_use_dp: 0]
[num_gpu: 1]

end of parameters

pandas_categorical:null
