tree
version=v4
num_class=1
num_tree_per_iteration=1
label_index=0
max_feature_idx=18
objective=regression
feature_names=Column_0 Column_1 Column_2 Column_3 Column_4 Column_5 Column_6 Column_7 Column_8 Column_9 Column_10 Column_11 Column_12 Column_13 Column_14 Column_15 Column_16 Column_17 Column_18
feature_infos=[1995.7175999999999:6988.0407999999998] [-4381.8038999999999:3772.5299999999997] [-992.53369999999995:679.22440000000006] [-400.74499999999989:666.52229999999963] [-158.15577916666643:35.305790972222894] [0:1] [0:1] [0:1] [0:1] [0:1] [0:1] [-1:1] [-1:1] [-1:1] [-1:1] [2994.4235696180554:5196.1185534722217] [0:1] [-2222.8330749999986:2061.0624750000006] [-4232.1472500000036:3862.5017999999982]
tree_sizes=763 766 774 775 776 774 778 778 769 774 778 687 773 774 769 768 774 768 768 776 779 769 776 773 775 777 779 771 772 758 771 769 598 776 677 603 770 770 670 765 780 669 775 771 682 762 768 765 682 767 769 769 672 763 765 758 757 754 756 750 752 759 755 751 756 750 590 749 752 764 756 582 749 756 587 753 747 751 759 743 746 756 753 742 754 751 592 747 590 753 757 747 750 590 756 742 764 747 753 588

Tree=0
num_leaves=7
num_cat=0
split_feature=3 1 3 3 4 4
split_gain=3.59628e+07 9.63495e+06 6.24271e+06 5.52422e+06 3.93123e+06 1.71204e+06
threshold=-34.582587499999811 33.489349999999838 -130.33556250000035 44.435012500000092 -78.39448611111105 -26.406796180555371
decision_type=2 2 2 2 2 2
left_child=2 4 -1 -3 -2 -4
right_child=1 3 5 -5 -6 -7
leaf_value=-27.403222675065699 -21.957947624028126 -16.397102864912565 -25.040416784271358 -11.71924635346258 -16.555467164276305 -20.55923212692954
leaf_weight=532 388 926 249 1984 2505 1480
leaf_count=532 388 926 249 1984 2505 1480
internal_value=-17.3221 -15.2379 -22.67 -13.207 -17.2814 -21.2087
internal_weight=8064 5803 2261 2910 2893 1729
internal_count=8064 5803 2261 2910 2893 1729
is_linear=0
shrinkage=1


Tree=1
num_leaves=7
num_cat=0
split_feature=3 1 3 3 4 4
split_gain=3.24839e+07 8.48737e+06 6.04055e+06 4.68234e+06 3.49951e+06 1.6814e+06
threshold=-29.19471249999992 33.489349999999838 -130.33556250000035 44.435012500000092 -36.53851840277752 -78.39448611111105
decision_type=2 2 2 2 2 2
left_child=2 4 -1 -3 -2 -4
right_child=1 3 5 -5 -6 -7
leaf_value=-9.5780078558380577 -3.8882500349304041 0.9312699970249172 -7.447046811580659 5.3228564235027553 0.88847728348793875 -2.9567470167608696
leaf_weight=532 457 875 239 1984 2354 1623
leaf_count=532 457 875 239 1984 2354 1623
internal_value=-0.000113896 2.06193 -4.88273 3.9796 0.110791 -3.53679
internal_weight=8064 5670 2394 2859 2811 1862
internal_count=8064 5670 2394 2859 2811 1862
is_linear=0
shrinkage=0.05


Tree=2
num_leaves=7
num_cat=0
split_feature=3 1 3 3 4 4
split_gain=2.94793e+07 8.26286e+06 4.97312e+06 4.62941e+06 3.57408e+06 1.52491e+06
threshold=-46.025450000000085 33.489349999999838 44.435012500000092 -168.51436250000049 -78.39448611111105 -36.53851840277752
decision_type=2 2 2 2 2 2
left_child=3 4 -3 -1 -2 -5
right_child=1 2 -4 5 -6 -7
leaf_value=-11.404057292941582 -4.4235781973368349 0.73498200700764116 5.0568477043134141 -7.991963308732041 0.58458531493810062 -3.7168170267350287
leaf_weight=266 410 1002 1984 243 2673 1486
leaf_count=266 410 1002 1984 243 2673 1486
internal_value=-0.000211919 1.73313 3.60731 -5.27146 -0.0826555 -4.32193
internal_weight=8064 6069 2986 1995 3083 1729
internal_count=8064 6069 2986 1995 3083 1729
is_linear=0
shrinkage=0.05


Tree=3
num_leaves=7
num_cat=0
split_feature=3 1 3 11 3 3
split_gain=2.67377e+07 6.31182e+06 6.23901e+06 3.72319e+06 2.93594e+06 1.77061e+06
threshold=-9.8571125000003104 15.61635000000024 -130.33556250000035 -0.27976242230339682 81.475587499999634 -70.652499999999677
decision_type=2 2 2 2 2 2
left_child=2 3 -1 -2 -3 -4
right_child=1 4 5 -5 -6 -7
leaf_value=-8.7082558113249906 -1.8070310325652112 1.8989962313502184 -4.4279689863004403 2.2295665079840212 5.1375607694475081 -1.637611914393112
leaf_weight=532 1141 1234 931 1142 1621 1463
leaf_count=532 1141 1234 931 1142 1621 1463
internal_value=-0.000332584 2.17224 -3.81477 0.212244 3.73893 -2.72415
internal_weight=8064 5138 2926 2283 2855 2394
internal_count=8064 5138 2926 2283 2855 2394
is_linear=0
shrinkage=0.05


Tree=4
num_leaves=7
num_cat=0
split_feature=3 3 1 11 4 8
split_gain=2.42975e+07 7.36405e+06 5.29282e+06 3.57193e+06 2.80611e+06 2.21253e+06
threshold=13.325500000000149 -84.151925000000105 62.502250000000011 -0.27976242230339682 -78.39448611111105 1.0000000180025095e-35
decision_type=2 2 2 2 2 2
left_child=1 4 3 -2 -1 -4
right_child=2 -3 5 -5 -6 -7
leaf_value=-11.669839821051603 -1.1134230863234076 -1.4633595592992252 5.2989172311106341 2.786567108595392 -5.1763033704955381 1.7801698748261345
leaf_weight=200 1189 2382 1500 1158 997 638
leaf_count=200 1189 2382 1500 1158 997 638
internal_value=-0.000361225 -3.07228 2.45115 0.811183 -6.27011 4.25021
internal_weight=8064 3579 4485 2347 1197 2138
internal_count=8064 3579 4485 2347 1197 2138
is_linear=0
shrinkage=0.05


Tree=5
num_leaves=7
num_cat=0
split_feature=3 1 3 3 15 2
split_gain=2.19651e+07 5.94343e+06 4.18811e+06 3.65496e+06 3.28639e+06 1.60866e+06
threshold=-34.582587499999811 1.0000000180025095e-35 -168.51436250000049 44.435012500000092 5023.217121875 -232.58500000000024
decision_type=2 2 2 2 2 2
left_child=2 4 -1 -3 -2 -4
right_child=1 3 5 -5 -6 -7
leaf_value=-10.064104952972926 0.88561579072225727 0.64133427915272911 -7.9745222523553032 4.1801291110849093 -3.2063157383979881 -2.9485748719401519
leaf_weight=266 1825 1087 174 2221 670 1821
leaf_count=266 1825 1087 174 2221 670 1821
internal_value=-0.00040244 1.62848 -4.17991 3.01784 -0.214064 -3.3907
internal_weight=8064 5803 2261 3308 2495 1995
internal_count=8064 5803 2261 3308 2495 1995
is_linear=0
shrinkage=0.05


Tree=6
num_leaves=7
num_cat=0
split_feature=3 2 3 1 11 8
split_gain=2.0081e+07 6.74915e+06 4.63726e+06 4.37018e+06 3.21454e+06 2.1374e+06
threshold=13.325500000000149 -317.34499999999974 -84.151925000000105 72.762850000000086 -0.27976242230339682 1.0000000180025095e-35
decision_type=2 2 2 2 2 2
left_child=1 -1 -3 4 -2 -5
right_child=3 2 -4 5 -6 -7
leaf_value=-13.286232349134629 -1.0015871903765721 -4.9600396838206287 -1.0525103601978778 5.0092462864814928 2.6329506659244934 1.5205566721985844
leaf_weight=146 1231 1133 2300 1415 1201 638
leaf_count=146 1231 1133 2300 1415 1201 638
internal_value=-0.000496932 -2.79318 -2.34319 2.22817 0.793609 3.92635
internal_weight=8064 3579 3433 4485 2432 2053
internal_count=8064 3579 3433 4485 2432 2053
is_linear=0
shrinkage=0.05


Tree=7
num_leaves=7
num_cat=0
split_feature=3 1 3 4 3 4
split_gain=1.82127e+07 5.25334e+06 3.35479e+06 3.35213e+06 3.24587e+06 1.18672e+06
threshold=-46.025450000000085 1.0000000180025095e-35 44.435012500000092 -26.406796180555371 -168.51436250000049 -26.406796180555371
decision_type=2 2 2 2 2 2
left_child=4 3 -3 -2 -1 -6
right_child=1 2 -4 -5 5 -7
leaf_value=-9.2782900378554505 -4.0057556192040202 0.51418907507538492 3.8080275449103782 0.54718460271845826 -6.502677968436597 -2.8018604956950921
leaf_weight=266 496 1186 2221 2166 254 1475
leaf_count=266 496 1186 2221 2166 254 1475
internal_value=-0.000541139 1.36189 2.66191 -0.302333 -4.1438 -3.34898
internal_weight=8064 6069 3407 2662 1995 1729
internal_count=8064 6069 3407 2662 1995 1729
is_linear=0
shrinkage=0.05


Tree=8
num_leaves=7
num_cat=0
split_feature=3 2 11 4 3 3
split_gain=1.66252e+07 5.97428e+06 3.98557e+06 7.1843e+06 3.78746e+06 3.11811e+06
threshold=13.325500000000149 -317.34499999999974 -0.2376293295203116 -78.39448611111105 -84.151925000000105 116.9029874999999
decision_type=2 2 2 2 2 2
left_child=1 -1 3 -2 -3 -4
right_child=2 4 5 -5 -6 -7
leaf_value=-12.41388696399676 -7.3422253645898765 -4.4832747805400839 2.266841438693505 1.544059814383576 -0.95188810799023171 6.2753148249842283
leaf_weight=146 257 1133 1614 1920 2300 694
leaf_count=146 257 1133 1614 1920 2300 694
internal_value=-0.000623935 -2.54167 2.02723 0.492123 -2.11833 3.47436
internal_weight=8064 3579 4485 2177 3433 2308
internal_count=8064 3579 4485 2177 3433 2308
is_linear=0
shrinkage=0.05


Tree=9
num_leaves=7
num_cat=0
split_feature=3 2 3 1 18 1
split_gain=1.50375e+07 4.13564e+06 3.9855e+06 3.26512e+06 1.53554e+06 1.16999e+06
threshold=-9.8571125000003104 -317.34499999999974 -130.33556250000035 84.786649999999568 -6.6166125000002003 -228.43825000000012
decision_type=2 2 2 2 2 2
left_child=2 -2 5 -3 -4 -1
right_child=1 3 4 -5 -6 -7
leaf_value=-9.3800261881311577 -4.395886429128824 0.82141055899461368 -3.4070612083346017 3.4319607026346333 -0.85796462904077819 -4.6365716259156242
leaf_weight=238 269 2742 1062 2127 1332 294
leaf_count=238 269 2742 1062 2127 1332 294
internal_value=-0.000686373 1.62861 -2.86129 1.96229 -1.98972 -6.77226
internal_weight=8064 5138 2926 4869 2394 532
internal_count=8064 5138 2926 4869 2394 532
is_linear=0
shrinkage=0.05


Tree=10
num_leaves=7
num_cat=0
split_feature=3 3 11 2 2 3
split_gain=1.37652e+07 4.37462e+06 3.67481e+06 2.44395e+06 1.43654e+06 1.27817e+06
threshold=-51.503175000000276 44.435012500000092 -0.27976242230339682 -232.58500000000024 -254.14539999999985 -130.33556250000035
decision_type=2 2 2 2 2 2
left_child=3 4 -3 -1 -2 -5
right_child=1 2 -4 5 -6 -7
leaf_value=-9.346238531959191 -4.7074801353307869 0.70654328386170318 3.9097801066953211 -5.4016129255071919 -0.10239563604002747 -2.322809911271694
leaf_weight=177 181 1840 1744 467 2437 1218
leaf_count=177 181 1840 1744 467 2437 1218
internal_value=-0.000766282 1.13121 2.26592 -3.76977 -0.422452 -3.1788
internal_weight=8064 6202 3584 1862 2618 1685
internal_count=8064 6202 3584 1862 2618 1685
is_linear=0
shrinkage=0.05


Tree=11
num_leaves=6
num_cat=0
split_feature=3 2 2 1 3
split_gain=1.24999e+07 4.9718e+06 3.29291e+06 2.86826e+06 2.82598e+06
threshold=13.325500000000149 -317.34499999999974 -368.16739999999976 127.47635000000038 -84.151925000000105
decision_type=2 2 2 2 2
left_child=1 -1 -2 -4 -3
right_child=2 4 3 -5 -6
leaf_value=-11.209953056686388 -5.1333187511469616 -3.8608533992121616 1.0524887504993161 3.7338711796476107 -0.81046727842617716
leaf_weight=146 166 1133 2756 1563 2300
leaf_count=146 166 1133 2756 1563 2300
internal_value=-0.000835001 -2.20418 1.75752 2.02349 -1.81802
internal_weight=8064 3579 4485 4319 3433
internal_count=8064 3579 4485 4319 3433
is_linear=0
shrinkage=0.05


Tree=12
num_leaves=7
num_cat=0
split_feature=3 1 4 3 4 3
split_gain=1.13608e+07 4.19173e+06 3.03098e+06 2.67808e+06 2.24341e+06 710663
threshold=-57.728750000000211 -18.564799999999646 -26.406796180555371 81.475587499999634 -78.39448611111105 -168.51436250000049
decision_type=2 2 2 2 2 2
left_child=4 2 -2 -3 -1 -6
right_child=1 3 -4 -5 5 -7
leaf_value=-7.8379727297660082 -4.0444613837566505 0.77723825799301394 0.27597447414263648 3.4658625701716717 -5.5917740809569025 -2.3843868764368752
leaf_weight=263 501 1942 2121 1771 200 1266
leaf_count=263 501 1942 2121 1771 200 1266
internal_value=-0.000893854 0.979637 -0.550782 2.06023 -3.59202 -2.82547
internal_weight=8064 6335 2622 3713 1729 1466
internal_count=8064 6335 2622 3713 1729 1466
is_linear=0
shrinkage=0.05


Tree=13
num_leaves=7
num_cat=0
split_feature=3 2 11 4 3 3
split_gain=1.04523e+07 4.88049e+06 3.46784e+06 5.03332e+06 2.71624e+06 2.11433e+06
threshold=30.411200000000012 -317.34499999999974 -0.2376293295203116 -78.39448611111105 -84.151925000000105 158.95047499999967
decision_type=2 2 2 2 2 2
left_child=1 -1 3 -2 -3 -4
right_child=2 4 5 -5 -6 -7
leaf_value=-10.197878245657142 -6.5098090316386932 -3.4832552471837093 2.5411183860387974 1.2768330991559722 -0.58209160675280391 6.7815493569479761
leaf_weight=164 234 1133 1600 1775 2798 360
leaf_count=164 234 1133 1600 1775 2798 360
internal_value=-0.000944259 -1.77293 1.82728 0.36709 -1.41894 3.32303
internal_weight=8064 4095 3969 2009 3931 1960
internal_count=8064 4095 3969 2009 3931 1960
is_linear=0
shrinkage=0.05


Tree=14
num_leaves=7
num_cat=0
split_feature=3 2 11 4 3 3
split_gain=9.4482e+06 3.95884e+06 2.92836e+06 5.29055e+06 2.33545e+06 2.0851e+06
threshold=13.325500000000149 -317.34499999999974 -0.2376293295203116 -78.39448611111105 116.9029874999999 -118.10875000000009
decision_type=2 2 2 2 2 2
left_child=1 -1 3 -2 -4 -3
right_child=2 5 4 -5 -6 -7
leaf_value=-9.9526506120655824 -6.5108177673331529 -4.1816631095912369 1.7233719491270074 1.1148217868038541 5.192079542744235 -0.98985594040039515
leaf_weight=146 257 625 1614 1920 694 2808
leaf_count=146 257 625 1614 1920 694 2808
internal_value=-0.000960128 -1.91655 1.52776 0.212021 2.76819 -1.57199
internal_weight=8064 3579 4485 2177 2308 3433
internal_count=8064 3579 4485 2177 2308 3433
is_linear=0
shrinkage=0.05


Tree=15
num_leaves=7
num_cat=0
split_feature=3 1 15 3 3 18
split_gain=8.67547e+06 3.18648e+06 2.46654e+06 2.04013e+06 1.83079e+06 935299
threshold=-46.025450000000085 33.489349999999838 5023.217121875 -168.51436250000049 81.475587499999634 -118.82718750000025
decision_type=2 2 2 2 2 2
left_child=3 2 -2 -1 -3 -5
right_child=1 4 -4 5 -6 -7
leaf_value=-6.9303665809741437 0.63425107241735479 0.83231844793094312 -2.6185718908027198 -4.600210396085112 3.3096244362885665 -1.6585095382173376
leaf_weight=266 2304 1455 779 335 1531 1394
leaf_count=266 2304 1455 779 335 1531 1394
internal_value=-0.000996458 0.939318 -0.188242 -2.86057 2.10318 -2.2308
internal_weight=8064 6069 3083 1995 2986 1729
internal_count=8064 6069 3083 1995 2986 1729
is_linear=0
shrinkage=0.05


Tree=16
num_leaves=7
num_cat=0
split_feature=3 2 11 4 3 3
split_gain=7.96029e+06 3.93278e+06 2.82659e+06 3.99373e+06 2.04488e+06 1.73878e+06
threshold=30.411200000000012 -317.34499999999974 -0.2376293295203116 -78.39448611111105 -70.652499999999677 158.95047499999967
decision_type=2 2 2 2 2 2
left_child=1 -1 3 -2 -3 -4
right_child=2 4 5 -5 -6 -7
leaf_value=-9.1102184963768185 -5.8494559968786035 -2.7750937889632468 2.2358375822125862 1.0865856417930928 -0.38819250229597646 6.0810978188037552
leaf_weight=164 234 1385 1600 1775 2546 360
leaf_count=164 234 1385 1600 1775 2546 360
internal_value=-0.00101502 -1.54741 1.59446 0.276196 -1.22966 2.94485
internal_weight=8064 4095 3969 2009 3931 1960
internal_count=8064 4095 3969 2009 3931 1960
is_linear=0
shrinkage=0.05


Tree=17
num_leaves=7
num_cat=0
split_feature=3 2 11 4 3 3
split_gain=7.1851e+06 3.55192e+06 2.55166e+06 3.60574e+06 1.85814e+06 1.56992e+06
threshold=30.411200000000012 -317.34499999999974 -0.2376293295203116 -78.39448611111105 -99.18192499999985 158.95047499999967
decision_type=2 2 2 2 2 2
left_child=1 -1 3 -2 -3 -4
right_child=2 4 5 -5 -6 -7
leaf_value=-8.6574683081742503 -5.5582277702017038 -3.189530243496506 2.1241155421267091 1.0322869562349903 -0.5834967258244983 5.7778850747937973
leaf_weight=164 234 881 1600 1775 3050 360
leaf_count=164 234 881 1600 1775 3050 360
internal_value=-0.00101833 -1.47019 1.51478 0.262268 -1.16821 2.79782
internal_weight=8064 4095 3969 2009 3931 1960
internal_count=8064 4095 3969 2009 3931 1960
is_linear=0
shrinkage=0.05


Tree=18
num_leaves=7
num_cat=0
split_feature=3 1 15 4 3 3
split_gain=6.61085e+06 2.97117e+06 2.35548e+06 1.78004e+06 1.63916e+06 455714
threshold=-57.728750000000211 -18.564799999999646 5023.217121875 -78.39448611111105 81.475587499999634 -168.51436250000049
decision_type=2 2 2 2 2 2
left_child=3 2 -2 -1 -3 -5
right_child=1 4 -4 5 -6 -7
leaf_value=-6.5216487236546756 0.36935959440424637 0.65294197069435966 -3.0057506787911645 -4.2725694657261695 2.7564192782357995 -1.7051427852159518
leaf_weight=263 1915 1942 707 200 1771 1266
leaf_count=263 1915 1942 707 200 1771 1266
internal_value=-0.00102355 0.746948 -0.541509 -2.74041 1.65672 -2.05808
internal_weight=8064 6335 2622 1729 3713 1466
internal_count=8064 6335 2622 1729 3713 1466
is_linear=0
shrinkage=0.05


Tree=19
num_leaves=7
num_cat=0
split_feature=3 2 11 4 3 3
split_gain=6.03375e+06 3.65964e+06 2.13554e+06 2.52954e+06 1.74998e+06 1.15159e+06
threshold=44.435012500000092 -317.34499999999974 -0.27976242230339682 -78.39448611111105 -64.414937500000164 158.95047499999967
decision_type=2 2 2 2 2 2
left_child=1 -1 3 -2 -3 -4
right_child=2 4 5 -5 -6 -7
leaf_value=-8.1493913929970532 -4.7850815741948685 -2.2959741590755298 2.0966436607435637 1.0090599287061182 -0.18453088878358223 5.2009789594138667
leaf_weight=182 212 1515 1361 1628 2783 383
leaf_count=182 212 1515 1361 1628 2783 383
internal_value=-0.00104508 -1.22423 1.52785 0.339238 -0.929153 2.78098
internal_weight=8064 4480 3584 1840 4298 1744
internal_count=8064 4480 3584 1840 4298 1744
is_linear=0
shrinkage=0.05


Tree=20
num_leaves=7
num_cat=0
split_feature=1 10 1 3 3 18
split_gain=5.56129e+06 4.55847e+06 7.71087e+06 2.37927e+06 1.52356e+06 1.12569e+06
threshold=-74.874500000000339 1.0000000180025095e-35 -360.02059999999977 81.475587499999634 30.411200000000012 46.442487499999523
decision_type=2 2 2 2 2 2
left_child=1 2 -1 5 -3 -2
right_child=3 4 -4 -5 -6 -7
leaf_value=-12.763952603668132 -0.66970461685652449 -1.0143261264503418 -2.1226902147536784 2.3713036454159564 2.6258208557264879 1.2879481345670394
leaf_weight=188 1769 573 1723 1982 575 1254
leaf_count=188 1769 573 1723 1982 575 1254
internal_value=-0.00103689 -1.68028 -3.17568 1.02543 0.809617 0.142526
internal_weight=8064 3059 1911 5005 1148 3023
internal_count=8064 3059 1911 5005 1148 3023
is_linear=0
shrinkage=0.05


Tree=21
num_leaves=7
num_cat=0
split_feature=3 2 1 4 11 15
split_gain=5.09427e+06 2.32876e+06 1.9139e+06 1.90169e+06 3.39417e+06 627750
threshold=-29.19471249999992 -368.16739999999976 127.47635000000038 -78.39448611111105 1.0000000180025095e-35 5048.3842533854177
decision_type=2 2 2 2 2 2
left_child=3 -2 -3 4 -1 -5
right_child=1 2 -4 5 -6 -7
leaf_value=-10.730332505815435 -4.6417683060207064 0.33869692160887604 2.316354154812994 -1.1043000623271222 -0.72649366614597088 -4.3582660169334888
leaf_weight=158 188 3640 1842 1894 182 160
leaf_count=158 188 3640 1842 1894 182 160
internal_value=-0.00104881 0.815543 1.00351 -1.93461 -5.39317 -1.35977
internal_weight=8064 5670 5482 2394 340 2054
internal_count=8064 5670 5482 2394 340 2054
is_linear=0
shrinkage=0.05


Tree=22
num_leaves=7
num_cat=0
split_feature=1 10 1 3 3 18
split_gain=4.71322e+06 4.01215e+06 6.72436e+06 2.05054e+06 1.33654e+06 1.31391e+06
threshold=-74.874500000000339 1.0000000180025095e-35 -360.02059999999977 116.9029874999999 30.411200000000012 35.86767499999997
decision_type=2 2 2 2 2 2
left_child=1 2 -1 5 -3 -2
right_child=3 4 -4 -5 -6 -7
leaf_value=-11.903885969677299 -0.55863960931443712 -0.9194822511113272 -1.9666442237928372 2.5504096944183741 2.489957590992304 1.3653767079436812
leaf_weight=188 1973 573 1723 1421 575 1611
leaf_count=188 1973 573 1723 1421 575 1611
internal_value=-0.00111359 -1.54702 -2.94996 0.94385 0.788888 0.306341
internal_weight=8064 3059 1911 5005 1148 3584
internal_count=8064 3059 1911 5005 1148 3584
is_linear=0
shrinkage=0.05


Tree=23
num_leaves=7
num_cat=0
split_feature=3 18 12 4 3 15
split_gain=4.38543e+06 2.55697e+06 1.52874e+06 1.24295e+06 1.22795e+06 352563
threshold=-64.414937500000164 -6.6166125000002003 0.065387565056496968 -78.39448611111105 182.30499999999986 5047.5643862847228
decision_type=2 2 2 2 2 2
left_child=3 2 -2 -1 -3 -5
right_child=1 4 -4 5 -6 -7
leaf_value=-5.5416840304911608 0.4353893666034811 1.1280336080156745 -1.8582552410422233 -1.4485530821494197 3.8479109031011358 -4.0324305187535767
leaf_weight=255 1815 2961 1210 1193 482 148
leaf_count=255 1815 2961 1210 1193 482 148
internal_value=-0.00111335 0.578157 -0.482379 -2.34757 1.50981 -1.73652
internal_weight=8064 6468 3025 1596 3443 1341
internal_count=8064 6468 3025 1596 3443 1341
is_linear=0
shrinkage=0.05


Tree=24
num_leaves=7
num_cat=0
split_feature=1 10 1 3 3 18
split_gain=4.10559e+06 3.78948e+06 5.77498e+06 1.89416e+06 1.16111e+06 837625
threshold=-85.787249999999844 1.0000000180025095e-35 -360.02059999999977 39.348149999999812 30.411200000000012 52.643349999999607
decision_type=2 2 2 2 2 2
left_child=1 2 -1 5 -3 -2
right_child=3 4 -4 -5 -6 -7
leaf_value=-11.204919171159862 -0.93366348539449451 -0.84914223263332245 -1.9575290810483048 1.7502025028997847 2.3286839814649691 0.97147301550799359
leaf_weight=188 1445 573 1590 2734 575 959
leaf_count=188 1445 573 1590 2734 575 959
internal_value=-0.00110398 -1.49581 -2.94107 0.850232 0.74318 -0.173581
internal_weight=8064 2926 1778 5138 1148 2404
internal_count=8064 2926 1778 5138 1148 2404
is_linear=0
shrinkage=0.05


Tree=25
num_leaves=7
num_cat=0
split_feature=1 10 1 3 18 3
split_gain=3.72891e+06 4.04402e+06 4.75119e+06 1.81255e+06 1.12731e+06 1.0483e+06
threshold=-109.47250000000007 1.0000000180025095e-35 -360.02059999999977 116.9029874999999 35.86767499999997 30.411200000000012
decision_type=2 2 2 2 2 2
left_child=1 2 -1 4 -2 -3
right_child=3 5 -4 -5 -6 -7
leaf_value=-10.647637480150456 -0.56570476035159201 -0.80675909207153829 -2.1701835272046366 2.2512840959202931 1.1364028279204983 2.2140598703104515
leaf_weight=188 2180 573 1325 1469 1755 574
leaf_count=188 2180 573 1325 1469 1755 574
internal_value=-0.00111013 -1.53328 -3.2299 0.753212 0.193527 0.705579
internal_weight=8064 2660 1513 5404 3935 1147
internal_count=8064 2660 1513 5404 3935 1147
is_linear=0
shrinkage=0.05


Tree=26
num_leaves=7
num_cat=0
split_feature=3 18 12 11 4 12
split_gain=3.4759e+06 2.14761e+06 1.40121e+06 1.27581e+06 1.02967e+06 305106
threshold=-70.652499999999677 -6.6166125000002003 0.065387565056496968 -0.75166088996455094 -36.53851840277752 -0.065387565056497052
decision_type=2 2 2 2 2 2
left_child=4 2 -2 -3 -1 -6
right_child=1 3 -4 -5 5 -7
leaf_value=-5.2013423215597872 0.39088012150338519 -0.3884767480442321 -1.7875886800950174 1.8568961527800565 -0.88225918896100597 -2.4669648786771852
leaf_weight=239 1852 826 1226 2697 658 566
leaf_count=239 1852 826 1226 2697 658 566
internal_value=-0.00110787 0.487665 -0.477126 1.33049 -2.20526 -1.61647
internal_weight=8064 6601 3078 3523 1463 1224
internal_count=8064 6601 3078 3523 1463 1224
is_linear=0
shrinkage=0.05


Tree=27
num_leaves=7
num_cat=0
split_feature=3 2 11 15 17 12
split_gain=3.29146e+06 2.26072e+06 1.8092e+06 1.58794e+06 1.24712e+06 929328
threshold=44.435012500000092 -317.34499999999974 -0.72219205899833561 5023.217121875 24.316200000000212 0.65918890865109991
decision_type=2 2 2 2 2 2
left_child=1 -1 3 -2 -3 -4
right_child=2 4 5 -5 -6 -7
leaf_value=-6.3474400756870466 0.47045219608518507 0.10215777038911036 2.7619638621819851 -4.0326890961465294 -1.6086264022735524 0.78413227948265152
leaf_weight=182 915 2352 1373 248 1946 1048
leaf_count=182 915 2352 1373 248 1946 1048
internal_value=-0.00110504 -0.90453 1.12811 -0.492444 -0.672626 1.90648
internal_weight=8064 4480 3584 1163 4298 2421
internal_count=8064 4480 3584 1163 4298 2421
is_linear=0
shrinkage=0.05


Tree=28
num_leaves=7
num_cat=0
split_feature=1 15 11 8 1 15
split_gain=3.13075e+06 2.6018e+06 3.67302e+06 1.76782e+06 2.22634e+06 1.65227e+06
threshold=-18.564799999999646 5023.217121875 -0.55543802234893469 1.0000000180025095e-35 188.99340000000032 3119.9957556423615
decision_type=2 2 2 2 2 2
left_child=1 -1 -3 4 -2 -5
right_child=3 2 -4 5 -6 -7
leaf_value=-0.26534870411558575 0.88136938412697929 -7.3847966330539254 -1.005022079387746 0.36565870220865837 4.2134974719178455 -4.0089284437630948
leaf_weight=2865 2428 346 646 861 631 287
leaf_count=2865 2428 346 646 861 631 287
internal_value=-0.00109858 -1.02988 -3.23542 0.942111 1.56986 -0.730525
internal_weight=8064 3857 992 4207 3059 1148
internal_count=8064 3857 992 4207 3059 1148
is_linear=0
shrinkage=0.05


Tree=29
num_leaves=7
num_cat=0
split_feature=3 18 12 4 3 3
split_gain=2.93305e+06 1.88117e+06 1.68167e+06 856767 757029 222329
threshold=-84.151925000000105 35.86767499999997 -0.36235178784537897 -78.39448611111105 182.30499999999986 -168.51436250000049
decision_type=2 2 2 2 2 2
left_child=3 2 -2 -1 -3 -5
right_child=1 4 -4 5 -6 -7
leaf_value=-5.2639436301307301 0.86331092444769342 1.0639231311611996 -1.2019267036239465 -3.1698593646436191 3.4973032071008996 -1.3045455058163644
leaf_weight=200 1746 2494 2261 200 366 797
leaf_count=200 1746 2494 2261 200 366 797
internal_value=-0.00108831 0.397124 -0.302034 -2.28399 1.37644 -1.68153
internal_weight=8064 6867 4007 1197 2860 997
internal_count=8064 6867 4007 1197 2860 997
is_linear=0
shrinkage=0.05


Tree=30
num_leaves=7
num_cat=0
split_feature=3 2 11 3 17 3
split_gain=2.78349e+06 1.89036e+06 1.56601e+06 1.94177e+06 1.09077e+06 829542
threshold=44.435012500000092 -317.34499999999974 1.0000000180025095e-35 284.39707499999992 24.316200000000212 158.95047499999967
decision_type=2 2 2 2 2 2
left_child=1 -1 3 -2 -3 -4
right_child=2 4 5 -5 -6 -7
leaf_value=-5.8089990392083024 -0.47276694462249574 0.1047895749006935 1.7436772698394241 3.5242383142468867 -1.4951677570491648 4.8302157247287258
leaf_weight=182 1813 2352 1138 364 1946 269
leaf_count=182 1813 2352 1138 364 1946 269
internal_value=-0.00106809 -0.831861 1.03737 0.196854 -0.6198 2.33679
internal_weight=8064 4480 3584 2177 4298 1407
internal_count=8064 4480 3584 2177 4298 1407
is_linear=0
shrinkage=0.05


Tree=31
num_leaves=7
num_cat=0
split_feature=1 10 1 3 18 3
split_gain=2.65218e+06 3.24362e+06 3.85846e+06 1.36326e+06 886475 812541
threshold=-109.47250000000007 1.0000000180025095e-35 -360.02059999999977 116.9029874999999 -90.242937500000366 30.411200000000012
decision_type=2 2 2 2 2 2
left_child=1 2 -1 4 -2 -3
right_child=3 5 -4 -5 -6 -7
leaf_value=-9.4971414886927477 -1.2334782357045642 -0.61970236668759116 -1.8577532233465268 1.9343647700492419 0.55670328529405899 2.039900756072091
leaf_weight=188 894 573 1325 1469 3041 574
leaf_count=188 894 573 1325 1469 3041 574
internal_value=-0.000999647 -1.29316 -2.81264 0.635161 0.149779 0.711876
internal_weight=8064 2660 1513 5404 3935 1147
internal_count=8064 2660 1513 5404 3935 1147
is_linear=0
shrinkage=0.05


Tree=32
num_leaves=5
num_cat=0
split_feature=2 3 15 18
split_gain=2.51849e+06 2.23689e+06 1.30715e+06 783079
threshold=-368.16739999999976 -5.1918875000001199 5048.3842533854177 -44.306624999999251
decision_type=2 2 2 2
left_child=-1 3 -3 -2
right_child=1 2 -4 -5
leaf_value=-4.794620887940785 -2.0390467424854184 1.1648641981328924 -1.1720062410490855 -0.33007754050957816
leaf_weight=264 1020 4128 699 1953
leaf_count=264 1020 4128 699 1953
internal_value=-0.00100346 0.161836 0.826288 -0.916892
internal_weight=8064 7800 4827 2973
internal_count=8064 7800 4827 2973
is_linear=0
shrinkage=0.05


Tree=33
num_leaves=7
num_cat=0
split_feature=1 15 11 8 1 15
split_gain=2.29809e+06 2.15555e+06 3.16077e+06 1.50128e+06 1.88029e+06 1.49612e+06
threshold=-18.564799999999646 5023.217121875 1.0000000180025095e-35 1.0000000180025095e-35 188.99340000000032 3119.9957556423615
decision_type=2 2 2 2 2 2
left_child=1 -1 -3 4 -2 -5
right_child=3 2 -4 5 -6 -7
leaf_value=-0.18655364383570983 0.75291261154836786 -5.4216314920728861 0.25271534446861832 0.30889402754710704 3.8150893953711362 -3.8538896067559514
leaf_weight=2865 2428 549 443 861 631 287
leaf_count=2865 2428 549 443 861 631 287
internal_value=-0.00099774 -0.882414 -2.88992 0.807107 1.38561 -0.73425
internal_weight=8064 3857 992 4207 3059 1148
internal_count=8064 3857 992 4207 3059 1148
is_linear=0
shrinkage=0.05


Tree=34
num_leaves=6
num_cat=0
split_feature=3 3 11 11 12
split_gain=2.20256e+06 1.73525e+06 2.19004e+06 772404 673617
threshold=-130.33556250000035 182.30499999999986 0.065387565056497135 -0.1950438958025166 -0.19504389580251641
decision_type=2 2 2 2 2
left_child=4 2 -2 -3 -1
right_child=1 3 -4 -5 -6
leaf_value=-1.307014124730848 -1.0447671626656623 1.394741544555079 0.79152320720280489 4.698487907203666 -4.8689583474486291
leaf_weight=264 3097 797 3411 227 268
leaf_count=264 3097 797 3411 227 268
internal_value=-0.000974709 0.218804 -0.0823493 2.13098 -3.10715
internal_weight=8064 7532 6508 1024 532
internal_count=8064 7532 6508 1024 532
is_linear=0
shrinkage=0.05


Tree=35
num_leaves=5
num_cat=0
split_feature=2 3 15 11
split_gain=2.10219e+06 1.9577e+06 1.56012e+06 1.08792e+06
threshold=-368.16739999999976 116.9029874999999 5048.3842533854177 -0.75166088996455094
decision_type=2 2 2 2
left_child=-1 2 -2 -3
right_child=1 3 -4 -5
leaf_value=-4.3804743597754898 -0.020859056048443375 -0.011708762897849693 -2.7228227809354237 2.5225743641043858
leaf_weight=264 5392 672 592 1144
leaf_count=264 5392 672 592 1144
internal_value=-0.000928066 0.147845 -0.288576 1.58529
internal_weight=8064 7800 5984 1816
internal_count=8064 7800 5984 1816
is_linear=0
shrinkage=0.05


Tree=36
num_leaves=7
num_cat=0
split_feature=3 18 12 11 3 12
split_gain=2.00934e+06 1.57607e+06 1.16585e+06 943812 833529 388226
threshold=-57.728750000000211 -6.6166125000002003 0.065387565056496968 -0.75166088996455094 -168.51436250000049 -0.5554380223489348
decision_type=2 2 2 2 2 2
left_child=4 2 -2 -3 -1 -6
right_child=1 3 -4 -5 5 -7
leaf_value=-4.0808968717685801 0.38138078030519673 -0.34472769637971179 -1.637919862522399 1.6224948947530393 0.044129394344759709 -1.6521088180788213
leaf_weight=266 1787 800 1190 2558 527 936
leaf_count=266 1787 800 1190 2558 527 936
internal_value=-0.000910264 0.411456 -0.426076 1.15387 -1.51117 -1.04148
internal_weight=8064 6335 2977 3358 1729 1463
internal_count=8064 6335 2977 3358 1729 1463
is_linear=0
shrinkage=0.05


Tree=37
num_leaves=7
num_cat=0
split_feature=1 10 1 17 3 3
split_gain=1.8903e+06 2.62516e+06 3.17801e+06 1.01495e+06 705684 678514
threshold=-109.47250000000007 1.0000000180025095e-35 -360.02059999999977 12.553749999999811 75.635387499999993 65.017287500000307
decision_type=2 2 2 2 2 2
left_child=1 2 -1 4 -2 -3
right_child=3 5 -4 -5 -6 -7
leaf_value=-8.5251656599145722 0.54045296149099864 -0.24070805872455658 -1.5922468894519486 -0.20646774680298444 2.1312638503441121 2.2624801865525255
leaf_weight=188 1768 711 1325 2485 1151 436
leaf_count=188 1768 711 1325 2485 1151 436
internal_value=-0.000899883 -1.09179 -2.45877 0.53617 1.16825 0.711951
internal_weight=8064 2660 1513 5404 2919 1147
internal_count=8064 2660 1513 5404 2919 1147
is_linear=0
shrinkage=0.05


Tree=38
num_leaves=6
num_cat=0
split_feature=3 2 15 11 3
split_gain=1.76383e+06 2.15381e+06 1.83956e+06 633350 749573
threshold=182.30499999999986 -368.16739999999976 5048.3842533854177 -0.1950438958025166 323.33363750000018
decision_type=2 2 2 2 2
left_child=1 -1 -3 4 -2
right_child=3 2 -4 -5 -6
leaf_value=-5.4240038090884086 0.27971934447897245 0.15160175516940325 -2.4849783056734429 4.2619273125144996 3.6422288141352066
leaf_weight=197 563 6102 741 227 234
leaf_count=197 563 6102 741 227 234
internal_value=-0.0008898 -0.282997 -0.134224 1.93698 1.27028
internal_weight=8064 7040 6843 1024 797
internal_count=8064 7040 6843 1024 797
is_linear=0
shrinkage=0.05


Tree=39
num_leaves=7
num_cat=0
split_feature=3 18 12 11 4 11
split_gain=1.6772e+06 1.44868e+06 1.40968e+06 639068 756864 590342
threshold=-84.151925000000105 35.86767499999997 -0.065387565056497052 -0.51864980417341167 -4.7976749999997983 -0.75166088996455094
decision_type=2 2 2 2 2 2
left_child=3 2 -2 4 -1 -3
right_child=1 5 -4 -5 -6 -7
leaf_value=-6.2186015339876644 0.56041690362869157 -0.15298391108598675 -1.31947322971509 -1.0434267909107866 -1.2657385326828807 1.5526024880610514
leaf_weight=150 2145 659 1862 888 159 2201
leaf_count=150 2145 659 1862 888 159 2201
internal_value=-0.000842662 0.300282 -0.313254 -1.72716 -3.68235 1.15969
internal_weight=8064 6867 4007 1197 309 2860
internal_count=8064 6867 4007 1197 309 2860
is_linear=0
shrinkage=0.05


Tree=40
num_leaves=7
num_cat=0
split_feature=3 11 16 11 4 17
split_gain=1.61923e+06 1.17366e+06 1.20599e+06 1.06451e+06 2.85109e+06 764592
threshold=44.435012500000092 -0.72219205899833561 0.32800371133387768 0.27976242230339698 -36.53851840277752 -63.002187499999984
decision_type=2 2 2 2 2 2
left_child=3 2 -2 4 -1 -5
right_child=1 -3 -4 5 -6 -7
leaf_value=-5.6809959618616688 3.5779403914422852 1.4181041540133497 -1.1461304139644941 2.0965007005418013 -0.66273614578691442 -0.29551232192446203
leaf_weight=330 155 2421 1008 410 1956 1784
leaf_count=330 155 2421 1008 410 1956 1784
internal_value=-0.000849428 0.791175 -0.513992 -0.634504 -1.38932 0.152243
internal_weight=8064 3584 1163 4480 2286 2194
internal_count=8064 3584 1163 4480 2286 2194
is_linear=0
shrinkage=0.05


Tree=41
num_leaves=6
num_cat=0
split_feature=3 2 15 11 3
split_gain=1.59627e+06 1.96393e+06 1.76195e+06 402048 498588
threshold=212.47375000000014 -368.16739999999976 5048.3842533854177 -0.2376293295203116 323.33363750000018
decision_type=2 2 2 2 2
left_child=1 -1 -3 4 -2
right_child=3 2 -4 -5 -6
leaf_value=-4.881522563966838 0.51122596875747761 0.19547471943859049 -2.3069981530120578 4.5107711313544092 3.440093697479059
leaf_weight=219 390 6286 791 147 231
leaf_count=219 390 6286 791 147 231
internal_value=-0.000811249 -0.229153 -0.0845144 2.16591 1.60449
internal_weight=8064 7296 7077 768 621
internal_count=8064 7296 7077 768 621
is_linear=0
shrinkage=0.05


Tree=42
num_leaves=7
num_cat=0
split_feature=18 12 4 3 11 0
split_gain=1.52604e+06 1.13799e+06 1.74962e+06 1.03417e+06 1.35697e+06 690852
threshold=-44.306624999999251 -0.065387565056497052 -78.39448611111105 182.30499999999986 -0.77969889170510642 6447.974650000001
decision_type=2 2 2 2 2 2
left_child=1 5 -3 4 -2 -1
right_child=3 2 -4 -5 -6 -7
leaf_value=0.44013134387385877 -1.6067775935504862 -6.9394240878476694 -1.3428427576054223 2.5142083167900662 0.66484993233359846 -1.8275279485722651
leaf_weight=1350 796 162 981 576 3753 446
leaf_count=1350 796 162 981 576 3753 446
internal_value=-0.000761582 -0.908873 -2.14143 0.520083 0.267087 -0.123699
internal_weight=8064 2939 1143 5125 4549 1796
internal_count=8064 2939 1143 5125 4549 1796
is_linear=0
shrinkage=0.05


Tree=43
num_leaves=7
num_cat=0
split_feature=17 11 4 3 15 3
split_gain=1.4973e+06 1.83375e+06 1.83554e+06 1.01575e+06 1.20159e+06 798994
threshold=41.953225000000025 -0.65918890865109969 -36.53851840277752 212.47375000000014 5048.3842533854177 21.664549999999739
decision_type=2 2 2 2 2 2
left_child=3 2 -2 4 -1 -3
right_child=1 5 -4 -5 -6 -7
leaf_value=0.61275988888667332 -7.9746728545143499 -0.98276400987647827 -1.7758681107202365 2.7689788945800999 -1.9862551479641184 0.84485632820198175
leaf_weight=3897 146 1321 642 466 501 1091
leaf_count=3897 146 1321 642 466 501 1091
internal_value=-0.000773702 -0.84061 -2.93303 0.551809 0.316308 -0.156084
internal_weight=8064 3200 788 4864 4398 2412
internal_count=8064 3200 788 4864 4398 2412
is_linear=0
shrinkage=0.05


Tree=44
num_leaves=6
num_cat=0
split_feature=3 18 12 12 3
split_gain=1.43907e+06 1.33534e+06 1.40993e+06 530602 475412
threshold=-130.33556250000035 65.078425000000621 -0.065387565056497052 -0.19504389580251641 254.49124999999984
decision_type=2 2 2 2 2
left_child=3 2 -2 -1 -3
right_child=1 4 -4 -5 -6
leaf_value=-0.91511269960060437 0.51938440286064436 0.93505186595642253 -1.1655026056865734 -4.0748747716162725 3.8651300851331687
leaf_weight=264 2548 2418 2420 268 146
leaf_count=264 2548 2418 2420 268 146
internal_value=-0.00078767 0.176861 -0.301423 -2.51153 1.10334
internal_weight=8064 7532 4968 532 2564
internal_count=8064 7532 4968 532 2564
is_linear=0
shrinkage=0.05


Tree=45
num_leaves=7
num_cat=0
split_feature=3 11 4 11 17 12
split_gain=1.36159e+06 1.43232e+06 3.53729e+06 954248 757525 715187
threshold=116.9029874999999 0.21643961393810304 -26.406796180555371 -0.72219205899833561 -113.29967499999951 0.44218343748786643
decision_type=2 2 2 2 2 2
left_child=1 2 -1 -2 -3 -5
right_child=3 4 -4 5 -6 -7
leaf_value=-5.246226803720667 -0.20109981418371048 2.8229193865235755 -0.42891242192998508 3.4926351455395337 0.14868042883265448 0.97659671585377417
leaf_weight=444 770 292 2654 500 2754 650
leaf_count=444 770 292 2654 500 2754 650
internal_value=-0.00075347 -0.363971 -1.12079 1.16113 0.405884 2.07261
internal_weight=8064 6144 3098 1920 3046 1150
internal_count=8064 6144 3098 1920 3046 1150
is_linear=0
shrinkage=0.05


Tree=46
num_leaves=7
num_cat=0
split_feature=17 11 4 3 15 3
split_gain=1.31195e+06 1.58617e+06 1.57318e+06 871468 1.08717e+06 673195
threshold=41.953225000000025 -0.65918890865109969 -36.53851840277752 212.47375000000014 5048.3842533854177 26.608600000000028
decision_type=2 2 2 2 2 2
left_child=3 2 -2 4 -1 -3
right_child=1 5 -4 -5 -6 -7
leaf_value=0.58039330228563002 -7.4003729602917518 -0.87964916516060032 -1.6615816612683041 2.5702240280448052 -1.8917808520663308 0.80555327102042851
leaf_weight=3897 146 1368 642 466 501 1044
leaf_count=3897 146 1368 642 466 501 1044
internal_value=-0.000706094 -0.786844 -2.73289 0.516545 0.298409 -0.150202
internal_weight=8064 3200 788 4864 4398 2412
internal_count=8064 3200 788 4864 4398 2412
is_linear=0
shrinkage=0.05


Tree=47
num_leaves=7
num_cat=0
split_feature=18 12 4 12 3 0
split_gain=1.28116e+06 922042 1.38192e+06 898208 1.08157e+06 581358
threshold=-44.306624999999251 0.065387565056496968 -78.39448611111105 -0.32136297141497067 -147.83608749999982 6447.974650000001
decision_type=2 2 2 2 2 2
left_child=1 5 -3 -2 -5 -1
right_child=3 2 -4 4 -6 -7
leaf_value=0.32909698615390054 1.4128018498329111 -6.387776889647176 -1.2652717608311139 -4.072307976472282 0.2023686319066049 -1.7373049264727891
leaf_weight=1426 1707 153 914 154 3264 446
leaf_count=1426 1707 153 914 154 3264 446
internal_value=-0.000719628 -0.832787 -2.00509 0.47651 0.00863581 -0.163884
internal_weight=8064 2939 1067 5125 3418 1872
internal_count=8064 2939 1067 5125 3418 1872
is_linear=0
shrinkage=0.05


Tree=48
num_leaves=6
num_cat=0
split_feature=3 11 4 3 11
split_gain=1.27362e+06 1.67167e+06 3.75772e+06 1.20249e+06 165500
threshold=284.39707499999992 0.065387565056497135 -26.406796180555371 81.475587499999634 -0.72219205899833561
decision_type=2 2 2 2 2
left_child=1 2 -1 -3 -2
right_child=4 3 -4 -5 -6
leaf_value=-4.5108792352076383 1.9741767646729196 0.12415647540221607 -0.20536018222542773 2.2548112690808142 4.123613502528217
leaf_weight=600 237 2998 3233 849 147
leaf_count=600 237 2998 3233 849 147
internal_value=-0.000755057 -0.141419 -0.880327 0.594838 2.80558
internal_weight=8064 7680 3833 3847 384
internal_count=8064 7680 3833 3847 384
is_linear=0
shrinkage=0.05


Tree=49
num_leaves=7
num_cat=0
split_feature=3 18 17 11 3 12
split_gain=1.17768e+06 1.00465e+06 906666 615082 530870 310657
threshold=-57.728750000000211 -6.6166125000002003 -374.13822500000055 -0.75166088996455094 -168.51436250000049 0.75166088996455105
decision_type=2 2 2 2 2 2
left_child=4 2 -2 -3 -1 -6
right_child=1 3 -4 -5 5 -7
leaf_value=-3.2076356196674007 -3.5374429213026399 -0.30201622453540306 -0.11456761653446002 1.2860594651687653 -0.40963312981284761 -2.2079894558677187
leaf_weight=266 207 800 2770 2558 1161 302
leaf_count=266 207 800 2770 2558 1161 302
internal_value=-0.00069399 0.315003 -0.353679 0.907744 -1.15691 -0.782114
internal_weight=8064 6335 2977 3358 1729 1463
internal_count=8064 6335 2977 3358 1729 1463
is_linear=0
shrinkage=0.05


Tree=50
num_leaves=7
num_cat=0
split_feature=17 11 4 17 4 3
split_gain=1.18298e+06 1.33807e+06 1.96629e+06 850955 931982 619342
threshold=24.316200000000212 -0.59116893267988335 -78.39448611111105 -374.13822500000055 -26.406796180555371 -5.1918875000001199
decision_type=2 2 2 2 2 2
left_child=3 2 -2 4 -1 -5
right_child=1 -3 -4 5 -6 -7
leaf_value=-4.4073652174299127 -7.4540447420195539 -0.066845711837817817 -1.2889268228845012 0.065128801235777606 -0.10977967898118852 1.4168767720009354
leaf_weight=150 151 2561 872 1388 767 2175
leaf_count=150 151 2561 872 1388 767 2175
internal_value=-0.000711942 -0.677687 -2.20532 0.540898 -0.816801 0.890457
internal_weight=8064 3584 1023 4480 917 3563
internal_count=8064 3584 1023 4480 917 3563
is_linear=0
shrinkage=0.05


Tree=51
num_leaves=7
num_cat=0
split_feature=3 15 11 2 11 3
split_gain=1.19214e+06 1.25909e+06 1.96036e+06 1.10974e+06 547768 686714
threshold=158.95047499999967 5048.3842533854177 1.0000000180025095e-35 -368.16739999999976 -0.1950438958025166 323.33363750000018
decision_type=2 2 2 2 2 2
left_child=1 3 -3 -1 5 -2
right_child=4 2 -4 -5 -6 -7
leaf_value=-4.3057129914696155 0.0018431146316964864 -5.3286651550630735 -0.049540605886616344 0.077746728323239395 3.1255891058549903 3.1206403568165104
leaf_weight=147 709 299 425 5913 337 234
leaf_count=147 709 299 425 5913 337 234
internal_value=-0.000749783 -0.264872 -2.23407 -0.0292776 1.39821 0.778241
internal_weight=8064 6784 724 6060 1280 943
internal_count=8064 6784 724 6060 1280 943
is_linear=0
shrinkage=0.05


Tree=52
num_leaves=6
num_cat=0
split_feature=3 11 4 3 0
split_gain=1.0939e+06 1.33393e+06 3.09092e+06 993202 141474
threshold=284.39707499999992 0.065387565056497135 -26.406796180555371 81.475587499999634 4254.7700000000013
decision_type=2 2 2 2 2
left_child=1 2 -1 -3 -2
right_child=4 3 -4 -5 -6
leaf_value=-4.0838649900056758 3.342870353193204 0.098833697878269011 -0.1789941099755139 2.0352076532667613 1.3475636058120894
leaf_weight=600 240 2998 3233 849 144
leaf_count=600 240 2998 3233 849 144
internal_value=-0.000733114 -0.131095 -0.79115 0.526593 2.60007
internal_weight=8064 7680 3833 3847 384
internal_count=8064 7680 3833 3847 384
is_linear=0
shrinkage=0.05


Tree=53
num_leaves=7
num_cat=0
split_feature=17 11 4 17 18 3
split_gain=1.07783e+06 1.13641e+06 1.6258e+06 744545 909485 557100
threshold=24.316200000000212 -0.59116893267988335 -78.39448611111105 -374.13822500000055 18.384999999999312 -84.151925000000105
decision_type=2 2 2 2 2 2
left_child=3 2 -2 4 -1 -5
right_child=1 -3 -4 5 -6 -7
leaf_value=-3.012554014404615 -6.8274507133584281 -0.083923770739441739 -1.221344289565107 -0.62708696935312214 0.34230031782523501 1.1089108106346741
leaf_weight=299 151 2561 872 545 618 3018
leaf_count=299 151 2561 872 545 618 3018
internal_value=-0.000680574 -0.646867 -2.05469 0.516298 -0.753684 0.843269
internal_weight=8064 3584 1023 4480 917 3563
internal_count=8064 3584 1023 4480 917 3563
is_linear=0
shrinkage=0.05


Tree=54
num_leaves=7
num_cat=0
split_feature=3 15 11 17 12 3
split_gain=1.05066e+06 1.12353e+06 1.67501e+06 940113 535828 602973
threshold=158.95047499999967 5048.3842533854177 1.0000000180025095e-35 24.316200000000212 -0.44218343748786698 323.33363750000018
decision_type=2 2 2 2 2 2
left_child=1 3 -3 -1 -2 -6
right_child=4 2 -4 -5 5 -7
leaf_value=0.53077446872014089 3.2644070497565512 -4.9693526546359061 -0.089445394536419101 -0.7223181762007973 0.092386486188236944 2.968730762105233
leaf_weight=3367 275 299 425 2693 767 238
leaf_count=3367 275 299 425 2693 767 238
internal_value=-0.000710536 -0.248664 -2.10884 -0.026114 1.31261 0.775825
internal_weight=8064 6784 724 6060 1280 1005
internal_count=8064 6784 724 6060 1280 1005
is_linear=0
shrinkage=0.05


Tree=55
num_leaves=7
num_cat=0
split_feature=18 12 3 12 4 0
split_gain=1.02444e+06 843849 838693 765921 985756 509502
threshold=-44.306624999999251 -0.32136297141497067 -147.83608749999982 0.065387565056496968 -78.39448611111105 6447.974650000001
decision_type=2 2 2 2 2 2
left_child=3 -2 -3 5 -5 -1
right_child=1 2 -4 4 -6 -7
leaf_value=0.32642581323455411 1.3335952731141651 -3.6210373054781266 0.1432009404512824 -5.5149163925028475 -1.1881658473639378 -1.6080581073659646
leaf_weight=1426 1707 154 3264 153 914 446
leaf_count=1426 1707 154 3264 153 914 446
internal_value=-0.000668345 0.426077 -0.0274085 -0.744715 -1.81317 -0.135073
internal_weight=8064 5125 3418 2939 1067 1872
internal_count=8064 5125 3418 2939 1067 1872
is_linear=0
shrinkage=0.05


Tree=56
num_leaves=7
num_cat=0
split_feature=3 11 4 3 3 12
split_gain=959707 1.12144e+06 2.74891e+06 644116 321725 414800
threshold=182.30499999999986 0.065387565056497135 -26.406796180555371 8.8600749999995987 323.33363750000018 -0.44218343748786698
decision_type=2 2 2 2 2 2
left_child=1 2 -1 -3 5 -2
right_child=4 3 -4 -5 -6 -7
leaf_value=-4.2831770902788975 2.9781448181738726 -0.24029291063291383 -0.26970390990002974 1.0808095753736524 2.9608531555776931 0.2607925820783672
leaf_weight=501 184 1929 2843 1767 256 584
leaf_count=501 184 1929 2843 1767 256 584
internal_value=-0.000697718 -0.208789 -0.872105 0.391427 1.42874 0.914851
internal_weight=8064 7040 3344 3696 1024 768
internal_count=8064 7040 3344 3696 1024 768
is_linear=0
shrinkage=0.05


Tree=57
num_leaves=7
num_cat=0
split_feature=18 12 16 12 4 0
split_gain=922884 775590 761295 687916 840104 460623
threshold=-44.306624999999251 -0.32136297141497067 0.32800371133387768 0.065387565056496968 -78.39448611111105 6447.974650000001
decision_type=2 2 2 2 2 2
left_child=3 -2 -3 5 -5 -1
right_child=1 2 -4 4 -6 -7
leaf_value=0.30971768651713671 1.2744332373951426 0.40739667071996011 -1.3016303384059948 -5.1368629691178924 -1.1423889475163134 -1.5296345974241596
leaf_weight=1426 1707 2543 875 153 914 446
leaf_count=1426 1707 2543 875 153 914 446
internal_value=-0.000647413 0.404393 -0.030363 -0.706851 -1.71944 -0.129087
internal_weight=8064 5125 3418 2939 1067 1872
internal_count=8064 5125 3418 2939 1067 1872
is_linear=0
shrinkage=0.05


Tree=58
num_leaves=7
num_cat=0
split_feature=3 17 11 17 11 3
split_gain=919111 734780 1.01331e+06 881929 702978 771927
threshold=86.791575000000208 -18.443099999999955 -0.59116893267988335 -374.13822500000055 -0.15208718494349127 323.33363750000018
decision_type=2 2 2 2 2 2
left_child=1 3 -3 -1 5 -2
right_child=4 2 -4 -5 -6 -7
leaf_value=-1.5471439113472307 -0.32840902906321462 -2.6115837003933962 -0.40337087190531928 0.7954429121848513 1.84191879582976 2.753954453442137
leaf_weight=510 1352 658 2457 1879 970 238
leaf_count=510 1352 658 2457 1879 970 238
internal_value=-0.000659179 -0.364701 -0.870513 0.294913 0.781867 0.134417
internal_weight=8064 5504 3115 2389 2560 1590
internal_count=8064 5504 3115 2389 2560 1590
is_linear=0
shrinkage=0.05


Tree=59
num_leaves=7
num_cat=0
split_feature=3 18 12 1 1 0
split_gain=870505 828553 942118 342607 334427 80532.5
threshold=-118.10875000000009 72.574462499999996 -0.065387565056497052 -228.43825000000012 62.502250000000011 4318.4742000000015
decision_type=2 2 2 2 2 2
left_child=3 2 -2 -1 -3 -5
right_child=1 4 -4 5 -6 -7
leaf_value=-3.0722708789805928 0.46883939235005156 0.4107605506626919 -0.90390135292429863 -1.3743651302041193 1.6046096056734418 0.08579173205811301
leaf_weight=277 2521 1381 2477 227 1020 161
leaf_count=277 2521 1381 2477 227 1020 161
internal_value=-0.000623113 0.155206 -0.211533 -1.73205 0.918392 -0.769812
internal_weight=8064 7399 4998 665 2401 388
internal_count=8064 7399 4998 665 2401 388
is_linear=0
shrinkage=0.05


Tree=60
num_leaves=7
num_cat=0
split_feature=3 15 11 17 11 3
split_gain=841835 982283 1.40444e+06 746645 394836 435768
threshold=158.95047499999967 5048.3842533854177 1.0000000180025095e-35 24.316200000000212 -0.1950438958025166 323.33363750000018
decision_type=2 2 2 2 2 2
left_child=1 3 -3 -1 5 -2
right_child=4 2 -4 -5 -6 -7
leaf_value=0.48181951662781047 0.030119531102163696 -4.581192000150681 -0.11269535692015165 -0.63491551312130523 2.6415174749299624 2.514592182737716
leaf_weight=3367 709 299 425 2693 337 234
leaf_count=3367 709 299 425 2693 337 234
internal_value=-0.000609194 -0.222559 -1.96188 -0.0144686 1.17498 0.648638
internal_weight=8064 6784 724 6060 1280 943
internal_count=8064 6784 724 6060 1280 943
is_linear=0
shrinkage=0.05


Tree=61
num_leaves=7
num_cat=0
split_feature=18 12 4 16 3 0
split_gain=798971 768511 1.03439e+06 553414 552599 449193
threshold=-6.6166125000002003 -0.065387565056497052 -78.39448611111105 0.70617644176844296 -147.83608749999982 6447.974650000001
decision_type=2 2 2 2 2 2
left_child=1 5 -3 4 -2 -1
right_child=3 2 -4 -5 -6 -7
leaf_value=0.47349154320452763 -2.7690526308157506 -4.5893298633911641 -0.8658550588101539 1.4381829643618615 0.28109398948714731 -1.1964187269430797
leaf_weight=1656 155 216 1334 1086 3086 531
leaf_count=1656 155 216 1334 1086 3086 531
internal_value=-0.000576633 -0.536041 -1.38736 0.461892 0.134412 0.0676786
internal_weight=8064 3737 1550 4327 3241 2187
internal_count=8064 3737 1550 4327 3241 2187
is_linear=0
shrinkage=0.05


Tree=62
num_leaves=7
num_cat=0
split_feature=3 11 4 12 3 17
split_gain=778424 841475 1.5179e+06 613646 574363 456942
threshold=116.9029874999999 0.27976242230339698 -24.486523263888554 -0.48087430661751701 284.39707499999992 -113.29967499999951
decision_type=2 2 2 2 2 2
left_child=1 2 -1 -2 -5 -3
right_child=3 5 -4 4 -6 -7
leaf_value=-3.3721013719287201 2.4913706441946792 2.3051571340559804 -0.36853633580558798 -0.17134010995206025 2.1442357035057453 0.14189610362496538
leaf_weight=496 450 268 2740 1119 351 2640
leaf_count=496 450 268 2740 1119 351 2640
internal_value=-0.000592609 -0.275225 -0.829809 0.877917 0.382644 0.341985
internal_weight=8064 6144 3236 1920 1470 2908
internal_count=8064 6144 3236 1920 1470 2908
is_linear=0
shrinkage=0.05


Tree=63
num_leaves=7
num_cat=0
split_feature=17 11 4 17 17 18
split_gain=728064 969173 814144 555268 517905 702029
threshold=41.953225000000025 -0.65918890865109969 -36.53851840277752 213.76407500000008 -374.13822500000055 18.384999999999312
decision_type=2 2 2 2 2 2
left_child=4 2 -2 -3 5 -1
right_child=1 3 -4 -5 -6 -7
leaf_value=-2.6696773242950442 -5.4653564962400063 -0.7538399266759126 -1.3363763800652737 0.77580072890718776 0.63345441232575062 0.27784746563624779
leaf_weight=299 146 1363 642 1049 3947 618
leaf_count=299 146 1363 642 1049 3947 618
internal_value=-0.000543324 -0.586174 -2.10735 -0.0885399 0.384782 -0.685093
internal_weight=8064 3200 788 2412 4864 917
internal_count=8064 3200 788 2412 4864 917
is_linear=0
shrinkage=0.05


Tree=64
num_leaves=7
num_cat=0
split_feature=3 18 11 15 12 0
split_gain=739285 597313 575086 725550 521620 453617
threshold=86.791575000000208 -90.242937500000366 -0.15208718494349127 5007.3846571180575 -0.32136297141497067 4158.6193500000008
decision_type=2 2 2 2 2 2
left_child=1 5 3 -2 -3 -1
right_child=2 4 -4 -5 -6 -7
leaf_value=-2.5313386139273644 0.81373431110863204 0.67972864149447609 1.6600307026500101 -1.5163956881194247 -0.47355407727598486 -0.59593568311601197
leaf_weight=449 1114 1601 970 476 2526 928
leaf_count=449 1114 1601 970 476 2526 928
internal_value=-0.000569085 -0.327061 0.701243 0.115646 -0.0261012 -1.22839
internal_weight=8064 5504 2560 1590 4127 1377
internal_count=8064 5504 2560 1590 4127 1377
is_linear=0
shrinkage=0.05


Tree=65
num_leaves=7
num_cat=0
split_feature=3 15 11 18 2 16
split_gain=726951 1.02425e+06 1.1822e+06 639081 326381 143342
threshold=230.68433749999988 5048.3842533854177 -0.44218343748786698 -6.6166125000002003 -114.41599999999993 0.48929646994993131
decision_type=2 2 2 2 2 2
left_child=1 3 -3 -1 -2 -6
right_child=4 2 -4 -5 5 -7
leaf_value=-0.46959466198955391 3.4075994183728984 -4.4783530671299596 -0.5032690523954847 0.52204371650749648 0.22559661711102091 2.0550782235229721
leaf_weight=2965 181 272 595 3592 290 169
leaf_count=2965 181 272 595 3592 290 169
internal_value=-0.000552812 -0.140021 -1.75408 0.073633 1.61497 0.9022
internal_weight=8064 7424 867 6557 640 459
internal_count=8064 7424 867 6557 640 459
is_linear=0
shrinkage=0.05


Tree=66
num_leaves=5
num_cat=0
split_feature=3 17 17 11
split_gain=711620 672175 695035 615792
threshold=-168.51436250000049 -18.443099999999955 -250.1169499999996 -0.62577451934762984
decision_type=2 2 2 2
left_child=-1 2 -2 -3
right_child=1 3 -4 -5
leaf_value=-2.5387376929936787 -0.47680377710855093 -1.2716532174397814 1.0830265730866948 0.04659315592166792
leaf_weight=266 1020 1228 2377 3173
leaf_count=266 1020 1228 2377 3173
internal_value=-0.000520466 0.0863759 0.614662 -0.321439
internal_weight=8064 7798 3397 4401
internal_count=8064 7798 3397 4401
is_linear=0
shrinkage=0.05


Tree=67
num_leaves=7
num_cat=0
split_feature=3 15 3 8 0 15
split_gain=687941 578181 549519 517722 340116 472529
threshold=-57.728750000000211 5048.3842533854177 212.47375000000014 1.0000000180025095e-35 6080.1217000000006 5011.9004950520839
decision_type=2 2 2 2 2 2
left_child=4 3 -3 -2 5 -1
right_child=1 2 -4 -5 -6 -7
leaf_value=-0.87936748382731766 0.64588100137292881 -1.6029835963245942 1.5596888682436805 -0.66067623890192551 0.21343536186124759 -3.4616874789359957
leaf_weight=1014 4573 683 171 908 501 214
leaf_count=1014 4573 683 171 908 501 214
internal_value=-0.000514017 0.240772 -0.968625 0.429352 -0.884206 -1.33183
internal_weight=8064 6335 854 5481 1729 1228
internal_count=8064 6335 854 5481 1729 1228
is_linear=0
shrinkage=0.05


Tree=68
num_leaves=7
num_cat=0
split_feature=3 11 4 17 17 12
split_gain=655439 781321 1.75154e+06 472345 275612 255121
threshold=182.30499999999986 0.21643961393810304 -26.406796180555371 -113.29967499999951 95.024574999999928 -0.32136297141497067
decision_type=2 2 2 2 2 2
left_child=1 2 -1 -3 5 -2
right_child=4 3 -4 -5 -6 -7
leaf_value=-3.2651848906187162 3.5209662314256032 2.2088231905736033 -0.21639247215834875 0.18849896776481434 -0.18274554280025182 1.2120123554252409
leaf_weight=553 149 319 3149 3019 272 603
leaf_count=553 149 319 3149 3019 272 603
internal_value=-0.000514265 -0.172484 -0.672576 0.382177 1.18079 1.67357
internal_weight=8064 7040 3702 3338 1024 752
internal_count=8064 7040 3702 3338 1024 752
is_linear=0
shrinkage=0.05


Tree=69
num_leaves=7
num_cat=0
split_feature=3 11 4 12 12 0
split_gain=621841 597744 1.28678e+06 456783 374755 621679
threshold=-9.8571125000003104 -0.75166088996455094 -78.39448611111105 0.83127174505093893 0.19504389580251646 3727.1775000000002
decision_type=2 2 2 2 2 2
left_child=4 2 -2 -3 -1 -6
right_child=1 3 -4 -5 5 -7
leaf_value=-0.12338015034001049 -4.6738901578737595 0.99556684568844589 0.0072494955195320987 -0.24113238252235525 -0.56858726674459115 -3.1639607771481359
leaf_weight=1766 166 2731 1214 1027 843 317
leaf_count=1766 166 2731 1214 1027 843 317
internal_value=-0.000467067 0.330857 -0.558821 0.657623 -0.58218 -1.27995
internal_weight=8064 5138 1380 3758 2926 1160
internal_count=8064 5138 1380 3758 2926 1160
is_linear=0
shrinkage=0.05


Tree=70
num_leaves=7
num_cat=0
split_feature=18 12 16 3 12 3
split_gain=623350 536314 509303 480630 742548 322701
threshold=-44.306624999999251 -0.4026508470528945 0.32800371133387768 284.39707499999992 0.83127174505093893 131.4176750000004
decision_type=2 2 2 2 2 2
left_child=3 5 -3 4 -1 -2
right_child=1 2 -4 -5 -6 -7
leaf_value=-0.45660600265062351 0.80258428565407758 0.36914020592035129 -0.95779375080720031 2.0165342534626172 -3.1185680165276595 2.8237517605567799
leaf_weight=2480 1340 2545 1009 167 292 231
leaf_count=2480 1340 2545 1009 167 292 231
internal_value=-0.000491873 0.332391 -0.00774704 -0.580885 -0.738038 1.10138
internal_weight=8064 5125 3554 2939 2772 1571
internal_count=8064 5125 3554 2939 2772 1571
is_linear=0
shrinkage=0.05


Tree=71
num_leaves=5
num_cat=0
split_feature=3 15 11 3
split_gain=597527 745729 958769 603730
threshold=323.33363750000018 5048.3842533854177 -0.27976242230339682 44.435012500000092
decision_type=2 2 2 2
left_child=1 3 -3 -1
right_child=-2 2 -4 -5
leaf_value=-0.28221555398274084 2.3717391875699341 -3.3223409589136867 -0.10305716263942229 0.67447757524888907
leaf_weight=4072 256 382 584 2770
leaf_count=4072 256 382 584 2770
internal_value=-0.000458109 -0.0785288 -1.37823 0.105146
internal_weight=8064 7808 966 6842
internal_count=8064 7808 966 6842
is_linear=0
shrinkage=0.05


Tree=72
num_leaves=7
num_cat=0
split_feature=18 12 4 0 3 17
split_gain=586296 765957 978401 490961 357343 226107
threshold=35.86767499999997 -0.021809693682668031 -113.65335972222282 6447.974650000001 -130.33556250000035 -48.826475000000293
decision_type=2 2 2 2 2 2
left_child=1 3 -3 -1 -2 -6
right_child=4 2 -4 -5 5 -7
leaf_value=0.57932704835686877 -1.41542734740064 -4.1098668425770128 -0.68986054770936367 -1.0615559770725669 1.132482667769972 0.27590057758552028
leaf_weight=2016 226 235 1843 588 1336 1820
leaf_count=2016 226 235 1843 588 1336 1820
internal_value=-0.000439302 -0.362756 -1.07842 0.20854 0.501106 0.638753
internal_weight=8064 4682 2078 2604 3382 3156
internal_count=8064 4682 2078 2604 3382 3156
is_linear=0
shrinkage=0.05


Tree=73
num_leaves=7
num_cat=0
split_feature=3 18 4 12 12 3
split_gain=556008 626241 471266 463558 436989 409112
threshold=124.74819999999978 -118.82718750000025 -36.53851840277752 -0.32136297141497067 -0.48087430661751701 284.39707499999992
decision_type=2 2 2 2 2 2
left_child=1 2 -1 -3 -2 -6
right_child=4 3 -4 -5 5 -7
leaf_value=-3.5791554245500934 2.2327800035998226 0.61495674814363355 -0.82133015272142262 -0.36583305682628869 -0.14025449635084158 1.8312220481012695
leaf_weight=180 399 2014 1083 2995 1042 351
leaf_count=180 399 2014 1083 2995 1042 351
internal_value=-0.000450128 -0.222389 -1.21689 0.0285633 0.776027 0.357464
internal_weight=8064 6272 1263 5009 1792 1393
internal_count=8064 6272 1263 5009 1792 1393
is_linear=0
shrinkage=0.05


Tree=74
num_leaves=5
num_cat=0
split_feature=3 18 12 17
split_gain=538732 538300 688261 247571
threshold=-168.51436250000049 65.078425000000621 0.83127174505093893 -48.826475000000293
decision_type=2 2 2 2
left_child=-1 2 -2 -3
right_child=1 3 -4 -5
leaf_value=-2.2088962779509442 0.035703984627915041 1.1948694132059179 -1.5143781680683066 0.22332439602504348
leaf_weight=266 4280 1174 859 1485
leaf_count=266 4280 1174 859 1485
internal_value=-0.000429034 0.0751782 -0.223641 0.652568
internal_weight=8064 7798 5139 2659
internal_count=8064 7798 5139 2659
is_linear=0
shrinkage=0.05


Tree=75
num_leaves=7
num_cat=0
split_feature=17 11 4 17 17 4
split_gain=520586 775632 615582 458064 426415 521365
threshold=41.953225000000025 -0.65918890865109969 -36.53851840277752 213.76407500000008 -374.13822500000055 -26.406796180555371
decision_type=2 2 2 2 2 2
left_child=4 2 -2 -3 5 -1
right_child=1 3 -4 -5 -6 -7
leaf_value=-3.3309056295267006 -4.7764567395456794 -0.65473636855013517 -1.1860187703167113 0.73457687494673196 0.55105162957926657 -0.11651276629224111
leaf_weight=150 146 1363 642 1049 3947 767
leaf_count=150 146 1363 642 1049 3947 767
internal_value=-0.000421651 -0.495628 -1.85646 -0.0504578 0.325407 -0.645369
internal_weight=8064 3200 788 2412 4864 917
internal_count=8064 3200 788 2412 4864 917
is_linear=0
shrinkage=0.05


Tree=76
num_leaves=7
num_cat=0
split_feature=3 15 11 2 11 3
split_gain=524870 630134 946546 457259 286956 291626
threshold=158.95047499999967 5048.3842533854177 1.0000000180025095e-35 -368.16739999999976 -0.1950438958025166 323.33363750000018
decision_type=2 2 2 2 2 2
left_child=1 3 -3 -1 5 -2
right_child=4 2 -4 -5 -6 -7
leaf_value=-2.7541063552369942 -0.026722070490810237 -3.7191309063130369 -0.050794736880091999 0.059655867760911543 2.1779733835218047 2.0056549490956548
leaf_weight=147 709 299 425 5913 337 234
leaf_count=147 709 299 425 5913 337 234
internal_value=-0.000454993 -0.175708 -1.5688 -0.0090419 0.9278 0.479191
internal_weight=8064 6784 724 6060 1280 943
internal_count=8064 6784 724 6060 1280 943
is_linear=0
shrinkage=0.05


Tree=77
num_leaves=7
num_cat=0
split_feature=3 11 2 15 8 4
split_gain=499029 457958 651133 437284 780585 387499
threshold=86.791575000000208 0.48087430661751701 -317.34499999999974 3047.750282378473 1.0000000180025095e-35 -18.771270486111458
decision_type=2 2 2 2 2 2
left_child=1 2 -1 -2 -5 -3
right_child=3 5 -4 4 -6 -7
leaf_value=-3.5171675553094719 2.5987872863357722 1.4220199114218051 -0.47098017789904151 0.6847909628920017 -2.2626970239811475 -0.097930313895295579
leaf_weight=185 241 560 3099 2068 251 1660
leaf_count=185 241 560 3099 2068 251 1660
internal_value=-0.00044655 -0.26869 -0.643602 0.576158 0.364928 0.285948
internal_weight=8064 5504 3284 2560 2319 2220
internal_count=8064 5504 3284 2560 2319 2220
is_linear=0
shrinkage=0.05


Tree=78
num_leaves=7
num_cat=0
split_feature=17 17 4 11 4 3
split_gain=486216 576255 583806 573957 1.0645e+06 387534
threshold=-24.092074999999792 -250.1169499999996 -36.53851840277752 -0.62577451934762984 -78.39448611111105 158.95047499999967
decision_type=2 2 2 2 2 2
left_child=1 2 -1 4 -2 -5
right_child=3 -3 -4 5 -6 -7
leaf_value=-3.4403185366367808 -4.7356832869955019 0.89188283795852097 -0.042216876645882924 -0.15641679046013801 -0.64022624930092231 1.7040544137165146
leaf_weight=146 184 2340 902 3067 1118 307
leaf_count=146 184 2340 902 3067 1118 307
internal_value=-0.000434405 0.455606 -0.518445 -0.330886 -1.22219 0.0133221
internal_weight=8064 3388 1048 4676 1302 3374
internal_count=8064 3388 1048 4676 1302 3374
is_linear=0
shrinkage=0.05


Tree=79
num_leaves=7
num_cat=0
split_feature=3 15 11 15 2 2
split_gain=481627 708950 845707 502109 336233 132297
threshold=254.49124999999984 5048.3842533854177 -0.32136297141497078 4086.1464825520839 -114.41599999999993 75.157200000000117
decision_type=2 2 2 2 2 2
left_child=1 3 -3 -1 -2 -6
right_child=4 2 -4 -5 5 -7
leaf_value=-0.55234854059358995 3.4460723477056607 -3.4465826335667837 -0.26232726395749961 0.37702202016309183 -0.20745811732393682 1.7184557430073619
leaf_weight=2144 152 326 576 4506 201 159
leaf_count=2144 152 326 576 4506 201 159
internal_value=-0.000452483 -0.101145 -1.41572 0.0773494 1.48206 0.645558
internal_weight=8064 7552 902 6650 512 360
internal_count=8064 7552 902 6650 512 360
is_linear=0
shrinkage=0.05


Tree=80
num_leaves=7
num_cat=0
split_feature=3 18 12 13 1 0
split_gain=478775 460115 540307 253021 225865 64190.7
threshold=-118.10875000000009 72.574462499999996 0.83127174505093893 0.50000000000000022 -228.43825000000012 4318.4742000000015
decision_type=2 2 2 2 2 2
left_child=4 2 -2 -3 -1 -6
right_child=1 3 -4 -5 5 -7
leaf_value=-2.3725340759797064 0.07910890664433573 0.34154427102503881 -1.2969296398129653 1.4537535785408806 -1.0434469324585638 0.25928585418948419
leaf_weight=277 4137 1663 861 738 227 161
leaf_count=277 4137 1663 861 738 227 161
internal_value=-0.000423211 0.115142 -0.158152 0.683869 -1.28448 -0.503603
internal_weight=8064 7399 4998 2401 665 388
internal_count=8064 7399 4998 2401 665 388
is_linear=0
shrinkage=0.05


Tree=81
num_leaves=7
num_cat=0
split_feature=18 12 16 3 12 15
split_gain=464567 471754 647070 410487 615164 235704
threshold=-90.242937500000366 -0.32136297141497067 0.44740256839444126 254.49124999999984 0.83127174505093893 5113.995031510417
decision_type=2 2 2 2 2 2
left_child=3 5 -3 4 -1 -2
right_child=1 2 -4 -5 -6 -7
leaf_value=-0.57987661455857353 0.97749172091696723 0.096855984767750841 -2.2014518889421155 1.575161646011596 -3.7891598052316646 -0.96438808838234236
leaf_weight=1788 1961 3458 335 191 162 169
leaf_count=1788 1961 3458 335 191 162 169
internal_value=-0.000418038 0.227757 -0.106659 -0.631467 -0.848299 0.823037
internal_weight=8064 5923 3793 2141 1950 2130
internal_count=8064 5923 3793 2141 1950 2130
is_linear=0
shrinkage=0.05


Tree=82
num_leaves=7
num_cat=0
split_feature=3 15 15 11 11 0
split_gain=445622 426290 907228 399318 390050 559144
threshold=86.791575000000208 4936.4655412326401 3279.5908285590281 -0.2376293295203116 0.55543802234893513 5815.8696500000015
decision_type=2 2 2 2 2 2
left_child=4 2 -2 -3 5 -1
right_child=1 3 -4 -5 -6 -7
leaf_value=-1.0846696460893592 -0.056111824806162551 -0.73592155444084051 2.6743855857389822 1.0490796633961541 0.29363063954991858 0.21864668848614821
leaf_weight=2113 651 841 570 498 2044 1347
leaf_count=2113 651 841 570 498 2044 1347
internal_value=-0.000427424 0.544449 1.21971 -0.0717576 -0.253911 -0.577364
internal_weight=8064 2560 1221 1339 5504 3460
internal_count=8064 2560 1221 1339 5504 3460
is_linear=0
shrinkage=0.05


Tree=83
num_leaves=7
num_cat=0
split_feature=3 15 11 15 2 15
split_gain=436335 617376 781138 415629 289046 126529
threshold=230.68433749999988 5048.3842533854177 -0.75166088996455094 4086.1464825520839 -114.41599999999993 5002.7408893229176
decision_type=2 2 2 2 2 2
left_child=1 3 -3 -1 -2 -6
right_child=4 2 -4 -5 5 -7
leaf_value=-0.52154347940381274 2.9377623523470362 -4.3254769404055713 -0.60147390626155572 0.33104812464366079 1.181325343444894 -0.56226310729980467
leaf_weight=2104 181 176 691 4453 301 158
leaf_count=2104 181 176 691 4453 301 158
internal_value=-0.000391428 -0.108443 -1.36155 0.057432 1.25122 0.581218
internal_weight=8064 7424 867 6557 640 459
internal_count=8064 7424 867 6557 640 459
is_linear=0
shrinkage=0.05


Tree=84
num_leaves=7
num_cat=0
split_feature=17 11 16 17 17 18
split_gain=432771 602651 497813 398816 336026 457229
threshold=41.953225000000025 -0.65918890865109969 0.39334796210936668 213.76407500000008 -374.13822500000055 18.384999999999312
decision_type=2 2 2 2 2 2
left_child=4 2 -2 -3 5 -1
right_child=1 3 -4 -5 -6 -7
leaf_value=-2.1666859661738078 0.31129353980655261 -0.62332600599258614 -2.4545884417842276 0.67302844610952206 0.49700309840106932 0.21206676376944406
leaf_weight=299 229 1363 559 1049 3947 618
leaf_count=299 229 1363 559 1049 3947 618
internal_value=-0.000381531 -0.451893 -1.65142 -0.0594848 0.296697 -0.565072
internal_weight=8064 3200 788 2412 4864 917
internal_count=8064 3200 788 2412 4864 917
is_linear=0
shrinkage=0.05


Tree=85
num_leaves=7
num_cat=0
split_feature=3 18 12 3 0 15
split_gain=428415 380668 317321 306323 237035 304782
threshold=-57.728750000000211 -65.364550000000222 -0.48087430661751701 284.39707499999992 6080.1217000000006 5011.9004950520839
decision_type=2 2 2 2 2 2
left_child=4 3 -3 -2 5 -1
right_child=1 2 -4 -5 -6 -7
leaf_value=-0.7080519334920522 -0.54854214689963332 1.1447736204982994 0.18849243897753531 1.7435437965619416 0.21851909859959348 -2.7819694279238236
leaf_weight=1014 1886 1206 3086 157 501 214
leaf_count=1014 1886 1206 3086 157 501 214
internal_value=-0.000384469 0.190025 0.4574 -0.371634 -0.697745 -1.07144
internal_weight=8064 6335 4292 2043 1729 1228
internal_count=8064 6335 4292 2043 1729 1228
is_linear=0
shrinkage=0.05


Tree=86
num_leaves=5
num_cat=0
split_feature=3 17 17 11
split_gain=405586 410189 462965 393553
threshold=-168.51436250000049 -24.092074999999792 -250.1169499999996 -0.62577451934762984
decision_type=2 2 2 2
left_child=-1 2 -2 -3
right_child=1 3 -4 -5
leaf_value=-1.9165947068329161 -0.3919887490661762 -0.99093498655351597 0.89153877214446808 0.047532104223372382
leaf_weight=266 1020 1266 2253 3259
leaf_count=266 1020 1266 2253 3259
internal_value=-0.000369854 0.0652325 0.491542 -0.243164
internal_weight=8064 7798 3273 4525
internal_count=8064 7798 3273 4525
is_linear=0
shrinkage=0.05


Tree=87
num_leaves=7
num_cat=0
split_feature=3 15 11 15 8 1
split_gain=414768 499204 803147 361281 235582 544310
threshold=182.30499999999986 5048.3842533854177 -0.75166088996455094 4086.1464825520839 1.0000000180025095e-35 233.45934999999989
decision_type=2 2 2 2 2 2
left_child=1 3 -3 -1 5 -2
right_child=4 2 -4 -5 -6 -7
leaf_value=-0.54289400681100031 0.6939111733485176 -4.6033745757594016 -0.54399800635051654 0.27198209601024514 -0.92303454899930792 4.0474720812460481
leaf_weight=1997 735 150 633 4260 145 144
leaf_count=1997 735 150 633 4260 145 144
internal_value=-0.000365999 -0.137167 -1.32654 0.011859 0.939355 1.24728
internal_weight=8064 7040 783 6257 1024 879
internal_count=8064 7040 783 6257 1024 879
is_linear=0
shrinkage=0.05


Tree=88
num_leaves=5
num_cat=0
split_feature=3 11 4 2
split_gain=393580 457046 1.20553e+06 545290
threshold=323.33363750000018 0.065387565056497135 -36.53851840277752 -151.07689999999954
decision_type=2 2 2 2
left_child=1 2 -1 -3
right_child=-2 3 -4 -5
leaf_value=-2.6020146779460953 1.9248979612054296 1.6665472625071018 -0.088623007277786894 0.060339706328026092
leaf_weight=554 256 631 3399 3224
leaf_count=554 256 631 3399 3224
internal_value=-0.000357616 -0.0637192 -0.441436 0.323613
internal_weight=8064 7808 3953 3855
internal_count=8064 7808 3953 3855
is_linear=0
shrinkage=0.05


Tree=89
num_leaves=7
num_cat=0
split_feature=3 15 15 2 11 0
split_gain=388741 477659 762836 381094 319330 469170
threshold=44.435012500000092 4936.4655412326401 3279.5908285590281 -114.41599999999993 0.55543802234893513 5815.8696500000015
decision_type=2 2 2 2 2 2
left_child=4 2 -2 -3 5 -1
right_child=1 3 -4 -5 -6 -7
leaf_value=-1.1597881483782302 -0.057796039301842045 0.93081383257242989 1.9778346064773467 -0.68544853179311016 0.23123811198878444 0.16834319964293018
leaf_weight=1696 930 518 910 1226 1691 1093
leaf_count=1696 930 518 910 1226 1691 1093
internal_value=-0.000333775 0.38774 0.949484 -0.205131 -0.31081 -0.639424
internal_weight=8064 3584 1840 1744 4480 2789
internal_count=8064 3584 1840 1744 4480 2789
is_linear=0
shrinkage=0.05


Tree=90
num_leaves=7
num_cat=0
split_feature=18 12 16 16 2 0
split_gain=389763 450946 324810 420319 319681 271082
threshold=-6.6166125000002003 0.85470842479866249 0.70617644176844296 0.32800371133387768 -317.34499999999974 3511.2019500000001
decision_type=2 2 2 2 2 2
left_child=1 4 3 -2 -1 -3
right_child=2 5 -4 -5 -6 -7
leaf_value=-2.2739540428183105 0.45353316338695371 -1.0003309991172162 1.0706432963607504 -0.77702432719335168 -0.059969219384535477 -3.6550613700932475
leaf_weight=171 2236 289 1086 1005 3133 144
leaf_count=171 2236 289 1086 1005 3133 144
internal_value=-0.000308375 -0.374303 0.322703 0.0718283 -0.175208 -1.88958
internal_weight=8064 3737 4327 3241 3304 433
internal_count=8064 3737 4327 3241 3304 433
is_linear=0
shrinkage=0.05


Tree=91
num_leaves=7
num_cat=0
split_feature=3 15 17 12 0 16
split_gain=373878 466853 373704 328930 286072 271587
threshold=124.74819999999978 5113.995031510417 24.316200000000212 -0.48087430661751701 2565.8291500000005 0.86225340351532942
decision_type=2 2 2 2 2 2
left_child=1 2 -1 5 -5 -2
right_child=3 -3 -4 4 -6 -7
leaf_value=0.26645310588082161 3.2842217068088817 -2.1594893592491484 -0.52798653446958477 2.2910670459270479 0.019007960849917398 0.6697941898075348
leaf_weight=3315 187 284 2673 155 1238 212
leaf_count=3315 187 284 2673 155 1238 212
internal_value=-0.000331655 -0.182326 -0.088208 0.636396 0.273284 1.90025
internal_weight=8064 6272 5988 1792 1393 399
internal_count=8064 6272 5988 1792 1393 399
is_linear=0
shrinkage=0.05


Tree=92
num_leaves=7
num_cat=0
split_feature=3 18 12 13 1 4
split_gain=357043 337685 485075 214294 188112 61621.3
threshold=-118.10875000000009 65.078425000000621 0.83127174505093893 0.50000000000000022 -228.43825000000012 -11.511051041667086
decision_type=2 2 2 2 2 2
left_child=4 2 -2 -3 -1 -6
right_child=1 3 -4 -5 5 -7
leaf_value=-2.1020629893693563 0.081336628071853045 0.25718368214326032 -1.2498546155479671 1.2508750385976388 0.41277001813358194 -0.88478877307088288
leaf_weight=277 4061 1725 822 791 146 242
leaf_count=277 4061 1725 822 791 146 242
internal_value=-0.000291245 0.0995069 -0.142965 0.569961 -1.10916 -0.396726
internal_weight=8064 7399 4883 2516 665 388
internal_count=8064 7399 4883 2516 665 388
is_linear=0
shrinkage=0.05


Tree=93
num_leaves=5
num_cat=0
split_feature=3 11 4 2
split_gain=353623 413809 1.06944e+06 489461
threshold=323.33363750000018 0.065387565056497135 -36.53851840277752 -151.07689999999954
decision_type=2 2 2 2
left_child=1 2 -1 -3
right_child=-2 3 -4 -5
leaf_value=-2.4547345941783947 1.8246227689986101 1.5805376785592165 -0.087452583519906257 0.058773770229760991
leaf_weight=554 256 631 3399 3224
leaf_count=554 256 631 3399 3224
internal_value=-0.000290541 -0.0603498 -0.419756 0.308207
internal_weight=8064 7808 3953 3855
internal_count=8064 7808 3953 3855
is_linear=0
shrinkage=0.05


Tree=94
num_leaves=7
num_cat=0
split_feature=17 17 4 11 4 3
split_gain=343168 493750 444000 364234 992652 391158
threshold=-48.826475000000293 -250.1169499999996 -36.53851840277752 -0.65918890865109969 -78.39448611111105 86.791575000000208
decision_type=2 2 2 2 2 2
left_child=1 2 -1 4 -2 -5
right_child=3 -3 -4 5 -6 -7
leaf_value=-2.9737347974258217 -4.3029177377700174 0.93631104197862514 -0.010341944691136168 -0.27602436227404292 -0.40526664735392109 0.90672797605734345
leaf_weight=146 188 1820 902 2880 1206 922
leaf_count=146 188 1820 902 2880 1206 922
internal_value=-0.000270297 0.43867 -0.425622 -0.242587 -0.933626 0.0109608
internal_weight=8064 2868 1048 5196 1394 3802
internal_count=8064 2868 1048 5196 1394 3802
is_linear=0
shrinkage=0.05


Tree=95
num_leaves=7
num_cat=0
split_feature=3 15 5 18 2 15
split_gain=339748 458388 674965 329439 268073 113370
threshold=230.68433749999988 5048.3842533854177 1.0000000180025095e-35 -6.6166125000002003 -114.41599999999993 5002.7408893229176
decision_type=2 2 2 2 2 2
left_child=1 3 -3 -1 -2 -6
right_child=4 2 -4 -5 5 -7
leaf_value=-0.34273283056442549 2.7282126406453306 -2.4407498446958407 0.3601536697141694 0.36923844170793707 1.0273176982308065 -0.62285215794665261
leaf_weight=2965 181 475 392 3592 301 158
leaf_count=2965 181 475 392 3592 301 158
internal_value=-0.00029476 -0.0956402 -1.17541 0.04729 1.10414 0.459166
internal_weight=8064 7424 867 6557 640 459
internal_count=8064 7424 867 6557 640 459
is_linear=0
shrinkage=0.05


Tree=96
num_leaves=7
num_cat=0
split_feature=3 15 15 11 18 0
split_gain=330500 363911 654548 480216 195679 255129
threshold=-9.8571125000003104 4936.4655412326401 4086.1464825520839 1.0000000180025095e-35 1.0000000180025095e-35 6152.4043000000011
decision_type=2 2 2 2 2 2
left_child=4 2 -2 -3 -1 -6
right_child=1 3 -4 -5 5 -7
leaf_value=-0.85750612557053218 -0.10138863836608879 -0.84833727062473274 1.420259320599323 0.60991035962806039 -0.30004085635891126 1.5346292308822478
leaf_weight=1378 1489 1320 1344 985 1328 220
leaf_count=1378 1489 1320 1344 985 1328 220
internal_value=-0.000273328 0.241272 0.620741 -0.225187 -0.42436 -0.0384772
internal_weight=8064 5138 2833 2305 2926 1548
internal_count=8064 5138 2833 2305 2926 1548
is_linear=0
shrinkage=0.05


Tree=97
num_leaves=7
num_cat=0
split_feature=3 18 4 11 18 11
split_gain=328052 376399 317998 313723 220366 223527
threshold=158.95047499999967 -118.82718750000025 -36.53851840277752 -0.77969889170510642 160.5384875 -0.72219205899833561
decision_type=2 2 2 2 2 2
left_child=1 2 -1 -3 5 -2
right_child=4 3 -4 -5 -6 -7
leaf_value=-2.7571441277400734 -0.27104913551430659 -0.81522858419588629 -0.57008309009507274 0.21522907217700446 2.3717554565708516 1.1520966546092597
leaf_weight=193 529 881 1167 4543 176 575
leaf_count=193 529 881 1167 4543 176 575
internal_value=-0.000250635 -0.138802 -0.882251 0.0477363 0.733608 0.470544
internal_weight=8064 6784 1360 5424 1280 1104
internal_count=8064 6784 1360 5424 1280 1104
is_linear=0
shrinkage=0.05


Tree=98
num_leaves=7
num_cat=0
split_feature=17 17 4 3 11 4
split_gain=304209 449968 398576 330349 463996 170533
threshold=-48.826475000000293 -250.1169499999996 -36.53851840277752 284.39707499999992 -0.62577451934762984 2.6598013888885821
decision_type=2 2 2 2 2 2
left_child=1 2 -1 4 -2 -3
right_child=3 5 -4 -5 -6 -7
leaf_value=-2.8262987594215239 -1.1309097510145494 1.2709289777717954 -0.018573279776801236 1.6456568768686719 -0.027891798023048104 0.27604739030191622
leaf_weight=146 1285 1119 902 224 3687 701
leaf_count=146 1285 1119 902 224 3687 701
internal_value=-0.000242276 0.413032 -0.412047 -0.22839 -0.313134 0.888098
internal_weight=8064 2868 1048 5196 4972 1820
internal_count=8064 2868 1048 5196 4972 1820
is_linear=0
shrinkage=0.05


Tree=99
num_leaves=5
num_cat=0
split_feature=3 17 17 17
split_gain=302786 289279 311199 299629
threshold=-168.51436250000049 -18.443099999999955 -250.1169499999996 498.15418750000077
decision_type=2 2 2 2
left_child=-1 2 -2 -3
right_child=1 3 -4 -5
leaf_value=-1.6559019482568997 -0.32732201471238831 -0.37692688485681225 0.71641503286299668 0.81458843185598262
leaf_weight=266 1020 3789 2377 612
leaf_count=266 1020 3789 2377 612
internal_value=-0.000235193 0.0564469 0.403013 -0.211088
internal_weight=8064 7798 3397 4401
internal_count=8064 7798 3397 4401
is_linear=0
shrinkage=0.05


end of trees

feature_importances:
Column_3=164
Column_11=73
Column_4=57
Column_15=44
Column_17=44
Column_12=42
Column_18=39
Column_1=36
Column_2=32
Column_0=18
Column_16=10
Column_8=7
Column_10=6
Column_13=2
Column_5=1

parameters:
[boosting: gbdt]
[objective: regression]
[metric: l2]
[tree_learner: serial]
[device_type: cpu]
[data_sample_strategy: bagging]
[data: ]
[valid: ]
[num_iterations: 100]
[learning_rate: 0.05]
[num_leaves: 7]
[num_threads: 1]
[seed: 20250911]
[deterministic: 1]
[force_col_wise: 1]
[force_row_wise: 0]
[histogram_pool_size: -1]
[max_depth: 3]
[min_data_in_leaf: 144]
[min_sum_hessian_in_leaf: 0.001]
[bagging_fraction: 1]
[pos_bagging_fraction: 1]
[neg_bagging_fraction: 1]
[bagging_freq: 0]
[bagging_seed: 20250911]
[bagging_by_query: 0]
[feature_fraction: 1]
[feature_fraction_bynode: 1]
[feature_fraction_seed: 20250911]
[extra_trees: 0]
[extra_seed: 26685]
[early_stopping_round: 0]
[early_stopping_min_delta: 0]
[first_metric_only: 0]
[max_delta_step: 0]
[lambda_l1: 0]
[lambda_l2: 1]
[linear_lambda: 0]
[min_gain_to_split: 0]
[drop_rate: 0.1]
[max_drop: 50]
[skip_drop: 0.5]
[xgboost_dart_mode: 0]
[uniform_drop: 0]
[drop_seed: 2504]
[top_rate: 0.2]
[other_rate: 0.1]
[min_data_per_group: 100]
[max_cat_threshold: 32]
[cat_l2: 10]
[cat_smooth: 10]
[max_cat_to_onehot: 4]
[top_k: 20]
[monotone_constraints: ]
[monotone_constraints_method: basic]
[monotone_penalty: 0]
[feature_contri: ]
[forcedsplits_filename: ]
[refit_decay_rate: 0.9]
[cegb_tradeoff: 1]
[cegb_penalty_split: 0]
[cegb_penalty_feature_lazy: ]
[cegb_penalty_feature_coupled: ]
[path_smooth: 0]
[interaction_constraints: ]
[verbosity: -1]
[saved_feature_importance_type: 0]
[use_quantized_grad: 0]
[num_grad_quant_bins: 4]
[quant_train_renew_leaf: 0]
[stochastic_rounding: 1]
[linear_tree: 0]
[max_bin: 63]
[max_bin_by_feature: ]
[min_data_in_bin: 3]
[bin_construct_sample_cnt: 200000]
[data_random_seed: 20250911]
[is_enable_sparse: 1]
[enable_bundle: 1]
[use_missing: 1]
[zero_as_missing: 0]
[feature_pre_filter: 0]
[pre_partition: 0]
[two_round: 0]
[header: 0]
[label_column: ]
[weight_column: ]
[group_column: ]
[ignore_column: ]
[categorical_feature: ]
[forcedbins_filename: ]
[precise_float_parser: 0]
[parser_config_file: ]
[objective_seed: 19683]
[num_class: 1]
[is_unbalance: 0]
[scale_pos_weight: 1]
[sigmoid: 1]
[boost_from_average: 1]
[reg_sqrt: 0]
[alpha: 0.9]
[fair_c: 1]
[poisson_max_delta_step: 0.7]
[tweedie_variance_power: 1.5]
[lambdarank_truncation_level: 30]
[lambdarank_norm: 1]
[label_gain: ]
[lambdarank_position_bias_regularization: 0]
[eval_at: ]
[multi_error_top_k: 1]
[auc_mu_weights: ]
[num_machines: 1]
[local_listen_port: 12400]
[time_out: 120]
[machine_list_filename: ]
[machines: ]
[gpu_platform_id: -1]
[gpu_device_id: -1]
[gpu_device_id_list: ]
[gpu_use_dp: 0]
[num_gpu: 1]

end of parameters

pandas_categorical:null
