tree
version=v4
num_class=1
num_tree_per_iteration=1
label_index=0
max_feature_idx=18
objective=regression
feature_names=Column_0 Column_1 Column_2 Column_3 Column_4 Column_5 Column_6 Column_7 Column_8 Column_9 Column_10 Column_11 Column_12 Column_13 Column_14 Column_15 Column_16 Column_17 Column_18
feature_infos=[2105.3899999999999:6978.6701999999996] [-4265.6854000000003:3810.7392999999997] [-721.10999999999967:1143.4599999999996] [-716.70750000000044:396.36499999999978] [-39.347378472221862:330.36176805555533] [0:1] [0:1] [0:1] [0:1] [0:1] [0:1] [-1:1] [-1:1] [-1:1] [-1:1] [2990.4295741319443:5025.2092630208326] [0:1] [-2118.7364499999994:2111.0726249999998] [-4723.2309000000014:4374.5312999999969]
tree_sizes=751 766 766 764 765 764 768 679 678 770 680 775 763 770 770 768 770 688 687 765 687 766 681 775 682 687 683 684 768 697 590 693 773 690 771 686 597 677 749 688 694 768 761 695 768 767 764 758 598 765 609 762 762 766 751 594 684 758 767 758 602 761 767 586 765 589 581 670 662 585 751 756 737 592 747 751 590 741 593 765 589 581 754 742 587 594 588 749 502 741 754 744 749 586 752 586 592 757 584 746

Tree=0
num_leaves=7
num_cat=0
split_feature=3 15 3 3 4 1
split_gain=5.57817e+07 2.08234e+07 9.7386e+06 9.07597e+06 7.70073e+06 3.49293e+06
threshold=3.6215125000003359 5003.5373748263892 -114.50918750000027 92.387250000000009 76.669907638888404 -144.29000000000016
decision_type=2 2 2 2 2 2
left_child=2 3 5 -2 -4 -1
right_child=1 -3 4 -5 -6 -7
leaf_value=15.563784128424578 26.993816650026471 46.862570935209703 21.985303041927736 32.38420716275786 29.373725667430801 20.47932607997123
leaf_weight=731 2232 168 2604 1201 407 721
leaf_count=731 2232 168 2604 1201 407 721
internal_value=25.097 29.7259 21.3619 28.8812 22.9851 17.9998
internal_weight=8064 3601 4463 3433 3011 1452
internal_count=8064 3601 4463 3433 3011 1452
is_linear=0
shrinkage=1


Tree=1
num_leaves=7
num_cat=0
split_feature=3 15 3 3 4 1
split_gain=5.03793e+07 1.8268e+07 9.29486e+06 7.70953e+06 7.55403e+06 3.15282e+06
threshold=9.0440250000001488 5003.5373748263892 -114.50918750000027 92.387250000000009 76.669907638888404 -144.29000000000016
decision_type=2 2 2 2 2 2
left_child=2 3 5 -2 -4 -1
right_child=1 -3 4 -5 -6 -7
leaf_value=-9.0571891079509204 1.9027282086256734 20.681367911746406 -2.8743498784240047 6.9231670112905412 4.2947520288860099 -4.387093004811339
leaf_weight=731 2105 166 2716 1201 424 721
leaf_count=731 2105 166 2716 1201 424 721
internal_value=0.000111372 4.54437 -3.43603 3.72809 -1.90523 -6.74284
internal_weight=8064 3472 4592 3306 3140 1452
internal_count=8064 3472 4592 3306 3140 1452
is_linear=0
shrinkage=0.05


Tree=2
num_leaves=7
num_cat=0
split_feature=3 15 3 3 4 1
split_gain=4.55405e+07 1.70027e+07 7.91756e+06 7.37574e+06 6.26036e+06 2.84582e+06
threshold=3.6215125000003359 5003.5373748263892 -114.50918750000027 92.387250000000009 76.669907638888404 -144.29000000000016
decision_type=2 2 2 2 2 2
left_child=2 3 5 -2 -4 -1
right_child=1 -3 4 -5 -6 -7
leaf_value=-8.6049482524557845 1.7179577464347084 19.667616356547768 -2.8124924044996757 6.5772967029235083 3.8492192841408888 -4.1680421034147619
leaf_weight=731 2232 168 2604 1201 407 721
leaf_count=731 2232 168 2604 1201 407 721
internal_value=0.00021422 4.18266 -3.3746 3.41937 -1.91104 -6.40616
internal_weight=8064 3601 4463 3433 3011 1452
internal_count=8064 3601 4463 3433 3011 1452
is_linear=0
shrinkage=0.05


Tree=3
num_leaves=7
num_cat=0
split_feature=3 15 3 3 4 1
split_gain=4.11063e+07 1.53562e+07 7.23082e+06 6.72656e+06 5.07553e+06 2.62584e+06
threshold=3.6215125000003359 5003.5373748263892 -92.262412499999513 133.79795000000016 76.669907638888404 -93.407049999999785
decision_type=2 2 2 2 2 2
left_child=2 3 5 -2 -4 -1
right_child=1 -3 4 -5 -6 -7
leaf_value=-7.2569280892739005 2.2283346782623803 18.690054895821408 -2.3834283519578983 8.0537753101246121 4.06253220163729 -3.4448259971933823
leaf_weight=1043 2833 168 2266 600 352 802
leaf_count=1043 2833 168 2266 600 352 802
internal_value=0.000304068 3.97391 -3.206 3.24852 -1.51552 -5.60262
internal_weight=8064 3601 4463 3433 2618 1845
internal_count=8064 3601 4463 3433 2618 1845
is_linear=0
shrinkage=0.05


Tree=4
num_leaves=7
num_cat=0
split_feature=3 15 3 2 3 1
split_gain=3.71702e+07 1.3444e+07 6.94382e+06 6.0559e+06 5.87237e+06 2.3808e+06
threshold=9.0440250000001488 5003.5373748263892 -92.262412499999513 312.85790000000003 92.387250000000009 -131.73590000000033
decision_type=2 2 2 2 2 2
left_child=2 4 5 -4 -2 -1
right_child=1 -3 3 -5 -6 -7
leaf_value=-7.1124896351750353 1.6104161669920285 17.747091843696413 -1.9240970629931191 8.3445995697849682 5.9919876703443924 -3.5136565112282079
leaf_weight=926 2105 166 2596 151 1201 919
leaf_count=926 2105 166 2596 151 1201 919
internal_value=0.000412541 3.90373 -2.95109 -1.35681 3.20348 -5.32277
internal_weight=8064 3472 4592 2747 3306 1845
internal_count=8064 3472 4592 2747 3306 1845
is_linear=0
shrinkage=0.05


Tree=5
num_leaves=7
num_cat=0
split_feature=3 15 3 3 2 1
split_gain=3.36999e+07 1.29078e+07 6.22193e+06 5.71871e+06 5.65511e+06 1.52531e+06
threshold=-4.382124999999859 5003.5373748263892 86.464537499999793 -188.06934999999996 259.41824999999977 -131.73590000000033
decision_type=2 2 2 2 2 2
left_child=3 2 -2 5 -5 -1
right_child=1 -3 -4 4 -6 -7
leaf_value=-9.5100297682330535 1.2067926661086616 16.68197421136944 5.4883262436195448 -2.9130657495498342 4.1992908125414568 -4.643762798114035
leaf_weight=368 2365 173 1323 3238 305 292
leaf_count=368 2365 173 1323 3238 305 292
internal_value=0.000523056 3.37247 2.74378 -3.09711 -2.29978 -7.36736
internal_weight=8064 3861 3688 4203 3543 660
internal_count=8064 3861 3688 4203 3543 660
is_linear=0
shrinkage=0.05


Tree=6
num_leaves=7
num_cat=0
split_feature=3 15 3 1 4 3
split_gain=3.04361e+07 1.19501e+07 5.96658e+06 5.0383e+06 5.22147e+06 3.07072e+06
threshold=-8.5581750000001175 5003.5373748263892 133.79795000000016 -18.168900000000118 117.93185763888893 -188.06934999999996
decision_type=2 2 2 2 2 2
left_child=3 2 -2 5 -5 -1
right_child=1 -3 -4 4 -6 -7
leaf_value=-8.1688179820841196 1.6496701973035917 15.656748066188058 7.0786959857418017 -2.2070980080521996 5.1679937066987112 -3.6199494122012723
leaf_weight=456 3212 180 600 1326 292 1998
leaf_count=456 3212 180 600 1326 292 1998
internal_value=0.000561989 3.10257 2.50582 -3.04052 -0.873747 -4.4682
internal_weight=8064 3992 3812 4072 1618 2454
internal_count=8064 3992 3812 4072 1618 2454
is_linear=0
shrinkage=0.05


Tree=7
num_leaves=6
num_cat=0
split_feature=3 15 2 3 3
split_gain=2.78497e+07 9.26136e+06 8.11441e+06 6.93588e+06 3.56901e+06
threshold=31.017499999999703 5003.5373748263892 411.79910000000024 -60.106249999999811 133.79795000000016
decision_type=2 2 2 2 2
left_child=2 4 3 -1 -2
right_child=1 -3 -4 -5 -6
leaf_value=-4.3493078239631418 2.3488880291867305 16.265719284464236 8.9302639758586881 -0.65358693715062866 6.7253501227203003
leaf_weight=2546 2082 145 159 2532 600
leaf_count=2546 2082 145 159 2532 600
internal_value=0.000630341 3.9991 -2.15815 -2.50703 3.3301
internal_weight=8064 2827 5237 5078 2682
internal_count=8064 2827 5237 5078 2682
is_linear=0
shrinkage=0.05


Tree=8
num_leaves=6
num_cat=0
split_feature=3 15 2 3 4
split_gain=2.51379e+07 8.36573e+06 7.32708e+06 6.27171e+06 3.34151e+06
threshold=31.017499999999703 5003.5373748263892 411.79910000000024 -54.944799999999979 76.669907638888404
decision_type=2 2 2 2 2
left_child=2 4 3 -1 -2
right_child=1 -3 -4 -5 -6
leaf_value=-4.046720249389586 2.4216793301805861 15.458003464626939 8.4865416416525843 -0.52736614993006337 7.3684511267797861
leaf_weight=2675 2281 145 159 2403 401
leaf_count=2675 2281 145 159 2403 401
internal_value=0.000780303 3.7996 -2.0502 -2.38173 3.16377
internal_weight=8064 2827 5237 5078 2682
internal_count=8064 2827 5237 5078 2682
is_linear=0
shrinkage=0.05


Tree=9
num_leaves=7
num_cat=0
split_feature=3 2 3 1 4 3
split_gain=2.28534e+07 9.76246e+06 6.91373e+06 4.07405e+06 3.70175e+06 2.45998e+06
threshold=-17.413250000000058 350.43800000000016 79.907074999999637 -48.221999999999746 122.17728715277805 -188.06934999999996
decision_type=2 2 2 2 2 2
left_child=3 2 -2 5 -5 -1
right_child=1 -3 -4 4 -6 -7
leaf_value=-7.6364460547289044 0.43435473511050698 13.138464413337338 4.7422993490231269 -1.9182690936571245 4.844298194760972 -3.4056790910885226
leaf_weight=432 2598 205 1451 1457 234 1687
leaf_count=432 2598 205 1451 1457 234 1687
internal_value=0.000922079 2.51968 1.97894 -2.81128 -0.980157 -4.2714
internal_weight=8064 4254 4049 3810 1691 2119
internal_count=8064 4254 4049 3810 1691 2119
is_linear=0
shrinkage=0.05


Tree=10
num_leaves=6
num_cat=0
split_feature=3 2 3 15 3
split_gain=2.07077e+07 6.3354e+06 5.55437e+06 5.27115e+06 2.81728e+06
threshold=36.038225000000018 411.79910000000024 -92.262412499999513 4999.2510594618061 145.56808750000008
decision_type=2 2 2 2 2
left_child=1 2 -1 4 -2
right_child=3 -3 -4 -5 -6
leaf_value=-4.3641852311133356 2.1350397285505038 7.9431521530872518 -0.92082118765845888 11.324078690022084 6.4446131487857619
leaf_weight=1779 2030 161 3426 202 466
leaf_count=1779 2030 161 3426 202 466
internal_value=0.00093921 -1.79562 -2.09833 3.57343 2.94189
internal_weight=8064 5366 5205 2698 2496
internal_count=8064 5366 5205 2698 2496
is_linear=0
shrinkage=0.05


Tree=11
num_leaves=7
num_cat=0
split_feature=3 2 3 1 4 10
split_gain=1.89439e+07 1.02772e+07 6.39838e+06 3.15621e+06 3.05289e+06 1.87629e+06
threshold=-30.652937500000004 411.79910000000024 86.464537499999793 -18.168900000000118 122.17728715277805 1.0000000180025095e-35
decision_type=2 2 2 2 2 2
left_child=3 2 -2 5 -5 -1
right_child=1 -3 -4 4 -6 -7
leaf_value=-4.8198574946779349 0.41331175362120665 14.910249252311443 4.5289650920753663 -1.8210620853554766 5.3515570894319415 -1.2900384308576829
leaf_weight=1637 3149 150 1348 1120 170 490
leaf_count=1637 3149 150 1348 1120 170 490
internal_value=0.00103209 2.07895 1.64773 -2.82464 -0.87242 -4.00768
internal_weight=8064 4647 4497 3417 1290 2127
internal_count=8064 4647 4497 3417 1290 2127
is_linear=0
shrinkage=0.05


Tree=12
num_leaves=7
num_cat=0
split_feature=3 15 4 11 4 3
split_gain=1.72239e+07 7.21076e+06 4.38988e+06 6.27571e+06 3.4427e+06 2.98742e+06
threshold=9.0440250000001488 5003.5373748263892 76.669907638888404 -0.36235178784537908 76.669907638888404 -188.06934999999996
decision_type=2 2 2 2 2 2
left_child=2 4 5 -4 -2 -1
right_child=1 -3 3 -5 -6 -7
leaf_value=-5.8472253456191101 1.4784040427527483 12.796258621587011 8.0357480729579915 -2.4544177496929218 6.0514860981232896 -2.0225249961323093
leaf_weight=600 2825 166 249 331 481 3412
leaf_count=600 2825 166 249 331 481 3412
internal_value=0.00108759 2.65815 -2.00805 2.0552 2.14538 -2.59583
internal_weight=8064 3472 4592 580 3306 4012
internal_count=8064 3472 4592 580 3306 4012
is_linear=0
shrinkage=0.05


Tree=13
num_leaves=7
num_cat=0
split_feature=3 3 2 15 17 4
split_gain=1.59829e+07 6.78564e+06 5.99444e+06 4.32512e+06 2.33617e+06 1.63799e+06
threshold=68.197987499999968 -54.944799999999979 312.85790000000003 4999.2510594618061 10.939999999999602 76.669907638888404
decision_type=2 2 2 2 2 2
left_child=1 4 -3 5 -1 -2
right_child=3 2 -4 -5 -6 -7
leaf_value=-1.6801680429333421 2.756446504624317 -0.22466549229356103 8.9071396949416712 12.443789860606195 -4.5960521259446834 7.1272270121149663
leaf_weight=1472 1398 3318 189 144 1290 253
leaf_count=1472 1398 3318 189 144 1290 253
internal_value=0.00114505 -1.19006 0.269867 4.15976 -3.04321 3.43014
internal_weight=8064 6269 3507 1795 2762 1651
internal_count=8064 6269 3507 1795 2762 1651
is_linear=0
shrinkage=0.05


Tree=14
num_leaves=7
num_cat=0
split_feature=3 3 2 15 11 4
split_gain=1.4428e+07 6.12496e+06 5.41291e+06 3.90706e+06 2.23771e+06 1.47922e+06
threshold=68.197987499999968 -54.944799999999979 312.85790000000003 4999.2510594618061 -0.1950438958025166 76.669907638888404
decision_type=2 2 2 2 2 2
left_child=1 4 -3 5 -1 -2
right_child=3 2 -4 -5 -6 -7
leaf_value=-1.5446000683860062 2.6187226656382325 -0.21343558314849848 8.4641267251654693 11.825891341258739 -4.3966020231003773 6.7722685850511386
leaf_weight=1459 1398 3318 189 144 1303 253
leaf_count=1459 1398 3318 189 144 1303 253
internal_value=0.00124113 -1.13054 0.256497 3.9524 -2.89116 3.25893
internal_weight=8064 6269 3507 1795 2762 1651
internal_count=8064 6269 3507 1795 2762 1651
is_linear=0
shrinkage=0.05


Tree=15
num_leaves=7
num_cat=0
split_feature=3 15 1 4 3 3
split_gain=1.30331e+07 5.28786e+06 4.53903e+06 4.55243e+06 2.35934e+06 2.23146e+06
threshold=31.017499999999703 5003.5373748263892 -8.3860500000000666 117.93185763888893 145.56808750000008 -188.06934999999996
decision_type=2 2 2 2 2 2
left_child=2 4 5 -4 -2 -1
right_child=1 -3 3 -5 -6 -7
leaf_value=-5.9348977767958724 1.5356982134734498 12.00504634998841 -0.80281976036739522 5.1543692140695976 5.3963064225193875 -2.1615070834845365
leaf_weight=463 2200 145 1848 387 482 2539
leaf_count=463 2200 145 1848 387 482 2539
internal_value=0.00132492 2.73664 -1.47548 0.230537 2.23127 -2.74526
internal_weight=8064 2827 5237 2235 2682 3002
internal_count=8064 2827 5237 2235 2682 3002
is_linear=0
shrinkage=0.05


Tree=16
num_leaves=7
num_cat=0
split_feature=3 2 3 11 4 3
split_gain=1.19831e+07 7.5756e+06 4.22318e+06 2.56735e+06 3.41195e+06 1.86758e+06
threshold=-30.652937500000004 411.79910000000024 86.464537499999793 -0.55543802234893469 76.669907638888404 -144.70722500000008
decision_type=2 2 2 2 2 2
left_child=3 2 -2 4 -1 -5
right_child=1 -3 -4 5 -6 -7
leaf_value=-1.4144888598219993 0.28094156965938594 12.670335197606624 3.6245874428975946 -6.0925721318196899 6.5904924860853233 -2.5192049342670217
leaf_weight=1123 3149 150 1348 468 150 1676
leaf_count=1123 3149 150 1348 468 150 1676
internal_value=0.00135287 1.65399 1.2838 -2.246 -0.466814 -3.30169
internal_weight=8064 4647 4497 3417 1273 2144
internal_count=8064 4647 4497 3417 1273 2144
is_linear=0
shrinkage=0.05


Tree=17
num_leaves=6
num_cat=0
split_feature=15 3 11 1 1
split_gain=1.15078e+07 9.84938e+06 7.36025e+06 4.70189e+06 1.96269e+06
threshold=5003.5373748263892 -54.944799999999979 1.0000000180025095e-35 103.85919999999989 -93.407049999999785
decision_type=2 2 2 2 2
left_child=1 4 -2 -3 -1
right_child=2 3 -4 -5 -6
leaf_value=-4.1147623493994097 17.750866657454392 -0.34193379614957881 1.778344726566996 2.7463507372529041 -1.4120700597331683
leaf_weight=1389 144 2987 144 2097 1303
leaf_count=1389 144 2987 144 2097 1303
internal_value=0.00136668 -0.362699 9.79839 0.932182 -2.8076
internal_weight=8064 7776 288 5084 2692
internal_count=8064 7776 288 5084 2692
is_linear=0
shrinkage=0.05


Tree=18
num_leaves=6
num_cat=0
split_feature=15 3 11 1 1
split_gain=1.03931e+07 9.04714e+06 6.64745e+06 3.15952e+06 2.80517e+06
threshold=5003.5373748263892 -4.382124999999859 1.0000000180025095e-35 170.49260000000007 -93.407049999999785
decision_type=2 2 2 2 2
left_child=1 4 -2 -3 -1
right_child=2 3 -4 -5 -6
leaf_value=-3.3923103559542875 16.869444370192703 0.40180636165171579 1.6900407506679667 3.4923335071839841 -0.76282788500312171
leaf_weight=1867 144 2437 144 1251 2221
leaf_count=1867 144 2437 144 1251 2221
internal_value=0.00140006 -0.344585 9.31185 1.4508 -1.96426
internal_weight=8064 7776 288 3688 4088
internal_count=8064 7776 288 3688 4088
is_linear=0
shrinkage=0.05


Tree=19
num_leaves=7
num_cat=0
split_feature=3 4 11 17 15 4
split_gain=9.59715e+06 4.68513e+06 8.23451e+06 3.1156e+06 2.64978e+06 1.28428e+06
threshold=68.197987499999968 76.669907638888404 -0.36235178784537908 5.1866499999996458 4999.2510594618061 76.669907638888404
decision_type=2 2 2 2 2 2
left_child=1 3 -3 -1 5 -2
right_child=4 2 -4 -5 -6 -7
leaf_value=-0.2780361992002906 2.0567761894283527 8.5281638433884464 -1.5172166645467988 -2.6750224734111216 9.7079220290841732 5.9256634529416026
leaf_weight=2746 1398 341 505 2677 144 253
leaf_count=2746 1398 341 505 2677 144 253
internal_value=0.00144351 -0.92162 2.5371 -1.46156 3.22394 2.65287
internal_weight=8064 6269 846 5423 1795 1651
internal_count=8064 6269 846 5423 1795 1651
is_linear=0
shrinkage=0.05


Tree=20
num_leaves=6
num_cat=0
split_feature=15 3 11 4 17
split_gain=9.00381e+06 7.92857e+06 5.85204e+06 4.07147e+06 1.73493e+06
threshold=5003.5373748263892 -54.944799999999979 1.0000000180025095e-35 76.669907638888404 10.939999999999602
decision_type=2 2 2 2 2
left_child=1 4 -2 -3 -1
right_child=2 3 -4 -5 -6
leaf_value=-1.3299993853035981 15.758338216255451 0.27684249860701921 1.5166021764072879 4.3882258662350884 -3.8758998114175309
leaf_weight=1441 144 4387 144 697 1251
leaf_count=1441 144 4387 144 697 1251
internal_value=0.00150616 -0.320525 8.66736 0.841252 -2.51411
internal_weight=8064 7776 288 5084 2692
internal_count=8064 7776 288 5084 2692
is_linear=0
shrinkage=0.05


Tree=21
num_leaves=7
num_cat=0
split_feature=3 1 4 15 3 3
split_gain=8.27311e+06 3.98986e+06 4.79086e+06 2.18258e+06 2.17439e+06 1.19402e+06
threshold=68.197987499999968 30.270599999999607 122.17728715277805 4999.2510594618061 -188.06934999999996 145.56808750000008
decision_type=2 2 2 2 2 2
left_child=1 4 -3 5 -1 -2
right_child=3 2 -4 -5 -6 -7
leaf_value=-5.0080853278771791 1.6295451784280286 -0.1906073015024502 6.1050145733424213 8.8783483903161411 -1.4183145400108497 4.617381501014342
leaf_weight=483 1185 2135 351 144 3300 466
leaf_count=483 1185 2135 351 144 3300 466
internal_value=0.00153461 -0.855493 0.700373 2.9935 -1.87785 2.47516
internal_weight=8064 6269 2486 1795 3783 1651
internal_count=8064 6269 2486 1795 3783 1651
is_linear=0
shrinkage=0.05


Tree=22
num_leaves=6
num_cat=0
split_feature=15 3 11 4 3
split_gain=7.73604e+06 6.69563e+06 5.23061e+06 3.488e+06 1.55775e+06
threshold=5003.5373748263892 -54.944799999999979 1.0000000180025095e-35 76.669907638888404 -188.06934999999996
decision_type=2 2 2 2 2
left_child=1 4 -2 -3 -1
right_child=2 3 -4 -5 -6
leaf_value=-4.4411399732703813 14.737979500910331 0.24827714395223724 1.2749561064818811 4.0536779590804981 -1.632062355873342
leaf_weight=651 144 4387 144 697 2041
leaf_count=651 144 4387 144 697 2041
internal_value=0.00154847 -0.296951 8.03417 0.77068 -2.31277
internal_weight=8064 7776 288 5084 2692
internal_count=8064 7776 288 5084 2692
is_linear=0
shrinkage=0.05


Tree=23
num_leaves=7
num_cat=0
split_feature=3 1 4 10 2 3
split_gain=7.13647e+06 3.95065e+06 3.59331e+06 2.29845e+06 1.58412e+06 1.26209e+06
threshold=86.464537499999793 1.0000000180025095e-35 117.93185763888893 1.0000000180025095e-35 259.41824999999977 178.2006250000002
decision_type=2 2 2 2 2 2
left_child=1 3 -3 -1 5 -2
right_child=4 2 -4 -5 -6 -7
leaf_value=-2.5420473825540291 1.8952812378199753 -0.16646152120285626 4.2828306595054837 0.34183127225469701 8.0597261801362041 5.9898380437712646
leaf_weight=2684 1027 2488 554 930 151 230
leaf_count=2684 1027 2488 554 930 151 230
internal_value=0.00155934 -0.682665 0.644972 -1.80004 3.23427 2.64865
internal_weight=8064 6656 3042 3614 1408 1257
internal_count=8064 6656 3042 3614 1408 1257
is_linear=0
shrinkage=0.05


Tree=24
num_leaves=6
num_cat=0
split_feature=15 3 11 1 3
split_gain=6.73813e+06 5.78932e+06 4.68624e+06 2.38836e+06 2.06706e+06
threshold=5003.5373748263892 -4.382124999999859 1.0000000180025095e-35 170.49260000000007 -188.06934999999996
decision_type=2 2 2 2 2
left_child=1 4 -2 -3 -1
right_child=2 3 -4 -5 -6
leaf_value=-4.1540180443323278 13.843566529833039 0.24722179906661268 1.101225133969866 2.9341935326468933 -1.0826270372121378
leaf_weight=651 144 2437 144 1251 3437
leaf_count=651 144 2437 144 1251 3437
internal_value=0.0015921 -0.27699 7.49825 1.15921 -1.57263
internal_weight=8064 7776 288 3688 4088
internal_count=8064 7776 288 3688 4088
is_linear=0
shrinkage=0.05


Tree=25
num_leaves=6
num_cat=0
split_feature=15 3 11 1 17
split_gain=6.08544e+06 5.253e+06 4.2324e+06 2.91399e+06 1.53269e+06
threshold=5003.5373748263892 -54.944799999999979 1.0000000180025095e-35 170.49260000000007 10.939999999999602
decision_type=2 2 2 2 2
left_child=1 4 -2 -3 -1
right_child=2 3 -4 -5 -6
leaf_value=-0.93601985696099976 13.156161854102695 -0.11446493025224287 1.046543610794791 2.4800589721804909 -3.3285036750029202
leaf_weight=1441 144 3523 144 1561 1251
leaf_count=1441 144 3523 144 1561 1251
internal_value=0.00159241 -0.263154 7.12592 0.682493 -2.04865
internal_weight=8064 7776 288 5084 2692
internal_count=8064 7776 288 5084 2692
is_linear=0
shrinkage=0.05


Tree=26
num_leaves=6
num_cat=0
split_feature=3 2 17 16 11
split_gain=5.74786e+06 3.4907e+06 3.01623e+06 1.49812e+06 1.46355e+06
threshold=86.464537499999793 411.79910000000024 10.939999999999602 0.073513507866969419 -0.62577451934762984
decision_type=2 2 2 2 2
left_child=1 2 -1 -2 -5
right_child=3 -3 -4 4 -6
leaf_value=0.22472680813059084 7.526748598462496 6.0138935854552322 -1.9371411170082558 5.0440887914325154 1.2502307442646061
leaf_weight=3370 155 192 3094 354 899
leaf_count=3370 155 192 3094 354 899
internal_value=0.00158906 -0.612471 -0.810193 2.90279 2.32525
internal_weight=8064 6656 6464 1408 1253
internal_count=8064 6656 6464 1408 1253
is_linear=0
shrinkage=0.05


Tree=27
num_leaves=6
num_cat=0
split_feature=15 1 11 4 3
split_gain=5.37082e+06 4.65482e+06 3.75582e+06 3.08568e+06 2.02093e+06
threshold=5003.5373748263892 30.270599999999607 1.0000000180025095e-35 122.17728715277805 -123.40124999999988
decision_type=2 2 2 2 2
left_child=1 4 -2 -3 -1
right_child=2 3 -4 -5 -6
leaf_value=-3.4215035053290723 12.375159035715564 0.52832452642732552 0.96783296132909846 5.0200603828176682 -0.78890299979632961
leaf_weight=940 144 3162 144 434 3240
leaf_count=940 144 3162 144 434 3240
internal_value=0.00162197 -0.247094 6.69458 1.07168 -1.3816
internal_weight=8064 7776 288 3596 4180
internal_count=8064 7776 288 3596 4180
is_linear=0
shrinkage=0.05


Tree=28
num_leaves=7
num_cat=0
split_feature=3 11 4 3 3 2
split_gain=5.04723e+06 3.12693e+06 6.60433e+06 1.93383e+06 1.37868e+06 1.32428e+06
threshold=68.197987499999968 -0.2376293295203116 76.669907638888404 -133.67656250000024 178.2006250000002 221.83000000000018
decision_type=2 2 2 2 2 2
left_child=1 2 -1 -3 5 -2
right_child=4 3 -4 -5 -6 -7
leaf_value=-0.38957681347892259 1.2068451486955096 -4.8541648742483146 6.6890128411994603 -1.2235307286888859 5.7301343297564102 5.5890917947948582
leaf_weight=2359 1342 415 382 3113 256 197
leaf_count=2359 1342 415 382 3113 256 197
internal_value=0.00163188 -0.66777 0.599012 -1.65186 2.33857 1.77106
internal_weight=8064 6269 2741 3528 1795 1539
internal_count=8064 6269 2741 3528 1795 1539
is_linear=0
shrinkage=0.05


Tree=29
num_leaves=6
num_cat=0
split_feature=15 3 11 17 11
split_gain=4.73534e+06 4.12177e+06 3.28947e+06 1.95399e+06 1.71148e+06
threshold=5003.5373748263892 -17.413250000000058 1.0000000180025095e-35 -6.0925000000004266 -0.55543802234893469
decision_type=2 2 2 2 2
left_child=1 4 -2 -3 -1
right_child=2 3 -4 -5 -6
leaf_value=-0.0080972666070977251 11.602398519515992 2.0378808368342489 0.92658365442835056 -0.15847285380951956 -2.2441828708864753
leaf_weight=1339 144 1899 144 2168 2370
leaf_count=1339 144 1899 144 2168 2370
internal_value=0.00162932 -0.23191 6.28617 0.867317 -1.43714
internal_weight=8064 7776 288 4067 3709
internal_count=8064 7776 288 4067 3709
is_linear=0
shrinkage=0.05


Tree=30
num_leaves=5
num_cat=0
split_feature=2 3 17 3
split_gain=4.38472e+06 3.74658e+06 2.48265e+06 933646
threshold=411.79910000000024 79.907074999999637 -6.0925000000004266 178.2006250000002
decision_type=2 2 2 2
left_child=1 2 -1 -3
right_child=-2 3 -4 -5
leaf_value=0.32266691033007777 6.4799163394294714 1.4970562142167525 -1.6613316309234858 4.879248566472409
leaf_weight=2952 252 1233 3383 244
leaf_count=2952 252 1233 3383 244
internal_value=0.00162322 -0.208157 -0.736918 2.05872
internal_weight=8064 7812 6335 1477
internal_count=8064 7812 6335 1477
is_linear=0
shrinkage=0.05


Tree=31
num_leaves=6
num_cat=0
split_feature=15 1 11 11 10
split_gain=4.1807e+06 3.70568e+06 2.9136e+06 2.32949e+06 1.82397e+06
threshold=5003.5373748263892 -8.3860500000000666 1.0000000180025095e-35 -0.1950438958025166 1.0000000180025095e-35
decision_type=2 2 2 2 2
left_child=1 4 -2 -3 -1
right_child=2 3 -4 -5 -6
leaf_value=-2.0564584905210399 10.90993870472086 2.1521819888534841 0.86262081639520061 -0.2455470657076019 0.44268275693986586
leaf_weight=2665 144 1814 144 2292 1005
leaf_count=2665 144 1814 144 2292 1005
internal_value=0.00161346 -0.217823 5.90665 0.814018 -1.37215
internal_weight=8064 7776 288 4106 3670
internal_count=8064 7776 288 4106 3670
is_linear=0
shrinkage=0.05


Tree=32
num_leaves=7
num_cat=0
split_feature=3 2 3 11 3 16
split_gain=3.94365e+06 3.847e+06 1.85266e+06 1.32095e+06 1.67202e+06 1.12566e+06
threshold=-54.944799999999979 411.79910000000024 133.79795000000016 -0.55543802234893469 -279.55857499999973 0.048027914396711245
decision_type=2 2 2 2 2 2
left_child=3 2 -2 4 -1 -5
right_child=1 -3 -4 5 -6 -7
leaf_value=-4.1539679612452387 0.20858439270159451 8.2913023303790272 3.1418272243193832 0.85166564165574055 0.80855303023371006 -2.9160860908360271
leaf_weight=210 4527 165 610 229 867 1456
leaf_count=210 4527 165 610 229 867 1456
internal_value=0.00160759 0.799638 0.55744 -1.53005 -0.162025 -2.40383
internal_weight=8064 5302 5137 2762 1077 1685
internal_count=8064 5302 5137 2762 1077 1685
is_linear=0
shrinkage=0.05


Tree=33
num_leaves=6
num_cat=0
split_feature=15 3 11 4 11
split_gain=3.67321e+06 3.34238e+06 2.57952e+06 2.43229e+06 1.05943e+06
threshold=5003.5373748263892 -86.66007499999931 1.0000000180025095e-35 76.669907638888404 -0.55543802234893469
decision_type=2 2 2 2 2
left_child=1 4 -2 -3 -1
right_child=2 3 -4 -5 -6
leaf_value=-0.67243799505311819 10.244316805256853 -0.013835799669824407 0.79072096688994042 2.9582220562933532 -3.0370593840975335
leaf_weight=839 144 5052 144 796 1089
leaf_count=839 144 5052 144 796 1089
internal_value=0.00156584 -0.204121 5.53661 0.391142 -2.00894
internal_weight=8064 7776 288 5848 1928
internal_count=8064 7776 288 5848 1928
is_linear=0
shrinkage=0.05


Tree=34
num_leaves=7
num_cat=0
split_feature=3 17 11 3 12 17
split_gain=3.43899e+06 2.53437e+06 1.97227e+06 1.33526e+06 964511 1.15499e+06
threshold=92.387250000000009 10.939999999999602 -0.65918890865109969 -133.67656250000024 -0.19504389580251641 -6.0925000000004266
decision_type=2 2 2 2 2 2
left_child=1 2 -1 -3 -2 -6
right_child=4 3 -4 -5 5 -7
leaf_value=2.218849248110391 0.92556175549726682 -3.6591832098359589 -0.32073581455877803 -0.99004107656141938 6.2918989264506564 2.0358005463808992
leaf_weight=1112 605 568 2441 2663 259 416
leaf_count=1112 605 568 2441 2663 259 416
internal_value=0.00155123 -0.447045 0.474491 -1.46026 2.37761 3.67577
internal_weight=8064 6784 3553 3231 1280 675
internal_count=8064 6784 3553 3231 1280 675
is_linear=0
shrinkage=0.05


Tree=35
num_leaves=6
num_cat=0
split_feature=15 1 11 4 3
split_gain=3.29232e+06 2.99486e+06 2.30024e+06 2.22783e+06 1.39327e+06
threshold=5003.5373748263892 30.270599999999607 1.0000000180025095e-35 122.17728715277805 -188.06934999999996
decision_type=2 2 2 2 2
left_child=1 4 -2 -3 -1
right_child=2 3 -4 -5 -6
leaf_value=-3.6438920695880221 9.6872982494584452 0.40291881166154725 0.76001343977862401 4.2195185852590305 -0.77505193152480023
leaf_weight=477 144 3162 144 434 3703
leaf_count=477 144 3162 144 434 3703
internal_value=0.00151398 -0.193217 5.24173 0.864588 -1.10322
internal_weight=8064 7776 288 3596 4180
internal_count=8064 7776 288 3596 4180
is_linear=0
shrinkage=0.05


Tree=36
num_leaves=5
num_cat=0
split_feature=2 3 17 3
split_gain=3.03502e+06 2.63677e+06 1.84348e+06 1.05417e+06
threshold=411.79910000000024 36.038225000000018 10.939999999999602 178.2006250000002
decision_type=2 2 2 2
left_child=1 2 -1 -3
right_child=-2 3 -4 -5
leaf_value=0.078115583116079607 5.3912722872179959 0.80061508966223771 -1.8053726079394807 4.2469694751018316
leaf_weight=2715 252 2363 2490 244
leaf_count=2715 252 2363 2490 244
internal_value=0.00150431 -0.173027 -0.823093 1.12468
internal_weight=8064 7812 5205 2607
internal_count=8064 7812 5205 2607
is_linear=0
shrinkage=0.05


Tree=37
num_leaves=6
num_cat=0
split_feature=15 3 4 11 1
split_gain=2.90583e+06 2.69377e+06 2.20316e+06 2.03761e+06 767888
threshold=5003.5373748263892 -123.40124999999988 76.669907638888404 1.0000000180025095e-35 -158.70830000000043
decision_type=2 2 2 2 2
left_child=1 4 -3 -2 -1
right_child=3 2 -4 -5 -6
leaf_value=-3.5495945352374245 9.1086038063312404 -0.13074317769080876 2.562820094737706 0.70647311983437378 -1.1060898052440846
leaf_weight=612 144 5608 877 144 679
leaf_count=612 144 5608 877 144 679
internal_value=0.0014831 -0.181461 0.23386 4.92452 -2.26629
internal_weight=8064 7776 6485 288 1291
internal_count=8064 7776 6485 288 1291
is_linear=0
shrinkage=0.05


Tree=38
num_leaves=7
num_cat=0
split_feature=3 11 4 16 16 3
split_gain=2.7045e+06 2.61309e+06 4.92098e+06 2.3579e+06 629635 425781
threshold=112.99411249999959 -0.59116893267988335 76.669907638888404 0.065209708608733444 0.10098991040531441 178.2006250000002
decision_type=2 2 2 2 2 2
left_child=1 2 -1 -3 -2 -6
right_child=4 3 -4 -5 5 -7
leaf_value=0.16175095068708975 5.57363589671818 1.6326872172431846 7.0039740770446519 -1.4064961302301975 1.2246280122815438 3.8419700043773219
leaf_weight=1861 147 750 305 4252 529 220
leaf_count=1861 147 750 305 4252 529 220
internal_value=0.00145601 -0.3224 1.12801 -0.950566 2.58977 1.9975
internal_weight=8064 7168 2166 5002 896 749
internal_count=8064 7168 2166 5002 896 749
is_linear=0
shrinkage=0.05


Tree=39
num_leaves=6
num_cat=0
split_feature=3 2 17 3 11
split_gain=2.63126e+06 2.60568e+06 1.63536e+06 1.01137e+06 1.56523e+06
threshold=-60.106249999999811 411.79910000000024 -6.0925000000004266 -279.55857499999973 -0.55543802234893469
decision_type=2 2 2 2 2
left_child=3 2 -2 -1 -5
right_child=1 -3 -4 4 -6
leaf_value=-4.2259057222222385 1.3918047655966928 6.7600247629430328 -0.37626961997145109 0.77492502336908964 -1.9156034417248866
leaf_weight=264 2414 167 2852 834 1533
leaf_count=264 2414 167 2852 834 1533
internal_value=0.001495 0.629995 0.434348 -1.2961 -0.967683
internal_weight=8064 5433 5266 2631 2367
internal_count=8064 5433 5266 2631 2367
is_linear=0
shrinkage=0.05


Tree=40
num_leaves=6
num_cat=0
split_feature=15 1 11 11 10
split_gain=2.49141e+06 2.31331e+06 1.75387e+06 1.74632e+06 1.38491e+06
threshold=5003.5373748263892 -8.3860500000000666 1.0000000180025095e-35 -0.1950438958025166 1.0000000180025095e-35
decision_type=2 2 2 2 2
left_child=1 4 -2 -3 -1
right_child=2 3 -4 -5 -6
leaf_value=-1.6762921121244094 8.4417665838373122 1.8059182785274897 0.64662670990516402 -0.27008216666586526 0.50130144003815724
leaf_weight=2665 144 1814 144 2292 1005
leaf_count=2665 144 1814 144 2292 1005
internal_value=0.00143519 -0.167962 4.55992 0.647296 -1.08
internal_weight=8064 7776 288 4106 3670
internal_count=8064 7776 288 4106 3670
is_linear=0
shrinkage=0.05


Tree=41
num_leaves=7
num_cat=0
split_feature=3 11 4 16 11 3
split_gain=2.39797e+06 2.67594e+06 6.37088e+06 2.51049e+06 769973 886046
threshold=-133.67656250000024 -0.44218343748786698 76.669907638888404 0.065209708608733444 -0.15208718494349127 -279.55857499999973
decision_type=2 2 2 2 2 2
left_child=4 2 -2 -3 5 -1
right_child=1 3 -4 -5 -6 -7
leaf_value=-3.658851150321961 0.63262623303079502 2.7278971078720962 8.0320691863150255 -0.74958778162037643 -3.9077854218376427 -0.072789891747472524
leaf_weight=249 1828 593 345 4110 385 554
leaf_count=249 1828 593 345 4110 385 554
internal_value=0.00142201 0.359893 1.81057 -0.310626 -2.07192 -1.18795
internal_weight=8064 6876 2173 4703 1188 803
internal_count=8064 6876 2173 4703 1188 803
is_linear=0
shrinkage=0.05


Tree=42
num_leaves=7
num_cat=0
split_feature=3 17 12 3 12 17
split_gain=2.27492e+06 1.82241e+06 1.60594e+06 954185 797344 894639
threshold=92.387250000000009 -6.0925000000004266 -0.59116893267988335 -188.06934999999996 -0.44218343748786698 62.38004999999999
decision_type=2 2 2 2 2 2
left_child=1 2 -1 -3 -2 -6
right_child=4 3 -4 -5 5 -7
leaf_value=-0.89719619498001091 0.34559142511261975 -3.6257009059620184 1.406972624732125 -0.86705325906505104 4.2335671235347281 0.77072173213162054
leaf_weight=1238 489 346 1940 3260 489 302
leaf_count=1238 489 346 1940 3260 489 302
internal_value=0.00136953 -0.363489 0.509376 -1.13268 1.93389 2.91411
internal_weight=8064 6784 3178 3606 1280 791
internal_count=8064 6784 3178 3606 1280 791
is_linear=0
shrinkage=0.05


Tree=43
num_leaves=6
num_cat=0
split_feature=15 18 12 11 18
split_gain=2.15693e+06 2.09836e+06 1.61507e+06 1.35546e+06 1.11935e+06
threshold=5003.5373748263892 -1.0000000180025095e-35 1.0000000180025095e-35 -0.77969889170510642 -573.49774999999988
decision_type=2 2 2 2 2
left_child=1 4 -2 -3 -1
right_child=2 3 -4 -5 -6
leaf_value=0.92886935649200897 0.48850706199119831 2.4528673749066829 7.9677843702250515 0.17328918784586883 -1.3904260751779418
leaf_weight=623 144 818 144 3201 3134
leaf_count=623 144 818 144 3201 3134
internal_value=0.00130953 -0.156307 4.24278 0.637754 -1.00569
internal_weight=8064 7776 288 4019 3757
internal_count=8064 7776 288 4019 3757
is_linear=0
shrinkage=0.05


Tree=44
num_leaves=7
num_cat=0
split_feature=3 11 4 16 11 3
split_gain=2.10555e+06 2.25644e+06 5.71362e+06 2.13965e+06 660912 778406
threshold=-133.67656250000024 -0.44218343748786698 76.669907638888404 0.056902413178758889 -0.15208718494349127 -279.55857499999973
decision_type=2 2 2 2 2 2
left_child=4 2 -2 -3 5 -1
right_child=1 3 -4 -5 -6 -7
leaf_value=-3.4384473216176037 0.55383602582830216 2.8703855068153463 7.5611704616188327 -0.63951159010530301 -3.6424178400207214 -0.077242930957393069
leaf_weight=249 1828 483 345 4220 385 554
leaf_count=249 1828 483 345 4220 385 554
internal_value=0.00130989 0.337214 1.66933 -0.27851 -1.94151 -1.12249
internal_weight=8064 6876 2173 4703 1188 803
internal_count=8064 6876 2173 4703 1188 803
is_linear=0
shrinkage=0.05


Tree=45
num_leaves=7
num_cat=0
split_feature=3 11 4 16 16 3
split_gain=2.04292e+06 1.52358e+06 2.65642e+06 1.37528e+06 886556 672440
threshold=58.828899999999983 -0.59116893267988335 76.669907638888404 0.048027914396711245 0.073513507866969419 178.2006250000002
decision_type=2 2 2 2 2 2
left_child=1 2 -1 -3 -2 -6
right_child=4 3 -4 -5 5 -7
leaf_value=-0.038202588480592568 4.3102874948622638 1.6101478480171001 5.3981519222373713 -1.3182439720739061 0.6270859824531505 3.4929365439617892
leaf_weight=1616 226 449 260 3686 1593 234
leaf_count=1616 226 449 260 3686 1593 234
internal_value=0.00126416 -0.463848 0.717711 -0.999951 1.36263 0.995851
internal_weight=8064 6011 1876 4135 2053 1827
internal_count=8064 6011 1876 4135 2053 1827
is_linear=0
shrinkage=0.05


Tree=46
num_leaves=7
num_cat=0
split_feature=3 11 4 16 11 16
split_gain=1.94769e+06 2.22803e+06 5.09127e+06 1.38698e+06 452314 689160
threshold=-188.06934999999996 -0.1950438958025166 76.669907638888404 0.056902413178758889 -0.6913484944011038 0.37547872362691698
decision_type=2 2 2 2 2 2
left_child=4 2 -2 -3 5 -1
right_child=1 3 -4 -5 -6 -7
leaf_value=0.69853489611377118 0.40235114140993278 2.4714216037540808 6.0919875512824904 -0.75144428547965736 -4.0845350911318743 -3.5967450797718059
leaf_weight=187 2547 363 464 4030 288 185
leaf_count=187 2547 363 464 4030 288 185
internal_value=0.00128826 0.233422 1.28086 -0.484632 -2.59924 -1.44147
internal_weight=8064 7404 3011 4393 660 372
internal_count=8064 7404 3011 4393 660 372
is_linear=0
shrinkage=0.05


Tree=47
num_leaves=7
num_cat=0
split_feature=3 17 12 3 12 17
split_gain=1.87391e+06 1.78159e+06 1.66906e+06 780222 357421 249498
threshold=133.79795000000016 -6.0925000000004266 -0.59116893267988335 -207.19282500000006 -0.19504389580251641 37.289999999999289
decision_type=2 2 2 2 2 2
left_child=1 2 -1 -3 -2 -6
right_child=4 3 -4 -5 5 -7
leaf_value=-0.75586653508735402 1.3500987553518584 -3.5285157678983148 1.4861303071683698 -0.7574579707869491 4.9793452554351685 2.2195911941220685
leaf_weight=1369 305 272 2106 3677 181 154
leaf_count=1369 305 272 2106 3677 181 154
internal_value=0.00123148 -0.22269 0.602917 -0.949168 2.59502 3.72106
internal_weight=8064 7424 3475 3949 640 335
internal_count=8064 7424 3475 3949 640 335
is_linear=0
shrinkage=0.05


Tree=48
num_leaves=5
num_cat=0
split_feature=15 1 4 18
split_gain=1.80633e+06 1.90662e+06 2.24502e+06 967210
threshold=5015.4229900173614 103.85919999999989 122.17728715277805 -6.0059625000003498
decision_type=2 2 2 2
left_child=1 3 -3 -1
right_child=-2 2 -4 -5
leaf_value=-1.3835553767652813 5.5314537368971735 0.33588249587005081 4.2203984819572256 -0.0064577106731673137
leaf_weight=2482 144 2377 440 2621
leaf_count=2482 144 2377 440 2621
internal_value=0.00120087 -0.100035 0.943905 -0.676391
internal_weight=8064 7920 2817 5103
internal_count=8064 7920 2817 5103
is_linear=0
shrinkage=0.05


Tree=49
num_leaves=7
num_cat=0
split_feature=3 2 18 16 11 3
split_gain=1.74467e+06 1.44571e+06 1.1138e+06 726910 1.15313e+06 479469
threshold=-54.944799999999979 411.79910000000024 37.986250000000389 0.44698676140706145 -0.55543802234893469 -207.19282500000006
decision_type=2 2 2 2 2 2
left_child=3 2 -2 4 -1 -5
right_child=1 -3 -4 5 -6 -7
leaf_value=1.4307732257847785 -0.22356661524064658 5.1245919348963778 1.2761296013212549 -4.4698794347268569 -1.3721558491082397 -1.5428525128058557
leaf_weight=593 3058 165 2079 161 959 1049
leaf_count=593 3058 165 2079 161 959 1049
internal_value=0.00119475 0.53199 0.383507 -1.01756 -0.30096 -1.93569
internal_weight=8064 5302 5137 2762 1552 1210
internal_count=8064 5302 5137 2762 1552 1210
is_linear=0
shrinkage=0.05


Tree=50
num_leaves=5
num_cat=0
split_feature=15 1 10 11
split_gain=1.62802e+06 1.66424e+06 1.30349e+06 1.19625e+06
threshold=5015.4229900173614 -48.221999999999746 1.0000000180025095e-35 -0.1950438958025166
decision_type=2 2 2 2
left_child=1 2 -1 -3
right_child=-2 3 -4 -5
leaf_value=-1.6791223252185219 5.2513448715209963 1.3966475284164899 0.50130502694836321 -0.2011464466864514
leaf_weight=2152 144 2075 1005 2688
leaf_count=2152 144 2075 1005 2688
internal_value=0.00113639 -0.0949729 -0.985066 0.495079
internal_weight=8064 7920 3157 4763
internal_count=8064 7920 3157 4763
is_linear=0
shrinkage=0.05


Tree=51
num_leaves=7
num_cat=0
split_feature=3 17 12 18 12 17
split_gain=1.57437e+06 1.53473e+06 1.42553e+06 670726 311068 217377
threshold=133.79795000000016 -6.0925000000004266 -0.065387565056497052 -63.471500000000781 -0.19504389580251641 37.289999999999289
decision_type=2 2 2 2 2 2
left_child=1 2 -1 -3 -2 -6
right_child=4 3 -4 -5 5 -7
leaf_value=-0.33972417468790117 1.2173979809154678 -1.7715658720594605 1.6987848966989199 -0.40291349589918568 4.6032979125341216 2.0280159171550505
leaf_weight=1938 305 1371 1537 2578 181 154
leaf_count=1938 305 1371 1537 2578 181 154
internal_value=0.00111224 -0.204134 0.562142 -0.878406 2.37857 3.429
internal_weight=8064 7424 3475 3949 640 335
internal_count=8064 7424 3475 3949 640 335
is_linear=0
shrinkage=0.05


Tree=52
num_leaves=7
num_cat=0
split_feature=3 11 4 16 11 16
split_gain=1.57138e+06 1.77919e+06 4.2523e+06 1.11133e+06 395676 525869
threshold=-188.06934999999996 -0.1950438958025166 76.669907638888404 0.056902413178758889 -0.6913484944011038 0.37547872362691698
decision_type=2 2 2 2 2 2
left_child=4 2 -2 -3 5 -1
right_child=1 3 -4 -5 -6 -7
leaf_value=0.6170592362893389 0.34275343220730664 2.2139995079569439 5.5424969546120337 -0.67088916313761027 -3.7237570095949111 -3.1349810339510444
leaf_weight=187 2547 363 464 4030 288 185
leaf_count=187 2547 363 464 4030 288 185
internal_value=0.00110023 0.209607 1.14562 -0.432057 -2.33474 -1.25228
internal_weight=8064 7404 3011 4393 660 372
internal_count=8064 7404 3011 4393 660 372
is_linear=0
shrinkage=0.05


Tree=53
num_leaves=7
num_cat=0
split_feature=18 11 4 15 3 0
split_gain=1.47895e+06 1.45167e+06 1.76252e+06 1.30686e+06 878815 770040
threshold=37.986250000000389 -0.1950438958025166 76.669907638888404 5003.5373748263892 -207.19282500000006 3603.2283000000002
decision_type=2 2 2 2 2 2
left_child=3 2 -2 4 -1 -3
right_child=1 5 -4 -5 -6 -7
leaf_value=-3.1567221836398485 1.513936138440745 0.97627363408313084 7.3806197179934463 3.8098828256489288 -0.51325353946656116 -0.93425229422755474
leaf_weight=338 956 1104 147 165 4346 1008
leaf_count=338 956 1104 147 165 4346 1008
internal_value=0.00105257 0.832491 2.30178 -0.550268 -0.704641 0.0644211
internal_weight=8064 3215 1103 4849 4684 2112
internal_count=8064 3215 1103 4849 4684 2112
is_linear=0
shrinkage=0.05


Tree=54
num_leaves=7
num_cat=0
split_feature=3 17 11 16 11 4
split_gain=1.43338e+06 957608 856947 794804 789338 508553
threshold=36.038225000000018 -6.0925000000004266 -0.6913484944011038 0.073513507866969419 -0.62577451934762984 3.1382875000003883
decision_type=2 2 2 2 2 2
left_child=1 2 -1 5 -5 -2
right_child=3 -3 -4 4 -6 -7
leaf_value=1.6183351579048026 1.3016254385193324 -1.099504755547603 -0.37756709618172207 2.0975127598913832 0.079398316403763047 5.4938657221320559
leaf_weight=777 145 2848 1741 671 1737 145
leaf_count=777 145 2848 1741 671 1737 145
internal_value=0.00105622 -0.471613 0.238723 0.940965 0.642392 3.40942
internal_weight=8064 5366 2518 2698 2408 290
internal_count=8064 5366 2518 2698 2408 290
is_linear=0
shrinkage=0.05


Tree=55
num_leaves=5
num_cat=0
split_feature=15 3 1 16
split_gain=1.36881e+06 1.32631e+06 1.24393e+06 446764
threshold=5015.4229900173614 -133.67656250000024 187.70814999999996 0.40063423392615338
decision_type=2 2 2 2
left_child=1 3 -3 -1
right_child=-2 2 -4 -5
leaf_value=-0.816555784588471 4.8151960772481459 -0.23077261737775681 1.2971476061332885 -2.7998309743625147
leaf_weight=686 144 4924 1825 485
leaf_count=686 144 4924 1825 485
internal_value=0.00105991 -0.0870667 0.182524 -1.63967
internal_weight=8064 7920 6749 1171
internal_count=8064 7920 6749 1171
is_linear=0
shrinkage=0.05


Tree=56
num_leaves=6
num_cat=0
split_feature=3 17 12 18 12
split_gain=1.30962e+06 1.24495e+06 1.27929e+06 575626 215702
threshold=145.56808750000008 -6.0925000000004266 -0.065387565056497052 -63.471500000000781 -0.19504389580251641
decision_type=2 2 2 2 2
left_child=1 2 -1 -3 -2
right_child=4 3 -4 -5 -6
leaf_value=-0.32689995195053889 1.382532892586291 -1.5876046669071935 1.5885150372958177 -0.33052906096549051 3.4431504420258783
leaf_weight=1972 249 1394 1561 2625 263
leaf_count=1972 249 1394 1561 2625 263
internal_value=0.00102095 -0.165019 0.519606 -0.766835 2.44566
internal_weight=8064 7552 3533 4019 512
internal_count=8064 7552 3533 4019 512
is_linear=0
shrinkage=0.05


Tree=57
num_leaves=7
num_cat=0
split_feature=3 11 4 16 11 0
split_gain=1.23894e+06 1.45784e+06 3.619e+06 1.68173e+06 351471 460465
threshold=-188.06934999999996 -0.55543802234893469 76.669907638888404 0.065209708608733444 -0.6913484944011038 4829.7792500000005
decision_type=2 2 2 2 2 2
left_child=4 2 -2 -3 5 -1
right_child=1 3 -4 -5 -6 -7
leaf_value=0.46715135357090248 0.40301364073187634 1.93391523893037 6.099889566161842 -0.61687914332152072 -3.3820117481491145 -3.0805405672919006
leaf_weight=213 1768 752 330 4554 288 159
leaf_count=213 1768 752 330 4554 288 159
internal_value=0.000995754 0.186138 1.30157 -0.255068 -2.0731 -1.05339
internal_weight=8064 7404 2098 5306 660 372
internal_count=8064 7404 2098 5306 660 372
is_linear=0
shrinkage=0.05


Tree=58
num_leaves=7
num_cat=0
split_feature=18 11 4 15 18 0
split_gain=1.23496e+06 1.16349e+06 1.45963e+06 1.04968e+06 737320 613782
threshold=37.986250000000389 -0.1950438958025166 76.669907638888404 5003.5373748263892 -776.91773750000004 3603.2283000000002
decision_type=2 2 2 2 2 2
left_child=3 2 -2 4 -1 -3
right_child=1 5 -4 -5 -6 -7
leaf_value=1.1799994834666883 1.3591806415941416 0.8871854531825667 6.6979654755141285 3.4048110530498521 -0.85710866793049245 -0.81851776173657653
leaf_weight=496 956 1104 147 165 4188 1008
leaf_count=496 956 1104 147 165 4188 1008
internal_value=0.000957277 0.760725 2.07612 -0.502839 -0.641189 0.0730977
internal_weight=8064 3215 1103 4849 4684 2112
internal_count=8064 3215 1103 4849 4684 2112
is_linear=0
shrinkage=0.05


Tree=59
num_leaves=7
num_cat=0
split_feature=3 17 12 3 16 11
split_gain=1.18745e+06 938054 927873 658101 585963 910269
threshold=-64.507637500000087 -11.291187499999976 -0.59116893267988335 178.2006250000002 0.44698676140706145 -0.55543802234893469
decision_type=2 2 2 2 2 2
left_child=4 2 -2 -3 5 -1
right_child=1 3 -4 -5 -6 -7
leaf_value=1.3303303454694375 0.038146747028290795 -0.3407287472155458 1.9882743065466557 3.0124840409918265 -1.7761603080578532 -1.2614349616287497
leaf_weight=561 1087 2935 1389 153 1087 852
leaf_count=561 1087 2935 1389 153 1087 852
internal_value=0.000982902 0.407682 1.1325 -0.173667 -0.903967 -0.232219
internal_weight=8064 5564 2476 3088 2500 1413
internal_count=8064 5564 2476 3088 2500 1413
is_linear=0
shrinkage=0.05


Tree=60
num_leaves=5
num_cat=0
split_feature=15 1 10 8
split_gain=1.16921e+06 1.0831e+06 993507 890487
threshold=5015.4229900173614 -48.221999999999746 1.0000000180025095e-35 1.0000000180025095e-35
decision_type=2 2 2 2
left_child=1 2 -1 -3
right_child=-2 3 -4 -5
leaf_value=-1.4045006690241477 4.4502690103958393 0.78096597311634897 0.49905250789393962 -0.81648486580148993
leaf_weight=2152 144 3614 1005 1149
leaf_count=2152 144 3614 1005 1149
internal_value=0.000952298 -0.080496 -0.798557 0.395515
internal_weight=8064 7920 3157 4763
internal_count=8064 7920 3157 4763
is_linear=0
shrinkage=0.05


Tree=61
num_leaves=7
num_cat=0
split_feature=3 18 18 11 1 1
split_gain=1.08046e+06 1.05205e+06 1.09327e+06 835803 432516 434616
threshold=104.97468749999986 -41.680287500000297 -255.45147499999982 -0.80625269229011332 -212.40119999999999 207.07930000000036
decision_type=2 2 2 2 2 2
left_child=1 2 -1 -3 -2 -6
right_child=4 3 -4 -5 5 -7
leaf_value=0.38827737569310594 3.9804434402600712 1.6258296190888029 -1.772497640068484 -0.094108047692323699 0.00031526305096717615 2.2309818196604509
leaf_weight=896 151 879 1686 3579 448 425
leaf_count=896 151 879 1686 3579 448 425
internal_value=0.000926442 -0.219869 -1.02281 0.245307 1.51763 1.08757
internal_weight=8064 7040 2582 4458 1024 873
internal_count=8064 7040 2582 4458 1024 873
is_linear=0
shrinkage=0.05


Tree=62
num_leaves=7
num_cat=0
split_feature=3 11 4 16 1 1
split_gain=1.08912e+06 1.13757e+06 3.12967e+06 1.37328e+06 292356 283727
threshold=-188.06934999999996 -0.55543802234893469 76.669907638888404 0.056902413178758889 -190.57240000000044 1.0000000180025095e-35
decision_type=2 2 2 2 2 2
left_child=4 2 -2 -3 -1 -6
right_child=1 3 -4 -5 5 -7
leaf_value=-3.0633404707908634 0.32425345563729346 1.9704280955861155 5.6219679138316492 -0.5111308103951222 0.59949980038478512 -2.2483750549610706
leaf_weight=309 1768 632 330 4674 160 191
leaf_count=309 1768 632 330 4674 160 191
internal_value=0.000919541 0.174506 1.15983 -0.215236 -1.94373 -0.952183
internal_weight=8064 7404 2098 5306 660 351
internal_count=8064 7404 2098 5306 660 351
is_linear=0
shrinkage=0.05


Tree=63
num_leaves=5
num_cat=0
split_feature=15 18 11 2
split_gain=1.03438e+06 994808 768362 673868
threshold=5015.4229900173614 37.986250000000389 0.85470842479866238 259.41824999999977
decision_type=2 2 2 2
left_child=1 3 -3 -1
right_child=-2 2 -4 -5
leaf_value=-0.72190145857606325 4.1858172785002612 1.091424144349072 -0.66127063428744848 1.3195458268036759
leaf_weight=4324 144 2292 859 445
leaf_count=4324 144 2292 859 445
internal_value=0.000890261 -0.0757182 0.613561 -0.531175
internal_weight=8064 7920 3151 4769
internal_count=8064 7920 3151 4769
is_linear=0
shrinkage=0.05


Tree=64
num_leaves=7
num_cat=0
split_feature=3 11 4 16 8 1
split_gain=1.00486e+06 901098 2.8912e+06 1.02322e+06 436056 750769
threshold=-133.67656250000024 -0.59116893267988335 76.669907638888404 0.056902413178758889 1.0000000180025095e-35 -158.70830000000043
decision_type=2 2 2 2 2 2
left_child=4 2 -2 -3 5 -1
right_child=1 3 -4 -5 -6 -7
leaf_value=-2.1351667600051729 0.32038668539961207 1.8716779214816626 5.7849495536078592 -0.36322706647854386 -3.6946273680269366 0.60017652589634363
leaf_weight=578 1518 577 287 4494 168 442
leaf_count=578 1518 577 287 4494 168 442
internal_value=0.000878071 0.23293 1.19199 -0.108611 -1.34127 -0.950424
internal_weight=8064 6876 1805 5071 1188 1020
internal_count=8064 6876 1805 5071 1188 1020
is_linear=0
shrinkage=0.05


Tree=65
num_leaves=5
num_cat=0
split_feature=3 17 12 18
split_gain=997560 917723 926157 482524
threshold=178.2006250000002 -6.0925000000004266 -0.065387565056497052 -63.471500000000781
decision_type=2 2 2 2
left_child=1 2 -1 -3
right_child=-2 3 -4 -5
leaf_value=-0.22775214307010172 3.0659275989356209 -1.3466013630812146 1.3746973820204227 -0.21486092158711934
leaf_weight=2049 256 1444 1609 2706
leaf_count=2049 256 1444 1609 2706
internal_value=0.000848952 -0.100025 0.477281 -0.608882
internal_weight=8064 7808 3658 4150
internal_count=8064 7808 3658 4150
is_linear=0
shrinkage=0.05


Tree=66
num_leaves=5
num_cat=0
split_feature=15 3 12 0
split_gain=929564 899934 808452 377535
threshold=5015.4229900173614 -207.19282500000006 -0.36235178784537897 4895.0370000000012
decision_type=2 2 2 2
left_child=1 3 -3 -1
right_child=-2 2 -4 -5
leaf_value=-1.2201201753105366 3.9680448883977428 -0.57074729995064299 0.49654146209048938 -4.1926023173729581
leaf_weight=376 144 2953 4442 149
leaf_count=376 144 2953 4442 149
internal_value=0.000822944 -0.0718002 0.070328 -2.07011
internal_weight=8064 7920 7395 525
internal_count=8064 7920 7395 525
is_linear=0
shrinkage=0.05


Tree=67
num_leaves=6
num_cat=0
split_feature=3 11 4 18 12
split_gain=917617 821705 1.85259e+06 798334 151439
threshold=145.56808750000008 -0.59116893267988335 76.669907638888404 -63.471500000000781 -0.19504389580251641
decision_type=2 2 2 2 2
left_child=1 2 -1 -3 -2
right_child=4 3 -4 -5 -6
leaf_value=0.071442368419620678 1.1563062364697456 -1.4770634952932917 4.1391588649253963 -0.10113873341728608 2.8828784927556459
leaf_weight=1944 249 1454 326 3828 263
leaf_count=1944 249 1454 326 3828 263
internal_value=0.00077238 -0.138214 0.657182 -0.480104 2.04709
internal_weight=8064 7552 2270 5282 512
internal_count=8064 7552 2270 5282 512
is_linear=0
shrinkage=0.05


Tree=68
num_leaves=6
num_cat=0
split_feature=3 3 11 3 12
split_gain=877724 630600 868891 482689 370022
threshold=36.038225000000018 -279.55857499999973 -0.6913484944011038 178.2006250000002 -0.51864980417341189
decision_type=2 2 2 2 2
left_child=1 -1 -3 4 -2
right_child=3 2 -4 -5 -6
leaf_value=-2.747237196570298 -0.29776234429434867 0.87743931867700431 -0.62449852112627957 2.797651952652239 0.9825124036256675
leaf_weight=264 884 1287 3815 256 1558
leaf_count=264 884 1287 3815 256 1558
internal_value=0.00077512 -0.3691 -0.245531 0.736278 0.519123
internal_weight=8064 5366 5102 2698 2442
internal_count=8064 5366 5102 2698 2442
is_linear=0
shrinkage=0.05


Tree=69
num_leaves=5
num_cat=0
split_feature=15 18 11 18
split_gain=836140 795496 666272 617012
threshold=5015.4229900173614 37.986250000000389 0.85470842479866238 -776.91773750000004
decision_type=2 2 2 2
left_child=1 3 -3 -1
right_child=-2 2 -4 -5
leaf_value=1.1701576864101682 3.7633288914581828 0.99322935512802801 -0.63886674325176795 -0.67183347620985145
leaf_weight=508 144 2292 859 4261
leaf_count=508 144 2292 859 4261
internal_value=0.000742491 -0.0681346 0.548239 -0.475418
internal_weight=8064 7920 3151 4769
internal_count=8064 7920 3151 4769
is_linear=0
shrinkage=0.05


Tree=70
num_leaves=7
num_cat=0
split_feature=3 1 4 15 1 1
split_gain=815338 700107 1.27771e+06 495300 576442 413328
threshold=-54.944799999999979 207.07930000000036 122.17728715277805 3004.6675953125005 -158.70830000000043 -441.4106500000002
decision_type=2 2 2 2 2 2
left_child=3 5 -3 -1 -5 -2
right_child=1 2 -4 4 -6 -7
leaf_value=-3.4326786198677164 1.0649826361073387 0.61153072894180882 4.5191665800412499 -1.3993495069201227 0.1050891731808154 -0.23781328749565064
leaf_weight=155 755 1167 254 1103 1504 3126
leaf_count=155 755 1167 254 1103 1504 3126
internal_value=0.000733984 0.363594 1.3127 -0.695701 -0.531719 0.0158384
internal_weight=8064 5302 1421 2762 2607 3881
internal_count=8064 5302 1421 2762 2607 3881
is_linear=0
shrinkage=0.05


Tree=71
num_leaves=7
num_cat=0
split_feature=17 12 4 3 13 4
split_gain=779461 769503 1.93322e+06 522880 460851 360233
threshold=-6.0925000000004266 -0.065387565056497052 76.669907638888404 178.2006250000002 -0.42261826174069911 122.17728715277805
decision_type=2 2 2 2 2 2
left_child=1 5 -3 4 -2 -1
right_child=3 2 -4 -5 -6 -7
leaf_value=0.12099032284208587 0.17531269360715918 0.63886673286462492 5.545607048120254 2.4815588349553006 -0.93891638016926748 -1.9867028530867614
leaf_weight=1895 1400 1415 233 145 2750 226
leaf_count=1895 1400 1415 233 145 2750 226
internal_value=0.000704917 0.525391 1.33554 -0.459739 -0.56308 -0.104422
internal_weight=8064 3769 1648 4295 4150 2121
internal_count=8064 3769 1648 4295 4150 2121
is_linear=0
shrinkage=0.05


Tree=72
num_leaves=7
num_cat=0
split_feature=3 17 18 8 1 1
split_gain=770554 760095 632305 387716 604166 329498
threshold=-133.67656250000024 -113.94657499999947 -776.91773750000004 1.0000000180025095e-35 -158.70830000000043 128.01415
decision_type=2 2 2 2 2 2
left_child=3 5 -3 4 -1 -2
right_child=1 2 -4 -5 -6 -7
leaf_value=-1.868979025480944 0.62325915778026042 2.1409911469507374 -0.20666625051111454 -3.3935015068251708 0.58474508095406519 2.153577121624604
leaf_weight=578 938 303 5072 168 442 563
leaf_count=578 938 303 5072 168 442 563
internal_value=0.000707096 0.203912 -0.0739503 -1.1746 -0.806167 1.19831
internal_weight=8064 6876 5375 1188 1020 1501
internal_count=8064 6876 5375 1188 1020 1501
is_linear=0
shrinkage=0.05


Tree=73
num_leaves=5
num_cat=0
split_feature=15 18 18 11
split_gain=751284 713320 617496 535367
threshold=5015.4229900173614 -1.0000000180025095e-35 -255.45147499999982 -0.80625269229011332
decision_type=2 2 2 2
left_child=1 2 -1 -3
right_child=-2 3 -4 -5
leaf_value=0.49727972717609426 3.5672280507971501 1.5985593242246712 -0.93829700093129798 0.12269173920472816
leaf_weight=1021 144 752 2806 3341
leaf_count=1021 144 752 2806 3341
internal_value=0.000671944 -0.0646167 -0.555272 0.394175
internal_weight=8064 7920 3827 4093
internal_count=8064 7920 3827 4093
is_linear=0
shrinkage=0.05


Tree=74
num_leaves=7
num_cat=0
split_feature=3 11 4 3 11 3
split_gain=719744 715354 2.31532e+06 535979 253488 366381
threshold=-188.06934999999996 -0.1950438958025166 76.669907638888404 145.56808750000008 -0.6913484944011038 -279.55857499999973
decision_type=2 2 2 2 2 2
left_child=4 2 -2 -3 5 -1
right_child=1 3 -4 -5 -6 -7
leaf_value=-2.2700126469135284 0.14291184380434138 -0.41634894575166731 3.9797121087868792 1.749908678757834 -2.6915221558928906 0.86080620072541691
leaf_weight=187 2547 4087 464 306 288 185
leaf_count=187 2547 4087 464 306 288 185
internal_value=0.000668401 0.141782 0.735294 -0.265092 -1.58019 -0.714886
internal_weight=8064 7404 3011 4393 660 372
internal_count=8064 7404 3011 4393 660 372
is_linear=0
shrinkage=0.05


Tree=75
num_leaves=7
num_cat=0
split_feature=3 17 12 3 11 3
split_gain=682611 490584 549586 447295 594295 312170
threshold=-4.382124999999859 -17.269125000000255 -0.51864980417341189 -279.55857499999973 -0.6913484944011038 178.2006250000002
decision_type=2 2 2 2 2 2
left_child=3 2 -2 -1 -5 -3
right_child=1 5 -4 4 -6 -7
leaf_value=-2.428710459813757 0.17871088936071319 -0.17835924773785017 1.9914703428975438 0.71654963130060001 -0.67488713063289052 2.1425861199314777
leaf_weight=264 802 2031 873 1043 2896 155
leaf_count=264 802 2031 873 1043 2896 155
internal_value=0.000643384 0.480546 1.12413 -0.440218 -0.306363 -0.0128864
internal_weight=8064 3861 1675 4203 3939 2186
internal_count=8064 3861 1675 4203 3939 2186
is_linear=0
shrinkage=0.05


Tree=76
num_leaves=5
num_cat=0
split_feature=15 18 18 11
split_gain=680147 645338 550177 471675
threshold=5015.4229900173614 -1.0000000180025095e-35 -776.91773750000004 0.85470842479866238
decision_type=2 2 2 2
left_child=1 2 -1 -3
right_child=-2 3 -4 -5
leaf_value=1.0028003933768141 3.3941258067200928 0.67236357907196709 -0.76274917626715588 -0.59301377721401638
leaf_weight=508 144 3131 3319 962
leaf_count=508 144 3131 3319 962
internal_value=0.000622051 -0.0614987 -0.528188 0.374883
internal_weight=8064 7920 3827 4093
internal_count=8064 7920 3827 4093
is_linear=0
shrinkage=0.05


Tree=77
num_leaves=7
num_cat=0
split_feature=3 17 12 10 1 1
split_gain=622345 618212 521989 351298 688300 278851
threshold=-133.67656250000024 -113.94657499999947 0.19504389580251646 1.0000000180025095e-35 -272.04500000000002 128.01415
decision_type=2 2 2 2 2 2
left_child=3 5 -3 4 -1 -2
right_child=1 2 -4 -5 -6 -7
leaf_value=-4.2845863388594365 0.5510542443344475 -0.51992174459727347 0.46890867825586463 0.9424464831028575 -0.82421651158064935 1.9588052918236203
leaf_weight=173 938 2915 2460 185 830 563
leaf_count=173 938 2915 2460 185 830 563
internal_value=0.00061397 0.183234 -0.0673563 -1.05563 -1.42474 1.08003
internal_weight=8064 6876 5375 1188 1003 1501
internal_count=8064 6876 5375 1188 1003 1501
is_linear=0
shrinkage=0.05


Tree=78
num_leaves=5
num_cat=0
split_feature=15 1 10 8
split_gain=610837 605512 860165 539061
threshold=5015.4229900173614 -93.407049999999785 1.0000000180025095e-35 1.0000000180025095e-35
decision_type=2 2 2 2
left_child=1 2 -1 -3
right_child=-2 3 -4 -5
leaf_value=-1.388375143287675 3.2165245788878409 0.51567819235888435 0.47288565381367009 -0.70793302150200255
leaf_weight=1626 144 4142 1003 1149
leaf_count=1626 144 4142 1003 1149
internal_value=0.000572682 -0.0582979 -0.678369 0.249874
internal_weight=8064 7920 2629 5291
internal_count=8064 7920 2629 5291
is_linear=0
shrinkage=0.05


Tree=79
num_leaves=7
num_cat=0
split_feature=13 16 4 3 17 8
split_gain=594453 937254 3.05414e+06 722384 489199 299974
threshold=-0.42261826174069911 0.44698676140706145 76.669907638888404 -69.542537499999739 76.256799999999672 1.0000000180025095e-35
decision_type=2 2 2 2 2 2
left_child=1 2 -1 5 -5 -2
right_child=3 -3 -4 4 -6 -7
leaf_value=0.53520847475940136 -0.98357206172037448 -0.28636274140183759 7.1447229670896766 0.42074745797730267 -0.82006754622048972 -3.0502546769612042
leaf_weight=1187 1206 1521 204 2598 1143 205
leaf_count=1187 1206 1521 204 2598 1143 205
internal_value=0.000557125 0.571456 1.50898 -0.322173 0.0415193 -1.28578
internal_weight=8064 2912 1391 5152 3741 1411
internal_count=8064 2912 1391 5152 3741 1411
is_linear=0
shrinkage=0.05


Tree=80
num_leaves=5
num_cat=0
split_feature=3 17 12 13
split_gain=574097 549402 630609 373615
threshold=178.2006250000002 -6.0925000000004266 0.32136297141497122 -0.46130913087034953
decision_type=2 2 2 2
left_child=1 2 -1 -3
right_child=-2 3 -4 -5
leaf_value=-0.070848987402305719 2.325771380305754 0.20822697589794795 1.3464346889288803 -0.80155458256988588
leaf_weight=2519 256 1364 1139 2786
leaf_count=2519 256 1364 1139 2786
internal_value=0.000547618 -0.0759773 0.370701 -0.469695
internal_weight=8064 7808 3658 4150
internal_count=8064 7808 3658 4150
is_linear=0
shrinkage=0.05


Tree=81
num_leaves=5
num_cat=0
split_feature=15 3 13 0
split_gain=550127 544384 570460 326024
threshold=5015.4229900173614 -207.19282500000006 0.13040196020729419 4895.0370000000012
decision_type=2 2 2 2
left_child=1 3 -3 -1
right_child=-2 2 -4 -5
leaf_value=-0.82079191693260434 3.0524947063676247 0.46986580605287576 -0.40975737570706738 -3.581189270893733
leaf_weight=376 144 3909 3486 149
leaf_count=376 144 3909 3486 149
internal_value=0.000538887 -0.0553296 0.0552125 -1.60954
internal_weight=8064 7920 7395 525
internal_count=8064 7920 7395 525
is_linear=0
shrinkage=0.05


Tree=82
num_leaves=7
num_cat=0
split_feature=18 11 18 13 4 3
split_gain=542894 661516 514982 377580 374982 362250
threshold=37.986250000000389 0.85470842479866238 -776.91773750000004 0.087155742747658194 -15.174238888888793 58.828899999999983
decision_type=2 2 2 2 2 2
left_child=2 4 -1 -4 -2 -3
right_child=1 5 3 -5 -6 -7
leaf_value=1.1517743353937502 -0.073738992986602525 -1.2894995709653465 -0.094205681018051143 -1.0338063677090104 1.3374054736792511 0.98641505499536564
leaf_weight=520 653 637 2404 1925 1685 240
leaf_count=520 653 637 2404 1925 1685 240
internal_value=0.000503947 0.504249 -0.333526 -0.512165 0.943412 -0.666258
internal_weight=8064 3215 4849 4329 2338 877
internal_count=8064 3215 4849 4329 2338 877
is_linear=0
shrinkage=0.05


Tree=83
num_leaves=7
num_cat=0
split_feature=3 18 18 13 15 1
split_gain=522503 528947 711656 559305 359234 506015
threshold=79.907074999999637 -63.471500000000781 -255.45147499999982 -0.1736481776669305 3037.1182682291669 308.416
decision_type=2 2 2 2 2 2
left_child=1 2 -1 -3 -2 -6
right_child=4 3 -4 -5 5 -7
leaf_value=0.26668190671750436 -0.77052483023046614 0.82249176324161954 -1.6088608613566091 -0.33099614912339187 0.70552034216267723 3.2641820483377288
leaf_weight=850 285 1712 1247 2718 1014 238
leaf_count=850 285 1712 1247 2718 1014 238
internal_value=0.000484856 -0.194847 -0.848862 0.114861 0.829566 1.19413
internal_weight=8064 6527 2097 4430 1537 1252
internal_count=8064 6527 2097 4430 1537 1252
is_linear=0
shrinkage=0.05


Tree=84
num_leaves=5
num_cat=0
split_feature=3 11 4 16
split_gain=513701 596230 1.83961e+06 629922
threshold=-279.55857499999973 -0.6913484944011038 76.669907638888404 0.031075557734047351
decision_type=2 2 2 2
left_child=-1 2 -2 -3
right_child=1 3 -4 -5
leaf_value=-2.1644772779765837 0.19735840058083931 2.0402161778430226 4.5958842434229394 -0.2930240841447343
leaf_weight=264 1607 304 278 5611
leaf_count=264 1607 304 278 5611
internal_value=0.000475178 0.0740186 0.848146 -0.172783
internal_weight=8064 7800 1885 5915
internal_count=8064 7800 1885 5915
is_linear=0
shrinkage=0.05


Tree=85
num_leaves=5
num_cat=0
split_feature=15 1 10 8
split_gain=491188 476145 714341 441237
threshold=5015.4229900173614 -93.407049999999785 1.0000000180025095e-35 1.0000000180025095e-35
decision_type=2 2 2 2
left_child=1 2 -1 -3
right_child=-2 3 -4 -5
leaf_value=-1.2492010694654281 2.8843156713658367 0.46144420328025593 0.44695782489124758 -0.64558711309990158
leaf_weight=1626 144 4142 1003 1149
leaf_count=1626 144 4142 1003 1149
internal_value=0.000478542 -0.0523124 -0.602169 0.220963
internal_weight=8064 7920 2629 5291
internal_count=8064 7920 2629 5291
is_linear=0
shrinkage=0.05


Tree=86
num_leaves=5
num_cat=0
split_feature=3 18 11 18
split_gain=477413 449307 608795 487969
threshold=178.2006250000002 -1.0000000180025095e-35 0.85470842479866238 -776.91773750000004
decision_type=2 2 2 2
left_child=1 3 -3 -1
right_child=-2 2 -4 -5
leaf_value=0.99194746163785463 2.1208725769000298 0.63269162932304601 -0.82050539181649151 -0.68564651232186513
leaf_weight=499 256 3111 937 3261
leaf_count=499 256 3111 937 3261
internal_value=0.00046638 -0.0693178 0.296197 -0.462804
internal_weight=8064 7808 4048 3760
internal_count=8064 7808 4048 3760
is_linear=0
shrinkage=0.05


Tree=87
num_leaves=7
num_cat=0
split_feature=3 12 4 4 15 4
split_gain=459832 522561 1.43046e+06 321529 269299 283834
threshold=-207.19282500000006 -0.065387565056497052 76.669907638888404 117.93185763888893 4950.2187973958344 3.3026059027783963
decision_type=2 2 2 2 2 2
left_child=4 3 -3 -2 5 -1
right_child=1 2 -4 -5 -6 -7
leaf_value=0.41800499792141016 -0.14251980875985307 0.10920858439058066 2.8415180958940045 -1.5338576518374833 -3.1855873085074613 -2.3858995628356934
leaf_weight=226 3255 3245 561 475 153 149
leaf_count=226 3255 3245 561 475 153 149
internal_value=0.000456944 0.100473 0.512588 -0.320065 -1.42453 -0.699462
internal_weight=8064 7536 3806 3730 528 375
internal_count=8064 7536 3806 3730 528 375
is_linear=0
shrinkage=0.05


Tree=88
num_leaves=4
num_cat=0
split_feature=15 3 13
split_gain=442766 427441 455512
threshold=5015.4229900173614 -279.55857499999973 -0.08715574274765843
decision_type=2 2 2
left_child=1 -1 -3
right_child=-2 2 -4
leaf_value=-2.0277982572770932 2.7384136244757422 0.43881869931396633 -0.33524636934397384
leaf_weight=263 144 3499 4158
leaf_count=263 144 3499 4158
internal_value=0.000410048 -0.0497113 0.0184873
internal_weight=8064 7920 7657
internal_count=8064 7920 7657
is_linear=0
shrinkage=0.05


Tree=89
num_leaves=7
num_cat=0
split_feature=3 11 4 18 1 1
split_gain=430847 446315 1.10518e+06 472496 137445 177239
threshold=145.56808750000008 -0.59116893267988335 76.669907638888404 -63.471500000000781 69.304899999999648 308.416
decision_type=2 2 2 2 2 2
left_child=1 2 -1 -3 -2 -6
right_child=4 3 -4 -5 5 -7
leaf_value=0.038956302116627407 2.7078792634503599 -1.1137918082929354 3.1807401089128735 -0.055273729615977832 -0.072598213695344471 2.1382731930166483
leaf_weight=1944 144 1454 326 3828 209 159
leaf_count=1944 144 1454 326 3828 209 159
internal_value=0.000394595 -0.0948415 0.491357 -0.346812 1.40257 0.885848
internal_weight=8064 7552 2270 5282 512 368
internal_count=8064 7552 2270 5282 512 368
is_linear=0
shrinkage=0.05


Tree=90
num_leaves=7
num_cat=0
split_feature=17 12 4 4 13 18
split_gain=424407 475231 1.35562e+06 318243 317670 379871
threshold=-6.0925000000004266 0.19504389580251646 76.669907638888404 136.5041118055556 0.76604444311897846 -86.33581249999996
decision_type=2 2 2 2 2 2
left_child=1 3 -3 -1 -2 -6
right_child=4 2 -4 -5 5 -7
leaf_value=0.13969277542104991 -0.099550759697320482 0.51220726902128888 5.1923703879283538 -2.0717100661822729 -3.0827949753570074 -0.63690565446457337
leaf_weight=2312 3277 1104 179 174 196 822
leaf_count=2312 3277 1104 179 174 196 822
internal_value=0.00041717 0.38758 1.1687 -0.0158584 -0.339342 -1.11039
internal_weight=8064 3769 1283 2486 4295 1018
internal_count=8064 3769 1283 2486 4295 1018
is_linear=0
shrinkage=0.05


Tree=91
num_leaves=7
num_cat=0
split_feature=3 15 0 1 17 4
split_gain=414224 337410 490689 327900 474018 422474
threshold=9.0440250000001488 3018.1741947048617 4895.0370000000012 207.07930000000036 68.898200000000784 136.5041118055556
decision_type=2 2 2 2 2 2
left_child=1 -1 -3 5 -5 -2
right_child=3 2 -4 4 -6 -7
leaf_value=-1.4167334086596968 0.25978068790000569 0.28101958359399909 -0.86579944455689906 1.7703537067400803 -0.6497554961933103 -2.4973404591953434
leaf_weight=599 2269 2510 1483 784 272 147
leaf_count=599 2269 2510 1483 784 272 147
internal_value=0.000396024 -0.311179 -0.145019 0.41245 1.14697 0.0910616
internal_weight=8064 4592 3993 3472 1056 2416
internal_count=8064 4592 3993 3472 1056 2416
is_linear=0
shrinkage=0.05


Tree=92
num_leaves=7
num_cat=0
split_feature=3 17 1 8 1 3
split_gain=401595 418462 349283 324563 419983 305448
threshold=-133.67656250000024 -48.483950000000043 187.70814999999996 1.0000000180025095e-35 -158.70830000000043 178.2006250000002
decision_type=2 2 2 2 2 2
left_child=3 2 -2 4 -1 -3
right_child=1 5 -4 -5 -6 -7
leaf_value=-1.3975141307863446 0.29233747158113166 -0.22458871388376847 1.6155932396753796 -2.8779361500542548 0.64810226222260547 1.9066448565551213
leaf_weight=578 1724 4277 701 168 442 174
leaf_count=578 1724 4277 701 168 442 174
internal_value=0.000356892 0.147056 0.675362 -0.848127 -0.511314 -0.140864
internal_weight=8064 6876 2425 1188 1020 4451
internal_count=8064 6876 2425 1188 1020 4451
is_linear=0
shrinkage=0.05


Tree=93
num_leaves=5
num_cat=0
split_feature=15 13 4 3
split_gain=401820 374762 668214 446017
threshold=5015.4229900173614 -0.46130913087034953 76.669907638888404 -69.542537499999739
decision_type=2 2 2 2
left_child=1 2 -1 -3
right_child=-2 3 -4 -5
leaf_value=0.10214352056745367 2.6086706205072074 -1.0478652675504274 2.3105382421664764 -0.010580832549256715
leaf_weight=2350 144 1433 400 3737
leaf_count=2350 144 1433 400 3737
internal_value=0.000338815 -0.0474087 0.424088 -0.298238
internal_weight=8064 7920 2750 5170
internal_count=8064 7920 2750 5170
is_linear=0
shrinkage=0.05


Tree=94
num_leaves=7
num_cat=0
split_feature=18 11 12 18 3 4
split_gain=379012 580178 426550 364780 346264 276305
threshold=56.662725000000144 0.72219205899833594 -0.97111091670450067 -1115.1285624999994 -144.70722500000008 34.173468749999763
decision_type=2 2 2 2 2 2
left_child=3 2 -2 -1 -5 -3
right_child=1 5 -4 4 -6 -7
leaf_value=1.2176357892849259 -0.87713889888552732 -0.12740933312846056 1.3199343075616974 -1.4912130889410207 -0.21067717289536736 -2.3777957650430408
leaf_weight=390 257 864 1546 602 4244 161
leaf_count=390 257 864 1546 602 4244 161
internal_value=0.000346442 0.466675 1.00645 -0.251562 -0.370028 -0.482858
internal_weight=8064 2828 1803 5236 4846 1025
internal_count=8064 2828 1803 5236 4846 1025
is_linear=0
shrinkage=0.05


Tree=95
num_leaves=5
num_cat=0
split_feature=3 11 4 16
split_gain=360577 470056 1.45755e+06 459161
threshold=-279.55857499999973 -0.6913484944011038 76.669907638888404 0.031075557734047351
decision_type=2 2 2 2
left_child=-1 2 -2 -3
right_child=1 3 -4 -5
leaf_value=-1.813499231321632 0.17000677300181555 1.7321812989184115 4.0852215079851053 -0.2598643378564704
leaf_weight=264 1607 304 278 5611
leaf_count=264 1607 304 278 5611
internal_value=0.000313333 0.0619285 0.749283 -0.157208
internal_weight=8064 7800 1885 5915
internal_count=8064 7800 1885 5915
is_linear=0
shrinkage=0.05


Tree=96
num_leaves=5
num_cat=0
split_feature=15 18 18 11
split_gain=360088 341316 334353 304788
threshold=5015.4229900173614 -1.0000000180025095e-35 -255.45147499999982 -0.80625269229011332
decision_type=2 2 2 2
left_child=1 2 -1 -3
right_child=-2 3 -4 -5
leaf_value=0.39021932644652907 2.4694918141693907 1.181216059806466 -0.66612797648485689 0.067648555030617119
leaf_weight=1021 144 752 2806 3341
leaf_count=1021 144 752 2806 3341
internal_value=0.000321934 -0.0448782 -0.384278 0.272481
internal_weight=8064 7920 3827 4093
internal_count=8064 7920 3827 4093
is_linear=0
shrinkage=0.05


Tree=97
num_leaves=7
num_cat=0
split_feature=13 11 4 3 17 3
split_gain=348930 615038 1.0559e+06 422018 313603 261746
threshold=-0.46130913087034953 -0.59116893267988335 34.173468749999763 -69.542537499999739 76.256799999999672 -133.67656250000024
decision_type=2 2 2 2 2 2
left_child=1 2 -1 -2 -5 -3
right_child=3 5 -4 4 -6 -7
leaf_value=0.77624280689405412 -0.96529829444929838 -1.61972718772736 5.4377968452716701 0.33554585411934162 -0.65059448054532043 0.16244907355117699
leaf_weight=752 1450 234 144 2658 1156 1670
leaf_count=752 1450 234 144 2658 1156 1670
internal_value=0.000327176 0.451199 1.53065 -0.239538 0.0365606 -0.0573142
internal_weight=8064 2800 896 5264 3814 1904
internal_count=8064 2800 896 5264 3814 1904
is_linear=0
shrinkage=0.05


Tree=98
num_leaves=5
num_cat=0
split_feature=3 17 11 0
split_gain=340057 325063 399883 284781
threshold=178.2006250000002 -6.0925000000004266 -0.65918890865109969 2586.7177500000003
decision_type=2 2 2 2
left_child=1 2 -1 -3
right_child=-2 3 -4 -5
leaf_value=1.0750762502102706 1.7898985198731552 1.4511904374777693 -0.060778746292805656 -0.4559454817436277
leaf_weight=1113 256 205 2545 3945
leaf_count=1113 256 205 2545 3945
internal_value=0.000332366 -0.0585636 0.285021 -0.361411
internal_weight=8064 7808 3658 4150
internal_count=8064 7808 3658 4150
is_linear=0
shrinkage=0.05


Tree=99
num_leaves=7
num_cat=0
split_feature=15 3 0 17 16 13
split_gain=330269 567578 389198 259090 343869 135300
threshold=3018.1741947048617 178.2006250000002 4829.7792500000005 49.740962500000258 0.28588357473459286 -0.42261826174069911
decision_type=2 2 2 2 2 2
left_child=3 2 -2 4 -1 -5
right_child=1 -3 -4 5 -6 -7
leaf_value=0.97653322802502052 0.35834405018533672 2.6719619846618583 -0.42094790891853145 -0.66924107833342117 -1.1877337962569832 -2.5256086366070853
leaf_weight=330 4051 212 2649 164 411 247
leaf_count=330 4051 212 2649 164 411 247
internal_value=0.000339304 0.131003 0.0502161 -0.783079 -0.223873 -1.78829
internal_weight=8064 6912 6700 1152 741 411
internal_count=8064 6912 6700 1152 741 411
is_linear=0
shrinkage=0.05


end of trees

feature_importances:
Column_3=143
Column_11=67
Column_4=57
Column_15=52
Column_1=47
Column_17=33
Column_18=33
Column_16=23
Column_12=22
Column_2=19
Column_13=11
Column_10=9
Column_0=8
Column_8=7

parameters:
[boosting: gbdt]
[objective: regression]
[metric: l2]
[tree_learner: serial]
[device_type: cpu]
[data_sample_strategy: bagging]
[data: ]
[valid: ]
[num_iterations: 100]
[learning_rate: 0.05]
[num_leaves: 7]
[num_threads: 1]
[seed: 20250911]
[deterministic: 1]
[force_col_wise: 1]
[force_row_wise: 0]
[histogram_pool_size: -1]
[max_depth: 3]
[min_data_in_leaf: 144]
[min_sum_hessian_in_leaf: 0.001]
[bagging_fraction: 1]
[pos_bagging_fraction: 1]
[neg_bagging_fraction: 1]
[bagging_freq: 0]
[bagging_seed: 20250911]
[bagging_by_query: 0]
[feature_fraction: 1]
[feature_fraction_bynode: 1]
[feature_fraction_seed: 20250911]
[extra_trees: 0]
[extra_seed: 26685]
[early_stopping_round: 0]
[early_stopping_min_delta: 0]
[first_metric_only: 0]
[max_delta_step: 0]
[lambda_l1: 0]
[lambda_l2: 1]
[linear_lambda: 0]
[min_gain_to_split: 0]
[drop_rate: 0.1]
[max_drop: 50]
[skip_drop: 0.5]
[xgboost_dart_mode: 0]
[uniform_drop: 0]
[drop_seed: 2504]
[top_rate: 0.2]
[other_rate: 0.1]
[min_data_per_group: 100]
[max_cat_threshold: 32]
[cat_l2: 10]
[cat_smooth: 10]
[max_cat_to_onehot: 4]
[top_k: 20]
[monotone_constraints: ]
[monotone_constraints_method: basic]
[monotone_penalty: 0]
[feature_contri: ]
[forcedsplits_filename: ]
[refit_decay_rate: 0.9]
[cegb_tradeoff: 1]
[cegb_penalty_split: 0]
[cegb_penalty_feature_lazy: ]
[cegb_penalty_feature_coupled: ]
[path_smooth: 0]
[interaction_constraints: ]
[verbosity: -1]
[saved_feature_importance_type: 0]
[use_quantized_grad: 0]
[num_grad_quant_bins: 4]
[quant_train_renew_leaf: 0]
[stochastic_rounding: 1]
[linear_tree: 0]
[max_bin: 63]
[max_bin_by_feature: ]
[min_data_in_bin: 3]
[bin_construct_sample_cnt: 200000]
[data_random_seed: 20250911]
[is_enable_sparse: 1]
[enable_bundle: 1]
[use_missing: 1]
[zero_as_missing: 0]
[feature_pre_filter: 0]
[pre_partition: 0]
[two_round: 0]
[header: 0]
[label_column: ]
[weight_column: ]
[group_column: ]
[ignore_column: ]
[categorical_feature: ]
[forcedbins_filename: ]
[precise_float_parser: 0]
[parser_config_file: ]
[objective_seed: 19683]
[num_class: 1]
[is_unbalance: 0]
[scale_pos_weight: 1]
[sigmoid: 1]
[boost_from_average: 1]
[reg_sqrt: 0]
[alpha: 0.9]
[fair_c: 1]
[poisson_max_delta_step: 0.7]
[tweedie_variance_power: 1.5]
[lambdarank_truncation_level: 30]
[lambdarank_norm: 1]
[label_gain: ]
[lambdarank_position_bias_regularization: 0]
[eval_at: ]
[multi_error_top_k: 1]
[auc_mu_weights: ]
[num_machines: 1]
[local_listen_port: 12400]
[time_out: 120]
[machine_list_filename: ]
[machines: ]
[gpu_platform_id: -1]
[gpu_device_id: -1]
[gpu_device_id_list: ]
[gpu_use_dp: 0]
[num_gpu: 1]

end of parameters

pandas_categorical:null
