tree
version=v4
num_class=1
num_tree_per_iteration=1
label_index=0
max_feature_idx=18
objective=regression
feature_names=Column_0 Column_1 Column_2 Column_3 Column_4 Column_5 Column_6 Column_7 Column_8 Column_9 Column_10 Column_11 Column_12 Column_13 Column_14 Column_15 Column_16 Column_17 Column_18
feature_infos=[2211.6900000000001:7524.4004999999997] [-3717.2676000000001:3851.9499999999998] [-562.78600000000006:553.97000000000025] [-273.31110000000081:343.71326666666664] [-56.63936388888942:31.102710416666923] [0:1] [0:1] [0:1] [0:1] [0:1] [0:1] [-1:1] [-1:1] [-1:1] [-1:1] [3381.1021565972223:5319.7549513888889] [0:1] [-2161.4567999999999:2295.8055666666669] [-3762.610200000001:4371.7547999999988]
tree_sizes=750 753 745 748 747 748 743 748 743 744 747 747 744 747 750 744 752 752 743 751 751 739 744 748 748 744 740 744 742 743 746 759 738 741 739 653 739 737 746 744 658 740 742 746 744 663 745 662 739 657 659 745 661 743 578 664 744 658 748 740 743 502 667 659 580 745 661 753 660 740 661 583 659 501 748 661 579 580 741 751 500 580 749 743 581 742 581 665 662 588 661 579 663 664 586 496 668 579 581 669

Tree=0
num_leaves=7
num_cat=0
split_feature=3 3 1 3 3 18
split_gain=1.50683e+07 6.32614e+06 2.68423e+06 2.06731e+06 591438 540808
threshold=43.597299999999912 -73.876400000000316 -65.682999999999979 108.59835000000022 -131.10414999999986 -49.864612499999787
decision_type=2 2 2 2 2 2
left_child=1 4 -3 -2 -1 -5
right_child=3 2 -4 5 -6 -7
leaf_value=-26.048315945070215 -12.955516836927808 -19.182068089615779 -15.437101556406418 -10.480443823555518 -22.224965617840475 -6.7201074918689123
leaf_weight=164 498 846 1099 164 287 254
leaf_count=164 498 846 1099 164 287 254
internal_value=-16.2201 -18.3054 -17.0667 -10.7691 -23.6339 -8.17824
internal_weight=3312 2396 1945 916 451 418
internal_count=3312 2396 1945 916 451 418
is_linear=0
shrinkage=1


Tree=1
num_leaves=7
num_cat=0
split_feature=3 3 18 3 3 18
split_gain=1.36044e+07 5.80253e+06 2.2998e+06 1.90067e+06 1.21104e+06 572480
threshold=43.597299999999912 -31.997649999999791 115.93627500000004 129.06749999999991 -131.10414999999986 56.534999999999407
decision_type=2 2 2 2 2 2
left_child=1 4 -3 5 -1 -2
right_child=3 2 -4 -5 -6 -7
leaf_value=-9.3397900954159834 2.3386386951907201 -1.5504706317271679 2.5063916804977495 8.4082810399766839 -4.4923003011709683 5.4861565280392641
leaf_weight=164 375 1108 509 304 615 237
leaf_count=164 375 1108 509 304 615 237
internal_value=7.42392e-06 -1.98145 -0.27269 5.17945 -5.52349 3.56449
internal_weight=3312 2396 1617 916 779 612
internal_count=3312 2396 1617 916 779 612
is_linear=0
shrinkage=0.05


Tree=2
num_leaves=7
num_cat=0
split_feature=3 3 18 3 3 18
split_gain=1.23286e+07 6.22431e+06 2.19784e+06 1.538e+06 737316 286911
threshold=75.369583333333608 -11.537024999999856 56.534999999999407 -80.357566666666557 129.06749999999991 11.806250000000547
decision_type=2 2 2 2 2 2
left_child=1 3 -3 -1 5 -2
right_child=4 2 -4 -5 -6 -7
leaf_value=-6.9977520643359554 3.3041715123135633 -1.1555447445336053 2.5183846036596704 -2.9797331955309843 7.9892456622250752 6.2679310891522126
leaf_weight=410 197 996 687 573 304 145
leaf_count=410 197 996 687 573 304 145
internal_value=5.77633e-05 -1.50201 0.344757 -4.66102 6.19175 4.57535
internal_weight=3312 2666 1683 983 646 342
internal_count=3312 2666 1683 983 646 342
is_linear=0
shrinkage=0.05


Tree=3
num_leaves=7
num_cat=0
split_feature=3 3 1 3 3 18
split_gain=1.1198e+07 4.72506e+06 1.92946e+06 1.54549e+06 1.03893e+06 465045
threshold=43.597299999999912 -31.997649999999791 -65.682999999999979 108.59835000000022 -131.10414999999986 -49.864612499999787
decision_type=2 2 2 2 2 2
left_child=1 4 -3 -2 -1 -5
right_child=3 2 -4 5 -6 -7
leaf_value=-8.5278633783802853 2.8088709298021093 -2.2837255634849565 1.2135269336624586 4.8122260138482762 -4.039075219253828 8.2885666819179757
leaf_weight=164 498 679 938 164 615 254
leaf_count=164 498 679 938 164 615 254
internal_value=0.00018986 -1.7975 -0.25552 4.69927 -4.9938 6.93938
internal_weight=3312 2396 1617 916 779 418
internal_count=3312 2396 1617 916 779 418
is_linear=0
shrinkage=0.05


Tree=4
num_leaves=7
num_cat=0
split_feature=3 3 1 3 18 3
split_gain=1.01268e+07 4.49898e+06 2.25092e+06 1.18774e+06 519371 399702
threshold=52.008108333332991 -73.876400000000316 -21.752850000000304 129.06749999999991 56.534999999999407 -131.10414999999986
decision_type=2 2 2 2 2 2
left_child=1 5 -3 4 -2 -1
right_child=3 2 -4 -5 -6 -7
leaf_value=-8.1040544433666 2.1095365854575734 -2.2703068138524878 1.0638208822058828 7.2412815306714329 5.3445660822056054 -4.960511519496019
leaf_weight=164 336 1010 1013 304 198 287
leaf_count=164 336 1010 1013 304 198 287
internal_value=0.000214679 -1.60904 -0.60107 4.74741 3.31679 -6.11902
internal_weight=3312 2474 2023 838 534 451
internal_count=3312 2474 2023 838 534 451
is_linear=0
shrinkage=0.05


Tree=5
num_leaves=7
num_cat=0
split_feature=3 3 18 3 3 18
split_gain=9.24905e+06 4.73528e+06 1.93372e+06 1.10751e+06 575312 512901
threshold=-11.537024999999856 75.369583333333608 56.534999999999407 -80.357566666666557 160.80864999999974 -27.022724999999351
decision_type=2 2 2 2 2 2
left_child=3 2 -2 -1 -3 -5
right_child=1 4 -4 5 -6 -7
leaf_value=-6.047556061872311 -1.0882548066280193 4.3712829483546631 2.3578569018108726 -4.2523084241939042 7.6712549989136107 -1.2483788117958654
leaf_weight=410 996 456 687 264 190 309
leaf_count=410 996 456 687 264 190 309
internal_value=0.000210327 1.71678 0.319012 -4.06444 5.35222 -2.63739
internal_weight=3312 2329 1683 983 646 573
internal_count=3312 2329 1683 983 646 573
is_linear=0
shrinkage=0.05


Tree=6
num_leaves=7
num_cat=0
split_feature=3 3 18 3 3 18
split_gain=8.34992e+06 4.27519e+06 1.75916e+06 999688 519732 463088
threshold=-11.537024999999856 75.369583333333608 115.93627500000004 -80.357566666666557 160.80864999999974 -27.022724999999351
decision_type=2 2 2 2 2 2
left_child=3 2 -2 -1 -3 -5
right_child=1 4 -4 5 -6 -7
leaf_value=-5.7459138391661817 -0.79901568689683211 4.153197004231961 2.6715629319192096 -4.0404952920382877 7.2897004900958526 -1.1861612293016046
leaf_weight=410 1149 456 534 264 190 309
leaf_count=410 1149 456 534 264 190 309
internal_value=0.000226421 1.63123 0.303099 -3.8618 5.08554 -2.506
internal_weight=3312 2329 1683 983 646 573
internal_count=3312 2329 1683 983 646 573
is_linear=0
shrinkage=0.05


Tree=7
num_leaves=7
num_cat=0
split_feature=3 3 17 3 3 18
split_gain=7.61297e+06 3.22005e+06 1.59456e+06 1.04406e+06 746259 412551
threshold=43.597299999999912 -31.997649999999791 -77.441250000000295 108.59835000000022 -131.10414999999986 -49.864612499999787
decision_type=2 2 2 2 2 2
left_child=1 4 -3 -2 -1 -5
right_child=3 2 -4 5 -6 -7
leaf_value=-7.1152078278859463 2.3209935033018279 1.7829092266723034 -1.4451229530941321 3.7237472862005236 -3.3118007446772291 6.9826996004347706
leaf_weight=164 498 619 998 164 615 254
leaf_count=164 498 619 998 164 615 254
internal_value=0.000250467 -1.482 -0.209069 3.87479 -4.12061 5.71601
internal_weight=3312 2396 1617 916 779 418
internal_count=3312 2396 1617 916 779 418
is_linear=0
shrinkage=0.05


Tree=8
num_leaves=7
num_cat=0
split_feature=3 3 1 3 18 1
split_gain=6.87451e+06 3.50295e+06 1.69176e+06 842416 550270 465315
threshold=-11.537024999999856 75.369583333333608 -40.893399999999922 -102.6212499999999 -58.144583333333678 53.383799999999844
decision_type=2 2 2 2 2 2
left_child=3 2 -2 -1 -5 -3
right_child=1 5 -4 4 -6 -7
leaf_value=-5.7817828244943588 -1.5452837621194535 2.8075555366658151 1.6546302517658722 -4.2531085284348107 -1.3885682801783519 5.6197310273930183
leaf_weight=287 724 234 959 283 413 412
leaf_count=287 724 234 959 283 413 412
internal_value=0.000282293 1.48019 0.277978 -3.50397 -2.55775 4.60699
internal_weight=3312 2329 1683 983 696 646
internal_count=3312 2329 1683 983 696 646
is_linear=0
shrinkage=0.05


Tree=9
num_leaves=7
num_cat=0
split_feature=3 3 1 3 18 1
split_gain=6.24698e+06 2.64691e+06 1.74887e+06 896856 379591 306620
threshold=43.597299999999912 -73.876400000000316 -65.682999999999979 129.06749999999991 26.318499999999862 -217.48189999999997
decision_type=2 2 2 2 2 2
left_child=1 5 -3 4 -2 -1
right_child=3 2 -4 -5 -6 -7
leaf_value=-6.6271419169856065 1.310267065717361 -2.2487257910274421 0.77406205954876817 5.727835301079284 3.8278830670185813 -3.8358756183385854
leaf_weight=152 348 846 1099 304 264 299
leaf_count=152 348 846 1099 304 264 299
internal_value=0.000224602 -1.34248 -0.541214 3.50999 2.40077 -4.78919
internal_weight=3312 2396 1945 916 612 451
internal_count=3312 2396 1945 916 612 451
is_linear=0
shrinkage=0.05


Tree=10
num_leaves=7
num_cat=0
split_feature=3 3 18 3 18 18
split_gain=5.73534e+06 2.86652e+06 1.55446e+06 724416 435563 430105
threshold=-11.537024999999856 75.369583333333608 56.534999999999407 -131.10414999999986 -27.022724999999351 -49.864612499999787
decision_type=2 2 2 2 2 2
left_child=3 2 -2 -1 -5 -3
right_child=1 5 -4 4 -6 -7
leaf_value=-6.2286557382525825 -0.99732551684256543 2.6228053454295752 2.0924120049490487 -3.8502146501483612 -1.5301344150402916 5.2610940214217186
leaf_weight=164 996 266 687 372 447 380
leaf_count=164 996 266 687 372 447 380
internal_value=0.00019719 1.35194 0.264398 -3.20057 -2.58735 4.18047
internal_weight=3312 2329 1683 983 819 646
internal_count=3312 2329 1683 983 819 646
is_linear=0
shrinkage=0.05


Tree=11
num_leaves=7
num_cat=0
split_feature=3 3 18 3 1 18
split_gain=5.17802e+06 2.58784e+06 1.41927e+06 654377 411004 403037
threshold=-11.537024999999856 75.369583333333608 115.93627500000004 -131.10414999999986 53.383799999999844 -124.59689999999954
decision_type=2 2 2 2 2 2
left_child=3 2 -2 -1 -3 -5
right_child=1 4 -4 5 -6 -7
leaf_value=-5.9191103859381249 -0.73870727688333271 2.2838342001970777 2.3786013951554685 -4.1442794293886234 4.9230525400318186 -1.7243219430534005
leaf_weight=164 1149 234 534 247 412 572
leaf_count=164 1149 234 534 247 412 572
internal_value=0.000147639 1.28453 0.25121 -3.04113 3.97206 -2.45831
internal_weight=3312 2329 1683 983 646 819
internal_count=3312 2329 1683 983 646 819
is_linear=0
shrinkage=0.05


Tree=12
num_leaves=7
num_cat=0
split_feature=3 1 17 3 3 1
split_gain=4.69734e+06 2.14525e+06 1.35513e+06 663243 605738 353807
threshold=47.471624999999683 -86.660649999999791 -88.179775000000049 129.06749999999991 -95.015566666666686 20.47444999999971
decision_type=2 2 2 2 2 2
left_child=1 4 -3 5 -1 -2
right_child=3 2 -4 -5 -6 -7
leaf_value=-5.2307197077707812 0.58465159905639508 2.1987095551633744 -1.0433067336303148 5.0217922569341109 -2.220775615332633 3.1284998548613201
leaf_weight=208 226 516 855 304 856 347
leaf_count=208 226 516 855 304 856 347
internal_value=9.58816e-05 -1.13003 0.177596 3.13563 -2.81354 2.12793
internal_weight=3312 2435 1371 877 1064 573
internal_count=3312 2435 1371 877 1064 573
is_linear=0
shrinkage=0.05


Tree=13
num_leaves=7
num_cat=0
split_feature=3 3 18 3 18 18
split_gain=4.39808e+06 2.08871e+06 1.28272e+06 551903 399285 322049
threshold=-11.537024999999856 75.369583333333608 56.534999999999407 -80.357566666666557 104.49495666666637 -27.022724999999351
decision_type=2 2 2 2 2 2
left_child=3 2 -2 -1 -3 -5
right_child=1 4 -4 5 -6 -7
leaf_value=-4.2025653546073292 -0.89068026430577929 2.7399765292848399 1.9160405598190982 -3.0748456858239086 5.4225302761040846 -0.69621381701961649
leaf_weight=410 996 441 687 264 205 309
leaf_count=410 996 441 687 264 205 309
internal_value=0.000127918 1.18384 0.25548 -2.80276 3.59832 -1.79558
internal_weight=3312 2329 1683 983 646 573
internal_count=3312 2329 1683 983 646 573
is_linear=0
shrinkage=0.05


Tree=14
num_leaves=7
num_cat=0
split_feature=3 1 8 3 3 17
split_gain=3.97053e+06 2.02512e+06 1.06011e+06 732741 523307 373601
threshold=-11.537024999999856 30.069300000000116 1.0000000180025095e-35 97.399316666666678 -131.10414999999986 66.776850000000437
decision_type=2 2 2 2 2 2
left_child=4 3 -3 -2 -1 -6
right_child=1 2 -4 -5 5 -7
leaf_value=-5.2364532953410441 -0.876157818743865 3.6437648134101233 0.51088885489293345 2.9071098232147645 -1.2848273579038665 -3.4772013373859227
leaf_weight=164 989 781 413 146 500 319
leaf_count=164 989 781 413 146 500 319
internal_value=0.000139827 1.12484 2.56145 -0.387369 -2.66303 -2.14195
internal_weight=3312 2329 1194 1135 983 819
internal_count=3312 2329 1194 1135 983 819
is_linear=0
shrinkage=0.05


Tree=15
num_leaves=7
num_cat=0
split_feature=3 1 17 3 17 18
split_gain=3.59798e+06 1.74875e+06 1.24453e+06 591039 498010 383753
threshold=43.597299999999912 -109.01334999999993 -88.179775000000049 160.80864999999974 107.17750000000025 56.534999999999407
decision_type=2 2 2 2 2 2
left_child=1 4 -3 5 -1 -2
right_child=3 2 -4 -5 -6 -7
leaf_value=-1.8020467418714678 1.0808263328786081 2.0001761090442929 -1.0448284530880163 5.1419079736889346 -4.1712904344554307 3.4362986761998466
leaf_weight=611 441 533 902 190 350 285
leaf_count=611 441 533 902 190 350 285
internal_value=7.53046e-05 -1.01892 0.0867785 2.6637 -2.66837 2.00895
internal_weight=3312 2396 1435 916 961 726
internal_count=3312 2396 1435 916 961 726
is_linear=0
shrinkage=0.05


Tree=16
num_leaves=7
num_cat=0
split_feature=3 1 8 3 3 18
split_gain=3.40776e+06 1.72916e+06 1.10128e+06 522476 463444 387434
threshold=-11.537024999999856 53.383799999999844 1.0000000180025095e-35 28.321299999999614 -102.6212499999999 -58.144583333333678
decision_type=2 2 2 2 2 2
left_child=4 3 -3 -2 -1 -6
right_child=1 2 -4 -5 5 -7
leaf_value=-4.1562155914078991 -1.0536244617758084 3.6798168574329093 0.42127620024552598 1.0865372435505696 -3.1876184938869008 -0.78583497833910487
leaf_weight=287 766 697 413 453 283 413
leaf_count=287 766 697 413 453 283 413
internal_value=0.000141574 1.04209 2.46888 -0.258067 -2.46708 -1.76559
internal_weight=3312 2329 1110 1219 983 696
internal_count=3312 2329 1110 1219 983 696
is_linear=0
shrinkage=0.05


Tree=17
num_leaves=7
num_cat=0
split_feature=3 1 18 3 3 18
split_gain=3.07643e+06 1.56079e+06 1.00021e+06 488948 428803 311215
threshold=-11.537024999999856 53.383799999999844 -49.864612499999787 97.399316666666678 -131.10414999999986 -124.59689999999954
decision_type=2 2 2 2 2 2
left_child=4 3 -3 -2 -1 -6
right_child=1 2 -4 -5 5 -7
leaf_value=-4.6733651952716437 -0.63491629599259714 0.43486845145155401 3.5242510253792627 2.3224406659603121 -3.353366680467321 -1.2284384728504434
leaf_weight=164 1059 424 686 160 247 572
leaf_count=164 1059 424 686 160 247 572
internal_value=7.41868e-05 0.990078 2.34562 -0.245163 -2.34414 -1.8726
internal_weight=3312 2329 1110 1219 983 819
internal_count=3312 2329 1110 1219 983 819
is_linear=0
shrinkage=0.05


Tree=18
num_leaves=7
num_cat=0
split_feature=3 17 1 18 18 3
split_gain=2.82445e+06 1.44219e+06 959998 893573 482270 287198
threshold=52.008108333332991 -27.022724999999351 -30.537249999999855 -124.59689999999954 -49.864612499999787 122.80285000000028
decision_type=2 2 2 2 2 2
left_child=1 2 -1 -3 -2 -6
right_child=4 3 -4 -5 5 -7
leaf_value=-1.0528752517511466 1.1171180269551566 -3.8150639821041814 1.8901543045986149 -1.0648520959662853 2.4196644919614001 4.8962898440899387
leaf_weight=528 359 432 581 933 263 216
leaf_count=528 359 432 581 933 263 216
internal_value=1.60118e-05 -0.849857 0.489278 -1.9374 2.50709 3.54435
internal_weight=3312 2474 1109 1365 838 479
internal_count=3312 2474 1109 1365 838 479
is_linear=0
shrinkage=0.05


Tree=19
num_leaves=7
num_cat=0
split_feature=3 3 17 3 18 18
split_gain=2.66269e+06 1.32476e+06 1.06392e+06 393673 335391 237611
threshold=-11.537024999999856 97.399316666666678 -8.7851333333335315 -80.357566666666557 -49.864612499999787 -27.022724999999351
decision_type=2 2 2 2 2 2
left_child=3 2 -2 -1 -3 -5
right_child=1 4 -4 5 -6 -7
leaf_value=-3.3627327158648317 1.5280139064931051 1.6120136888033181 -0.87904475122564829 -2.4293743870955598 4.2809593629556071 -0.38726769001012851
leaf_weight=410 900 198 935 264 296 309
leaf_count=410 900 198 935 264 296 309
internal_value=8.14835e-05 0.921112 0.301718 -2.18081 3.21664 -1.33073
internal_weight=3312 2329 1835 983 494 573
internal_count=3312 2329 1835 983 494 573
is_linear=0
shrinkage=0.05


Tree=20
num_leaves=7
num_cat=0
split_feature=3 1 8 3 3 18
split_gain=2.40699e+06 1.33555e+06 919273 408380 376234 277779
threshold=-4.9215166666667747 53.383799999999844 1.0000000180025095e-35 -80.357566666666557 28.321299999999614 -185.39755833333354
decision_type=2 2 2 2 2 2
left_child=3 4 -3 -1 -2 -5
right_child=1 2 -4 5 -6 -7
leaf_value=-3.195005167752432 -0.95748023215987854 3.3021549866234303 0.2751090426363933 -3.1111862719470058 0.88203569871541687 -0.62859141974655142
leaf_weight=410 716 684 396 144 453 509
leaf_count=410 716 684 396 144 453 509
internal_value=8.28793e-05 0.926722 2.19352 -1.95945 -0.244504 -1.17997
internal_weight=3312 2249 1080 1063 1169 653
internal_count=3312 2249 1080 1063 1169 653
is_linear=0
shrinkage=0.05


Tree=21
num_leaves=7
num_cat=0
split_feature=3 18 3 1 1 18
split_gain=2.17533e+06 1.25715e+06 850032 507040 363508 235132
threshold=-11.537024999999856 104.49495666666637 75.369583333333608 131.34314999999995 -217.48189999999997 158.71859999999973
decision_type=2 2 2 2 2 2
left_child=4 2 -2 -3 -1 -6
right_child=1 3 -4 -5 5 -7
leaf_value=-3.5316236951453721 -0.70542671754807629 1.349086048745439 1.881426647885353 3.951852119332623 -1.9049460874405633 0.1799132871595058
leaf_weight=270 1127 426 441 335 532 181
leaf_count=270 1127 426 441 335 532 181
internal_value=2.69327e-05 0.832511 0.0228612 2.49853 -1.9712 -1.37618
internal_weight=3312 2329 1568 761 983 713
internal_count=3312 2329 1568 761 983 713
is_linear=0
shrinkage=0.05


Tree=22
num_leaves=7
num_cat=0
split_feature=3 17 1 18 3 18
split_gain=1.99355e+06 1.20742e+06 763482 750242 402062 334990
threshold=52.008108333332991 -27.022724999999351 -122.87220000000001 -124.59689999999954 160.80864999999974 56.534999999999407
decision_type=2 2 2 2 2 2
left_child=1 2 -1 -3 5 -2
right_child=4 3 -4 -5 -6 -7
leaf_value=-1.2714509065296407 0.61690289580307112 -3.4295037331330587 1.4749007131072505 -0.90965151234472086 4.1246730248029326 2.9585967908436168
leaf_weight=389 402 432 720 933 190 246
leaf_count=389 402 432 720 933 190 246
internal_value=4.39945e-05 -0.71396 0.511295 -1.70907 2.10631 1.50907
internal_weight=3312 2474 1109 1365 838 648
internal_count=3312 2474 1109 1365 838 648
is_linear=0
shrinkage=0.05


Tree=23
num_leaves=7
num_cat=0
split_feature=3 18 1 3 3 17
split_gain=1.88383e+06 1.09019e+06 794822 669781 334606 267588
threshold=-11.537024999999856 -17.884458333332983 131.34314999999995 1.0000000180025095e-35 -131.10414999999986 66.776850000000437
decision_type=2 2 2 2 2 2
left_child=4 3 -3 -2 -1 -6
right_child=1 2 -4 -5 5 -7
leaf_value=-3.8909626300768418 -1.7512918689816268 0.73665660340912875 3.3351919086212178 0.71900865067786812 -0.69400282459939555 -2.547672183334071
leaf_weight=164 484 713 501 631 500 319
leaf_count=164 484 713 501 631 500 319
internal_value=9.55979e-05 0.774797 1.8109 -0.35391 -1.83431 -1.41823
internal_weight=3312 2329 1214 1115 983 819
internal_count=3312 2329 1214 1115 983 819
is_linear=0
shrinkage=0.05


Tree=24
num_leaves=7
num_cat=0
split_feature=3 18 17 17 1 2
split_gain=1.70074e+06 1.0116e+06 733086 404526 306746 221577
threshold=-11.537024999999856 104.49495666666637 -96.985600000000417 118.93217500000016 -217.48189999999997 -121.94394999999984
decision_type=2 2 2 2 2 2
left_child=4 2 -2 -3 -1 -6
right_child=1 3 -4 -5 5 -7
leaf_value=-3.1762241444107135 1.4915394461209621 2.9015744596628084 -0.77799720899833424 0.25116746366292858 0.49428342581282259 -1.6546915293571762
leaf_weight=270 544 568 1024 193 152 561
leaf_count=270 544 568 1024 193 152 561
internal_value=2.90359e-05 0.736122 0.00984185 2.23061 -1.74296 -1.19651
internal_weight=3312 2329 1568 761 983 713
internal_count=3312 2329 1568 761 983 713
is_linear=0
shrinkage=0.05


Tree=25
num_leaves=7
num_cat=0
split_feature=3 1 17 10 3 18
split_gain=1.64219e+06 998301 796714 500965 255029 165384
threshold=75.369583333333608 -122.87220000000001 -88.179775000000049 1.0000000180025095e-35 160.80864999999974 26.318499999999862
decision_type=2 2 2 2 2 2
left_child=1 3 -3 -1 5 -2
right_child=4 2 -4 -5 -6 -7
leaf_value=-2.6643773326588076 0.79557266167874607 1.5987343152518574 -0.64509873319723043 -0.28357769449116194 3.7967549449642295 2.7257888768466643
leaf_weight=628 264 626 1071 341 190 192
leaf_count=628 264 626 1071 341 190 192
internal_value=2.04838e-05 -0.548188 0.183075 -1.82771 2.25979 1.61248
internal_weight=3312 2666 1697 969 646 456
internal_count=3312 2666 1697 969 646 456
is_linear=0
shrinkage=0.05


Tree=26
num_leaves=7
num_cat=0
split_feature=3 18 3 1 1 15
split_gain=1.48274e+06 958934 760198 441762 236315 133064
threshold=75.369583333333608 149.29999999999976 -102.6212499999999 1.0000000180025095e-35 53.383799999999844 4343.4881170138897
decision_type=2 2 2 2 2 2
left_child=1 2 -1 -3 -2 -6
right_child=4 3 -4 -5 5 -7
leaf_value=-3.9979373366668307 0.87331757362852702 -0.24997346093904535 -0.76320674689241186 2.2109354116456217 1.7398802163079381 3.5951036758422852
leaf_weight=202 234 352 1735 377 163 249
leaf_count=202 234 352 1735 377 163 249
internal_value=9.98087e-05 -0.520816 -1.10243 1.02396 2.14737 2.86711
internal_weight=3312 2666 1937 729 646 412
internal_count=3312 2666 1937 729 646 412
is_linear=0
shrinkage=0.05


Tree=27
num_leaves=7
num_cat=0
split_feature=3 17 18 3 18 3
split_gain=1.36418e+06 871186 798772 459954 301055 280904
threshold=-4.9215166666667747 118.93217500000016 -49.864612499999787 28.321299999999614 -214.26794999999944 -80.357566666666557
decision_type=2 2 2 2 2 2
left_child=4 2 -2 -3 -1 -6
right_child=1 3 -4 -5 5 -7
leaf_value=-3.2463287449232783 0.053497868709897214 -1.9333266900386663 2.3395136073324201 0.65652262779012815 -2.1952602896028584 -0.35242308568420277
leaf_weight=195 672 383 885 309 339 529
leaf_count=195 672 383 885 309 339 529
internal_value=0.000146248 0.69775 1.35354 -0.777598 -1.47505 -1.07385
internal_weight=3312 2249 1557 692 1063 868
internal_count=3312 2249 1557 692 1063 868
is_linear=0
shrinkage=0.05


Tree=28
num_leaves=7
num_cat=0
split_feature=3 17 18 11 3 18
split_gain=1.2629e+06 874980 695850 590551 227343 138066
threshold=75.369583333333608 -27.022724999999351 -124.59689999999954 0.15208718494349097 160.80864999999974 26.318499999999862
decision_type=2 2 2 2 2 2
left_child=1 3 -3 -1 5 -2
right_child=4 2 -4 -5 -6 -7
leaf_value=-0.17605861316459978 0.6253032573888887 -2.8848962254346686 -0.55155596910835392 2.2860787082644292 3.4323508768201032 2.3881780639831267
leaf_weight=858 264 469 1000 339 190 192
leaf_count=858 264 469 1000 339 190 192
internal_value=6.83393e-05 -0.480681 -1.29797 0.522565 1.98177 1.37117
internal_weight=3312 2666 1469 1197 646 456
internal_count=3312 2666 1469 1197 646 456
is_linear=0
shrinkage=0.05


Tree=29
num_leaves=7
num_cat=0
split_feature=3 17 18 11 1 15
split_gain=1.20307e+06 802714 779912 695933 289877 224188
threshold=-31.997649999999791 -96.985600000000417 -124.59689999999954 0.21643961393810304 -217.48189999999997 5289.5663573784723
decision_type=2 2 2 2 2 2
left_child=4 3 -3 -2 -1 -6
right_child=1 2 -4 -5 5 -7
leaf_value=-3.2041414030057527 1.0077536059966821 -1.659141159091361 0.64724272348048162 4.4207370721666441 -1.8704207424161046 0.21428983614640537
leaf_weight=230 703 551 1090 189 343 206
leaf_count=230 703 551 1090 189 343 206
internal_value=0.000142188 0.528688 -0.127713 1.73505 -1.71695 -1.08921
internal_weight=3312 2533 1641 892 779 549
internal_count=3312 2533 1641 892 779 549
is_linear=0
shrinkage=0.05


Tree=30
num_leaves=7
num_cat=0
split_feature=3 1 10 17 3 18
split_gain=1.11997e+06 807076 846451 700628 269962 204100
threshold=52.008108333332991 -200.95104999999987 1.0000000180025095e-35 -88.179775000000049 160.80864999999974 56.534999999999407
decision_type=2 2 2 2 2 2
left_child=1 2 -1 -3 5 -2
right_child=4 3 -4 -5 -6 -7
leaf_value=-3.8881760353345109 0.39368360088051996 1.3111196726925147 -0.24777073398975197 -0.72790123328591727 3.2323042444611723 2.2211581402462022
leaf_weight=318 402 653 320 1183 190 246
leaf_count=318 402 653 320 1183 190 246
internal_value=0.000128375 -0.535041 -2.06551 -0.00237496 1.57884 1.0898
internal_weight=3312 2474 638 1836 838 648
internal_count=3312 2474 638 1836 838 648
is_linear=0
shrinkage=0.05


Tree=31
num_leaves=7
num_cat=0
split_feature=1 8 1 17 10 1
split_gain=1.04505e+06 1.14019e+06 750889 397121 369841 1.03062e+06
threshold=20.47444999999971 1.0000000180025095e-35 164.26500000000013 139.0588750000002 1.0000000180025095e-35 -217.48189999999997
decision_type=2 2 2 2 2 2
left_child=4 2 -2 -3 5 -1
right_child=1 3 -4 -5 -6 -7
leaf_value=-3.9347681882774532 0.89135717203904852 0.0065445272979282199 3.7677868795586145 -2.941837808318958 0.45568465443064404 -0.5242120676046732
leaf_weight=278 579 419 373 156 430 1077
leaf_count=278 579 419 373 156 430 1077
internal_value=0.000156586 0.960091 2.02113 -0.797083 -0.821109 -1.22633
internal_weight=3312 1527 952 575 1785 1355
internal_count=3312 1527 952 575 1785 1355
is_linear=0
shrinkage=0.05


Tree=32
num_leaves=7
num_cat=0
split_feature=3 18 17 1 3 17
split_gain=976606 678093 461349 296578 224984 193553
threshold=-11.537024999999856 104.49495666666637 -96.985600000000417 131.34314999999995 -131.10414999999986 66.776850000000437
decision_type=2 2 2 2 2 2
left_child=4 2 -2 -3 -1 -6
right_child=1 3 -4 -5 5 -7
leaf_value=-3.0065278541680538 1.1387675561229571 0.90283927882757631 -0.66165611239268296 2.8927996655039134 -0.3644814345888987 -1.9401959165255542
leaf_weight=164 544 426 1024 335 500 319
leaf_count=164 544 426 1024 335 500 319
internal_value=0.00011436 0.557907 -0.0366916 1.78149 -1.32068 -0.979839
internal_weight=3312 2329 1568 761 983 819
internal_count=3312 2329 1568 761 983 819
is_linear=0
shrinkage=0.05


Tree=33
num_leaves=7
num_cat=0
split_feature=3 17 18 1 18 17
split_gain=935863 731036 584851 378014 178493 53172.4
threshold=97.399316666666678 86.48074999999973 -8.2611916666664893 -217.48189999999997 -49.864612499999787 -1.0000000180025095e-35
decision_type=2 2 2 2 2 2
left_child=1 2 -1 -3 -2 -6
right_child=4 3 -4 -5 5 -7
leaf_value=-0.64931086674437388 0.83723678784023725 -3.0908319348403115 1.1593440184485453 -0.86468018356915788 3.4774261263012889 2.1029668435551763
leaf_weight=888 198 252 898 780 144 152
leaf_count=888 198 252 898 780 144 152
internal_value=9.29808e-05 -0.351998 0.26022 -1.41074 2.00523 2.78108
internal_weight=3312 2818 1786 1032 494 296
internal_count=3312 2818 1786 1032 494 296
is_linear=0
shrinkage=0.05


Tree=34
num_leaves=7
num_cat=0
split_feature=3 1 8 2 1 15
split_gain=856471 610669 1.00994e+06 414075 193319 199988
threshold=-31.997649999999791 116.3500499999998 1.0000000180025095e-35 -51.711949999999881 -217.48189999999997 5289.5663573784723
decision_type=2 2 2 2 2 2
left_child=4 3 -3 -2 -1 -6
right_child=1 2 -4 -5 5 -7
leaf_value=-2.6632606905002101 0.64828553879592965 2.9814686272618554 -0.2982994915070859 -0.96403384895075728 -1.67376686247109 0.29485643537724077
leaf_weight=230 802 503 439 789 343 206
leaf_count=230 802 503 439 789 343 206
internal_value=0.000133179 0.446091 1.4543 -0.15139 -1.44866 -0.935892
internal_weight=3312 2533 942 1591 779 549
internal_count=3312 2533 942 1591 779 549
is_linear=0
shrinkage=0.05


Tree=35
num_leaves=6
num_cat=0
split_feature=3 17 18 1 1
split_gain=807101 679305 544613 344605 122342
threshold=108.59835000000022 118.93217500000016 218.33654999999979 -217.48189999999997 148.69499999999996
decision_type=2 2 2 2 2
left_child=1 2 -1 -3 -2
right_child=4 3 -4 -5 -6
leaf_value=-0.20068557544056415 1.1277409510953087 -3.1154527140929638 1.8407332418364708 -0.86525535619784177 2.8499659763249969
leaf_weight=1563 195 225 412 694 223
leaf_count=1563 195 225 412 694 223
internal_value=0.00010124 -0.296751 0.225886 -1.41896 2.05114
internal_weight=3312 2894 1975 919 418
internal_count=3312 2894 1975 919 418
is_linear=0
shrinkage=0.05


Tree=36
num_leaves=7
num_cat=0
split_feature=3 17 18 17 4 1
split_gain=755335 542829 519473 388121 218270 256010
threshold=-11.537024999999856 118.93217500000016 1.0000000180025095e-35 427.43058333333289 -23.17778576388832 -200.95104999999987
decision_type=2 2 2 2 2 2
left_child=4 2 -2 -3 -1 -6
right_child=1 3 -4 -5 5 -7
leaf_value=0.0047722647709029543 0.12486861908298717 -1.4015102239743638 1.9218427506606481 1.1375775440552525 -3.2942590962478095 -1.0813932705833798
leaf_weight=285 825 507 784 213 174 524
leaf_count=285 825 507 784 213 174 524
internal_value=0.000120887 0.490671 1.00111 -0.649827 -1.16145 -1.63695
internal_weight=3312 2329 1609 720 983 698
internal_count=3312 2329 1609 720 983 698
is_linear=0
shrinkage=0.05


Tree=37
num_leaves=7
num_cat=0
split_feature=3 18 3 13 3 12
split_gain=723827 596977 443136 295354 198108 185179
threshold=52.008108333332991 149.29999999999976 -102.6212499999999 0.30041959421409453 160.80864999999974 -0.75166088996455083
decision_type=2 2 2 2 2 2
left_child=1 2 -1 -3 5 -2
right_child=4 3 -4 -5 -6 -7
leaf_value=-3.1110853057556551 -0.6861695127376658 0.02637576168321297 -0.62914654949530924 2.1723295195079317 2.6854500744667353 1.3137933111949291
leaf_weight=202 150 432 1586 254 190 498
leaf_count=202 150 432 1586 254 190 498
internal_value=7.57837e-05 -0.430158 -0.911127 0.822947 1.26924 0.850495
internal_weight=3312 2474 1788 686 838 648
internal_count=3312 2474 1788 686 838 648
is_linear=0
shrinkage=0.05


Tree=38
num_leaves=7
num_cat=0
split_feature=1 8 2 17 10 1
split_gain=694449 897525 561401 333348 320324 791079
threshold=20.47444999999971 1.0000000180025095e-35 77.170400000000441 -77.441250000000295 1.0000000180025095e-35 -242.54040000000006
decision_type=2 2 2 2 2 2
left_child=4 2 -2 -3 5 -1
right_child=1 3 -4 -5 -6 -7
leaf_value=-3.7543275590472756 2.9313361842099712 0.67535923163941569 0.50290978235123973 -1.7715416303852149 0.51872026404482585 -0.50737808620682245
leaf_weight=224 478 234 474 341 430 1131
leaf_count=224 478 234 474 341 430 1131
internal_value=9.87323e-05 0.782614 1.72402 -0.776316 -0.669377 -1.04652
internal_weight=3312 1527 952 575 1785 1355
internal_count=3312 1527 952 575 1785 1355
is_linear=0
shrinkage=0.05


Tree=39
num_leaves=7
num_cat=0
split_feature=1 8 1 17 10 1
split_gain=626905 810204 553479 301390 289177 718428
threshold=20.47444999999971 1.0000000180025095e-35 164.26500000000013 -48.835783333333886 1.0000000180025095e-35 -217.48189999999997
decision_type=2 2 2 2 2 2
left_child=4 2 -2 -3 5 -1
right_child=1 3 -4 -5 -6 -7
leaf_value=-3.2556454063236289 0.66825436757042489 0.51276188651418508 3.1375046882399902 -1.7825194521786374 0.49284442582982324 -0.40817248213186119
leaf_weight=278 579 262 373 313 430 1077
leaf_count=278 579 262 373 313 430 1077
internal_value=7.25923e-05 0.74356 1.638 -0.737595 -0.636013 -0.994347
internal_weight=3312 1527 952 575 1785 1355
internal_count=3312 1527 952 575 1785 1355
is_linear=0
shrinkage=0.05


Tree=40
num_leaves=6
num_cat=0
split_feature=3 17 12 18 1
split_gain=596414 534226 420919 277218 104260
threshold=108.59835000000022 86.48074999999973 0.13052619222005141 -124.59689999999954 148.69499999999996
decision_type=2 2 2 2 2
left_child=1 2 -1 -3 -2
right_child=4 3 -4 -5 -6
leaf_value=-0.34101879665501267 0.91182755344376276 -2.3895718561268007 1.2109198661175755 -0.62001270087950722 2.5002654918336447
leaf_weight=1130 195 316 711 737 223
leaf_count=1130 195 316 711 737 223
internal_value=5.93736e-05 -0.255123 0.258677 -1.15281 1.76319
internal_weight=3312 2894 1841 1053 418
internal_count=3312 2894 1841 1053 418
is_linear=0
shrinkage=0.05


Tree=41
num_leaves=7
num_cat=0
split_feature=3 17 11 18 4 1
split_gain=556260 467449 571436 509409 163837 218277
threshold=-31.997649999999791 -96.985600000000417 0.21643961393810304 -124.59689999999954 -23.17778576388832 -200.95104999999987
decision_type=2 2 2 2 2 2
left_child=4 2 -2 -3 -1 -6
right_child=1 3 -4 -5 5 -7
leaf_value=-0.025721663885646395 0.62154280549571439 -1.3790641703771132 3.713320308882547 0.48492618171783297 -3.2441192139920441 -1.0167013638806932
leaf_weight=224 703 551 189 1090 151 404
leaf_count=224 703 551 189 1090 151 404
internal_value=7.56078e-05 0.359474 1.28006 -0.141406 -1.16751 -1.62746
internal_weight=3312 2533 892 1641 779 555
internal_count=3312 2533 892 1641 779 555
is_linear=0
shrinkage=0.05


Tree=42
num_leaves=7
num_cat=0
split_feature=3 18 13 13 13 16
split_gain=529729 478544 401574 264955 173343 200646
threshold=52.008108333332991 149.29999999999976 -0.38231920253318369 0.30041959421409453 -0.76604444311897835 0.78661284449596058
decision_type=2 2 2 2 2 2
left_child=1 2 -1 -3 -2 -6
right_child=4 3 -4 -5 5 -7
leaf_value=0.12792655767601294 2.5337766699044106 -0.00047660286583470972 -1.4041717853328273 2.0319841480547307 1.181587747535245 -0.9081448059503725
leaf_weight=707 165 432 1081 254 527 146
leaf_count=707 165 432 1081 254 527 146
internal_value=5.90677e-05 -0.367997 -0.798626 0.75393 1.0858 0.727568
internal_weight=3312 2474 1788 686 838 673
internal_count=3312 2474 1788 686 838 673
is_linear=0
shrinkage=0.05


Tree=43
num_leaves=7
num_cat=0
split_feature=1 8 1 10 1 17
split_gain=507195 471074 740513 423619 417445 297241
threshold=-86.660649999999791 1.0000000180025095e-35 164.26500000000013 1.0000000180025095e-35 -242.54040000000006 77.033724999999791
decision_type=2 2 2 2 2 2
left_child=3 2 -2 4 -1 -5
right_child=1 -3 -4 5 -6 -7
leaf_value=-3.2979415239393712 0.30483037270705621 -0.73245626077430404 2.875928673363306 1.4589134508446939 -0.76647527860069919 -1.2720417599265392
leaf_weight=224 1116 576 373 275 593 155
leaf_count=224 1116 576 373 275 593 155
internal_value=0.000109878 0.480864 0.950398 -0.795754 -1.46372 0.473832
internal_weight=3312 2065 1489 1247 817 430
internal_count=3312 2065 1489 1247 817 430
is_linear=0
shrinkage=0.05


Tree=44
num_leaves=7
num_cat=0
split_feature=17 18 1 13 17 18
split_gain=474114 455306 371896 340714 335790 232194
threshold=118.93217500000016 1.0000000180025095e-35 53.383799999999844 -0.92300020391127913 708.1904000000003 -124.59689999999954
decision_type=2 2 2 2 2 2
left_child=1 3 -3 -1 5 -2
right_child=4 2 -4 -5 -6 -7
leaf_value=1.6664174072484284 -2.69731731446304 0.24644218194772957 2.0753531781511745 -0.66382894971287476 0.90997590754876301 -0.82001573100016367
leaf_weight=186 226 578 535 973 208 606
leaf_count=186 226 578 535 973 208 606
internal_value=8.28163e-05 0.404809 1.12664 -0.288749 -0.883627 -1.33258
internal_weight=3312 2272 1113 1159 1040 832
internal_count=3312 2272 1113 1159 1040 832
is_linear=0
shrinkage=0.05


Tree=45
num_leaves=6
num_cat=0
split_feature=3 1 2 10 4
split_gain=465669 419451 476499 260389 97060.1
threshold=108.59835000000022 -122.87220000000001 147.78510000000009 1.0000000180025095e-35 -18.063055555555817
decision_type=2 2 2 2 2
left_child=1 3 -3 -1 -2
right_child=4 2 -4 -5 -6
leaf_value=-1.6490562584424167 2.4194218640094221 0.64721017278346826 -1.2646425963406054 0.0059233117586777444 0.87982714707821108
leaf_weight=645 183 1454 419 376 235
leaf_count=645 183 1454 419 376 235
internal_value=8.94918e-05 -0.225394 0.219072 -1.04017 1.55803
internal_weight=3312 2894 1873 1021 418
internal_count=3312 2894 1873 1021 418
is_linear=0
shrinkage=0.05


Tree=46
num_leaves=7
num_cat=0
split_feature=17 18 13 17 18 3
split_gain=443599 450024 790427 446654 317220 276889
threshold=-96.985600000000417 -124.59689999999954 0.60818202301879265 -390.8758500000003 26.318499999999862 52.008108333332991
decision_type=2 2 2 2 2 2
left_child=3 2 -2 4 -1 -3
right_child=1 5 -4 -5 -6 -7
leaf_value=-2.3883487344384196 -0.50622122533356284 -0.31727550063349985 -4.4021035756891447 1.5026437865065774 0.56783308814401212 1.2607388302118028
leaf_weight=149 537 1099 171 756 229 371
leaf_count=149 537 1099 171 756 229 371
internal_value=0.000100696 -0.417401 -1.45206 0.801631 -0.600661 0.0815716
internal_weight=3312 2178 708 1134 378 1470
internal_count=3312 2178 708 1134 378 1470
is_linear=0
shrinkage=0.05


Tree=47
num_leaves=6
num_cat=0
split_feature=3 1 8 2 0
split_gain=436269 401655 501338 283737 221511
threshold=-68.055233333333021 64.299550000000195 1.0000000180025095e-35 -225.39000000000007 4211.7651500000011
decision_type=2 2 2 2 2
left_child=4 3 -3 -2 -1
right_child=1 2 -4 -5 -6
leaf_value=-2.6235042899847034 1.2320489306216953 1.7607686968089309 -0.31415467105606987 -0.56883598696316373 -0.47252311857624191
leaf_weight=205 260 724 486 1350 287
leaf_count=205 260 724 486 1350 287
internal_value=3.10266e-05 0.239855 0.927798 -0.277426 -1.37227
internal_weight=3312 2820 1210 1610 492
internal_count=3312 2820 1210 1610 492
is_linear=0
shrinkage=0.05


Tree=48
num_leaves=7
num_cat=0
split_feature=17 12 17 18 17 18
split_gain=400437 365422 421349 397184 259786 225949
threshold=86.48074999999973 0.13052619222005141 -142.68122500000024 234.35657499999959 708.1904000000003 -124.59689999999954
decision_type=2 2 2 2 2 2
left_child=1 2 -1 -3 5 -2
right_child=4 3 -4 -5 -6 -7
leaf_value=0.79517796034024557 -2.3014776954606728 0.58893508459826138 -0.99553337807071074 3.116885569479793 0.87326395619286312 -0.6043389003821894
leaf_weight=656 269 592 656 210 208 721
leaf_count=656 269 592 656 210 208 721
internal_value=1.45952e-05 0.413838 -0.100254 1.25392 -0.729958 -1.06734
internal_weight=3312 2114 1312 802 1198 990
internal_count=3312 2114 1312 802 1198 990
is_linear=0
shrinkage=0.05


Tree=49
num_leaves=6
num_cat=0
split_feature=3 18 1 3 0
split_gain=391673 360609 342197 322874 199527
threshold=-80.357566666666557 -8.2611916666664893 131.34314999999995 1.0000000180025095e-35 4211.7651500000011
decision_type=2 2 2 2 2
left_child=4 3 -3 -2 -1
right_child=1 2 -4 -5 -6
leaf_value=-2.699084098012754 -1.0445938696665571 0.15761107834205279 1.7304614701872447 0.46036758900399655 -0.47465215082332302
leaf_weight=178 781 910 557 654 232
leaf_count=178 781 910 557 654 232
internal_value=3.6086e-05 0.204564 0.755573 -0.358866 -1.4446
internal_weight=3312 2902 1467 1435 410
internal_count=3312 2902 1467 1435 410
is_linear=0
shrinkage=0.05


Tree=50
num_leaves=6
num_cat=0
split_feature=3 17 14 12 4
split_gain=369261 342002 322694 247354 91195.6
threshold=108.59835000000022 118.93217500000016 0.9659258262890682 0.065387565056496968 -18.063055555555817
decision_type=2 2 2 2 2
left_child=1 2 -1 -3 -2
right_child=4 3 -4 -5 -6
leaf_value=0.38307651929199249 2.2219423882987193 -0.028356441112307756 -1.7448457824611905 -1.6909838930105985 0.73073576585216049
leaf_weight=1778 183 384 197 535 235
leaf_count=1778 183 384 197 535 235
internal_value=6.069e-06 -0.200784 0.170047 -0.997048 1.38733
internal_weight=3312 2894 1975 919 418
internal_count=3312 2894 1975 919 418
is_linear=0
shrinkage=0.05


Tree=51
num_leaves=7
num_cat=0
split_feature=18 13 3 16 17 17
split_gain=351626 452960 408728 255296 249371 184923
threshold=128.43022500000009 -0.92300020391127913 1.0000000180025095e-35 0.54911872460329259 -1.0000000180025095e-35 86.48074999999973
decision_type=2 2 2 2 2 2
left_child=1 5 -3 4 -2 -1
right_child=3 2 -4 -5 -6 -7
leaf_value=2.374672952421168 2.1278475129787617 -1.2575053189068823 0.20187370681591582 -0.82284063902603188 0.3506559203210331 0.11878739420303518
leaf_weight=187 373 1126 835 196 419 176
leaf_count=187 373 1126 835 196 419 176
internal_value=3.82095e-06 -0.335905 -0.636311 0.789677 1.18927 1.28424
internal_weight=3312 2324 1961 988 792 363
internal_count=3312 2324 1961 988 792 363
is_linear=0
shrinkage=0.05


Tree=52
num_leaves=6
num_cat=0
split_feature=3 18 1 13 0
split_gain=338229 314540 295058 267099 177019
threshold=-80.357566666666557 -8.2611916666664893 131.34314999999995 -0.92300020391127913 4211.7651500000011
decision_type=2 2 2 2 2
left_child=4 3 -3 -2 -1
right_child=1 2 -4 -5 -6
leaf_value=-2.5239998935487686 1.0750251714797583 0.14946853804977614 1.6099769993708553 -0.66527254141387515 -0.42890405127930542
leaf_weight=178 271 910 557 1164 232
leaf_count=178 271 910 557 1164 232
internal_value=5.03214e-05 0.190113 0.704723 -0.336097 -1.34241
internal_weight=3312 2902 1467 1435 410
internal_count=3312 2902 1467 1435 410
is_linear=0
shrinkage=0.05


Tree=53
num_leaves=7
num_cat=0
split_feature=17 17 18 13 18 3
split_gain=335004 409329 344419 682095 261568 217432
threshold=-96.985600000000417 -390.8758500000003 -124.59689999999954 0.60818202301879265 26.318499999999862 -42.453500000000069
decision_type=2 2 2 2 2 2
left_child=1 4 3 -2 -1 -3
right_child=2 5 -4 -5 -6 -7
leaf_value=-2.2689116836835939 -0.38946939631465649 -0.3490855317787836 0.073735597828956473 -4.0083199412323713 0.41570611429279269 1.7854807467296205
leaf_weight=149 537 148 1470 171 229 608
leaf_count=149 537 148 1470 171 229 608
internal_value=3.59745e-05 0.696581 -0.362781 -1.26793 -0.645711 1.36769
internal_weight=3312 1134 2178 708 378 756
internal_count=3312 1134 2178 708 378 756
is_linear=0
shrinkage=0.05


Tree=54
num_leaves=5
num_cat=0
split_feature=3 13 18 17
split_gain=316720 304024 382142 156925
threshold=160.80864999999974 -0.88616659541054421 149.29999999999976 86.48074999999973
decision_type=2 2 2 2
left_child=1 3 -3 -1
right_child=-2 2 -4 -5
leaf_value=1.7924760007504241 1.9764809323230965 -0.72222868478082969 0.59645333491361296 -0.027904230152688378
leaf_weight=281 190 1858 779 204
leaf_count=281 190 1858 779 204
internal_value=-3.73681e-05 -0.12092 -0.332596 1.02831
internal_weight=3312 3122 2637 485
internal_count=3312 3122 2637 485
is_linear=0
shrinkage=0.05


Tree=55
num_leaves=6
num_cat=0
split_feature=2 1 8 10 1
split_gain=303565 394979 422853 231707 229244
threshold=147.78510000000009 -122.87220000000001 1.0000000180025095e-35 1.0000000180025095e-35 131.34314999999995
decision_type=2 2 2 2 2
left_child=1 3 -3 -1 -2
right_child=4 2 -4 -5 -6
leaf_value=-1.1571862690233521 -2.0484655274169428 1.1539446563544062 -0.5834691980911284 0.42372815170469985 -0.048097845886109603
leaf_weight=629 285 1261 484 366 287
leaf_count=629 285 1261 484 366 287
internal_value=1.90634e-05 0.218817 0.671991 -0.575822 -1.04662
internal_weight=3312 2740 1745 995 572
internal_count=3312 2740 1745 995 572
is_linear=0
shrinkage=0.05


Tree=56
num_leaves=7
num_cat=0
split_feature=17 17 18 13 18 3
split_gain=296258 368732 302253 605844 226343 188757
threshold=-96.985600000000417 -390.8758500000003 -124.59689999999954 0.60818202301879265 26.318499999999862 -42.453500000000069
decision_type=2 2 2 2 2 2
left_child=1 4 3 -2 -1 -3
right_child=2 5 -4 -5 -6 -7
leaf_value=-2.1289039188797276 -0.36124781798640593 -0.30769390971868632 0.067717256500461051 -3.771815955881463 0.36846570032446285 1.6812372411142467
leaf_weight=149 537 148 1470 171 229 608
leaf_count=149 537 148 1470 171 229 608
internal_value=-1.59902e-05 0.655012 -0.341208 -1.18914 -0.618967 1.29198
internal_weight=3312 1134 2178 708 378 756
internal_count=3312 1134 2178 708 378 756
is_linear=0
shrinkage=0.05


Tree=57
num_leaves=6
num_cat=0
split_feature=3 2 1 18 4
split_gain=282992 306452 383011 178810 84794.6
threshold=108.59835000000022 147.78510000000009 -200.95104999999987 -113.27440000000023 -18.063055555555817
decision_type=2 2 2 2 2
left_child=1 2 -1 -3 -2
right_child=4 3 -4 -5 -6
leaf_value=-0.98995407956380843 2.0189097670433314 -2.759987011310217 0.44025647486215702 -0.68648919944288378 0.58204545636298299
leaf_weight=637 183 147 1757 353 235
leaf_count=637 183 147 1757 353 235
internal_value=-8.23874e-05 -0.17586 0.0594489 -1.30039 1.21442
internal_weight=3312 2894 2394 500 418
internal_count=3312 2894 2394 500 418
is_linear=0
shrinkage=0.05


Tree=58
num_leaves=7
num_cat=0
split_feature=17 14 18 12 18 17
split_gain=277992 263273 324303 259423 332165 174241
threshold=118.93217500000016 0.9659258262890682 1.0000000180025095e-35 0.065387565056496968 -133.91770000000039 187.41661249999996
decision_type=2 2 2 2 2 2
left_child=1 2 -1 4 -2 -5
right_child=3 -3 -4 5 -6 -7
leaf_value=-0.11298072055192061 -1.4604188481731528 -1.2865480945156567 1.1482651725838033 -0.33273899218031006 1.3849354240886325 -2.045508897554098
leaf_weight=1064 168 231 977 254 260 358
leaf_count=1064 168 231 977 254 260 358
internal_value=-9.93249e-05 0.309811 0.491028 -0.676781 0.267267 -1.33636
internal_weight=3312 2272 2041 1040 428 612
internal_count=3312 2272 2041 1040 428 612
is_linear=0
shrinkage=0.05


Tree=59
num_leaves=7
num_cat=0
split_feature=3 17 16 17 4 3
split_gain=267812 215556 288270 284368 174220 128596
threshold=-11.537024999999856 118.93217500000016 0.79902019836019356 427.43058333333289 -23.17778576388832 -80.357566666666557
decision_type=2 2 2 2 2 2
left_child=4 2 -2 -3 -1 -6
right_child=1 3 -4 -5 5 -7
leaf_value=0.34906043118530222 0.97533894386889952 -1.0702525979406603 -0.62284106819597007 1.102927992611288 -1.9248155334790376 -0.54569600246157812
leaf_weight=285 1245 507 364 213 288 410
leaf_count=285 1245 507 364 213 288 410
internal_value=-0.000135182 0.291963 0.613624 -0.426715 -0.69179 -1.11667
internal_weight=3312 2329 1609 720 983 698
internal_count=3312 2329 1609 720 983 698
is_linear=0
shrinkage=0.05


Tree=60
num_leaves=7
num_cat=0
split_feature=13 18 3 16 17 2
split_gain=259102 295475 366764 264213 144406 54014
threshold=-0.88616659541054421 128.43022500000009 -95.015566666666686 0.52865560349494445 -18.986450000000328 -8.0801500000000015
decision_type=2 2 2 2 2 2
left_child=4 2 -2 -3 -1 -6
right_child=1 3 -4 -5 5 -7
leaf_value=2.0478823745364778 -2.7610750308282235 0.97309971814442242 -0.32626920175813856 -1.1417004103596147 1.0022863057454428 -0.34007485826810202
leaf_weight=208 169 733 1720 184 149 149
leaf_count=208 169 733 1720 184 149 149
internal_value=-0.000154634 -0.188048 -0.545446 0.547975 1.04012 0.332213
internal_weight=3312 2806 1889 917 506 298
internal_count=3312 2806 1889 917 506 298
is_linear=0
shrinkage=0.05


Tree=61
num_leaves=4
num_cat=0
split_feature=3 12 17
split_gain=255767 251516 284319
threshold=160.80864999999974 -0.98812630719300909 -96.985600000000417
decision_type=2 2 2
left_child=1 -1 -3
right_child=-2 2 -4
leaf_value=-2.1205607500833437 1.7760164937891887 0.70175973568968952 -0.34476616831218942
leaf_weight=147 190 955 2020
leaf_count=147 190 955 2020
internal_value=-0.000155134 -0.108784 -0.00869964
internal_weight=3312 3122 2975
internal_count=3312 3122 2975
is_linear=0
shrinkage=0.05


Tree=62
num_leaves=6
num_cat=0
split_feature=2 1 8 1 10
split_gain=243467 297536 417008 183680 153178
threshold=147.78510000000009 -86.660649999999791 1.0000000180025095e-35 131.34314999999995 1.0000000180025095e-35
decision_type=2 2 2 2 2
left_child=1 4 -3 -2 -1
right_child=3 2 -4 -5 -6
leaf_value=-0.81323949313362887 -1.8342471586657572 1.171860444899145 -0.58596214439911942 -0.043673752962301179 0.4252450019608402
leaf_weight=781 285 1109 484 287 366
leaf_count=781 285 1109 484 287 366
internal_value=-0.000147191 0.195799 0.63775 -0.937474 -0.418021
internal_weight=3312 2740 1593 572 1147
internal_count=3312 2740 1593 572 1147
is_linear=0
shrinkage=0.05


Tree=63
num_leaves=6
num_cat=0
split_feature=13 18 2 1 2
split_gain=234170 293932 373212 220660 151958
threshold=-0.92300020391127913 -124.59689999999954 -177.75350000000023 116.3500499999998 -43.094199999999994
decision_type=2 2 2 2 2
left_child=4 2 -2 -3 -1
right_child=1 3 -4 -5 -6
leaf_value=2.1828115972163888 1.2833354549331439 -0.22719148687045562 -1.5033453168910333 0.84373535897668239 0.25560807648981954
leaf_weight=183 147 1370 641 740 231
leaf_count=183 147 1370 641 740 231
internal_value=-0.000165187 -0.159188 -0.982527 0.148616 1.11069
internal_weight=3312 2898 788 2110 414
internal_count=3312 2898 788 2110 414
is_linear=0
shrinkage=0.05


Tree=64
num_leaves=5
num_cat=0
split_feature=3 13 18 17
split_gain=221987 222132 266512 119136
threshold=160.80864999999974 -0.88616659541054421 218.33654999999979 86.48074999999973
decision_type=2 2 2 2
left_child=1 3 -3 -1
right_child=-2 2 -4 -5
leaf_value=1.5468470408138655 1.6546157679008564 -0.54175963035819985 0.69047148701795147 -0.039207168810251283
leaf_weight=281 190 2082 555 204
leaf_count=281 190 2082 555 204
internal_value=-0.000114143 -0.101316 -0.282253 0.881015
internal_weight=3312 3122 2637 485
internal_count=3312 3122 2637 485
is_linear=0
shrinkage=0.05


Tree=65
num_leaves=7
num_cat=0
split_feature=17 17 13 0 2 18
split_gain=219199 331304 266383 263461 238385 191668
threshold=-96.985600000000417 -390.8758500000003 0.8425887240367157 4024.8921500000006 -51.711949999999881 26.318499999999862
decision_type=2 2 2 2 2 2
left_child=1 5 4 -4 -2 -1
right_child=2 -3 3 -5 -6 -7
leaf_value=-2.0335225196480748 0.64549933386196101 1.167174651195225 -0.23063132649306023 -2.8466805664832528 -0.52346379514996899 0.26482153402722403
leaf_weight=149 746 756 201 184 1047 229
leaf_count=149 746 756 201 184 1047 229
internal_value=-5.84672e-05 0.563376 -0.293541 -1.48503 -0.0370134 -0.644115
internal_weight=3312 1134 2178 385 1793 378
internal_count=3312 1134 2178 385 1793 378
is_linear=0
shrinkage=0.05


Tree=66
num_leaves=6
num_cat=0
split_feature=3 14 17 4 18
split_gain=211329 177181 221332 154427 109520
threshold=-11.537024999999856 0.9659258262890682 46.304583333333319 -23.17778576388832 -185.39755833333354
decision_type=2 2 2 2 2
left_child=3 2 -2 -1 -5
right_child=1 -3 -4 4 -6
leaf_value=0.36533302174998333 0.84910511901380625 -1.0844476006522372 -0.18424220636535812 -2.1642064226721414 -0.67202287887740475
leaf_weight=285 1193 221 915 159 539
leaf_count=285 1193 221 915 159 539
internal_value=-0.000109223 0.259364 0.400695 -0.614512 -1.01454
internal_weight=3312 2329 2108 983 698
internal_count=3312 2329 2108 983 698
is_linear=0
shrinkage=0.05


Tree=67
num_leaves=7
num_cat=0
split_feature=2 1 8 10 11 17
split_gain=210272 258210 343747 174449 170160 229387
threshold=147.78510000000009 -122.87220000000001 1.0000000180025095e-35 1.0000000180025095e-35 -0.51864980417341167 1.0000000180025095e-35
decision_type=2 2 2 2 2 2
left_child=1 3 -3 -1 -2 -6
right_child=4 2 -4 -5 5 -7
leaf_value=-0.9650062949713023 -2.2617657512238938 0.98291423912152731 -0.58351619445363578 0.40667765215546786 1.0155652810075428 -1.356045794537299
leaf_weight=629 158 1261 484 366 178 236
leaf_count=629 158 1261 484 366 178 236
internal_value=-0.000147381 0.181952 0.548358 -0.460545 -0.871235 -0.336378
internal_weight=3312 2740 1745 995 572 414
internal_count=3312 2740 1745 995 572 414
is_linear=0
shrinkage=0.05


Tree=68
num_leaves=6
num_cat=0
split_feature=3 2 1 11 1
split_gain=195322 220249 297261 154962 84414.7
threshold=108.59835000000022 147.78510000000009 -200.95104999999987 -0.48087430661751701 245.14474999999996
decision_type=2 2 2 2 2
left_child=1 2 -1 -3 -2
right_child=4 3 -4 -5 -6
leaf_value=-0.87122696832546431 0.46575625882785127 -2.4712609235962777 0.38875200367777424 -0.53390901973575688 1.9402557683455481
leaf_weight=637 265 145 1757 355 153
leaf_count=637 265 145 1757 355 153
internal_value=-0.000181689 -0.146215 0.0532707 -1.09955 1.00881
internal_weight=3312 2894 2394 500 418
internal_count=3312 2894 2394 500 418
is_linear=0
shrinkage=0.05


Tree=69
num_leaves=7
num_cat=0
split_feature=2 1 18 3 14 17
split_gain=193854 354504 270260 288896 248558 212793
threshold=-139.93499999999992 -217.48189999999997 -124.59689999999954 4.8858749999999427 0.93969262078590865 -8.7851333333335315
decision_type=2 2 2 2 2 2
left_child=1 -1 3 -2 -4 -3
right_child=2 5 4 -5 -6 -7
leaf_value=-0.84784397482872009 -1.7360228833904991 2.3559470814188752 0.32517430880895026 0.28553512473222165 -1.6776206859235847 0.40139657279210433
leaf_weight=262 486 278 1559 277 171 279
leaf_count=262 486 278 1559 277 171 279
internal_value=-0.000188924 0.666728 -0.219464 -1.0027 0.126355 1.37939
internal_weight=3312 819 2493 763 1730 557
internal_count=3312 819 2493 763 1730 557
is_linear=0
shrinkage=0.05


Tree=70
num_leaves=6
num_cat=0
split_feature=13 18 0 13 4
split_gain=196908 231330 259304 196572 138304
threshold=-0.92300020391127913 104.49495666666637 5347.0402000000004 0.30041959421409453 -23.17778576388832
decision_type=2 2 2 2 2
left_child=4 2 -2 -3 -1
right_child=1 3 -4 -5 -6
leaf_value=2.2642263941364043 -0.97934895506286768 -0.10339025616941472 0.21721720114436507 1.3035501417517663 0.3481455944121104
leaf_weight=144 1083 629 777 409 270
leaf_count=144 1083 629 777 409 270
internal_value=-0.000192969 -0.146016 -0.479645 0.451703 1.01846
internal_weight=3312 2898 1860 1038 414
internal_count=3312 2898 1860 1038 414
is_linear=0
shrinkage=0.05


Tree=71
num_leaves=5
num_cat=0
split_feature=3 17 11 16
split_gain=184033 198451 268868 249591
threshold=-121.31083333333343 -96.985600000000417 0.21643961393810304 0.2235235636344873
decision_type=2 2 2 2
left_child=-1 2 -2 -3
right_child=1 3 -4 -5
leaf_value=-1.4474024531006524 0.23222755397760669 0.71198982607156358 2.1617589273012205 -0.53163126351957768
leaf_weight=205 841 553 229 1484
leaf_count=205 841 553 229 1484
internal_value=-0.000137282 0.0957883 0.646816 -0.193832
internal_weight=3312 3107 1070 2037
internal_count=3312 3107 1070 2037
is_linear=0
shrinkage=0.05


Tree=72
num_leaves=6
num_cat=0
split_feature=13 18 2 14 4
split_gain=179306 220002 317397 188585 124302
threshold=-0.92300020391127913 -124.59689999999954 -177.75350000000023 0.92300020391127935 -23.17778576388832
decision_type=2 2 2 2 2
left_child=4 2 -2 -3 -1
right_child=1 3 -4 -5 -6
leaf_value=2.152978419599862 1.2378030949347729 0.31809786725389072 -1.3319123138594544 -1.0410326752598438 0.33643670183266222
leaf_weight=144 147 1814 641 296 270
leaf_count=144 147 1814 641 296 270
internal_value=-0.000113404 -0.139266 -0.851575 0.12703 0.971943
internal_weight=3312 2898 788 2110 414
internal_count=3312 2898 788 2110 414
is_linear=0
shrinkage=0.05


Tree=73
num_leaves=4
num_cat=0
split_feature=3 12 17
split_gain=173482 195430 203367
threshold=160.80864999999974 -0.98812630719300909 -142.68122500000024
decision_type=2 2 2
left_child=1 -1 -3
right_child=-2 2 -4
leaf_value=-1.8628896323410242 1.462735672380912 0.7032538006485507 -0.24371447108379032
leaf_weight=147 190 761 2214
leaf_count=147 190 761 2214
internal_value=-8.24961e-05 -0.0895472 -0.00132667
internal_weight=3312 3122 2975
internal_count=3312 3122 2975
is_linear=0
shrinkage=0.05


Tree=74
num_leaves=7
num_cat=0
split_feature=2 1 15 2 17 11
split_gain=166549 213233 603622 166301 138542 74426.8
threshold=147.78510000000009 30.069300000000116 3411.9851413194447 -169.03590000000005 27.636566666666571 -0.32136297141497078
decision_type=2 2 2 2 2 2
left_child=1 3 -3 -1 5 -2
right_child=4 2 -4 -5 -6 -7
leaf_value=0.57357318148138081 -0.82348143140864538 -0.44323326488690723 1.9078936536025823 -0.52363080859081412 -1.6018321094972163 0.73609295857498069
leaf_weight=491 152 559 532 1158 268 152
leaf_count=491 152 559 532 1158 268 152
internal_value=-7.74786e-05 0.161987 0.703935 -0.196782 -0.775329 -0.0438375
internal_weight=3312 2740 1091 1649 572 304
internal_count=3312 2740 1091 1649 572 304
is_linear=0
shrinkage=0.05


Tree=75
num_leaves=6
num_cat=0
split_feature=13 18 16 16 2
split_gain=162506 196762 260231 195799 121400
threshold=-0.92300020391127913 128.43022500000009 0.46221104559246651 0.2235235636344873 -43.094199999999994
decision_type=2 2 2 2 2
left_child=4 2 -2 -3 -1
right_child=1 3 -4 -5 -6
leaf_value=1.8835569398234722 -1.0821031568035944 1.2829627547067841 0.081415728085181299 -0.17311169798072212 0.16135613449431699
leaf_weight=183 840 409 1121 528 231
leaf_count=183 840 409 1121 528 231
internal_value=-7.6235e-05 -0.13255 -0.417278 0.463154 0.925323
internal_weight=3312 2898 1961 937 414
internal_count=3312 2898 1961 937 414
is_linear=0
shrinkage=0.05


Tree=76
num_leaves=5
num_cat=0
split_feature=3 2 1 1
split_gain=162756 173507 281410 279092
threshold=-121.31083333333343 -51.711949999999881 116.3500499999998 -217.48189999999997
decision_type=2 2 2 2
left_child=-1 3 -3 -2
right_child=1 2 -4 -5
leaf_value=-1.3610758038400448 -0.67219112268492076 -0.76727586131171477 0.50179146674795072 0.9661028426175291
leaf_weight=205 355 1032 756 964
leaf_count=205 355 1032 756 964
internal_value=-3.99144e-05 0.0901703 -0.23071 0.524992
internal_weight=3312 3107 1788 1319
internal_count=3312 3107 1788 1319
is_linear=0
shrinkage=0.05


Tree=77
num_leaves=5
num_cat=0
split_feature=4 17 12 16
split_gain=154892 209696 261756 218842
threshold=21.133751388888872 170.48789999999943 0.065387565056496968 0.79902019836019356
decision_type=2 2 2 2
left_child=1 3 -3 -1
right_child=-2 2 -4 -5
leaf_value=0.54520336452305951 -1.5980875835747554 0.2973336900734122 -1.5718861182504784 -0.61893958193832077
leaf_weight=1909 144 366 382 511
leaf_count=1909 144 366 382 511
internal_value=-5.80315e-05 0.073061 -0.658092 0.299232
internal_weight=3312 3168 748 2420
internal_count=3312 3168 748 2420
is_linear=0
shrinkage=0.05


Tree=78
num_leaves=7
num_cat=0
split_feature=8 1 2 2 1 1
split_gain=148877 607403 261829 255465 214669 144870
threshold=1.0000000180025095e-35 116.3500499999998 175.63910000000035 -43.094199999999994 1104.4163000000005 2038.2599999999998
decision_type=2 2 2 2 2 2
left_child=1 3 -3 -1 -2 -6
right_child=4 2 -4 -5 5 -7
leaf_value=0.31662833433754195 -2.280257987902031 2.4534618577654932 0.098735595000593854 -0.75945923719898811 1.0708126449281243 -0.85133992547733117
leaf_weight=1122 160 354 177 1083 156 260
leaf_count=1122 160 354 177 1083 156 260
internal_value=-9.95984e-05 0.153772 1.67021 -0.212004 -0.729989 -0.129693
internal_weight=3312 2736 531 2205 576 416
internal_count=3312 2736 531 2205 576 416
is_linear=0
shrinkage=0.05


Tree=79
num_leaves=7
num_cat=0
split_feature=13 16 11 3 17 2
split_gain=145748 186595 290518 212359 89583.9 74816
threshold=-0.88616659541054421 0.79902019836019356 0.065387565056497135 -4.9215166666667747 86.48074999999973 1.0000000180025095e-35
decision_type=2 2 2 2 2 2
left_child=4 3 -3 -2 5 -1
right_child=1 2 -4 -5 -6 -7
leaf_value=2.1323569197382706 -0.64605181912177301 -2.2973429224846211 0.084655284255425983 0.38389618762843675 -0.0038791697559782041 0.53486063906124659
leaf_weight=148 737 234 281 1554 212 146
leaf_count=148 737 234 281 1554 212 146
internal_value=-9.38834e-05 -0.141015 -1.00001 0.0524312 0.780117 1.34354
internal_weight=3312 2806 515 2291 506 294
internal_count=3312 2806 515 2291 506 294
is_linear=0
shrinkage=0.05


Tree=80
num_leaves=4
num_cat=0
split_feature=3 12 17
split_gain=140310 169246 163394
threshold=160.80864999999974 -0.98812630719300909 -142.68122500000024
decision_type=2 2 2
left_child=1 -1 -3
right_child=-2 2 -4
leaf_value=-1.730816479389732 1.3154626209698423 0.63310227738571134 -0.21571219853199095
leaf_weight=147 190 761 2214
leaf_count=147 190 761 2214
internal_value=-8.63455e-05 -0.0805442 0.0015529
internal_weight=3312 3122 2975
internal_count=3312 3122 2975
is_linear=0
shrinkage=0.05


Tree=81
num_leaves=5
num_cat=0
split_feature=4 18 0 1
split_gain=139207 197076 234029 179267
threshold=21.133751388888872 -8.2611916666664893 5347.0402000000004 -40.893399999999922
decision_type=2 2 2 2
left_child=1 2 -1 -3
right_child=-2 3 -4 -5
leaf_value=-0.91474720623280426 -1.5150420359085348 -0.17741658440480632 0.31251274636040471 0.89466266229444147
leaf_weight=817 144 659 739 953
leaf_count=817 144 659 739 953
internal_value=-8.19932e-05 0.0692362 -0.332051 0.456549
internal_weight=3312 3168 1556 1612
internal_count=3312 3168 1556 1612
is_linear=0
shrinkage=0.05


Tree=82
num_leaves=7
num_cat=0
split_feature=2 13 16 11 17 1
split_gain=138381 149648 176446 130875 176037 124726
threshold=147.78510000000009 -0.88616659541054421 0.79902019836019356 -0.51864980417341167 1.0000000180025095e-35 53.383799999999844
decision_type=2 2 2 2 2 2
left_child=1 5 -3 -2 -5 -1
right_child=3 2 -4 4 -6 -7
leaf_value=0.36363518680735823 -1.9261951950548579 0.19981558653364923 -0.91457707573697999 0.94631301048081695 -1.1312113462181033 2.1461226017831208
leaf_weight=272 158 1878 437 178 236 153
leaf_count=272 158 1878 437 178 236 153
internal_value=-9.90286e-05 0.147626 -0.0108512 -0.706758 -0.237848 1.00886
internal_weight=3312 2740 2315 572 414 425
internal_count=3312 2740 2315 572 414 425
is_linear=0
shrinkage=0.05


Tree=83
num_leaves=7
num_cat=0
split_feature=8 1 2 2 1 1
split_gain=143035 533826 257793 224468 196143 123689
threshold=1.0000000180025095e-35 164.26500000000013 92.003300000000323 -65.174800000000218 1104.4163000000005 2038.2599999999998
decision_type=2 2 2 2 2 2
left_child=1 3 -3 -1 -2 -6
right_child=4 2 -4 -5 5 -7
leaf_value=0.42144353513035315 -2.1973983426641972 3.4757224589199218 0.80344299372302475 -0.55965074802095105 0.96767307234702593 -0.80843105619894606
leaf_weight=1042 160 153 220 1321 156 260
leaf_count=1042 160 153 220 1321 156 260
internal_value=-9.88494e-05 0.150723 1.90594 -0.127027 -0.715523 -0.141669
internal_weight=3312 2736 373 2363 576 416
internal_count=3312 2736 373 2363 576 416
is_linear=0
shrinkage=0.05


Tree=84
num_leaves=5
num_cat=0
split_feature=3 2 1 14
split_gain=131260 156719 246484 168012
threshold=-131.10414999999986 -139.93499999999992 -217.48189999999997 0.97536678965063839
decision_type=2 2 2 2
left_child=-1 2 -2 -3
right_child=1 3 -4 -5
leaf_value=-1.3747489915291471 -0.6718776490443793 -0.016597622982426393 1.2684452297582185 -1.6896071783319024
leaf_weight=164 233 2210 545 160
leaf_count=164 233 2210 545 160
internal_value=-6.21667e-05 0.0719681 0.687229 -0.130208
internal_weight=3312 3148 778 2370
internal_count=3312 3148 778 2370
is_linear=0
shrinkage=0.05


Tree=85
num_leaves=7
num_cat=0
split_feature=8 1 2 2 1 18
split_gain=130846 484036 231694 193240 175975 112821
threshold=1.0000000180025095e-35 164.26500000000013 92.003300000000323 -65.174800000000218 1104.4163000000005 -49.864612499999787
decision_type=2 2 2 2 2 2
left_child=1 3 -3 -1 -2 -6
right_child=4 2 -4 -5 5 -7
leaf_value=0.38856869345086192 -2.0879864081462718 3.303731977300985 0.77026364146584303 -0.52172813894348324 -0.8903516075590201 0.75942402922989505
leaf_weight=1042 160 153 220 1321 227 189
leaf_count=1042 160 153 220 1321 227 189
internal_value=-9.65517e-05 0.144156 1.81552 -0.120325 -0.684359 -0.14079
internal_weight=3312 2736 373 2363 576 416
internal_count=3312 2736 373 2363 576 416
is_linear=0
shrinkage=0.05


Tree=86
num_leaves=5
num_cat=0
split_feature=4 17 12 16
split_gain=124261 168335 213953 173795
threshold=21.133751388888872 170.48789999999943 0.065387565056496968 0.79902019836019356
decision_type=2 2 2 2
left_child=1 3 -3 -1
right_child=-2 2 -4 -5
leaf_value=0.48726539042685674 -1.431390725374222 0.27411399075218379 -1.4158150140351711 -0.55016738163540146
leaf_weight=1909 144 366 382 511
leaf_count=1909 144 366 382 511
internal_value=-6.57334e-05 0.0654256 -0.589663 0.268067
internal_weight=3312 3168 748 2420
internal_count=3312 3168 748 2420
is_linear=0
shrinkage=0.05


Tree=87
num_leaves=6
num_cat=0
split_feature=13 18 3 13 4
split_gain=122761 158802 259699 195128 105992
threshold=-0.92300020391127913 -124.59689999999954 1.0000000180025095e-35 0.34202014332566882 -23.17778576388832
decision_type=2 2 2 2 2
left_child=4 2 -2 -3 -1
right_child=1 3 -4 -5 -6
leaf_value=1.8946955183867751 -1.4291303958477719 -0.29484106120317327 0.43954402511566881 0.68016381850625063 0.21777180733495971
leaf_weight=144 489 1232 299 878 270
leaf_count=144 489 1232 299 878 270
internal_value=-0.000102236 -0.115242 -0.720419 0.111002 0.80421
internal_weight=3312 2898 788 2110 414
internal_count=3312 2898 788 2110 414
is_linear=0
shrinkage=0.05


Tree=88
num_leaves=6
num_cat=0
split_feature=8 1 2 1 1
split_gain=120325 450752 169680 156670 106988
threshold=1.0000000180025095e-35 245.14474999999996 139.53744999999984 1104.4163000000005 2038.2599999999998
decision_type=2 2 2 2 2
left_child=1 2 -1 -2 -5
right_child=3 -3 -4 4 -6
leaf_value=0.15991647833566269 -1.9806538717624562 2.6964456980611073 -0.92422769945887373 0.88842794084624888 -0.76342779603497746
leaf_weight=2142 160 161 433 156 260
leaf_count=2142 160 161 433 156 260
internal_value=-7.43576e-05 0.138257 -0.0226762 -0.656251 -0.143337
internal_weight=3312 2736 2575 576 416
internal_count=3312 2736 2575 576 416
is_linear=0
shrinkage=0.05


Tree=89
num_leaves=5
num_cat=0
split_feature=2 1 10 8
split_gain=118870 132632 240798 236759
threshold=284.27984999999995 -86.660649999999791 1.0000000180025095e-35 1.0000000180025095e-35
decision_type=2 2 2 2
left_child=1 2 -1 -3
right_child=-2 3 -4 -5
leaf_value=-0.83916505758973248 -1.342888269796493 0.67658545582556595 0.63970918867450499 -0.54768413926196524
leaf_weight=813 156 1375 415 553
leaf_count=813 156 1375 415 553
internal_value=-6.94895e-05 0.0667099 -0.339269 0.325332
internal_weight=3312 3156 1228 1928
internal_count=3312 3156 1228 1928
is_linear=0
shrinkage=0.05


Tree=90
num_leaves=6
num_cat=0
split_feature=2 1 14 16 17
split_gain=113531 210138 165100 193128 143949
threshold=-148.71500000000012 -217.48189999999997 0.97536678965063839 0.2235235636344873 12.246675000000325
decision_type=2 2 2 2 2
left_child=1 -1 3 -2 -3
right_child=2 4 -4 -5 -6
leaf_value=-0.66818059253306528 0.74024003864411858 1.8737449627762128 -1.6564521687755058 -0.30842651804617849 0.20404735022066048
leaf_weight=246 580 279 171 1796 240
leaf_count=246 580 279 171 1796 240
internal_value=-8.73435e-05 0.53366 -0.160547 -0.0522352 1.10351
internal_weight=3312 765 2547 2376 519
internal_count=3312 765 2547 2376 519
is_linear=0
shrinkage=0.05


Tree=91
num_leaves=5
num_cat=0
split_feature=4 18 0 1
split_gain=112800 149727 201462 140798
threshold=21.133751388888872 -8.2611916666664893 5347.0402000000004 -40.893399999999922
decision_type=2 2 2 2
left_child=1 2 -1 -3
right_child=-2 3 -4 -5
leaf_value=-0.82809976299901322 -1.3638019856913337 -0.16192299476260263 0.31055982558711159 0.78818253877199806
leaf_weight=817 144 659 739 953
leaf_count=817 144 659 739 953
internal_value=-8.01864e-05 0.062318 -0.287458 0.399911
internal_weight=3312 3168 1556 1612
internal_count=3312 3168 1556 1612
is_linear=0
shrinkage=0.05


Tree=92
num_leaves=6
num_cat=0
split_feature=13 18 2 13 4
split_gain=113296 130952 243453 176653 94495.7
threshold=-0.92300020391127913 -124.59689999999954 -177.75350000000023 0.34202014332566882 -23.17778576388832
decision_type=2 2 2 2 2
left_child=4 2 -2 -3 -1
right_child=1 3 -4 -5 -6
leaf_value=1.8022474076598884 1.1693294608512441 -0.29140039761244813 -1.0810081273228846 0.6362962990321126 0.21881067723145786
leaf_weight=144 147 1232 641 878 270
leaf_count=144 147 1232 641 878 270
internal_value=-9.51202e-05 -0.110707 -0.660262 0.0947455 0.772587
internal_weight=3312 2898 788 2110 414
internal_count=3312 2898 788 2110 414
is_linear=0
shrinkage=0.05


Tree=93
num_leaves=6
num_cat=0
split_feature=13 17 13 16 15
split_gain=112671 277793 254148 240408 134494
threshold=0.8425887240367157 -111.85186666666594 0.70710678118654735 0.36103664096479243 5283.1736671296303
decision_type=2 2 2 2 2
left_child=2 -2 4 -3 -1
right_child=1 3 -4 -5 -6
leaf_value=-0.4692280728285721 0.91369627506443951 -0.43474667839610615 1.7232348066290992 -2.9685149739552665 0.28429447022775745
leaf_weight=972 197 253 230 148 1512
leaf_count=972 197 253 230 148 1512
internal_value=-5.33251e-05 -0.620739 0.136886 -1.37496 -0.0106323
internal_weight=3312 598 2714 401 2484
internal_count=3312 598 2714 401 2484
is_linear=0
shrinkage=0.05


Tree=94
num_leaves=5
num_cat=0
split_feature=3 17 14 11
split_gain=107954 119307 202452 130835
threshold=-102.6212499999999 46.304583333333319 -0.95280922353748843 -0.6913484944011038
decision_type=2 2 2 2
left_child=-1 2 -2 -3
right_child=1 3 -4 -5
leaf_value=-0.92508555870089271 -1.2113212880572757 -1.5730778310754721 0.53720216750933381 -0.08209681283261111
leaf_weight=287 184 169 1577 1095
leaf_count=287 184 169 1577 1095
internal_value=-6.50157e-05 0.087974 0.353922 -0.282531
internal_weight=3312 3025 1761 1264
internal_count=3312 3025 1761 1264
is_linear=0
shrinkage=0.05


Tree=95
num_leaves=4
num_cat=0
split_feature=3 2 16
split_gain=105317 140590 114710
threshold=167.48500833333335 284.27984999999995 0.2235235636344873
decision_type=2 2 2
left_child=1 2 -1
right_child=-2 -3 -4
leaf_value=0.52735251549593831 1.281069484333587 -1.5720223177047004 -0.17281799464353254
leaf_weight=793 152 146 2221
leaf_count=793 152 146 2221
internal_value=-0.000110877 -0.0621231 0.0115145
internal_weight=3312 3160 3014
internal_count=3312 3160 3014
is_linear=0
shrinkage=0.05


Tree=96
num_leaves=6
num_cat=0
split_feature=13 16 11 12 4
split_gain=105583 117048 280997 182359 84783.7
threshold=-0.92300020391127913 0.79902019836019356 0.065387565056497135 -0.83127174505093859 -23.17778576388832
decision_type=2 2 2 2 2
left_child=4 3 -3 -2 -1
right_child=1 2 -4 -5 -6
leaf_value=1.7211414807109997 1.6715146488654691 -2.0725576619486858 0.20535529451211915 -0.072111262617273172 0.22120820521428577
leaf_weight=144 160 234 319 2185 270
leaf_count=144 160 234 319 2185 270
internal_value=-0.000104371 -0.106885 -0.760537 0.0475186 0.745814
internal_weight=3312 2898 553 2345 414
internal_count=3312 2898 553 2345 414
is_linear=0
shrinkage=0.05


Tree=97
num_leaves=5
num_cat=0
split_feature=4 17 12 6
split_gain=101965 135935 191746 158989
threshold=21.133751388888872 170.48789999999943 0.065387565056496968 1.0000000180025095e-35
decision_type=2 2 2 2
left_child=1 3 -3 -1
right_child=-2 2 -4 -5
leaf_value=0.113836134558604 -1.296643454453041 0.28822902892525909 -1.3115450048882407 1.5294283407543778
leaf_weight=2203 144 366 382 217
leaf_count=2203 144 366 382 217
internal_value=-7.38803e-05 0.0592517 -0.529428 0.241351
internal_weight=3312 3168 748 2420
internal_count=3312 3168 748 2420
is_linear=0
shrinkage=0.05


Tree=98
num_leaves=5
num_cat=0
split_feature=3 2 1 17
split_gain=99248.2 109726 125278 120245
threshold=-121.31083333333343 147.78510000000009 64.299550000000195 46.304583333333319
decision_type=2 2 2 2
left_child=-1 2 -2 -3
right_child=1 3 -4 -5
leaf_value=-1.0629056493453319 -0.058128346224577424 0.085477575171352627 0.66672511552097713 -1.4250622655628091
leaf_weight=205 1638 298 936 235
leaf_count=205 1638 298 936 235
internal_value=-8.04074e-05 0.0703643 0.205611 -0.581942
internal_weight=3312 3107 2574 533
internal_count=3312 3107 2574 533
is_linear=0
shrinkage=0.05


Tree=99
num_leaves=6
num_cat=0
split_feature=8 1 1 2 14
split_gain=101579 387069 141324 141009 104361
threshold=1.0000000180025095e-35 245.14474999999996 1104.4163000000005 -65.174800000000218 -0.087155742747657874
decision_type=2 2 2 2 2
left_child=1 3 -2 -1 -4
right_child=2 -3 4 -5 -6
leaf_value=0.41436286839131642 -1.8608626297912243 2.4975945031201401 -0.85442926736022329 -0.33552646140903236 0.72925356150437626
leaf_weight=1076 160 161 222 1499 194
leaf_count=1076 160 161 222 1499 194
internal_value=-0.000103453 0.126997 -0.603002 -0.0221354 -0.115907
internal_weight=3312 2736 576 2575 416
internal_count=3312 2736 576 2575 416
is_linear=0
shrinkage=0.05


end of trees

feature_importances:
Column_3=131
Column_18=85
Column_1=84
Column_17=69
Column_2=36
Column_13=28
Column_8=18
Column_4=17
Column_16=15
Column_12=12
Column_10=11
Column_11=11
Column_14=9
Column_0=7
Column_15=5
Column_6=1

parameters:
[boosting: gbdt]
[objective: regression]
[metric: l2]
[tree_learner: serial]
[device_type: cpu]
[data_sample_strategy: bagging]
[data: ]
[valid: ]
[num_iterations: 100]
[learning_rate: 0.05]
[num_leaves: 7]
[num_threads: 1]
[seed: 20250911]
[deterministic: 1]
[force_col_wise: 1]
[force_row_wise: 0]
[histogram_pool_size: -1]
[max_depth: 3]
[min_data_in_leaf: 144]
[min_sum_hessian_in_leaf: 0.001]
[bagging_fraction: 1]
[pos_bagging_fraction: 1]
[neg_bagging_fraction: 1]
[bagging_freq: 0]
[bagging_seed: 20250911]
[bagging_by_query: 0]
[feature_fraction: 1]
[feature_fraction_bynode: 1]
[feature_fraction_seed: 20250911]
[extra_trees: 0]
[extra_seed: 26685]
[early_stopping_round: 0]
[early_stopping_min_delta: 0]
[first_metric_only: 0]
[max_delta_step: 0]
[lambda_l1: 0]
[lambda_l2: 1]
[linear_lambda: 0]
[min_gain_to_split: 0]
[drop_rate: 0.1]
[max_drop: 50]
[skip_drop: 0.5]
[xgboost_dart_mode: 0]
[uniform_drop: 0]
[drop_seed: 2504]
[top_rate: 0.2]
[other_rate: 0.1]
[min_data_per_group: 100]
[max_cat_threshold: 32]
[cat_l2: 10]
[cat_smooth: 10]
[max_cat_to_onehot: 4]
[top_k: 20]
[monotone_constraints: ]
[monotone_constraints_method: basic]
[monotone_penalty: 0]
[feature_contri: ]
[forcedsplits_filename: ]
[refit_decay_rate: 0.9]
[cegb_tradeoff: 1]
[cegb_penalty_split: 0]
[cegb_penalty_feature_lazy: ]
[cegb_penalty_feature_coupled: ]
[path_smooth: 0]
[interaction_constraints: ]
[verbosity: -1]
[saved_feature_importance_type: 0]
[use_quantized_grad: 0]
[num_grad_quant_bins: 4]
[quant_train_renew_leaf: 0]
[stochastic_rounding: 1]
[linear_tree: 0]
[max_bin: 63]
[max_bin_by_feature: ]
[min_data_in_bin: 3]
[bin_construct_sample_cnt: 200000]
[data_random_seed: 20250911]
[is_enable_sparse: 1]
[enable_bundle: 1]
[use_missing: 1]
[zero_as_missing: 0]
[feature_pre_filter: 0]
[pre_partition: 0]
[two_round: 0]
[header: 0]
[label_column: ]
[weight_column: ]
[group_column: ]
[ignore_column: ]
[categorical_feature: ]
[forcedbins_filename: ]
[precise_float_parser: 0]
[parser_config_file: ]
[objective_seed: 19683]
[num_class: 1]
[is_unbalance: 0]
[scale_pos_weight: 1]
[sigmoid: 1]
[boost_from_average: 1]
[reg_sqrt: 0]
[alpha: 0.9]
[fair_c: 1]
[poisson_max_delta_step: 0.7]
[tweedie_variance_power: 1.5]
[lambdarank_truncation_level: 30]
[lambdarank_norm: 1]
[label_gain: ]
[lambdarank_position_bias_regularization: 0]
[eval_at: ]
[multi_error_top_k: 1]
[auc_mu_weights: ]
[num_machines: 1]
[local_listen_port: 12400]
[time_out: 120]
[machine_list_filename: ]
[machines: ]
[gpu_platform_id: -1]
[gpu_device_id: -1]
[gpu_device_id_list: ]
[gpu_use_dp: 0]
[num_gpu: 1]

end of parameters

pandas_categorical:null
