tree
version=v4
num_class=1
num_tree_per_iteration=1
label_index=0
max_feature_idx=11
objective=regression
feature_names=Column_0 Column_1 Column_2 Column_3 Column_4 Column_5 Column_6 Column_7 Column_8 Column_9 Column_10 Column_11
feature_infos=[0:8501.7000000000007] [-1755.3374999999996:1494.8250000000007] [-1327.1946428571428:1530.8009571428584] [-187.22570902777761:214.93497222222231] [-1:1] [-1:1] [-1:1] [-1:1] [11.833333333333332:13.5] [11.666666666666666:11.916666666666666] [-0.5:1.5208333333333333] [1:1]
tree_sizes=665 674 674 672 672 675 758 677 759 676 759 762 764 758 768 754 763 756 760 677 673 758 760 683 674 675 761 673 764 681 749 764 676 760 757 757 762 773 763 766 761 757 760 770 681 677 761 761 685 752 687 682 681 682 763 683 685 678 683 754 758 680 587 680 674 678 675 760 663 748 764 671 768 674 752 762 760 587 747 678 668 764 755 765 662 679 749 670 765 763 758 682 748 754 663 758 670 759 752 677

Tree=0
num_leaves=6
num_cat=0
split_feature=2 2 2 3 2
split_gain=9.21767e+07 7.75512e+07 1.95714e+07 1.09048e+07 6.27375e+06
threshold=97.959171428571167 -481.32290000000006 -200.73047857142839 -95.445787847222377 300.47410714285712
decision_type=2 2 2 2 2
left_child=1 -1 -3 -2 -5
right_child=3 2 -4 4 -6
leaf_value=-19.303749303012737 14.988868594310212 0.029985906815733543 8.5732023774733754 25.321747629144038 37.234262002025773
leaf_weight=276 190 749 6314 373 162
leaf_count=276 190 749 6314 373 162
internal_value=8.32931 6.64829 7.66619 25.3247 28.9761
internal_weight=8064 7339 7063 725 535
internal_count=8064 7339 7063 725 535
is_linear=0
shrinkage=1


Tree=1
num_leaves=6
num_cat=0
split_feature=2 2 2 3 2
split_gain=8.32257e+07 7.06904e+07 2.17637e+07 9.8453e+06 5.66877e+06
threshold=97.959171428571167 -538.30714285714282 -218.21629285714241 -95.445787847222377 300.47410714285712
decision_type=2 2 2 2 2
left_child=1 -1 -3 -2 -5
right_child=3 2 -4 4 -6
leaf_value=-30.329930226619428 6.3283256588181906 -8.8102974464687787 0.18825809145411943 16.145088692543343 27.468573089903852
leaf_weight=207 190 750 6382 373 162
leaf_count=207 190 750 6382 373 162
internal_value=0.000104565 -1.59721 -0.759131 16.1492 19.6187
internal_weight=8064 7339 7132 725 535
internal_count=8064 7339 7132 725 535
is_linear=0
shrinkage=0.05


Tree=2
num_leaves=6
num_cat=0
split_feature=2 2 2 3 2
split_gain=7.55835e+07 6.31552e+07 1.89659e+07 1.17975e+07 6.83419e+06
threshold=56.608928571428812 -538.30714285714282 -218.21629285714241 -127.27932847222233 300.47410714285712
decision_type=2 2 2 2 2
left_child=1 -1 -3 -2 -5
right_child=3 2 -4 4 -6
leaf_value=-28.820724812608503 1.8640986982664449 -8.3703691587744959 0.039260708385246534 13.943088280657927 25.45513933672224
leaf_weight=207 162 750 6250 521 174
leaf_count=207 162 750 6250 521 174
internal_value=0.00016742 -1.66973 -0.862838 14.0289 16.8577
internal_weight=8064 7207 7000 857 695
internal_count=8064 7207 7000 857 695
is_linear=0
shrinkage=0.05


Tree=3
num_leaves=6
num_cat=0
split_feature=2 2 2 3 2
split_gain=6.8295e+07 5.77004e+07 1.43432e+07 8.07872e+06 4.59265e+06
threshold=97.959171428571167 -481.32290000000006 -200.73047857142839 -95.445787847222377 300.47410714285712
decision_type=2 2 2 2 2
left_child=1 -1 -3 -2 -5
right_child=3 2 -4 4 -6
leaf_value=-23.83226785401575 5.7329078870293984 -7.1059381888945898 0.20770882252447445 14.644703074540685 24.838621551420061
leaf_weight=276 190 749 6314 373 162
leaf_count=276 190 749 6314 373 162
internal_value=0.000184631 -1.44677 -0.568767 14.6292 17.772
internal_weight=8064 7339 7063 725 535
internal_count=8064 7339 7063 725 535
is_linear=0
shrinkage=0.05


Tree=4
num_leaves=6
num_cat=0
split_feature=2 2 2 3 2
split_gain=6.2058e+07 5.22162e+07 1.52934e+07 9.98756e+06 5.56313e+06
threshold=56.608928571428812 -538.30714285714282 -218.21629285714241 -127.27932847222233 259.72399285714306
decision_type=2 2 2 2 2
left_child=1 -1 -3 -2 -5
right_child=3 2 -4 4 -6
leaf_value=-26.20073197504076 1.5204757225842565 -7.5207455022039813 0.030892282016182011 12.111036938553056 21.669800447595534
leaf_weight=207 162 750 6250 464 231
leaf_count=207 162 750 6250 464 231
internal_value=0.000265215 -1.51286 -0.77917 12.712 15.3147
internal_weight=8064 7207 7000 857 695
internal_count=8064 7207 7000 857 695
is_linear=0
shrinkage=0.05


Tree=5
num_leaves=6
num_cat=0
split_feature=2 2 2 3 2
split_gain=5.60263e+07 4.71495e+07 1.38168e+07 9.01647e+06 5.05104e+06
threshold=56.608928571428812 -538.30714285714282 -200.73047857142839 -127.27932847222233 300.47410714285712
decision_type=2 2 2 2 2
left_child=1 -1 -3 -2 -5
right_child=3 2 -4 4 -6
leaf_value=-24.896992982092961 1.444918353645348 -6.8428744690176631 0.068205680959613532 12.045467020628324 21.943028342110772
leaf_weight=207 162 818 6182 521 174
leaf_count=207 162 818 6182 521 174
internal_value=0.000261926 -1.43745 -0.740265 12.0784 14.5514
internal_weight=8064 7207 7000 857 695
internal_count=8064 7207 7000 857 695
is_linear=0
shrinkage=0.05


Tree=6
num_leaves=7
num_cat=0
split_feature=2 2 2 3 3 2
split_gain=5.09135e+07 4.34191e+07 8.57144e+06 6.00622e+06 5.17106e+06 3.46749e+06
threshold=97.959171428571167 -437.80535714285674 -156.73405714285715 -95.445787847222377 102.19391527777795 259.72399285714306
decision_type=2 2 2 2 2 2
left_child=1 4 -3 -2 -1 -5
right_child=3 2 -4 5 -6 -7
leaf_value=-25.784406800763364 4.9603631289217489 -4.9925524439565878 0.27241367738239192 11.985323048942949 -13.245884942241236 20.29575862090255
leaf_weight=144 190 884 6110 321 201 214
leaf_count=144 190 884 6110 321 201 214
internal_value=0.00027214 -1.24906 -0.393665 12.6313 -18.5388 15.3412
internal_weight=8064 7339 6994 725 345 535
internal_count=8064 7339 6994 725 345 535
is_linear=0
shrinkage=0.05


Tree=7
num_leaves=6
num_cat=0
split_feature=2 2 2 2 3
split_gain=4.63117e+07 3.87981e+07 1.06229e+07 7.9692e+06 7.75993e+06
threshold=9.9935714285717285 -538.30714285714282 -218.21629285714241 363.47577857142875 -95.445787847222377
decision_type=2 2 2 2 2
left_child=1 -1 -3 4 -2
right_child=3 2 -4 -5 -6
leaf_value=-22.742822480717532 -2.299572104588151 -6.4291433723883999 -0.12423829929678476 18.812471936086212 9.9222615471420639
leaf_weight=207 159 750 6051 197 700
leaf_count=207 159 750 6051 197 700
internal_value=0.000218142 -1.47106 -0.820373 9.75633 7.65997
internal_weight=8064 7008 6801 1056 859
internal_count=8064 7008 6801 1056 859
is_linear=0
shrinkage=0.05


Tree=8
num_leaves=7
num_cat=0
split_feature=2 2 2 3 1 5
split_gain=4.21192e+07 3.54367e+07 9.08979e+06 5.15125e+06 4.35624e+06 736098
threshold=-352.15778571428558 97.959171428571167 -538.30714285714282 -95.445787847222377 -172.18794999999997 -0.91509365977396839
decision_type=2 2 2 2 2 2
left_child=2 4 -1 -3 -2 -4
right_child=1 3 5 -5 -6 -7
leaf_value=-21.611148857382631 5.1762564447391171 4.3748298340442915 -5.5439454722077883 13.986555704963742 -0.44633450036705896 -10.310313006061497
leaf_weight=207 363 190 145 535 6427 197
leaf_count=207 363 190 145 535 6427 197
internal_value=0.00018953 0.977582 -13.3563 11.4771 -0.145027 -8.31154
internal_weight=8064 7515 549 725 6790 342
internal_count=8064 7515 549 725 6790 342
is_linear=0
shrinkage=0.05


Tree=9
num_leaves=6
num_cat=0
split_feature=2 2 2 2 3
split_gain=3.81213e+07 3.1612e+07 9.0322e+06 7.13158e+06 5.43643e+06
threshold=9.9935714285717285 -538.30714285714282 -218.21629285714241 300.47410714285712 -53.609595138889055
decision_type=2 2 2 2 2
left_child=1 -1 -3 4 -2
right_child=3 2 -4 -5 -6
leaf_value=-20.53578603230417 0.27651079309180504 -5.9192204424052361 -0.10551579011547561 15.977949316393245 9.2347769925078182
leaf_weight=207 245 750 6051 263 548
leaf_count=207 245 750 6051 263 548
internal_value=9.09157e-05 -1.33476 -0.747415 8.85155 6.47092
internal_weight=8064 7008 6801 1056 793
internal_count=8064 7008 6801 1056 793
is_linear=0
shrinkage=0.05


Tree=10
num_leaves=7
num_cat=0
split_feature=2 2 2 3 1 5
split_gain=3.46903e+07 2.91932e+07 7.28892e+06 4.57267e+06 3.8301e+06 666191
threshold=-352.15778571428558 97.959171428571167 -538.30714285714282 -95.445787847222377 -172.18794999999997 -0.91509365977396839
decision_type=2 2 2 2 2 2
left_child=2 4 -1 -3 -2 -4
right_child=1 3 5 -5 -6 -7
leaf_value=-19.513933520162336 4.8577669403914898 3.7283376709953036 -4.9747128915296841 12.78090622907699 -0.41435515597163031 -9.5029347417932577
leaf_weight=207 363 190 145 535 6427 197
leaf_count=207 363 190 145 535 6427 197
internal_value=7.97426e-05 0.887098 -12.1214 10.4169 -0.131829 -7.60318
internal_weight=8064 7515 549 725 6790 342
internal_count=8064 7515 549 725 6790 342
is_linear=0
shrinkage=0.05


Tree=11
num_leaves=7
num_cat=0
split_feature=1 2 2 2 0 2
split_gain=3.1559e+07 2.77603e+07 1.3453e+07 5.46795e+06 3.65745e+06 2.45253e+06
threshold=-85.960999999999771 -352.15778571428558 363.47577857142875 -538.30714285714282 6393.7241500000009 -67.84103571428561
decision_type=2 2 2 2 2 2
left_child=2 3 5 -2 -3 -1
right_child=1 4 -4 -5 -6 -7
leaf_value=0.9593053688102634 -18.770088942904099 -0.15326921733383336 20.690210844761523 -8.2302688464849361 -6.8941329988292779 6.8071307188145482
leaf_weight=236 203 6182 168 318 207 750
leaf_count=236 203 6182 168 318 207 750
internal_value=-5.07947e-06 -1.27857 7.65035 -12.365 -0.372714 5.40984
internal_weight=8064 6910 1154 521 6389 986
internal_count=8064 6910 1154 521 6389 986
is_linear=0
shrinkage=0.05


Tree=12
num_leaves=7
num_cat=0
split_feature=2 2 3 2 2 3
split_gain=2.88829e+07 2.32609e+07 6.83408e+06 5.58165e+06 4.92268e+06 4.8192e+06
threshold=1.7224071428568462 -437.80535714285674 -127.27932847222233 142.48447857142858 -144.72321428571465 102.19391527777795
decision_type=2 2 2 2 2 2
left_child=1 5 -2 -4 -3 -1
right_child=2 4 3 -5 -6 -7
leaf_value=-20.810244756639005 -1.393532984096395 -3.8643943190082113 5.3576123504119781 13.083667758370053 0.020668315799828335 -8.7688084643998074
leaf_weight=144 183 952 478 461 5645 201
leaf_count=144 183 952 478 461 5645 201
internal_value=-3.94945e-05 -1.20335 7.43948 9.16059 -0.540478 -13.8404
internal_weight=8064 6942 1122 939 6597 345
internal_count=8064 6942 1122 939 6597 345
is_linear=0
shrinkage=0.05


Tree=13
num_leaves=7
num_cat=0
split_feature=1 2 2 2 2 5
split_gain=2.68461e+07 2.31245e+07 7.69799e+06 5.23778e+06 4.49556e+06 720687
threshold=-252.55929999999987 -352.15778571428558 363.47577857142875 -538.30714285714282 1.7224071428568462 -0.77969889170510653
decision_type=2 2 2 2 2 2
left_child=2 3 5 -2 -3 -1
right_child=1 4 -4 -5 -6 -7
leaf_value=7.9023577804122471 -17.082033823941639 -0.48071929806693714 19.51250941340129 -6.9261653777699737 4.0990913385264705 3.8902191021842158
leaf_weight=365 206 6258 149 335 585 166
leaf_count=365 206 6258 149 335 585 166
internal_value=-0.000139018 -0.87609 9.49898 -10.8177 -0.088655 6.65776
internal_weight=8064 7384 680 541 6843 531
internal_count=8064 7384 680 541 6843 531
is_linear=0
shrinkage=0.05


Tree=14
num_leaves=7
num_cat=0
split_feature=1 2 2 2 0 2
split_gain=2.44475e+07 2.07227e+07 1.08053e+07 5.69647e+06 2.70928e+06 1.73601e+06
threshold=-85.960999999999771 -281.91508571428579 363.47577857142875 -538.30714285714282 6393.7241500000009 -132.42895000000019
decision_type=2 2 2 2 2 2
left_child=2 3 5 -2 -3 -1
right_child=1 4 -4 -5 -6 -7
leaf_value=-0.26539324626026539 -16.310921098993106 -0.034137346849276509 18.419557449521399 -6.3669160059988501 -6.6259725903719673 5.606306852664936
leaf_weight=148 203 6049 168 499 159 838
leaf_count=148 203 6049 168 499 159 838
internal_value=-6.44024e-05 -1.12539 6.73338 -9.26157 -0.204008 4.72558
internal_weight=8064 6910 1154 702 6208 986
internal_count=8064 6910 1154 702 6208 986
is_linear=0
shrinkage=0.05


Tree=15
num_leaves=7
num_cat=0
split_feature=1 2 2 2 2 3
split_gain=2.2155e+07 1.909e+07 5.69002e+06 5.58656e+06 3.96889e+06 517898
threshold=-282.82300000000004 -281.91508571428579 -538.30714285714282 363.47577857142875 9.9935714285717285 -53.609595138889055
decision_type=2 2 2 2 2 2
left_child=3 2 -2 5 -3 -1
right_child=1 4 -4 -5 -6 -7
leaf_value=4.4985487935323158 -15.432079519741777 -0.28469689679934324 -5.6324527402306508 17.572728781092088 4.0696947875204721 7.907679904699326
leaf_weight=205 206 6146 529 148 571 259
leaf_count=205 206 6146 529 148 571 259
internal_value=-9.57723e-05 -0.751618 -8.39625 9.13709 0.0860127 6.4144
internal_weight=8064 7452 735 612 6717 464
internal_count=8064 7452 735 612 6717 464
is_linear=0
shrinkage=0.05


Tree=16
num_leaves=7
num_cat=0
split_feature=1 2 2 3 0 2
split_gain=2.0213e+07 1.70776e+07 8.8697e+06 4.39116e+06 3.01257e+06 1.46723e+06
threshold=-85.960999999999771 -352.15778571428558 363.47577857142875 102.19391527777795 6393.7241500000009 -67.84103571428561
decision_type=2 2 2 2 2 2
left_child=2 3 5 -2 -3 -1
right_child=1 4 -4 -5 -6 -7
leaf_value=0.86051849455018603 -14.974779883396309 -0.11359588405391233 16.710490885429834 -5.6865048601169788 -6.2313834559458954 5.3842457211599966
leaf_weight=236 225 6182 168 296 207 750
leaf_count=236 225 6182 168 296 207 750
internal_value=-1.22663e-05 -1.02325 6.12258 -9.71876 -0.312753 4.30346
internal_weight=8064 6910 1154 521 6389 986
internal_count=8064 6910 1154 521 6389 986
is_linear=0
shrinkage=0.05


Tree=17
num_leaves=7
num_cat=0
split_feature=1 2 2 2 2 5
split_gain=1.82913e+07 1.57154e+07 5.0232e+06 4.91931e+06 3.09924e+06 651690
threshold=-252.55929999999987 -281.91508571428579 363.47577857142875 -538.30714285714282 1.7224071428568462 -0.77969889170510653
decision_type=2 2 2 2 2 2
left_child=2 3 5 -2 -3 -1
right_child=1 4 -4 -5 -6 -7
leaf_value=6.7268904586470191 -14.204268533135384 -0.29224415868184178 15.930317931731544 -5.08840967521202 3.5155278167893962 2.9222988270713901
leaf_weight=365 206 6066 149 527 585 166
leaf_count=365 206 6066 149 527 585 166
internal_value=-3.67518e-05 -0.723075 7.84084 -7.66616 0.043153 5.54524
internal_weight=8064 7384 680 733 6651 531
internal_count=8064 7384 680 733 6651 531
is_linear=0
shrinkage=0.05


Tree=18
num_leaves=7
num_cat=0
split_feature=1 2 2 3 0 2
split_gain=1.66855e+07 1.40031e+07 7.28428e+06 3.99016e+06 2.71011e+06 1.27561e+06
threshold=-85.960999999999771 -352.15778571428558 363.47577857142875 102.19391527777795 6393.7241500000009 142.48447857142858
decision_type=2 2 2 2 2 2
left_child=2 3 5 -2 -3 -1
right_child=1 4 -4 -5 -6 -7
leaf_value=2.675297923911629 -13.81269996430626 -0.097386412240083431 15.15789478389469 -4.9623448760421196 -5.899942357838154 6.5364689977533077
leaf_weight=671 225 6182 168 296 207 315
leaf_count=671 225 6182 168 296 207 315
internal_value=2.40309e-05 -0.929651 5.56278 -8.80361 -0.28628 3.91421
internal_weight=8064 6910 1154 521 6389 986
internal_count=8064 6910 1154 521 6389 986
is_linear=0
shrinkage=0.05


Tree=19
num_leaves=6
num_cat=0
split_feature=2 2 3 2 3
split_gain=1.51827e+07 1.29326e+07 4.67731e+06 4.56393e+06 1.69117e+06
threshold=97.959171428571167 -538.30714285714282 -95.445787847222377 -144.72321428571465 30.043188541667067
decision_type=2 2 2 2 2
left_child=1 -1 -2 -3 -4
right_child=2 3 4 -5 -6
leaf_value=-12.9718730263412 0.15604391534915146 -3.3000896912105691 7.4642607998629522 0.21364689354612795 13.71929848874769
leaf_weight=207 190 1090 381 6042 154
leaf_count=207 190 1090 381 6042 154
internal_value=2.03365e-05 -0.682218 6.89758 -0.323753 9.28701
internal_weight=8064 7339 725 7132 535
internal_count=8064 7339 725 7132 535
is_linear=0
shrinkage=0.05


Tree=20
num_leaves=6
num_cat=0
split_feature=1 2 2 2 3
split_gain=1.43438e+07 1.19245e+07 4.85692e+06 3.5665e+06 442068
threshold=-282.82300000000004 -538.30714285714282 -144.72321428571465 363.47577857142875 -53.609595138889055
decision_type=2 2 2 2 2
left_child=3 -2 -3 4 -1
right_child=1 2 -4 -5 -6
leaf_value=3.4144721999909118 -12.437482141742962 -3.4042118667736228 0.26738415669896354 14.092410737876126 6.5526549845933921
leaf_weight=205 206 1053 6193 148 259
leaf_count=205 206 1053 6193 148 259
internal_value=5.20924e-05 -0.604645 -0.266574 7.35211 5.1765
internal_weight=8064 7452 7246 612 464
internal_count=8064 7452 7246 612 464
is_linear=0
shrinkage=0.05


Tree=21
num_leaves=7
num_cat=0
split_feature=1 2 2 3 0 3
split_gain=1.32744e+07 1.06517e+07 5.8129e+06 4.9446e+06 2.97074e+06 1.17631e+06
threshold=-85.960999999999771 -404.59275714285735 363.47577857142875 102.19391527777795 6393.7241500000009 23.641321180555568
decision_type=2 2 2 2 2 2
left_child=2 3 5 -2 -3 -1
right_child=1 4 -4 -5 -6 -7
leaf_value=2.5440526499972727 -15.319409197044676 -0.13360072221270253 13.533188480456202 -4.0219993651056525 -5.8019035015751923 6.6600428608139
leaf_weight=761 166 6272 168 233 239 225
leaf_count=761 166 6272 168 233 239 225
internal_value=0.000102083 -0.829116 4.96177 -8.74872 -0.342527 3.4891
internal_weight=8064 6910 1154 399 6511 986
internal_count=8064 6910 1154 399 6511 986
is_linear=0
shrinkage=0.05


Tree=22
num_leaves=7
num_cat=0
split_feature=1 2 2 3 0 3
split_gain=1.19852e+07 9.7755e+06 5.30711e+06 3.54046e+06 1.8536e+06 933334
threshold=-85.960999999999771 -281.91508571428579 300.47410714285712 102.19391527777795 6393.7241500000009 -113.13300381944462
decision_type=2 2 2 2 2 2
left_child=2 3 5 -2 -3 -1
right_child=1 4 -4 -5 -6 -7
leaf_value=-0.53136828648192547 -10.086232942183104 -0.014506165140912644 11.569863508451354 -2.971045077260098 -5.4669053667783736 3.7382897473545267
leaf_weight=153 335 6049 226 367 159 775
leaf_count=153 335 6049 226 367 159 775
internal_value=8.12312e-05 -0.787843 4.71467 -6.37599 -0.155012 3.03453
internal_weight=8064 6910 1154 702 6208 928
internal_count=8064 6910 1154 702 6208 928
is_linear=0
shrinkage=0.05


Tree=23
num_leaves=6
num_cat=0
split_feature=2 2 3 2 7
split_gain=1.10273e+07 9.05478e+06 7.6885e+06 2.76447e+06 2.73853e+06
threshold=1.7224071428568462 -538.30714285714282 -127.27932847222233 -144.72321428571465 -0.087155742747657874
decision_type=2 2 2 2 2
left_child=1 -1 -2 -3 -4
right_child=2 3 4 -5 -6
leaf_value=-11.018283116989412 -4.7591328113623286 -2.7301433687754777 2.3529487862718974 0.019221208350758658 8.217758863566706
leaf_weight=207 183 1090 288 5645 651
leaf_count=207 183 1090 288 5645 651
internal_value=5.3835e-05 -0.743463 4.59688 -0.426078 6.42338
internal_weight=8064 6942 1122 6735 939
internal_count=8064 6942 1122 6735 939
is_linear=0
shrinkage=0.05


Tree=24
num_leaves=6
num_cat=0
split_feature=1 2 2 2 8
split_gain=1.03959e+07 8.61201e+06 3.33581e+06 2.61827e+06 459294
threshold=-282.82300000000004 -538.30714285714282 -144.72321428571465 363.47577857142875 12.666666666666668
decision_type=2 2 2 2 2
left_child=3 -2 -3 4 -1
right_child=1 2 -4 -5 -6
leaf_value=2.5840204859602043 -10.570701683892146 -2.8277883461596129 0.21502220135369227 12.034071013511429 5.7762754658555808
leaf_weight=202 206 1053 6193 148 262
leaf_count=202 206 1053 6193 148 262
internal_value=2.05046e-06 -0.514796 -0.227493 6.25904 4.39509
internal_weight=8064 7452 7246 612 464
internal_count=8064 7452 7246 612 464
is_linear=0
shrinkage=0.05


Tree=25
num_leaves=6
num_cat=0
split_feature=2 2 3 2 0
split_gain=9.51499e+06 7.66505e+06 4.79976e+06 2.60883e+06 817348
threshold=142.48447857142858 -538.30714285714282 -95.445787847222377 -144.72321428571465 4816.4342000000006
decision_type=2 2 2 2 2
left_child=1 -1 -2 -3 -4
right_child=2 3 4 -5 -6
leaf_value=-9.9479534485019183 -1.0603315061366065 -2.4670913385488538 5.7832520731564223 0.18513667412986601 10.491321744563733
leaf_weight=207 168 1090 144 6174 281
leaf_count=207 168 1090 144 6174 281
internal_value=4.66526e-05 -0.484148 6.09079 -0.213128 8.91344
internal_weight=8064 7471 593 7264 425
internal_count=8064 7471 593 7264 425
is_linear=0
shrinkage=0.05


Tree=26
num_leaves=7
num_cat=0
split_feature=1 0 3 2 5 3
split_gain=9.00056e+06 7.04721e+06 9.4807e+06 4.21546e+06 2.17302e+06 1.04302e+06
threshold=-85.960999999999771 6511.1952500000007 71.982794444444281 363.47577857142875 -0.94670478576706751 23.641321180555568
decision_type=2 2 2 2 2 2
left_child=3 4 -3 5 -2 -1
right_child=1 2 -4 -5 -6 -7
leaf_value=1.9427804562363413 5.3075107444296865 -14.10256350612209 0.73034237052592055 11.384630023899692 -0.42112479487537535 5.8165159141859126
leaf_weight=761 169 220 210 168 6311 225
leaf_count=761 169 220 210 168 6311 225
internal_value=6.28152e-05 -0.682742 -6.8737 4.08566 -0.270925 2.83174
internal_weight=8064 6910 430 1154 6480 986
internal_count=8064 6910 430 1154 6480 986
is_linear=0
shrinkage=0.05


Tree=27
num_leaves=6
num_cat=0
split_feature=1 2 2 2 8
split_gain=8.21255e+06 6.76064e+06 2.53732e+06 2.28613e+06 602792
threshold=-252.55929999999987 -538.30714285714282 -144.72321428571465 363.47577857142875 12.666666666666668
decision_type=2 2 2 2 2
left_child=3 -2 -3 4 -1
right_child=1 2 -4 -5 -6
leaf_value=1.7964214657215363 -9.3928833550877044 -2.5022801723327657 0.16097148190050972 10.711236229419709 5.1984760600448459
leaf_weight=234 206 1046 6132 149 297
leaf_count=234 206 1046 6132 149 297
internal_value=0.000125759 -0.484357 -0.22742 5.25402 3.70546
internal_weight=8064 7384 7178 680 531
internal_count=8064 7384 7178 680 531
is_linear=0
shrinkage=0.05


Tree=28
num_leaves=7
num_cat=0
split_feature=1 0 3 2 2 3
split_gain=7.62524e+06 5.89721e+06 8.46103e+06 3.96406e+06 2.28834e+06 1.46233e+06
threshold=-9.9723499999997767 6609.1357000000016 71.982794444444281 259.72399285714306 -144.72321428571465 -53.609595138889055
decision_type=2 2 2 2 2 2
left_child=3 -2 -3 4 -1 -5
right_child=1 2 -4 5 -6 -7
leaf_value=-3.0206715020629549 -0.37122482137479823 -14.83479412146977 0.49915673835303198 4.8954963133141804 2.9122118023744457 12.028996081845515
leaf_weight=193 6216 174 185 147 1005 144
leaf_count=193 6216 174 185 147 1005 144
internal_value=0.000156498 -0.731623 -6.95346 3.22981 1.95469 8.45458
internal_weight=8064 6575 359 1489 1198 291
internal_count=8064 6575 359 1489 1198 291
is_linear=0
shrinkage=0.05


Tree=29
num_leaves=6
num_cat=0
split_feature=1 2 2 2 1
split_gain=6.88426e+06 5.50545e+06 3.5824e+06 2.1833e+06 1.44126e+06
threshold=-9.9723499999997767 -538.30714285714282 300.47410714285712 -144.72321428571465 174.07825000000051
decision_type=2 2 2 2 2
left_child=2 -2 3 -1 -3
right_child=1 4 -4 -5 -6
leaf_value=-2.8704164173799693 -8.7807335708655554 -0.13326027487266329 8.7646406608589729 2.898903666866917 -2.3025386065847417
leaf_weight=193 203 5483 232 1064 889
leaf_count=193 203 5483 232 1064 889
internal_value=0.000161753 -0.695153 3.06888 2.0115 -0.436224
internal_weight=8064 6575 1489 1257 6372
internal_count=8064 6575 1489 1257 6372
is_linear=0
shrinkage=0.05


Tree=30
num_leaves=7
num_cat=0
split_feature=1 2 3 2 1 8
split_gain=6.24536e+06 5.3554e+06 1.74465e+06 1.55577e+06 767495 438624
threshold=-282.82300000000004 -437.80535714285674 -113.13300381944462 363.47577857142875 626.56875000000002 12.666666666666668
decision_type=2 2 2 2 2 2
left_child=3 4 -3 5 -2 -1
right_child=1 2 -4 -5 -6 -7
leaf_value=1.6518973514657891 -4.1233022631236489 -2.4931201632256097 0.15272357243408674 9.3031418529932939 -8.8917611643321379 4.7620031385820631
leaf_weight=202 174 689 6420 148 169 262
leaf_count=202 174 689 6420 148 169 262
internal_value=0.000138621 -0.398872 -0.104025 4.8514 -6.49179 3.4145
internal_weight=8064 7452 7109 612 343 464
internal_count=8064 7452 7109 612 343 464
is_linear=0
shrinkage=0.05


Tree=31
num_leaves=7
num_cat=0
split_feature=1 0 3 2 2 3
split_gain=5.8175e+06 4.73679e+06 7.78188e+06 3.01177e+06 1.84524e+06 1.38337e+06
threshold=-9.9723499999997767 6609.1357000000016 71.982794444444281 259.72399285714306 -144.72321428571465 -53.609595138889055
decision_type=2 2 2 2 2 2
left_child=3 -2 -3 4 -1 -5
right_child=1 2 -4 5 -6 -7
leaf_value=-2.7580230867125324 -0.31604764863060125 -13.773762746947154 0.92971017296596248 3.9229142807625439 2.5694944252595158 10.848170652821146
leaf_weight=193 6216 174 185 147 1005 144
leaf_count=193 6216 174 185 147 1005 144
internal_value=0.000133956 -0.639044 -6.21523 2.82109 1.70964 7.37526
internal_weight=8064 6575 359 1489 1198 291
internal_count=8064 6575 359 1489 1198 291
is_linear=0
shrinkage=0.05


Tree=32
num_leaves=6
num_cat=0
split_feature=2 3 2 3 0
split_gain=5.25824e+06 7.19104e+06 4.45867e+06 2.28737e+06 1.42432e+06
threshold=1.7224071428568462 -127.27932847222233 -538.30714285714282 71.982794444444281 6837.3751000000011
decision_type=2 2 2 2 2
left_child=2 -2 -1 -3 -4
right_child=1 3 4 -5 -6
leaf_value=-7.7233320851165521 -5.8702981657308086 3.86472448135792 -0.42410974516539746 10.631815097245996 3.6663927936956116
leaf_weight=207 183 791 6516 148 219
leaf_count=207 183 791 6516 148 219
internal_value=0.000136083 3.17441 -0.51329 4.94149 -0.290576
internal_weight=8064 1122 6942 939 6735
internal_count=8064 1122 6942 939 6735
is_linear=0
shrinkage=0.05


Tree=33
num_leaves=7
num_cat=0
split_feature=1 2 3 2 8 0
split_gain=5.10473e+06 6.40359e+06 5.77172e+06 4.03918e+06 2.22372e+06 738426
threshold=174.07825000000051 142.48447857142858 -6.6012541666665348 -538.30714285714282 13.166666666666668 77.233050000000006
decision_type=2 2 2 2 2 2
left_child=1 5 -2 -4 -3 -1
right_child=2 4 3 -5 -6 -7
leaf_value=-0.29520897808614338 -10.048692990774017 7.8091040113666343 -8.09617076287436 0.48113994682645977 0.77709801693140346 0.86925745633052065
leaf_weight=4483 238 379 171 679 160 1954
leaf_count=4483 238 379 171 679 160 1954
internal_value=0.000154959 0.497098 -3.18366 -1.2519 5.72699 0.0583537
internal_weight=8064 6976 1088 850 539 6437
internal_count=8064 6976 1088 850 539 6437
is_linear=0
shrinkage=0.05


Tree=34
num_leaves=7
num_cat=0
split_feature=1 2 3 8 3 8
split_gain=4.60933e+06 5.78094e+06 5.23908e+06 1.00104e+07 5.57718e+06 2.00738e+06
threshold=174.07825000000051 142.48447857142858 71.982794444444281 13.166666666666668 156.17226250000024 13.166666666666668
decision_type=2 2 2 2 2 2
left_child=1 -1 3 -2 -4 -3
right_child=2 5 4 -5 -6 -7
leaf_value=0.05544051313156545 -2.2260952589109348 7.4196763899608671 4.2686621843823778 -17.35758011368365 -6.1014793124751776 0.73848442135390291
leaf_weight=6437 384 379 346 152 206 160
leaf_count=6437 384 379 346 152 206 160
internal_value=9.45036e-05 0.472309 -3.02529 -6.54145 0.39461 5.44143
internal_weight=8064 6976 1088 536 552 539
internal_count=8064 6976 1088 536 552 539
is_linear=0
shrinkage=0.05


Tree=35
num_leaves=7
num_cat=0
split_feature=1 0 3 5 2 8
split_gain=4.22444e+06 3.97591e+06 5.5938e+06 2.17734e+06 1.30601e+06 476578
threshold=-282.82300000000004 6609.1357000000016 71.982794444444281 -0.94670478576706751 363.47577857142875 12.666666666666668
decision_type=2 2 2 2 2 2
left_child=4 3 -3 -2 5 -1
right_child=1 2 -4 -5 -6 -7
leaf_value=0.84368095251139763 4.3568011739597114 -10.067560905193393 1.1928417101210238 -0.21416797635253265 8.0670348336232589 4.0781369709696609
leaf_weight=202 270 240 203 6739 148 262
leaf_count=202 270 240 203 6739 148 262
internal_value=7.92749e-06 -0.328155 -4.91654 -0.0374892 3.98989 2.67488
internal_weight=8064 7452 443 7009 612 464
internal_count=8064 7452 443 7009 612 464
is_linear=0
shrinkage=0.05


Tree=36
num_leaves=7
num_cat=0
split_feature=1 2 3 2 3 3
split_gain=4.05836e+06 4.86751e+06 4.75619e+06 3.60172e+06 1.86955e+06 667145
threshold=174.07825000000051 142.48447857142858 -29.406024305555885 -538.30714285714282 -95.445787847222377 -146.11563298611142
decision_type=2 2 2 2 2 2
left_child=1 5 -2 -4 -3 -1
right_child=2 4 3 -5 -6 -7
leaf_value=-2.0783891410996085 -10.981523499028249 0.3003926739194035 -7.7033573502684662 0.053708068346977236 6.8442438180913632 0.18171848682617153
leaf_weight=344 153 152 186 749 387 6093
leaf_count=344 153 152 186 749 387 6093
internal_value=5.87097e-05 0.443152 -2.83875 -1.49599 5.00283 0.0606319
internal_weight=8064 6976 1088 935 539 6437
internal_count=8064 6976 1088 935 539 6437
is_linear=0
shrinkage=0.05


Tree=37
num_leaves=7
num_cat=0
split_feature=2 3 5 5 8 3
split_gain=3.72534e+06 4.15953e+06 8.95149e+06 5.89779e+06 3.4661e+06 2.71573e+06
threshold=-156.73405714285715 -146.11563298611142 -0.72219205899833572 -0.32136297141497067 12.666666666666668 71.982794444444281
decision_type=2 2 2 2 2 2
left_child=4 3 -3 -2 -1 -6
right_child=1 2 -4 -5 5 -7
leaf_value=-5.9377004065028132 -12.450143354441844 5.1084156430811589 -0.03527753293835445 0.071362181098861541 -3.1105544067153308 2.8804037376139373
leaf_weight=464 146 1001 5427 261 427 338
leaf_count=464 146 1001 5427 261 427 338
internal_value=-2.71871e-05 0.455774 0.766394 -4.43989 -2.53324 -0.463264
internal_weight=8064 6835 6428 407 1229 765
internal_count=8064 6835 6428 407 1229 765
is_linear=0
shrinkage=0.05


Tree=38
num_leaves=7
num_cat=0
split_feature=1 3 2 2 8 0
split_gain=3.53505e+06 4.28772e+06 4.20761e+06 3.18957e+06 1.7272e+06 650642
threshold=174.07825000000051 -6.6012541666665348 142.48447857142858 -538.30714285714282 13.166666666666668 77.233050000000006
decision_type=2 2 2 2 2 2
left_child=2 -2 5 -3 -4 -1
right_child=1 3 4 -5 -6 -7
leaf_value=-0.27409856954969991 -8.5665506253182642 -7.0667619408216584 6.4876883112835264 0.55514176588752029 0.29300818935684536 0.81896280883249295
leaf_weight=4483 238 171 379 679 160 1954
leaf_count=4483 238 171 379 679 160 1954
internal_value=-0.00010937 -2.64958 0.413431 -0.984708 4.65277 0.0577841
internal_weight=8064 1088 6976 850 539 6437
internal_count=8064 1088 6976 850 539 6437
is_linear=0
shrinkage=0.05


Tree=39
num_leaves=7
num_cat=0
split_feature=2 3 5 5 8 3
split_gain=3.21124e+06 3.29617e+06 5.9034e+06 5.12398e+06 2.32732e+06 2.26478e+06
threshold=-281.91508571428579 -146.11563298611142 -0.80625269229011354 -0.4026508470528945 12.666666666666668 71.982794444444281
decision_type=2 2 2 2 2 2
left_child=4 3 -3 -2 -1 -6
right_child=1 2 -4 -5 5 -7
leaf_value=-6.9476221285271365 -11.388049460331601 4.078114211692653 -0.02969839072660941 0.11469163975685182 -4.5026633482638418 2.2488682680039767
leaf_weight=258 149 1027 5862 273 245 250
leaf_count=258 149 1027 5862 273 245 250
internal_value=-0.000151958 0.320213 0.58319 -3.96402 -3.10693 -1.09514
internal_weight=8064 7311 6889 422 753 495
internal_count=8064 7311 6889 422 753 495
is_linear=0
shrinkage=0.05


Tree=40
num_leaves=7
num_cat=0
split_feature=1 3 8 3 2 8
split_gain=3.08632e+06 4.00365e+06 8.71962e+06 4.79931e+06 3.71343e+06 1.50144e+06
threshold=174.07825000000051 71.982794444444281 13.166666666666668 156.17226250000024 142.48447857142858 13.166666666666668
decision_type=2 2 2 2 2 2
left_child=4 2 -2 -3 -1 -6
right_child=1 3 -4 -5 5 -7
leaf_value=0.052047513040720333 -1.5237265160795932 4.1069659965526126 -15.643897402013829 -5.5129036064885097 6.0795782807469365 0.30371229048841492
leaf_weight=6437 384 346 152 206 379 160
leaf_count=6437 384 346 152 206 379 160
internal_value=-0.000246193 -2.47585 -5.54963 0.513465 0.386157 4.36877
internal_weight=8064 1088 536 552 6976 539
internal_count=8064 1088 536 552 6976 539
is_linear=0
shrinkage=0.05


Tree=41
num_leaves=7
num_cat=0
split_feature=1 0 3 5 2 8
split_gain=2.82907e+06 3.04134e+06 6.1167e+06 3.02277e+06 1.14687e+06 524761
threshold=-282.82300000000004 6393.7241500000009 71.982794444444281 -0.94670478576706751 363.47577857142875 12.666666666666668
decision_type=2 2 2 2 2 2
left_child=4 3 -3 -2 5 -1
right_child=1 2 -4 -5 -6 -7
leaf_value=0.11681857879819542 5.9665367450979021 -8.5699444266420901 2.0563116002278252 -0.16817896154322731 7.0840460281244066 3.5060405674316133
leaf_weight=202 206 304 243 6699 148 262
leaf_count=202 206 304 243 6699 148 262
internal_value=-0.000309145 -0.268861 -3.85418 0.0156783 3.26481 2.03398
internal_weight=8064 7452 547 6905 612 464
internal_count=8064 7452 547 6905 612 464
is_linear=0
shrinkage=0.05


Tree=42
num_leaves=7
num_cat=0
split_feature=1 3 2 2 8 0
split_gain=2.71891e+06 3.5426e+06 3.10834e+06 2.7771e+06 1.38449e+06 568604
threshold=174.07825000000051 -29.406024305555885 142.48447857142858 -538.30714285714282 13.166666666666668 77.233050000000006
decision_type=2 2 2 2 2 2
left_child=2 -2 5 -3 -4 -1
right_child=1 3 4 -5 -6 -7
leaf_value=-0.2534916297884045 -9.3512435108036183 -6.615775820533222 5.6489680528640749 0.19546962919831279 0.10384440251759119 0.76833760315731003
leaf_weight=4483 153 186 379 749 160 1954
leaf_count=4483 153 186 379 749 160 1954
internal_value=-0.000231742 -2.32382 0.362444 -1.16512 4.00616 0.0567635
internal_weight=8064 1088 6976 935 539 6437
internal_count=8064 1088 6976 935 539 6437
is_linear=0
shrinkage=0.05


Tree=43
num_leaves=7
num_cat=0
split_feature=2 3 5 5 8 3
split_gain=2.5113e+06 3.50652e+06 6.88768e+06 4.9051e+06 3.28388e+06 1.84327e+06
threshold=-144.72321428571465 -146.11563298611142 -0.77969889170510653 -0.27976242230339682 12.666666666666668 71.982794444444281
decision_type=2 2 2 2 2 2
left_child=4 3 -3 -2 -1 -6
right_child=1 2 -4 -5 5 -7
leaf_value=-5.1972121170682755 -11.338485051441513 4.8566406697524549 0.026136213780854047 0.080025932563148675 -2.1564045201654412 2.6747933950707865
leaf_weight=498 148 851 5513 255 447 352
leaf_count=498 148 851 5513 255 447 352
internal_value=-0.00027907 0.386085 0.672737 -4.13106 -2.01485 -0.0273339
internal_weight=8064 6767 6364 403 1297 799
internal_count=8064 6767 6364 403 1297 799
is_linear=0
shrinkage=0.05


Tree=44
num_leaves=6
num_cat=0
split_feature=0 5 3 3 2
split_gain=2.42308e+06 4.37147e+06 3.84801e+06 4.0257e+06 1.8964e+06
threshold=6393.7241500000009 -0.97111091670450067 71.982794444444281 1.0000000180025095e-35 0.09201428571424837
decision_type=2 2 2 2 2
left_child=1 -1 3 -2 -3
right_child=2 4 -4 -5 -6
leaf_value=7.0418811190517054 -2.0611932937114958 -0.26885432745735816 1.9524362005710605 -12.403450436307894 2.1804433965033532
leaf_weight=229 251 6282 249 150 903
leaf_count=229 251 6282 249 150 903
internal_value=-0.000333655 0.256445 -2.92509 -5.9511 0.0392303
internal_weight=8064 7414 650 401 7185
internal_count=8064 7414 650 401 7185
is_linear=0
shrinkage=0.05


Tree=45
num_leaves=6
num_cat=0
split_feature=1 3 2 2 3
split_gain=2.31183e+06 3.15999e+06 2.53538e+06 2.47239e+06 923498
threshold=174.07825000000051 -29.406024305555885 300.47410714285712 -538.30714285714282 -146.11563298611142
decision_type=2 2 2 2 2
left_child=2 -2 4 -3 -1
right_child=1 3 -4 -5 -6
leaf_value=-2.2735425604566482 -8.7799710095315788 -6.1916042804718021 5.4059474931795064 0.23505716998303933 0.29595253557552093
leaf_weight=369 153 186 237 749 6370
leaf_count=369 153 186 237 749 6370
internal_value=-0.000339033 -2.14293 0.334086 -1.04865 0.154941
internal_weight=8064 1088 6976 935 6739
internal_count=8064 1088 6976 935 6739
is_linear=0
shrinkage=0.05


Tree=46
num_leaves=7
num_cat=0
split_feature=1 3 3 2 3 0
split_gain=2.11948e+06 3.22975e+06 3.75977e+06 2.24705e+06 1.24313e+06 1.08881e+06
threshold=296.54999999999978 71.982794444444281 156.17226250000024 142.48447857142858 -95.445787847222377 5825.3188500000006
decision_type=2 2 2 2 2 2
left_child=3 5 -3 -1 -5 -2
right_child=1 2 -4 4 -6 -7
leaf_value=0.010489112692733818 -3.0832619525924807 4.1855214977126325 -5.2536599606610421 -0.48620248284095374 4.7816750447326042 -8.8402714707992143
leaf_weight=6740 154 258 177 155 401 179
leaf_count=6740 154 258 177 155 401 179
internal_value=-0.000392186 -2.49708 0.341511 0.262723 3.31488 -6.19507
internal_weight=8064 768 435 7296 556 333
internal_count=8064 768 435 7296 556 333
is_linear=0
shrinkage=0.05


Tree=47
num_leaves=7
num_cat=0
split_feature=0 5 3 3 2 2
split_gain=1.98663e+06 3.81156e+06 3.38921e+06 3.59806e+06 1.14378e+06 980063
threshold=6393.7241500000009 -0.94670478576706751 71.982794444444281 1.0000000180025095e-35 0.09201428571424837 142.48447857142858
decision_type=2 2 2 2 2 2
left_child=1 5 3 -2 -3 -1
right_child=2 4 -4 -5 -6 -7
leaf_value=2.9381677989677719 -1.8118167044166182 -0.24959630316715972 1.9285302142143248 -11.58851581425067 1.7137086911786199 8.3630686468698752
leaf_weight=185 251 6235 249 150 841 153
leaf_count=185 251 6235 249 150 841 153
internal_value=-0.000426434 0.23208 -2.64871 -5.48867 -0.0160435 5.41124
internal_weight=8064 7414 650 401 7076 338
internal_count=8064 7414 650 401 7076 338
is_linear=0
shrinkage=0.05


Tree=48
num_leaves=6
num_cat=0
split_feature=3 5 2 10 2
split_gain=1.96598e+06 4.41915e+06 3.60771e+06 2.79565e+06 1.7683e+06
threshold=-146.11563298611142 -0.48087430661751701 1.7224071428568462 0.47258215962441319 -404.59275714285735
decision_type=2 2 2 2 2
left_child=1 -1 4 -4 -2
right_child=2 -3 3 -5 -6
leaf_value=-10.287372929663272 -3.4172435165140467 0.36093858140748702 0.18476141748710295 5.431234639646922 -0.030696520080630826
leaf_weight=147 410 285 481 537 6204
leaf_count=147 410 285 481 537 6204
internal_value=-0.000397088 -3.27784 0.185523 2.95492 -0.241112
internal_weight=8064 432 7632 1018 6614
internal_count=8064 432 7632 1018 6614
is_linear=0
shrinkage=0.05


Tree=49
num_leaves=7
num_cat=0
split_feature=1 3 3 2 3 0
split_gain=1.77671e+06 2.81367e+06 3.3509e+06 1.73264e+06 1.09419e+06 897515
threshold=296.54999999999978 71.982794444444281 156.17226250000024 142.48447857142858 -41.962268055555676 5825.3188500000006
decision_type=2 2 2 2 2 2
left_child=3 5 -3 -1 -5 -2
right_child=1 2 -4 4 -6 -7
leaf_value=0.018986591446922038 -2.9115278362939438 3.9919126014911992 -4.919268022594828 0.46287087085712475 4.920489222257844 -8.1398808297846053
leaf_weight=6740 154 258 177 250 306 179
leaf_count=6740 154 258 177 250 306 179
internal_value=-0.000425334 -2.28633 0.363018 0.240477 2.92059 -5.73792
internal_weight=8064 768 435 7296 556 333
internal_count=8064 768 435 7296 556 333
is_linear=0
shrinkage=0.05


Tree=50
num_leaves=6
num_cat=0
split_feature=3 5 2 4 2
split_gain=1.77307e+06 3.98318e+06 3.08661e+06 2.54216e+06 1.50751e+06
threshold=-146.11563298611142 -0.48087430661751701 1.7224071428568462 0.065387565056497135 -404.59275714285735
decision_type=2 2 2 2 2
left_child=1 -1 4 -4 -2
right_child=2 -3 3 -5 -6
leaf_value=-9.7677256465511952 -3.1510915828012203 0.34169832902563202 5.2721374601481923 0.27627716825620546 -0.024224961211549916
leaf_weight=147 410 285 501 517 6204
leaf_count=147 410 285 501 517 6204
internal_value=-0.000444838 -3.11293 0.176118 2.73771 -0.218506
internal_weight=8064 432 7632 1018 6614
internal_count=8064 432 7632 1018 6614
is_linear=0
shrinkage=0.05


Tree=51
num_leaves=6
num_cat=0
split_feature=3 5 1 3 2
split_gain=1.60132e+06 3.59733e+06 2.8268e+06 4.72474e+06 1.84419e+06
threshold=-146.11563298611142 -0.48087430661751701 -252.55929999999987 -77.158302777777848 -144.72321428571465
decision_type=2 2 2 2 2
left_child=1 -1 3 -2 -4
right_child=2 -3 4 -5 -6
leaf_value=-9.2826391828221251 10.008801054197646 0.3246731489271551 -1.8746641763558196 0.42230872827635219 0.2598080492003873
leaf_weight=147 188 285 1224 402 5818
leaf_count=147 188 285 1224 402 5818
internal_value=-0.000466316 -2.95837 0.167328 3.48875 -0.111407
internal_weight=8064 432 7632 590 7042
internal_count=8064 432 7632 590 7042
is_linear=0
shrinkage=0.05


Tree=52
num_leaves=6
num_cat=0
split_feature=0 5 3 3 1
split_gain=1.51682e+06 3.25838e+06 3.04279e+06 3.23095e+06 1.1515e+06
threshold=6393.7241500000009 -0.97111091670450067 71.982794444444281 1.0000000180025095e-35 -515.6977499999997
decision_type=2 2 2 2 2
left_child=1 -1 3 -2 -3
right_child=2 4 -4 -5 -6
leaf_value=6.060921627801398 -1.5222124550314178 4.0935938216172731 2.0219459205508232 -10.785602336845651 -0.083025386799721712
leaf_weight=229 251 168 249 150 7017
leaf_count=229 251 168 249 150 7017
internal_value=-0.000443874 0.202718 -2.3145 -5.00553 0.0151886
internal_weight=8064 7414 650 401 7185
internal_count=8064 7414 650 401 7185
is_linear=0
shrinkage=0.05


Tree=53
num_leaves=6
num_cat=0
split_feature=3 5 2 3 2
split_gain=1.46913e+06 3.30379e+06 2.49896e+06 2.30268e+06 1.26345e+06
threshold=-146.11563298611142 -0.48087430661751701 1.7224071428568462 71.982794444444281 -538.30714285714282
decision_type=2 2 2 2 2
left_child=1 -1 4 -4 -2
right_child=2 -3 3 -5 -6
leaf_value=-8.894351318166466 -4.0299060478233377 0.31263301197465487 1.4796556581089746 8.2096364783360656 -0.070264679546703568
leaf_weight=147 207 285 870 148 6407
leaf_count=147 207 285 870 148 6407
internal_value=-0.000423009 -2.8336 0.160296 2.46518 -0.194781
internal_weight=8064 432 7632 1018 6614
internal_count=8064 432 7632 1018 6614
is_linear=0
shrinkage=0.05


Tree=54
num_leaves=7
num_cat=0
split_feature=1 0 3 3 3 3
split_gain=1.36874e+06 1.48938e+06 3.27998e+06 1.29769e+06 3.40975e+06 2.02484e+06
threshold=-9.9723499999997767 6609.1357000000016 71.982794444444281 -77.158302777777848 -137.28571666666662 23.641321180555568
decision_type=2 2 2 2 2 2
left_child=3 -2 -3 4 -1 -5
right_child=1 2 -4 5 -6 -7
leaf_value=-1.6569137230896478 -0.12934878551450185 -8.344726894204106 1.1985109010290715 -1.1490456396559077 7.4201142987088549 3.4385743155953672
leaf_weight=175 6216 174 185 697 251 366
leaf_count=175 6216 174 185 697 251 366
internal_value=-0.000420418 -0.310457 -3.43723 1.3679 3.69614 0.432258
internal_weight=8064 6575 359 1489 426 1063
internal_count=8064 6575 359 1489 426 1063
is_linear=0
shrinkage=0.05


Tree=55
num_leaves=6
num_cat=0
split_feature=3 5 1 3 2
split_gain=1.28304e+06 2.9177e+06 2.20898e+06 3.9549e+06 1.49214e+06
threshold=-146.11563298611142 -0.48087430661751701 -252.55929999999987 -77.158302777777848 -144.72321428571465
decision_type=2 2 2 2 2
left_child=1 -1 3 -2 -4
right_child=2 -3 4 -5 -6
leaf_value=-8.3436867583039653 9.051155247385541 0.30857491248997149 -1.6826520993280778 0.28065960430921461 0.23730976956240768
leaf_weight=147 188 285 1224 402 5818
leaf_count=147 188 285 1224 402 5818
internal_value=-0.000394585 -2.64807 0.149801 3.08591 -0.0965985
internal_weight=8064 432 7632 590 7042
internal_count=8064 432 7632 590 7042
is_linear=0
shrinkage=0.05


Tree=56
num_leaves=6
num_cat=0
split_feature=0 5 3 3 1
split_gain=1.19531e+06 2.85077e+06 2.60382e+06 2.89237e+06 1.00882e+06
threshold=6393.7241500000009 -0.97111091670450067 71.982794444444281 1.0000000180025095e-35 -515.6977499999997
decision_type=2 2 2 2 2
left_child=1 -1 3 -2 -3
right_child=2 4 -4 -5 -6
leaf_value=5.6595270891811538 -1.2491518976078149 3.8219514674688941 1.9566297504067423 -10.012661055855403 -0.087359785610408094
leaf_weight=229 251 168 249 150 7017
leaf_count=229 251 168 249 150 7017
internal_value=-0.000375773 0.179974 -2.05459 -4.54403 0.00456705
internal_weight=8064 7414 650 401 7185
internal_count=8064 7414 650 401 7185
is_linear=0
shrinkage=0.05


Tree=57
num_leaves=6
num_cat=0
split_feature=3 5 1 3 2
split_gain=1.178e+06 2.68237e+06 1.93574e+06 4.95676e+06 1.4412e+06
threshold=-146.11563298611142 -0.48087430661751701 -85.960999999999771 -87.099058333333446 -352.15778571428558
decision_type=2 2 2 2 2
left_child=1 -1 3 -2 -4
right_child=2 -3 4 -5 -6
leaf_value=-7.9984423038121824 9.6467712604082561 0.29755283800194732 -2.702693462823464 0.55203208298684581 0.0445872180939886
leaf_weight=147 181 285 517 848 6086
leaf_count=147 181 285 517 848 6086
internal_value=-0.000356424 -2.53734 0.14356 2.1596 -0.170895
internal_weight=8064 432 7632 1029 6603
internal_count=8064 432 7632 1029 6603
is_linear=0
shrinkage=0.05


Tree=58
num_leaves=6
num_cat=0
split_feature=3 5 2 3 1
split_gain=1.06393e+06 2.42253e+06 1.74916e+06 2.26843e+06 1.11481e+06
threshold=-146.11563298611142 -0.48087430661751701 1.7224071428568462 30.043188541667067 -172.18794999999997
decision_type=2 2 2 2 2
left_child=1 -1 4 -4 -2
right_child=2 -3 3 -5 -6
leaf_value=-7.6012225531242992 3.3307809295360324 0.28272721069780266 0.51131875229308787 5.6491617771034894 -0.28126994096063823
leaf_weight=147 220 285 711 307 6394
leaf_count=147 220 285 711 307 6394
internal_value=-0.000339599 -2.41136 0.136432 2.06477 -0.160638
internal_weight=8064 432 7632 1018 6614
internal_count=8064 432 7632 1018 6614
is_linear=0
shrinkage=0.05


Tree=59
num_leaves=7
num_cat=0
split_feature=0 5 3 3 1 2
split_gain=1.06182e+06 2.52037e+06 2.40204e+06 2.59904e+06 643966 636044
threshold=6393.7241500000009 -0.94670478576706751 71.982794444444281 1.0000000180025095e-35 -406.20469999999972 142.48447857142858
decision_type=2 2 2 2 2 2
left_child=1 5 3 -2 -3 -1
right_child=2 4 -4 -5 -6 -7
leaf_value=2.3887318873918186 -1.204047229013864 2.5644246189883262 1.9161358180046084 -9.5114274902849001 -0.11968867992039656 6.7592614680915695
leaf_weight=185 251 230 249 150 6846 153
leaf_count=185 251 230 249 150 6846 153
internal_value=-0.0003109 0.16967 -1.93642 -4.32748 -0.0320936 4.38121
internal_weight=8064 7414 650 401 7076 338
internal_count=8064 7414 650 401 7076 338
is_linear=0
shrinkage=0.05


Tree=60
num_leaves=7
num_cat=0
split_feature=1 3 3 5 0 1
split_gain=1.03962e+06 2.16238e+06 3.51276e+06 1.16377e+06 2.13215e+06 694560
threshold=296.54999999999978 102.19391527777795 156.17226250000024 -0.83127174505093859 6307.0525000000007 522.80980000000011
decision_type=2 2 2 2 2 2
left_child=3 5 -3 4 -1 -2
right_child=1 2 -4 -5 -6 -7
leaf_value=3.5637104556321528 -2.6237013824451885 5.1552464308849606 -4.3415973070715923 -0.070385362593233733 -1.1327287531292378 -6.9935808449414125
leaf_weight=625 221 214 177 6278 393 156
leaf_count=625 221 214 177 6278 393 156
internal_value=-0.00027803 -1.74887 0.856055 0.183999 1.75131 -4.44565
internal_weight=8064 768 391 7296 1018 377
internal_count=8064 768 391 7296 1018 377
is_linear=0
shrinkage=0.05


Tree=61
num_leaves=6
num_cat=0
split_feature=3 5 1 3 2
split_gain=990813 2.26519e+06 1.44673e+06 3.05996e+06 1.17192e+06
threshold=-146.11563298611142 -0.48087430661751701 -282.82300000000004 -77.158302777777848 -132.42895000000019
decision_type=2 2 2 2 2
left_child=1 -1 3 -2 -4
right_child=2 -3 4 -5 -6
leaf_value=-7.3454894020750716 8.0169456748639121 0.27811074968088761 -1.4137618883893617 -0.042241773556221392 0.2475510661229966
leaf_weight=147 176 285 1298 352 5806
leaf_count=147 176 285 1298 352 5806
internal_value=-0.000304076 -2.327 0.131684 2.65423 -0.0561503
internal_weight=8064 432 7632 528 7104
internal_count=8064 432 7632 528 7104
is_linear=0
shrinkage=0.05


Tree=62
num_leaves=5
num_cat=0
split_feature=2 5 8 0
split_gain=918815 999202 2.58157e+06 729407
threshold=-538.30714285714282 -0.83127174505093859 12.250000000000002 4816.4342000000006
decision_type=2 2 2 2
left_child=-1 2 -2 -3
right_child=1 3 -4 -5
leaf_value=-3.2803319163047351 -4.6729646342735789 -0.073576686497691016 2.1332914436090924 -3.1040907198626826
leaf_weight=207 157 6316 1180 204
leaf_count=207 157 6316 1180 204
internal_value=-0.000290488 0.0865317 1.33116 -0.168858
internal_weight=8064 7857 1337 6520
internal_count=8064 7857 1337 6520
is_linear=0
shrinkage=0.05


Tree=63
num_leaves=6
num_cat=0
split_feature=3 5 1 3 2
split_gain=905487 2.07361e+06 1.30764e+06 4.13508e+06 1.0809e+06
threshold=-146.11563298611142 -0.48087430661751701 -85.960999999999771 -87.099058333333446 -352.15778571428558
decision_type=2 2 2 2 2
left_child=1 -1 3 -2 -4
right_child=2 -3 4 -5 -6
leaf_value=-7.0261711580678821 8.6212821489507032 0.26791981214696503 -2.3252170284800089 0.31477714542439922 0.054002975062311866
leaf_weight=147 181 285 517 848 6086
leaf_count=147 181 285 517 848 6086
internal_value=-0.000331733 -2.22459 0.125845 1.78283 -0.132608
internal_weight=8064 432 7632 1029 6603
internal_count=8064 432 7632 1029 6603
is_linear=0
shrinkage=0.05


Tree=64
num_leaves=6
num_cat=0
split_feature=0 3 3 5 1
split_gain=860054 2.22134e+06 2.27115e+06 2.11852e+06 751377
threshold=6393.7241500000009 71.982794444444281 1.0000000180025095e-35 -0.97111091670450067 -515.6977499999997
decision_type=2 2 2 2 2
left_child=3 2 -2 -1 -5
right_child=1 -3 -4 4 -6
leaf_value=4.8763482090182926 -1.1225018536524167 1.9616936655044555 -8.8881815311924512 3.2959462558729409 -0.077879582831663144
leaf_weight=229 251 249 150 168 7017
leaf_count=229 251 249 150 168 7017
internal_value=-0.000315731 -1.7428 -4.04225 0.152666 0.00145505
internal_weight=8064 650 401 7414 7185
internal_count=8064 650 401 7414 7185
is_linear=0
shrinkage=0.05


Tree=65
num_leaves=6
num_cat=0
split_feature=3 5 1 3 2
split_gain=831534 1.90695e+06 1.15497e+06 3.17891e+06 768198
threshold=-146.11563298611142 -0.48087430661751701 -9.9723499999997767 -87.099058333333446 -352.15778571428558
decision_type=2 2 2 2 2
left_child=1 -1 3 -2 -4
right_child=2 -3 4 -5 -6
leaf_value=-6.7363837115667966 7.23101233515409 0.25845102086676269 -2.0269136966826404 0.42999563033097526 -0.00063559932022171756
leaf_weight=147 201 285 508 1151 5772
leaf_count=147 201 285 508 1151 5772
internal_value=-0.000299656 -2.1318 0.120615 1.44569 -0.164841
internal_weight=8064 432 7632 1352 6280
internal_count=8064 432 7632 1352 6280
is_linear=0
shrinkage=0.05


Tree=66
num_leaves=6
num_cat=0
split_feature=0 3 3 5 1
split_gain=754212 2.04713e+06 2.03219e+06 1.88664e+06 673431
threshold=6393.7241500000009 71.982794444444281 1.0000000180025095e-35 -0.97111091670450067 -515.6977499999997
decision_type=2 2 2 2 2
left_child=3 2 -2 -1 -5
right_child=1 -3 -4 4 -6
leaf_value=4.6006398113525435 -1.0775628863819062 1.9241169148921966 -8.4234363306437103 3.1192078268210564 -0.07483271231262259
leaf_weight=229 251 249 150 168 7017
leaf_count=229 251 249 150 168 7017
internal_value=-0.000289919 -1.63204 -3.83951 0.142969 0.000274165
internal_weight=8064 650 401 7414 7185
internal_count=8064 650 401 7414 7185
is_linear=0
shrinkage=0.05


Tree=67
num_leaves=7
num_cat=0
split_feature=8 2 3 3 5 7
split_gain=767570 1.32511e+06 901084 1.75361e+06 1.40782e+06 89155.2
threshold=12.250000000000002 -32.751178571428731 -146.11563298611142 -154.52268229166688 -0.80625269229011354 0.21623361138472572
decision_type=2 2 2 2 2 2
left_child=1 -1 3 -2 -4 -3
right_child=2 5 4 -5 -6 -7
leaf_value=-4.6401629846912398 0.21449115130128696 -0.70273194301571928 1.7455995534194355 -6.5269713130085893 -0.052023009229318767 0.50836420158545181
leaf_weight=231 288 382 1363 144 5405 251
leaf_count=231 288 382 1363 144 5405 251
internal_value=-0.000274998 -1.40758 0.168774 -2.04255 0.310203 -0.222458
internal_weight=8064 864 7200 432 6768 633
internal_count=8064 864 7200 432 6768 633
is_linear=0
shrinkage=0.05


Tree=68
num_leaves=6
num_cat=0
split_feature=0 3 2 8 8
split_gain=758603 2.43901e+06 1.92128e+06 1.40779e+06 776618
threshold=6307.0525000000007 71.982794444444281 363.47577857142875 13.166666666666668 12.250000000000002
decision_type=2 2 2 2 2
left_child=2 3 4 -2 -1
right_child=1 -3 -4 -5 -6
leaf_value=-1.376260656440417 -1.539934863553581 2.269026670836364 5.5875092484666125 -7.2602113216610284 0.22264069912445367
leaf_weight=862 276 263 158 176 6329
leaf_count=862 276 263 158 176 6329
internal_value=-0.00031986 -1.55391 0.151023 -3.77841 0.0308124
internal_weight=8064 715 7349 452 7191
internal_count=8064 715 7349 452 7191
is_linear=0
shrinkage=0.05


Tree=69
num_leaves=7
num_cat=0
split_feature=1 3 3 5 0 1
split_gain=733038 1.74998e+06 3.14533e+06 828120 1.47175e+06 560138
threshold=296.54999999999978 102.19391527777795 156.17226250000024 -0.80625269229011354 5575.6854000000012 522.80980000000011
decision_type=2 2 2 2 2 2
left_child=3 5 -3 4 -1 -2
right_child=1 2 -4 -5 -6 -7
leaf_value=4.4822973416132088 -2.2592161273097133 4.9425633813614072 -4.043949223971099 -0.070102584541050769 0.32699714788049006 -6.1824492469714709
leaf_weight=288 221 214 177 6196 812 156
leaf_count=288 221 214 177 6196 812 156
internal_value=-0.000316857 -1.46861 0.874562 0.154421 1.41801 -3.89468
internal_weight=8064 768 391 7296 1100 377
internal_count=8064 768 391 7296 1100 377
is_linear=0
shrinkage=0.05


Tree=70
num_leaves=7
num_cat=0
split_feature=8 2 1 3 3 3
split_gain=720068 2.92278e+06 1.86147e+06 2.35492e+06 1.2987e+06 660271
threshold=12.666666666666668 -132.42895000000019 -456.0966499999999 -40.962231944444845 58.743395833333814 23.641321180555568
decision_type=2 2 2 2 2 2
left_child=1 4 -2 -4 -1 -3
right_child=2 5 3 -5 -6 -7
leaf_value=-1.2199439436698161 5.1257640396014299 -0.61390384239083329 -2.0677932421752945 0.83687998786296536 -6.2235185479538311 0.82072918845581955
leaf_weight=237 201 1716 889 3230 287 1504
leaf_count=237 201 1716 889 3230 287 1504
internal_value=-0.000318398 -0.507769 0.439488 0.209617 -3.96709 0.0562324
internal_weight=8064 3744 4320 4119 524 3220
internal_count=8064 3744 4320 4119 524 3220
is_linear=0
shrinkage=0.05


Tree=71
num_leaves=6
num_cat=0
split_feature=3 5 1 3 2
split_gain=671379 1.82501e+06 884833 2.78648e+06 622344
threshold=-146.11563298611142 -0.48087430661751701 -9.9723499999997767 -87.099058333333446 -352.15778571428558
decision_type=2 2 2 2 2
left_child=1 -1 3 -2 -4
right_child=2 -3 4 -5 -6
leaf_value=-6.4202175311140115 6.6845784313607925 0.422179000502309 -1.8175326833146497 0.3172725082061435 0.0062677651867347906
leaf_weight=147 201 285 508 1151 5772
leaf_count=147 201 285 508 1151 5772
internal_value=-0.000323193 -1.91559 0.108325 1.26813 -0.141528
internal_weight=8064 432 7632 1352 6280
internal_count=8064 432 7632 1352 6280
is_linear=0
shrinkage=0.05


Tree=72
num_leaves=7
num_cat=0
split_feature=8 2 8 3 0 3
split_gain=644839 2.59202e+06 1.71652e+06 3.4252e+06 3.08334e+06 1.15826e+06
threshold=12.666666666666668 -132.42895000000019 13.166666666666668 -40.962231944444845 1699.4421500000001 58.743395833333814
decision_type=2 2 2 2 2 2
left_child=1 5 4 -4 -2 -1
right_child=2 -3 3 -5 -6 -7
leaf_value=-1.1439113617694678 -0.10119219265487572 0.050607517753021948 -3.949130074023568 0.76986955356721976 3.4634010151913781 -5.8691589005291469
leaf_weight=237 1625 3220 576 1152 967 287
leaf_count=237 1625 3220 576 1152 967 287
internal_value=-0.000312044 -0.480524 0.415886 -0.804505 1.22948 -3.73823
internal_weight=8064 3744 4320 1728 2592 524
internal_count=8064 3744 4320 1728 2592 524
is_linear=0
shrinkage=0.05


Tree=73
num_leaves=6
num_cat=0
split_feature=0 3 3 5 1
split_gain=669174 1.67994e+06 1.77957e+06 1.63662e+06 452302
threshold=6393.7241500000009 71.982794444444281 1.0000000180025095e-35 -0.97111091670450067 -515.6977499999997
decision_type=2 2 2 2 2
left_child=3 2 -2 -1 -5
right_child=1 -3 -4 4 -6
leaf_value=4.2864167218622953 -0.95269073548298044 1.6842882347106933 -7.8265260925356133 2.557774436050618 -0.05985438079708838
leaf_weight=229 251 249 150 168 7017
leaf_count=229 251 249 150 168 7017
internal_value=-0.000338471 -1.53734 -3.53702 0.134603 0.00169856
internal_weight=8064 650 401 7414 7185
internal_count=8064 650 401 7414 7185
is_linear=0
shrinkage=0.05


Tree=74
num_leaves=7
num_cat=0
split_feature=0 3 5 2 2 0
split_gain=611536 2.08245e+06 1.53284e+06 1.4534e+06 1.13952e+06 798001
threshold=6307.0525000000007 71.982794444444281 -0.91509365977396839 -44.342735714285361 228.39582142857083 5575.6854000000012
decision_type=2 2 2 2 2 2
left_child=2 3 4 -2 -1 -4
right_child=1 -3 5 -5 -6 -7
leaf_value=1.1533596689185353 -1.5020217934762004 2.1371511726216839 0.054882211202941206 -7.5796845571748142 6.567765971758222 -2.9467639555056544
leaf_weight=281 308 263 6692 144 148 228
leaf_count=281 308 263 6692 144 148 228
internal_value=-0.000323476 -1.39521 0.135559 -3.45073 3.0322 -0.0444274
internal_weight=8064 715 7349 452 429 6920
internal_count=8064 715 7349 452 429 6920
is_linear=0
shrinkage=0.05


Tree=75
num_leaves=7
num_cat=0
split_feature=8 2 1 3 3 3
split_gain=634105 2.3238e+06 1.60078e+06 1.94943e+06 1.04028e+06 618802
threshold=12.666666666666668 -132.42895000000019 -456.0966499999999 -40.962231944444845 58.743395833333814 23.641321180555568
decision_type=2 2 2 2 2 2
left_child=1 4 -2 -4 -1 -3
right_child=2 5 3 -5 -6 -7
leaf_value=-1.1023279979198921 4.7581657970305722 -0.6223525016818654 -1.8728567031854659 0.76993813163314639 -5.5805762612985248 0.76649702202937142
leaf_weight=237 201 1716 889 3230 287 1504
leaf_count=237 201 1716 889 3230 287 1504
internal_value=-0.000320412 -0.476518 0.412399 0.19923 -3.56107 0.0263889
internal_weight=8064 3744 4320 4119 524 3220
internal_count=8064 3744 4320 4119 524 3220
is_linear=0
shrinkage=0.05


Tree=76
num_leaves=7
num_cat=0
split_feature=8 2 8 3 0 7
split_gain=591884 1.08969e+06 735089 2.96553e+06 1.39897e+06 70111.6
threshold=12.250000000000002 -32.751178571428731 13.166666666666668 -40.962231944444845 1699.4421500000001 0.21623361138472572
decision_type=2 2 2 2 2 2
left_child=1 -1 4 -4 -2 -3
right_child=2 5 3 -5 -6 -7
leaf_value=-4.1675146132386454 -0.16598297207900178 -0.58742685918319315 -3.6766464461073718 0.71429754127970435 1.5005524244576753 0.48652373386753933
leaf_weight=231 3509 382 576 1152 1963 251
leaf_count=231 3509 382 576 1152 1963 251
internal_value=-0.000322269 -1.23612 0.148125 -0.75063 0.432027 -0.161483
internal_weight=8064 864 7200 1728 5472 633
internal_count=8064 864 7200 1728 5472 633
is_linear=0
shrinkage=0.05


Tree=77
num_leaves=5
num_cat=0
split_feature=2 5 8 0
split_gain=598473 688247 2.15599e+06 719594
threshold=-538.30714285714282 -0.83127174505093859 12.250000000000002 4816.4342000000006
decision_type=2 2 2 2
left_child=-1 2 -2 -3
right_child=1 3 -4 -5
leaf_value=-2.6475472904168647 -4.3840433407810675 -0.047594735722286188 1.8357989504630539 -3.0576483749180308
leaf_weight=207 157 6316 1180 204
leaf_count=207 157 6316 1180 204
internal_value=-0.000342714 0.0697284 1.10269 -0.142229
internal_weight=8064 7857 1337 6520
internal_count=8064 7857 1337 6520
is_linear=0
shrinkage=0.05


Tree=78
num_leaves=7
num_cat=0
split_feature=0 3 5 2 2 0
split_gain=624504 1.92486e+06 1.3644e+06 1.34335e+06 933053 751379
threshold=6307.0525000000007 71.982794444444281 -0.91509365977396839 -44.342735714285361 228.39582142857083 5575.6854000000012
decision_type=2 2 2 2 2 2
left_child=2 3 4 -2 -1 -4
right_child=1 -3 5 -5 -6 -7
leaf_value=1.1691146221857334 -1.5123785236313891 1.9862648516216064 0.063491642869875783 -7.3558040875401991 6.069245872241539 -2.8491519496170197
leaf_weight=281 308 263 6692 144 148 228
leaf_count=281 308 263 6692 144 148 228
internal_value=-0.00037705 -1.40998 0.136939 -3.38613 2.86979 -0.0328719
internal_weight=8064 715 7349 452 429 6920
internal_count=8064 715 7349 452 429 6920
is_linear=0
shrinkage=0.05


Tree=79
num_leaves=6
num_cat=0
split_feature=8 2 1 3 3
split_gain=598863 2.09773e+06 1.44295e+06 1.63087e+06 800196
threshold=12.666666666666668 -378.88252142857112 -456.0966499999999 -127.27932847222233 23.641321180555568
decision_type=2 2 2 2 2
left_child=1 -1 -2 -4 -3
right_child=2 4 3 -5 -6
leaf_value=-6.1015823888439167 4.5266875791962784 -0.93529754892929962 -2.945477592643102 0.51298620060842803 0.55883275473857297
leaf_weight=157 201 1857 374 3745 1730
leaf_count=157 201 1857 374 3745 1730
internal_value=-0.00037325 -0.463149 0.400714 0.198323 -0.214728
internal_weight=8064 3744 4320 4119 3587
internal_count=8064 3744 4320 4119 3587
is_linear=0
shrinkage=0.05


Tree=80
num_leaves=6
num_cat=0
split_feature=0 5 3 3 0
split_gain=574868 1.31285e+06 1.282e+06 1.62387e+06 442434
threshold=6393.7241500000009 -0.97111091670450067 71.982794444444281 -8.402497222221994 5575.6854000000012
decision_type=2 2 2 2 2
left_child=1 -1 3 -2 -3
right_child=2 4 -4 -5 -6
leaf_value=3.8432219587719958 -0.25105206582644213 0.10510695180536425 1.3895656524419786 -6.6308036022212198 -1.5418211468903151
leaf_weight=229 218 6752 249 183 433
leaf_count=229 218 6752 249 183 433
internal_value=-0.000381765 0.12469 -1.42497 -3.17176 0.00565501
internal_weight=8064 7414 650 401 7185
internal_count=8064 7414 650 401 7185
is_linear=0
shrinkage=0.05


Tree=81
num_leaves=7
num_cat=0
split_feature=8 2 8 5 3 3
split_gain=562555 1.94558e+06 1.37543e+06 2.69638e+06 2.61315e+06 930030
threshold=12.666666666666668 -132.42895000000019 13.166666666666668 -0.4026508470528945 -40.962231944444845 58.743395833333814
decision_type=2 2 2 2 2 2
left_child=1 5 3 -2 -4 -1
right_child=2 -3 4 -5 -6 -7
leaf_value=-0.94699738226017038 3.2282527974645818 0.011258623192797523 -3.4507607064069457 -0.11442383668630352 0.67106325694352575 -5.180714188712753
leaf_weight=237 954 3220 576 1638 1152 287
leaf_count=237 954 3220 576 1638 1152 287
internal_value=-0.000381807 -0.44891 0.388356 1.11664 -0.704079 -3.2713
internal_weight=8064 3744 4320 2592 1728 524
internal_count=8064 3744 4320 2592 1728 524
is_linear=0
shrinkage=0.05


Tree=82
num_leaves=7
num_cat=0
split_feature=0 5 3 3 1 0
split_gain=546952 1.19936e+06 1.15891e+06 1.48707e+06 777536 605055
threshold=6393.7241500000009 -0.94670478576706751 71.982794444444281 1.0000000180025095e-35 -195.12919999999983 5575.6854000000012
decision_type=2 2 2 2 2 2
left_child=1 4 3 -2 -1 -3
right_child=2 5 -4 -5 -6 -7
leaf_value=0.46083234960927905 -0.68915555134179107 0.087062760202976833 1.2861467730998992 -6.971782904902831 5.2642451010191635 -2.0598230228562286
leaf_weight=158 251 6732 249 150 180 344
leaf_count=158 251 6732 249 150 180 344
internal_value=-0.000398561 0.121599 -1.38997 -3.05076 3.02685 -0.0175845
internal_weight=8064 7414 650 401 338 7076
internal_count=8064 7414 650 401 338 7076
is_linear=0
shrinkage=0.05


Tree=83
num_leaves=7
num_cat=0
split_feature=8 2 1 8 3 3
split_gain=535478 1.75755e+06 1.32385e+06 1.39731e+06 820438 506759
threshold=12.666666666666668 -132.42895000000019 -456.0966499999999 13.166666666666668 58.743395833333814 23.641321180555568
decision_type=2 2 2 2 2 2
left_child=1 4 -2 -4 -1 -3
right_child=2 5 3 -5 -6 -7
leaf_value=-0.93722634766282165 4.3308951084566587 -0.58769563095327892 0.92710181598020669 -0.95725950426069151 -4.913969620462094 0.66914468427680651
leaf_weight=237 201 1716 2497 1622 287 1504
leaf_count=237 201 1716 2497 1622 287 1504
internal_value=-0.000394891 -0.437996 0.378873 0.185017 -3.12054 -0.000624231
internal_weight=8064 3744 4320 4119 524 3220
internal_count=8064 3744 4320 4119 524 3220
is_linear=0
shrinkage=0.05


Tree=84
num_leaves=6
num_cat=0
split_feature=0 1 5 8 0
split_gain=491228 964254 758489 2.09394e+06 283725
threshold=6609.1357000000016 242.48525000000021 -0.80625269229011354 12.250000000000002 4527.0662000000011
decision_type=2 2 2 2 2
left_child=2 -2 3 -1 -4
right_child=1 -3 4 -5 -6
leaf_value=-3.7076022099426815 0.82128356037807082 -3.4888817112932928 -0.040201599804421131 2.2546104980246531 -1.7923109713134668
leaf_weight=174 242 278 6201 930 239
leaf_count=174 242 278 6201 930 239
internal_value=-0.00038426 -1.48527 0.102151 1.31241 -0.105494
internal_weight=8064 520 7544 1104 6440
internal_count=8064 520 7544 1104 6440
is_linear=0
shrinkage=0.05


Tree=85
num_leaves=6
num_cat=0
split_feature=8 2 1 3 3
split_gain=489089 1.58539e+06 1.15384e+06 1.34889e+06 717179
threshold=12.666666666666668 -378.88252142857112 -456.0966499999999 -127.27932847222233 23.641321180555568
decision_type=2 2 2 2 2
left_child=1 -1 -2 -4 -3
right_child=2 4 3 -5 -6
leaf_value=-5.3203800083715711 4.0516116823005204 -0.88481821742738864 -2.678044650994738 0.46725189753037866 0.52968581721212471
leaf_weight=157 201 1857 374 3745 1730
leaf_count=157 201 1857 374 3745 1730
internal_value=-0.000401949 -0.418618 0.362065 0.181082 -0.202649
internal_weight=8064 3744 4320 4119 3587
internal_count=8064 3744 4320 4119 3587
is_linear=0
shrinkage=0.05


Tree=86
num_leaves=7
num_cat=0
split_feature=0 3 3 5 3 0
split_gain=475863 1.72293e+06 1.47777e+06 1.11045e+06 772429 644150
threshold=6307.0525000000007 -38.872168750000007 117.95255000000022 -0.91509365977396839 -40.368972916666955 5575.6854000000012
decision_type=2 2 2 2 2 2
left_child=3 -2 -3 4 -1 -5
right_child=1 2 -4 5 -6 -7
leaf_value=5.3111996921860145 -6.0154693224486095 1.7245650935142778 -3.7970069380147118 0.055488858502564145 0.9334343294228763 -2.641327521478245
leaf_weight=161 148 393 174 6692 268 228
leaf_count=161 148 393 174 6692 268 228
internal_value=-0.000405627 -1.23087 0.0264127 0.11946 2.5849 -0.0337346
internal_weight=8064 715 567 7349 429 6920
internal_count=8064 715 567 7349 429 6920
is_linear=0
shrinkage=0.05


Tree=87
num_leaves=6
num_cat=0
split_feature=3 2 1 3 0
split_gain=469285 2.18497e+06 1.54771e+06 979883 649164
threshold=71.982794444444281 1.7224071428568462 398.62970000000001 117.95255000000022 6307.0525000000007
decision_type=2 2 2 2 2
left_child=2 3 4 -2 -1
right_child=1 -3 -4 -5 -6
leaf_value=0.07075649222047746 1.7966337303965365 6.4723822572887348 -4.2429679343194673 -0.56330994469888052 -2.1317635834717952
leaf_weight=5318 648 148 230 1364 356
leaf_count=5318 648 148 230 1364 356
internal_value=-0.000412801 0.630024 -0.231128 0.197266 -0.067786
internal_weight=8064 2160 5904 2012 5674
internal_count=8064 2160 5904 2012 5674
is_linear=0
shrinkage=0.05


Tree=88
num_leaves=7
num_cat=0
split_feature=8 2 8 5 3 3
split_gain=465980 1.42984e+06 1.08293e+06 2.49848e+06 2.30242e+06 733859
threshold=12.666666666666668 -132.42895000000019 13.166666666666668 -0.48087430661751701 -40.962231944444845 58.743395833333814
decision_type=2 2 2 2 2 2
left_child=1 5 3 -2 -4 -1
right_child=2 -3 4 -5 -6 -7
leaf_value=-0.76388399414405106 3.159494366376141 -0.01410324946708731 -3.1941529532445778 -0.11559097716429129 0.67483434969719247 -4.5242253592858708
leaf_weight=237 882 3220 576 1710 1152 287
leaf_count=237 882 3220 576 1710 1152 287
internal_value=-0.000383477 -0.4086 0.353417 0.999636 -0.61593 -2.82815
internal_weight=8064 3744 4320 2592 1728 524
internal_count=8064 3744 4320 2592 1728 524
is_linear=0
shrinkage=0.05


Tree=89
num_leaves=7
num_cat=0
split_feature=8 2 1 8 3 3
split_gain=420636 1.29091e+06 1.05423e+06 1.12731e+06 662539 405377
threshold=12.666666666666668 -132.42895000000019 -456.0966499999999 13.166666666666668 58.743395833333814 23.641321180555568
decision_type=2 2 2 2 2 2
left_child=1 4 -2 -4 -1 -3
right_child=2 5 3 -5 -6 -7
leaf_value=-0.72585024232623963 3.8624510689537126 -0.53846752850770574 0.82930537264039517 -0.86323738507306735 -4.2987996000848296 0.58564305486250356
leaf_weight=237 201 1716 2497 1622 287 1504
leaf_count=237 201 1716 2497 1622 287 1504
internal_value=-0.000393916 -0.388241 0.335752 0.16276 -2.68725 -0.0133983
internal_weight=8064 3744 4320 4119 524 3220
internal_count=8064 3744 4320 4119 524 3220
is_linear=0
shrinkage=0.05


Tree=90
num_leaves=7
num_cat=0
split_feature=3 2 0 2 5 3
split_gain=425301 1.92447e+06 1.45103e+06 1.36237e+06 946939 879600
threshold=71.982794444444281 1.7224071428568462 6307.0525000000007 -61.607142857142769 -0.97111091670450067 117.95255000000022
decision_type=2 2 2 2 2 2
left_child=2 5 4 -4 -1 -2
right_child=1 -3 3 -5 -6 -7
leaf_value=3.541761314038371 1.7089552455712314 6.0828148819456169 -0.97741736621159658 -6.7792425754023542 -0.11685208778841104 -0.52697081215979857
leaf_weight=182 648 148 300 152 5270 1364
leaf_count=182 648 148 300 152 5270 1364
internal_value=-0.000381347 0.599785 -0.220019 -2.93913 0.00590775 0.19364
internal_weight=8064 2160 5904 452 5452 2012
internal_count=8064 2160 5904 452 5452 2012
is_linear=0
shrinkage=0.05


Tree=91
num_leaves=6
num_cat=0
split_feature=3 5 3 5 3
split_gain=402671 1.97205e+06 1.01484e+06 2.79403e+06 2.67932e+06
threshold=-146.11563298611142 -0.48087430661751701 -77.158302777777848 -0.85470842479866194 -53.609595138889055
decision_type=2 2 2 2 2
left_child=1 -1 3 -2 -4
right_child=2 -3 4 -5 -6
leaf_value=-6.1665276305347279 7.2851300784132711 0.94490175501449958 -4.849318886915654 0.35114833553917979 0.073542940989430636
leaf_weight=147 175 285 288 833 6336
leaf_count=147 175 285 288 833 6336
internal_value=-0.000344095 -1.48361 0.0837979 1.56099 -0.141194
internal_weight=8064 432 7632 1008 6624
internal_count=8064 432 7632 1008 6624
is_linear=0
shrinkage=0.05


Tree=92
num_leaves=7
num_cat=0
split_feature=8 0 3 2 3 6
split_gain=400935 918743 464584 1.97327e+06 1.11427e+06 69479.3
threshold=12.250000000000002 4658.1089000000011 156.17226250000024 -352.15778571428558 116.20088576388891 -0.76604444311897735
decision_type=2 2 2 2 2 2
left_child=1 5 4 -4 -2 -1
right_child=2 -3 3 -5 -6 -7
leaf_value=-1.1303011362212045 0.023805789117124387 -4.5467479891682929 -6.1431611832623423 0.26929330033168458 2.1088156022170197 0.016326073490911062
leaf_weight=174 5760 151 151 569 720 539
leaf_count=174 5760 151 151 569 720 539
internal_value=-0.000341529 -1.01745 0.121836 -1.0822 0.255763 -0.264687
internal_weight=8064 864 7200 720 6480 713
internal_count=8064 864 7200 720 6480 713
is_linear=0
shrinkage=0.05


Tree=93
num_leaves=7
num_cat=0
split_feature=8 2 1 3 3 1
split_gain=371557 1.09948e+06 972785 1.05159e+06 588360 380560
threshold=12.666666666666668 -132.42895000000019 -456.0966499999999 -127.27932847222233 58.743395833333814 80.552800000000062
decision_type=2 2 2 2 2 2
left_child=1 4 -2 -4 -1 -3
right_child=2 5 3 -5 -6 -7
leaf_value=-0.63849931479502131 3.7032719843458426 -0.15036238679612171 -2.3750910227590554 0.40204679538776528 -4.0052327650495698 2.2281857079501903
leaf_weight=237 201 3043 374 3745 287 177
leaf_count=237 201 3043 374 3745 287 177
internal_value=-0.000382743 -0.364901 0.315545 0.149371 -2.48661 -0.0189649
internal_weight=8064 3744 4320 4119 524 3220
internal_count=8064 3744 4320 4119 524 3220
is_linear=0
shrinkage=0.05


Tree=94
num_leaves=6
num_cat=0
split_feature=0 1 5 3 0
split_gain=371162 793953 718098 2.2049e+06 269170
threshold=6609.1357000000016 242.48525000000021 -0.80625269229011354 30.043188541667067 4527.0662000000011
decision_type=2 2 2 2 2
left_child=2 -2 3 -1 -4
right_child=1 -3 4 -5 -6
leaf_value=-0.47851818501515508 0.80170168896270888 -3.1092221335057291 -0.049682681335908745 4.1242536316908058 -1.7562628936767579
leaf_weight=686 242 278 6201 418 239
leaf_count=686 242 278 6201 418 239
internal_value=-0.000368787 -1.29109 0.0887588 1.26635 -0.11328
internal_weight=8064 520 7544 1104 6440
internal_count=8064 520 7544 1104 6440
is_linear=0
shrinkage=0.05


Tree=95
num_leaves=7
num_cat=0
split_feature=3 2 1 8 0 3
split_gain=362704 1.66138e+06 1.36327e+06 4.74397e+06 845918 715489
threshold=71.982794444444281 1.7224071428568462 151.52994999999967 13.166666666666668 4816.4342000000006 -77.158302777777848
decision_type=2 2 2 2 2 2
left_child=2 4 5 -4 -2 -1
right_child=1 -3 3 -5 -6 -7
leaf_value=1.0344856859433313 -0.34718952525818797 5.6483677731064343 0.28169275328728827 -9.8317872747033839 2.1817978722157241 -0.29260090760008262
leaf_weight=1365 1596 148 421 159 416 3959
leaf_count=1365 1596 148 421 159 416 3959
internal_value=-0.000353246 0.553889 -0.203184 -2.50295 0.176527 0.0477761
internal_weight=8064 2160 5904 580 2012 5324
internal_count=8064 2160 5904 580 2012 5324
is_linear=0
shrinkage=0.05


Tree=96
num_leaves=6
num_cat=0
split_feature=8 2 1 3 3
split_gain=365267 1.07518e+06 856139 986782 595822
threshold=12.666666666666668 -378.88252142857112 -456.0966499999999 -40.962231944444845 23.641321180555568
decision_type=2 2 2 2 2
left_child=1 -1 -2 -4 -3
right_child=2 4 3 -5 -6
leaf_value=-4.3984460201444504 3.4910360297354139 -0.80568448527183778 -1.3172321944156389 0.56303931838394383 0.48359954531489086
leaf_weight=157 201 1857 889 3230 1730
leaf_count=157 201 1857 889 3230 1730
internal_value=-0.000343803 -0.361764 0.312898 0.157001 -0.183905
internal_weight=8064 3744 4320 4119 3587
internal_count=8064 3744 4320 4119 3587
is_linear=0
shrinkage=0.05


Tree=97
num_leaves=7
num_cat=0
split_feature=3 2 3 0 0 5
split_gain=342285 1.73584e+06 1.00965e+06 3.7284e+06 1.28945e+06 264715
threshold=156.17226250000024 -352.15778571428558 71.982794444444281 4816.4342000000006 6307.0525000000007 -0.27976242230339682
decision_type=2 2 2 2 2 2
left_child=2 -2 4 -4 -1 -3
right_child=1 5 3 -5 -6 -7
leaf_value=0.025098407516025753 -5.7866624705444432 2.0726400015271942 -0.10043923144977336 5.9457475096887693 -2.7511223930265203 -0.40082398222086013
leaf_weight=5452 151 144 1110 330 452 425
leaf_count=5452 151 144 1110 330 452 425
internal_value=-0.000338909 -1.03993 0.10171 1.28831 -0.187874 0.227687
internal_weight=8064 720 7344 1440 5904 569
internal_count=8064 720 7344 1440 5904 569
is_linear=0
shrinkage=0.05


Tree=98
num_leaves=7
num_cat=0
split_feature=8 0 2 0 3 7
split_gain=339155 864073 471926 1.62481e+06 1.00624e+06 68168
threshold=12.250000000000002 4658.1089000000011 -19.200021428571425 6307.0525000000007 156.17226250000024 0.087155742747658027
decision_type=2 2 2 2 2 2
left_child=1 5 4 -4 -2 -1
right_child=2 -3 3 -5 -6 -7
leaf_value=-0.57243182768462397 1.1718013901412285 -4.358460276299402 0.011329690887845837 -5.0934229422430075 -1.9559142229349717 0.44428300566451501
leaf_weight=456 1839 151 4903 160 298 257
leaf_count=456 1839 151 4903 160 298 257
internal_value=-0.000328131 -0.935795 0.112042 -0.150964 0.734937 -0.205849
internal_weight=8064 864 7200 5063 2137 713
internal_count=8064 864 7200 5063 2137 713
is_linear=0
shrinkage=0.05


Tree=99
num_leaves=6
num_cat=0
split_feature=3 5 3 5 3
split_gain=329427 1.79927e+06 930555 2.4929e+06 2.31006e+06
threshold=-146.11563298611142 -0.48087430661751701 -77.158302777777848 -0.85470842479866194 -53.609595138889055
decision_type=2 2 2 2 2
left_child=1 -1 3 -2 -4
right_child=2 -3 4 -5 -6
leaf_value=-5.8151177379730585 6.8971348899331959 0.97748371235557363 -4.5113910008879268 0.34744438846691628 0.059676983190812986
leaf_weight=147 175 285 288 833 6336
leaf_count=147 175 285 288 833 6336
internal_value=-0.000375906 -1.34198 0.0757298 1.49025 -0.139716
internal_weight=8064 432 7632 1008 6624
internal_count=8064 432 7632 1008 6624
is_linear=0
shrinkage=0.05


end of trees

feature_importances:
Column_2=170
Column_3=160
Column_1=65
Column_0=56
Column_5=52
Column_8=42
Column_7=4
Column_4=1
Column_6=1
Column_10=1

parameters:
[boosting: gbdt]
[objective: regression]
[metric: l2]
[tree_learner: serial]
[device_type: cpu]
[data_sample_strategy: bagging]
[data: ]
[valid: ]
[num_iterations: 100]
[learning_rate: 0.05]
[num_leaves: 7]
[num_threads: 1]
[seed: 20250911]
[deterministic: 1]
[force_col_wise: 1]
[force_row_wise: 0]
[histogram_pool_size: -1]
[max_depth: 3]
[min_data_in_leaf: 144]
[min_sum_hessian_in_leaf: 0.001]
[bagging_fraction: 1]
[pos_bagging_fraction: 1]
[neg_bagging_fraction: 1]
[bagging_freq: 0]
[bagging_seed: 20250911]
[bagging_by_query: 0]
[feature_fraction: 1]
[feature_fraction_bynode: 1]
[feature_fraction_seed: 20250911]
[extra_trees: 0]
[extra_seed: 26685]
[early_stopping_round: 0]
[early_stopping_min_delta: 0]
[first_metric_only: 0]
[max_delta_step: 0]
[lambda_l1: 0]
[lambda_l2: 1]
[linear_lambda: 0]
[min_gain_to_split: 0]
[drop_rate: 0.1]
[max_drop: 50]
[skip_drop: 0.5]
[xgboost_dart_mode: 0]
[uniform_drop: 0]
[drop_seed: 2504]
[top_rate: 0.2]
[other_rate: 0.1]
[min_data_per_group: 100]
[max_cat_threshold: 32]
[cat_l2: 10]
[cat_smooth: 10]
[max_cat_to_onehot: 4]
[top_k: 20]
[monotone_constraints: ]
[monotone_constraints_method: basic]
[monotone_penalty: 0]
[feature_contri: ]
[forcedsplits_filename: ]
[refit_decay_rate: 0.9]
[cegb_tradeoff: 1]
[cegb_penalty_split: 0]
[cegb_penalty_feature_lazy: ]
[cegb_penalty_feature_coupled: ]
[path_smooth: 0]
[interaction_constraints: ]
[verbosity: -1]
[saved_feature_importance_type: 0]
[use_quantized_grad: 0]
[num_grad_quant_bins: 4]
[quant_train_renew_leaf: 0]
[stochastic_rounding: 1]
[linear_tree: 0]
[max_bin: 63]
[max_bin_by_feature: ]
[min_data_in_bin: 3]
[bin_construct_sample_cnt: 200000]
[data_random_seed: 20250911]
[is_enable_sparse: 1]
[enable_bundle: 1]
[use_missing: 1]
[zero_as_missing: 0]
[feature_pre_filter: 0]
[pre_partition: 0]
[two_round: 0]
[header: 0]
[label_column: ]
[weight_column: ]
[group_column: ]
[ignore_column: ]
[categorical_feature: ]
[forcedbins_filename: ]
[precise_float_parser: 0]
[parser_config_file: ]
[objective_seed: 19683]
[num_class: 1]
[is_unbalance: 0]
[scale_pos_weight: 1]
[sigmoid: 1]
[boost_from_average: 1]
[reg_sqrt: 0]
[alpha: 0.9]
[fair_c: 1]
[poisson_max_delta_step: 0.7]
[tweedie_variance_power: 1.5]
[lambdarank_truncation_level: 30]
[lambdarank_norm: 1]
[label_gain: ]
[lambdarank_position_bias_regularization: 0]
[eval_at: ]
[multi_error_top_k: 1]
[auc_mu_weights: ]
[num_machines: 1]
[local_listen_port: 12400]
[time_out: 120]
[machine_list_filename: ]
[machines: ]
[gpu_platform_id: -1]
[gpu_device_id: -1]
[gpu_device_id_list: ]
[gpu_use_dp: 0]
[num_gpu: 1]

end of parameters

pandas_categorical:null
