tree
version=v4
num_class=1
num_tree_per_iteration=1
label_index=0
max_feature_idx=11
objective=regression
feature_names=Column_0 Column_1 Column_2 Column_3 Column_4 Column_5 Column_6 Column_7 Column_8 Column_9 Column_10 Column_11
feature_infos=[0:10057.9095] [-2183.6624999999995:2542.174500000001] [-1595.866814285715:1771.9660714285719] [-334.19214513888892:364.15612430555529] [-1:1] [-1:1] [-1:1] [-1:1] [14.5:15.833333333333332] [11.916666666666666:11.916666666666666] [-0.31609195402298851:1.3275862068965518] [1:1]
tree_sizes=749 758 754 757 756 756 760 760 763 758 760 761 759 763 763 767 757 765 673 756 766 679 766 760 763 683 763 762 682 763 759 685 762 683 760 681 764 681 680 765 763 675 679 763 764 680 772 765 763 769 677 770 680 776 768 774 594 590 768 764 589 679 774 774 776 764 592 773 765 598 782 590 687 765 776 775 682 784 768 775 600 765 686 780 765 773 760 768 779 595 588 766 767 758 591 762 763 776 587 752

Tree=0
num_leaves=7
num_cat=0
split_feature=2 2 2 8 2 2
split_gain=2.66118e+08 1.46565e+08 4.35685e+07 2.66526e+07 2.34907e+07 6.70939e+06
threshold=217.73232857142833 -276.5698285714281 577.34464285714341 15.166666666666668 -51.227142857142546 767.54596428571369
decision_type=2 2 2 2 2 2
left_child=1 3 -2 -1 -3 -4
right_child=2 4 5 -5 -6 -7
leaf_value=-34.021478836259035 18.121028139393971 -7.4460977404324931 32.742999484072129 -15.228080618810338 1.6328496832770094 47.91649222730635
leaf_weight=295 713 820 158 531 5389 158
leaf_count=295 713 820 158 531 5389 158
internal_value=1.27362 -2.20121 25.0104 -21.9746 0.432615 40.453
internal_weight=8064 7035 1029 826 6209 316
internal_count=8064 7035 1029 826 6209 316
is_linear=0
shrinkage=1


Tree=1
num_leaves=7
num_cat=0
split_feature=2 2 2 0 2 2
split_gain=2.40265e+08 1.32313e+08 3.9362e+07 2.57865e+07 2.14236e+07 6.05924e+06
threshold=217.73232857142833 -276.5698285714281 577.34464285714341 8509.8255000000008 -20.15525000000002 767.54596428571369
decision_type=2 2 2 2 2 2
left_child=1 3 -2 -1 -3 -4
right_child=2 4 5 -5 -6 -7
leaf_value=-15.210469700449281 16.006217114051349 -7.5629150836230243 29.905805536186172 -33.511317592474725 0.47599374775584452 44.325394349128203
leaf_weight=517 713 984 158 309 5225 158
leaf_count=517 713 984 158 309 5225 158
internal_value=0.000215748 -3.30152 22.5546 -22.0889 -0.799022 37.2327
internal_weight=8064 7035 1029 826 6209 316
internal_count=8064 7035 1029 826 6209 316
is_linear=0
shrinkage=0.05


Tree=2
num_leaves=7
num_cat=0
split_feature=2 2 2 1 2 2
split_gain=2.17593e+08 1.22884e+08 2.74935e+07 2.47321e+07 2.08257e+07 5.47208e+06
threshold=265.31723571428648 -276.5698285714281 577.34464285714341 674.69609999999977 -20.15525000000002 767.54596428571369
decision_type=2 2 2 2 2 2
left_child=1 3 -2 -1 -3 -4
right_child=2 4 5 -5 -6 -7
leaf_value=-13.95590228082802 16.84474492302763 -7.1851531118547856 28.419919795360205 -31.696282534205587 0.7220606001428056 42.123063032282225
leaf_weight=500 553 984 158 326 5385 158
leaf_count=500 553 984 158 326 5385 158
internal_value=0.000418364 -2.85505 23.6188 -20.9874 -0.500527 35.3828
internal_weight=8064 7195 869 826 6369 316
internal_count=8064 7195 869 826 6369 316
is_linear=0
shrinkage=0.05


Tree=3
num_leaves=7
num_cat=0
split_feature=2 2 2 8 2 2
split_gain=1.97322e+08 1.04719e+08 3.79189e+07 2.32939e+07 1.64345e+07 6.48323e+06
threshold=179.02507857142839 -276.5698285714281 577.34464285714341 15.166666666666668 -51.227142857142546 393.4712785714292
decision_type=2 2 2 2 2 2
left_child=1 3 5 -1 -3 -2
right_child=2 4 -4 -5 -6 -7
leaf_value=-31.1980984035376 10.739759841313356 -7.5477582005722654 33.624746949589969 -13.639863036113574 0.06152489995252676 20.465024210625337
leaf_weight=295 636 820 316 531 5229 237
leaf_count=295 636 820 316 531 5229 237
internal_value=0.000616125 -3.25276 18.7991 -19.9408 -0.971064 13.4003
internal_weight=8064 6875 1189 826 6049 873
internal_count=8064 6875 1189 826 6049 873
is_linear=0
shrinkage=0.05


Tree=4
num_leaves=7
num_cat=0
split_feature=2 2 2 0 2 2
split_gain=1.78352e+08 9.71969e+07 2.8617e+07 2.2522e+07 1.58495e+07 4.98564e+06
threshold=217.73232857142833 -276.5698285714281 577.34464285714341 8509.8255000000008 -51.227142857142546 767.54596428571369
decision_type=2 2 2 2 2 2
left_child=1 3 -2 -1 -3 -4
right_child=2 4 5 -5 -6 -7
leaf_value=-12.524000473780752 13.84897320710634 -7.1708297025199066 25.337196952292004 -29.617102854271089 0.28671440740798454 38.359492988106595
leaf_weight=517 713 820 158 309 5389 158
leaf_count=517 713 820 158 309 5389 158
internal_value=0.000662853 -2.84403 19.433 -18.9465 -0.699172 31.9488
internal_weight=8064 7035 1029 826 6209 316
internal_count=8064 7035 1029 826 6209 316
is_linear=0
shrinkage=0.05


Tree=5
num_leaves=7
num_cat=0
split_feature=2 2 1 2 2 5
split_gain=1.6182e+08 9.16137e+07 2.15393e+07 1.77257e+07 1.61412e+07 4.5886e+06
threshold=291.53582857142925 -276.5698285714281 827.81069999999966 767.54596428571369 -20.15525000000002 -0.87651811848132988
decision_type=2 2 2 2 2 2
left_child=1 2 -1 5 -3 -2
right_child=3 4 -4 -5 -6 -7
leaf_value=-12.933421923850208 23.272568015950792 -6.2165074217258978 -30.944331248464255 36.453581211551935 0.73701418658079421 14.34640010944883
leaf_weight=595 234 984 231 158 5464 398
leaf_count=595 234 984 231 158 5464 398
internal_value=0.000806565 -2.33442 -18.0017 21.4784 -0.324931 17.6829
internal_weight=8064 7274 826 790 6448 632
internal_count=8064 7274 826 790 6448 632
is_linear=0
shrinkage=0.05


Tree=6
num_leaves=7
num_cat=0
split_feature=2 2 2 8 2 2
split_gain=1.48323e+08 7.67269e+07 2.79234e+07 2.03526e+07 1.20676e+07 5.76455e+06
threshold=179.02507857142839 -276.5698285714281 516.41869285714358 15.166666666666668 -51.227142857142546 767.54596428571369
decision_type=2 2 2 2 2 2
left_child=1 3 -2 -1 -3 -4
right_child=2 4 5 -5 -6 -7
leaf_value=-27.623057017626394 10.871838314583373 -6.5022779923844425 22.03660309580194 -11.219554616258781 0.018174913408694145 34.642366011037772
leaf_weight=295 794 820 237 531 5229 158
leaf_count=295 794 820 237 531 5229 158
internal_value=0.000919507 -2.81974 16.2991 -17.1043 -0.866664 27.1537
internal_weight=8064 6875 1189 826 6049 395
internal_count=8064 6875 1189 826 6049 395
is_linear=0
shrinkage=0.05


Tree=7
num_leaves=7
num_cat=0
split_feature=2 2 2 0 2 3
split_gain=1.33908e+08 7.05925e+07 2.52457e+07 1.94525e+07 1.66336e+07 5.17686e+06
threshold=179.02507857142839 -380.41022142857122 577.34464285714341 8857.3383500000018 -67.809799999999299 82.676428819444496
decision_type=2 2 2 2 2 2
left_child=1 3 5 -1 -3 -2
right_child=2 4 -4 -5 -6 -7
leaf_value=-12.757957876409804 12.840647682320858 -7.1073998646990297 27.584367862898468 -32.149807275733366 -0.032994714831366734 2.6414854028017114
leaf_weight=384 722 984 316 196 5311 151
leaf_count=384 722 984 316 196 5311 151
internal_value=0.00101129 -2.67908 15.487 -19.3551 -1.13978 11.0816
internal_weight=8064 6875 1189 580 6295 873
internal_count=8064 6875 1189 580 6295 873
is_linear=0
shrinkage=0.05


Tree=8
num_leaves=7
num_cat=0
split_feature=2 2 3 2 2 5
split_gain=1.20956e+08 6.78558e+07 2.10092e+07 1.33195e+07 1.20234e+07 3.97771e+06
threshold=291.53582857142925 -192.43512142857114 -32.374748958333377 767.54596428571369 73.841342857143232 -0.87651811848132988
decision_type=2 2 2 2 2 2
left_child=1 2 -1 5 -3 -2
right_child=3 4 -4 -5 -6 -7
leaf_value=-2.8852422100732635 20.476292313109056 -0.95129045016582681 -18.18882417429392 31.550597374431746 5.1349988434816867 12.180804042368287
leaf_weight=320 234 5243 752 158 959 398
leaf_count=320 234 5243 752 158 959 398
internal_value=0.00090501 -2.01805 -13.6275 18.5697 -0.00950641 15.2797
internal_weight=8064 7274 1072 790 6202 632
internal_count=8064 7274 1072 790 6202 632
is_linear=0
shrinkage=0.05


Tree=9
num_leaves=7
num_cat=0
split_feature=2 2 2 8 2 2
split_gain=1.09735e+08 5.77343e+07 2.45773e+07 2.02084e+07 1.48392e+07 6.9174e+06
threshold=140.34006428571459 -436.19196428571439 393.4712785714292 15.166666666666668 -67.809799999999299 767.54596428571369
decision_type=2 2 2 2 2 2
left_child=1 3 -2 -1 -3 -4
right_child=2 4 5 -5 -6 -7
leaf_value=-32.746835177040644 7.3689545567377639 -6.666752792262205 17.478924326688954 -11.569232596941522 -0.18823018601216171 29.982989638406526
leaf_weight=173 796 1066 395 325 5151 158
leaf_count=173 796 1066 395 325 5151 158
internal_value=0.00115312 -2.61357 13.0089 -18.977 -1.29997 21.0992
internal_weight=8064 6715 1349 498 6217 553
internal_count=8064 6715 1349 498 6217 553
is_linear=0
shrinkage=0.05


Tree=10
num_leaves=7
num_cat=0
split_feature=2 2 2 1 2 3
split_gain=9.91692e+07 5.33836e+07 1.929e+07 1.73966e+07 1.23603e+07 4.49626e+06
threshold=179.02507857142839 -380.41022142857122 516.41869285714358 674.69609999999977 -20.15525000000002 82.676428819444496
decision_type=2 2 2 2 2 2
left_child=1 3 5 -1 -3 -2
right_child=2 4 -4 -5 -6 -7
leaf_value=-8.5132292530184888 10.608410345247867 -5.460480614392667 22.349285946515476 -25.878321326381464 0.12545502317403479 0.91606306578661956
leaf_weight=304 647 1230 395 276 5065 147
leaf_count=304 647 1230 395 276 5065 147
internal_value=0.00111817 -2.30528 13.3279 -16.8069 -0.966693 8.81739
internal_weight=8064 6875 1189 580 6295 794
internal_count=8064 6875 1189 580 6295 794
is_linear=0
shrinkage=0.05


Tree=11
num_leaves=7
num_cat=0
split_feature=2 2 0 2 2 5
split_gain=8.99655e+07 5.11392e+07 1.66709e+07 1.3229e+07 1.02169e+07 3.42826e+06
threshold=291.53582857142925 -380.41022142857122 8857.3383500000018 -20.15525000000002 767.54596428571369 -0.87651811848132988
decision_type=2 2 2 2 2 2
left_child=1 2 -1 -3 5 -2
right_child=4 3 -4 -5 -6 -7
leaf_value=-9.8703610743369392 17.952702105273591 -5.1876784239802589 -27.808218335439712 0.54977419012787687 27.382832506467714 10.264018375876553
leaf_weight=384 234 1230 196 5464 158 398
leaf_count=384 234 1230 196 5464 158 398
internal_value=0.00102597 -1.74018 -15.9695 -0.505081 16.0153 13.1346
internal_weight=8064 7274 580 6694 790 632
internal_count=8064 7274 580 6694 790 632
is_linear=0
shrinkage=0.05


Tree=12
num_leaves=7
num_cat=0
split_feature=2 2 2 8 2 2
split_gain=8.27252e+07 4.26624e+07 1.81474e+07 1.74233e+07 1.09371e+07 5.30136e+06
threshold=140.34006428571459 -436.19196428571439 393.4712785714292 15.166666666666668 -67.809799999999299 767.54596428571369
decision_type=2 2 2 2 2 2
left_child=1 3 -2 -1 -3 -4
right_child=2 4 5 -5 -6 -7
leaf_value=-29.117515260323714 6.4484905633079812 -5.7474144667414944 15.079156920389094 -9.4630820217856595 -0.18554168273571892 26.02230153571135
leaf_weight=173 796 1066 395 325 5151 158
leaf_count=173 796 1066 395 325 5151 158
internal_value=0.001057 -2.26918 11.2951 -16.3355 -1.13998 18.2471
internal_weight=8064 6715 1349 498 6217 553
internal_count=8064 6715 1349 498 6217 553
is_linear=0
shrinkage=0.05


Tree=13
num_leaves=7
num_cat=0
split_feature=2 2 2 8 2 3
split_gain=7.46837e+07 3.85232e+07 1.64499e+07 1.57362e+07 9.87171e+06 6.48595e+06
threshold=140.34006428571459 -436.19196428571439 516.41869285714358 15.166666666666668 -67.809799999999299 84.847954861111035
decision_type=2 2 2 2 2 2
left_child=1 3 5 -1 -3 -2
right_child=2 4 -4 -5 -6 -7
leaf_value=-27.670006551276682 8.9803841175325214 -5.460312775161114 19.304075632372289 -8.9913795510226961 -0.17626638964819288 -2.1821894664030808
leaf_weight=173 799 1066 395 325 5151 155
leaf_count=173 799 1066 395 325 5151 155
internal_value=0.00102302 -2.15605 10.7321 -15.5226 -1.08303 7.16637
internal_weight=8064 6715 1349 498 6217 954
internal_count=8064 6715 1349 498 6217 954
is_linear=0
shrinkage=0.05


Tree=14
num_leaves=7
num_cat=0
split_feature=2 2 2 8 2 2
split_gain=6.74161e+07 3.47856e+07 1.51071e+07 1.42125e+07 8.91286e+06 4.58985e+06
threshold=140.34006428571459 -436.19196428571439 393.4712785714292 15.166666666666668 -51.227142857142546 767.54596428571369
decision_type=2 2 2 2 2 2
left_child=1 3 -2 -1 -3 -4
right_child=2 4 5 -5 -6 -7
leaf_value=-26.294457644326936 5.7746544103700224 -5.0049973630329339 13.594249048279693 -8.5431894763664236 -0.12763396358892645 23.770236259736357
leaf_weight=173 796 1148 395 325 5069 158
leaf_count=173 796 1148 395 325 5069 158
internal_value=0.000871443 -2.04856 10.1964 -14.7501 -1.02892 16.5393
internal_weight=8064 6715 1349 498 6217 553
internal_count=8064 6715 1349 498 6217 553
is_linear=0
shrinkage=0.05


Tree=15
num_leaves=7
num_cat=0
split_feature=2 2 0 2 2 3
split_gain=6.08629e+07 3.14666e+07 1.41809e+07 1.37108e+07 6.98035e+06 6.09542e+06
threshold=140.34006428571459 -380.41022142857122 8509.8255000000008 577.34464285714341 -20.15525000000002 84.847954861111035
decision_type=2 2 2 2 2 2
left_child=1 2 -1 5 -3 -2
right_child=3 4 -4 -5 -6 -7
leaf_value=-6.0640794760099164 8.5188833707033496 -4.2593878156831604 -21.812680887436684 18.790617207435403 -0.048208752143293294 -2.1388700139597527
leaf_weight=323 875 1230 257 316 4905 158
leaf_count=323 875 1230 257 316 4905 158
internal_value=0.000847514 -1.94643 -13.0679 9.68821 -0.89306 6.88826
internal_weight=8064 6715 580 1349 6135 1033
internal_count=8064 6715 580 1349 6135 1033
is_linear=0
shrinkage=0.05


Tree=16
num_leaves=7
num_cat=0
split_feature=2 2 3 1 2 0
split_gain=5.53489e+07 3.08263e+07 1.46397e+07 7.55474e+06 5.9883e+06 4.0583e+06
threshold=265.31723571428648 -276.5698285714281 -32.374748958333377 -646.50909999999965 73.841342857143232 7303.1681000000017
decision_type=2 2 2 2 2 2
left_child=1 2 -1 5 -3 -2
right_child=3 4 -4 -5 -6 -7
leaf_value=0.2930922931746433 21.605579705962594 -0.87414574542524337 -14.612984156469503 7.8062312396375448 3.5665652135554091 10.949767381218589
leaf_weight=227 221 5489 599 492 880 156
leaf_count=227 221 5489 599 492 880 156
internal_value=0.000761629 -1.43939 -10.5211 11.9127 -0.260112 17.2369
internal_weight=8064 7195 826 869 6369 377
internal_count=8064 7195 826 869 6369 377
is_linear=0
shrinkage=0.05


Tree=17
num_leaves=7
num_cat=0
split_feature=2 2 3 5 2 3
split_gain=5.01081e+07 2.86978e+07 1.26826e+07 6.33193e+06 5.43255e+06 5.38348e+06
threshold=291.53582857142925 -168.89660000000001 -32.374748958333377 -0.87651811848132988 73.841342857143232 -66.236113194444883
decision_type=2 2 2 2 2 2
left_child=1 2 -1 -2 -3 -5
right_child=3 4 -4 5 -6 -7
leaf_value=-0.67602704967103422 17.15546120557304 -0.57666502045076895 -12.024652782625267 13.289739351785636 3.5194669541644785 2.3895402468843003
leaf_weight=356 336 5161 798 236 959 218
leaf_count=356 336 5161 798 236 959 218
internal_value=0.000901696 -1.29857 -8.52731 11.9524 0.0656663 8.07248
internal_weight=8064 7274 1154 790 6120 454
internal_count=8064 7274 1154 790 6120 454
is_linear=0
shrinkage=0.05


Tree=18
num_leaves=6
num_cat=0
split_feature=2 0 2 2 7
split_gain=4.53421e+07 2.66373e+07 1.37051e+07 5.20985e+06 2.07245e+06
threshold=316.67216428571425 9159.0910500000009 -67.809799999999299 767.54596428571369 0.17364817766693022
decision_type=2 2 2 2 2
left_child=1 2 -1 4 -2
right_child=3 -3 -4 -5 -6
leaf_value=-5.1346267097735572 6.101044546080451 -21.67354918656811 0.35501179804724781 20.054341599626362 12.344474570030735
leaf_weight=1414 233 154 5785 158 320
leaf_count=1414 233 154 5785 158 320
internal_value=0.00099968 -1.16546 -0.723805 12.049 9.72964
internal_weight=8064 7353 7199 711 553
internal_count=8064 7353 7199 711 553
is_linear=0
shrinkage=0.05


Tree=19
num_leaves=7
num_cat=0
split_feature=2 0 2 2 7 1
split_gain=4.16496e+07 2.26193e+07 1.0914e+07 9.4796e+06 4.85894e+06 3.25263e+06
threshold=105.18877142857166 9159.0910500000009 393.4712785714292 -67.809799999999299 0.84258872403671548 -646.50909999999965
decision_type=2 2 2 2 2 2
left_child=1 3 4 -1 -2 -4
right_child=2 -3 5 -5 -6 -7
leaf_value=-4.87807674782173 2.7366927484084762 -20.596863361174062 16.475628914897275 -0.24115336123893508 12.679658454697709 8.6832983155719585
leaf_weight=1414 812 154 310 4987 144 243
leaf_count=1414 812 154 310 4987 144 243
internal_value=0.00102439 -1.72329 7.4875 -1.26607 4.24606 13.0734
internal_weight=8064 6555 1509 6401 956 553
internal_count=8064 6555 1509 6401 956 553
is_linear=0
shrinkage=0.05


Tree=20
num_leaves=7
num_cat=0
split_feature=2 2 1 2 2 3
split_gain=3.76424e+07 2.13898e+07 1.30886e+07 8.91266e+06 5.45884e+06 5.05424e+06
threshold=140.34006428571459 -488.52242142857125 674.69609999999977 577.34464285714341 -20.15525000000002 84.847954861111035
decision_type=2 2 2 2 2 2
left_child=1 2 -1 5 -3 -2
right_child=3 4 -4 -5 -6 -7
leaf_value=-2.8692048870027067 6.8474524242012471 -3.5637401297197471 -20.683800658967762 14.958045045321672 -0.019987720713688345 -2.8534179832950333
leaf_weight=191 875 1395 224 316 4905 158
leaf_count=191 875 1395 224 316 4905 158
internal_value=0.0010653 -1.53034 -12.5114 7.61954 -0.805117 5.36235
internal_weight=8064 6715 415 1349 6300 1033
internal_count=8064 6715 415 1349 6300 1033
is_linear=0
shrinkage=0.05


Tree=21
num_leaves=6
num_cat=0
split_feature=2 0 2 2 3
split_gain=3.41438e+07 1.98653e+07 8.62684e+06 6.53601e+06 3.01868e+06
threshold=195.42358571428579 9159.0910500000009 -67.809799999999299 767.54596428571369 -66.236113194444883
decision_type=2 2 2 2 2
left_child=1 2 -1 4 -2
right_child=3 -3 -4 -5 -6
leaf_value=-4.3693702715140352 9.732207512713952 -18.998082257855327 0.017573229181365911 17.540239382839804 4.0493844376099686
leaf_weight=1414 420 154 5387 158 531
leaf_count=1414 420 154 5387 158 531
internal_value=0.000961292 -1.29854 -0.895027 8.14453 6.56674
internal_weight=8064 6955 6801 1109 951
internal_count=8064 6955 6801 1109 951
is_linear=0
shrinkage=0.05


Tree=22
num_leaves=7
num_cat=0
split_feature=2 2 1 3 2 2
split_gain=3.11564e+07 1.77269e+07 1.16714e+07 9.65185e+06 6.01824e+06 4.07998e+06
threshold=105.18877142857166 -488.52242142857125 674.69609999999977 145.12309027777749 767.54596428571369 -8.7232714285711364
decision_type=2 2 2 2 2 2
left_child=1 2 -1 4 -2 -3
right_child=3 5 -4 -5 -6 -7
leaf_value=-2.375826848236223 6.5837745861206658 -3.102665736308543 -19.196148451487225 -5.6659563327157825 17.011318215291212 -0.08791501395178497
leaf_weight=191 1206 1477 224 147 156 4663
leaf_count=191 1206 1477 224 147 156 4663
internal_value=0.00096263 -1.4904 -11.4791 6.47605 7.78972 -0.813512
internal_weight=8064 6555 415 1509 1362 6140
internal_count=8064 6555 415 1509 1362 6140
is_linear=0
shrinkage=0.05


Tree=23
num_leaves=7
num_cat=0
split_feature=2 2 8 2 6 0
split_gain=2.8389e+07 1.80502e+07 1.12545e+07 6.01956e+06 3.15803e+06 1.55536e+06
threshold=393.4712785714292 -436.19196428571439 15.166666666666668 73.841342857143232 -0.76604444311897835 7415.7274000000007
decision_type=2 2 2 2 2 2
left_child=1 2 -1 -3 -2 -6
right_child=4 3 -4 -5 5 -7
leaf_value=-20.259081142678344 4.6884719224955074 -0.81520870184489347 -4.4828728124042234 3.078222973358101 15.688578728961946 9.172116416192825
leaf_weight=173 150 5817 325 1196 249 154
leaf_count=173 150 5817 325 1196 249 154
internal_value=0.000872164 -0.804679 -9.99298 -0.150877 10.9238 13.2273
internal_weight=8064 7511 498 7013 553 403
internal_count=8064 7511 498 7013 553 403
is_linear=0
shrinkage=0.05


Tree=24
num_leaves=7
num_cat=0
split_feature=2 0 2 5 0 3
split_gain=2.57275e+07 1.65608e+07 7.46877e+06 3.65438e+06 3.96082e+06 3.30123e+06
threshold=316.67216428571425 9159.0910500000009 -8.7232714285711364 -0.87651811848132988 7623.4300500000008 -66.236113194444883
decision_type=2 2 2 2 2 2
left_child=1 2 -1 4 -2 -5
right_child=3 -3 -4 5 -6 -7
leaf_value=-3.3811372646256332 18.45408667448795 -17.048162518624338 0.37982025012437892 10.075129160779348 7.2467774171095627 0.87960928470059185
leaf_weight=1740 164 154 5459 210 155 182
leaf_count=1740 164 154 5459 210 155 182
internal_value=0.000872378 -0.877782 -0.529547 9.07618 13.0482 5.81888
internal_weight=8064 7353 7199 711 319 392
internal_count=8064 7353 7199 711 319 392
is_linear=0
shrinkage=0.05


Tree=25
num_leaves=6
num_cat=0
split_feature=2 0 3 2 1
split_gain=2.35733e+07 1.41069e+07 8.40198e+06 5.27669e+06 4.93145e+06
threshold=105.18877142857166 9159.0910500000009 145.12309027777749 -168.89660000000001 -716.55000000000007
decision_type=2 2 2 2 2
left_child=1 3 4 -1 -2
right_child=2 -3 -4 -5 -6
leaf_value=-4.2480657123765457 11.827903550537558 -16.201253587968889 -5.6938562811704712 -0.31317945821927679 5.0298390593155773
leaf_weight=1011 365 154 147 5390 997
leaf_count=1011 365 154 147 5390 997
internal_value=0.000931691 -1.29631 5.63318 -0.935238 6.85898
internal_weight=8064 6555 1509 6401 1362
internal_count=8064 6555 1509 6401 1362
is_linear=0
shrinkage=0.05


Tree=26
num_leaves=7
num_cat=0
split_feature=2 2 1 2 6 0
split_gain=2.14725e+07 1.42831e+07 1.00034e+07 4.73355e+06 2.70962e+06 1.38982e+06
threshold=393.4712785714292 -488.52242142857125 674.69609999999977 73.841342857143232 -0.76604444311897835 7415.7274000000007
decision_type=2 2 2 2 2 2
left_child=1 2 -1 -3 -2 -6
right_child=4 3 -4 -5 5 -7
leaf_value=-1.2820018142461778 3.7309111791076939 -0.75336050102764185 -16.848273047447204 2.6950764355491676 13.955309200000764 7.8131829241783395
leaf_weight=191 150 5900 224 1196 249 154
leaf_count=191 150 5900 224 1196 249 154
internal_value=0.000825621 -0.699758 -9.70434 -0.171844 9.50043 11.6333
internal_weight=8064 7511 415 7096 553 403
internal_count=8064 7511 415 7096 553 403
is_linear=0
shrinkage=0.05


Tree=27
num_leaves=7
num_cat=0
split_feature=2 0 2 5 0 3
split_gain=1.9391e+07 1.26283e+07 5.48756e+06 3.69945e+06 4.21171e+06 2.74732e+06
threshold=265.31723571428648 9159.0910500000009 -20.15525000000002 -0.87651811848132988 7527.8921500000006 -66.236113194444883
decision_type=2 2 2 2 2 2
left_child=1 2 -1 4 -2 -5
right_child=3 -3 -4 5 -6 -7
leaf_value=-3.0549383954392582 17.350097496032713 -14.968822530008133 0.23408768250738141 7.9416401698376795 6.3183309480122158 0.61359293192040687
leaf_weight=1658 149 154 5383 257 209 254
leaf_count=1658 149 154 5383 257 209 254
internal_value=0.000842068 -0.851582 -0.540729 7.05146 10.9453 4.30744
internal_weight=8064 7195 7041 869 358 511
internal_count=8064 7195 7041 869 358 511
is_linear=0
shrinkage=0.05


Tree=28
num_leaves=6
num_cat=0
split_feature=2 0 3 2 2
split_gain=1.77347e+07 1.08987e+07 7.31038e+06 4.08649e+06 3.87998e+06
threshold=105.18877142857166 9159.0910500000009 145.12309027777749 -168.89660000000001 767.54596428571369
decision_type=2 2 2 2 2
left_child=1 3 4 -1 -2
right_child=2 -3 -4 -5 -6
leaf_value=-3.7222903479045266 5.0616434731546178 -14.225209923867258 -5.678200922785579 -0.25950395314140717 13.433086507943026
leaf_weight=1011 1206 154 147 5390 156
leaf_count=1011 1206 154 147 5390 156
internal_value=0.00088944 -1.12429 4.88611 -0.806927 6.02964
internal_weight=8064 6555 1509 6401 1362
internal_count=8064 6555 1509 6401 1362
is_linear=0
shrinkage=0.05


Tree=29
num_leaves=7
num_cat=0
split_feature=2 2 1 2 7 1
split_gain=1.62786e+07 1.12187e+07 8.83612e+06 3.5504e+06 2.35247e+06 2.67049e+06
threshold=393.4712785714292 -488.52242142857125 674.69609999999977 73.841342857143232 0.64278760968654003 -646.50909999999965
decision_type=2 2 2 2 2 2
left_child=1 2 -1 -3 5 -2
right_child=4 3 -4 -5 -6 -7
leaf_value=-0.67681887422998743 10.382245989839236 -0.64494332294149481 -15.303615999380748 2.3415871925434177 12.134752038501816 1.2701374714033946
leaf_weight=191 149 5900 224 1196 230 174
leaf_count=191 149 5900 224 1196 230 174
internal_value=0.000811553 -0.609184 -8.58957 -0.141318 8.27209 5.49263
internal_weight=8064 7511 415 7096 553 323
internal_count=8064 7511 415 7096 553 323
is_linear=0
shrinkage=0.05


Tree=30
num_leaves=7
num_cat=0
split_feature=2 2 1 8 6 0
split_gain=1.46993e+07 1.01298e+07 7.9783e+06 3.44429e+06 2.21944e+06 1.30331e+06
threshold=393.4712785714292 -488.52242142857125 674.69609999999977 15.166666666666668 -0.76604444311897835 7415.7274000000007
decision_type=2 2 2 2 2 2
left_child=1 2 -1 -3 -2 -6
right_child=4 3 -4 -5 5 -7
leaf_value=-0.64315432285269103 2.6459323663585237 -1.3620206163466921 -14.541836286968655 0.85382556415371613 12.031973557418585 6.111367131202452
leaf_weight=191 150 3164 224 3932 249 154
leaf_count=191 150 3164 224 3932 249 154
internal_value=0.00082988 -0.57882 -8.16202 -0.13424 7.86063 9.79024
internal_weight=8064 7511 415 7096 553 403
internal_count=8064 7511 415 7096 553 403
is_linear=0
shrinkage=0.05


Tree=31
num_leaves=6
num_cat=0
split_feature=2 0 3 7 2
split_gain=1.36167e+07 8.83825e+06 6.37627e+06 3.43852e+06 3.29196e+06
threshold=105.18877142857166 9159.0910500000009 145.12309027777749 0.84258872403671548 -67.809799999999299
decision_type=2 2 2 2 2
left_child=1 4 3 -2 -1
right_child=2 -3 -4 -5 -6
leaf_value=-2.8278581601028518 4.073349186904303 -12.78279098541506 -5.5838878086289849 10.315684583976115 -0.095356255045368654
leaf_weight=1414 1085 154 147 277 4987
leaf_count=1414 1085 154 147 277 4987
internal_value=0.000819992 -0.985111 4.28146 5.34954 -0.699322
internal_weight=8064 6555 1509 1362 6401
internal_count=8064 6555 1509 1362 6401
is_linear=0
shrinkage=0.05


Tree=32
num_leaves=7
num_cat=0
split_feature=2 0 2 1 0 7
split_gain=1.24543e+07 8.1886e+06 3.42149e+06 3.04183e+06 5.20198e+06 2.99971e+06
threshold=195.42358571428579 9159.0910500000009 -8.7232714285711364 -716.55000000000007 7303.1681000000017 0.73657561215276279
decision_type=2 2 2 2 2 2
left_child=1 2 -1 4 -2 -5
right_child=3 -3 -4 5 -6 -7
leaf_value=-2.4370031386147382 14.064017931401731 -12.147774986451672 0.13265037164530233 1.535401604707576 1.8022485160982455 9.3566303234595747
leaf_weight=1740 199 154 5061 604 153 153
leaf_count=1740 199 154 5061 604 153 153
internal_value=0.000736205 -0.784107 -0.525044 4.91909 8.75453 3.12644
internal_weight=8064 6955 6801 1109 352 757
internal_count=8064 6955 6801 1109 352 757
is_linear=0
shrinkage=0.05


Tree=33
num_leaves=6
num_cat=0
split_feature=2 0 3 1 7
split_gain=1.12758e+07 7.08897e+06 5.28238e+06 3.35751e+06 3.2276e+06
threshold=73.841342857143232 9159.0910500000009 145.12309027777749 2.1494000000000004 0.84258872403671548
decision_type=2 2 2 2 2
left_child=1 3 4 -1 -2
right_child=2 -3 -4 -5 -6
leaf_value=-0.014579685506831567 3.3909803392158944 -11.544304990306978 -4.4678650799004931 -2.655485173090157 9.1875892314043917
leaf_weight=4522 1270 154 183 1639 296
leaf_count=4522 1270 154 183 1639 296
internal_value=0.000775693 -0.983266 3.55232 -0.717452 4.4918
internal_weight=8064 6315 1749 6161 1566
internal_count=8064 6315 1749 6161 1566
is_linear=0
shrinkage=0.05


Tree=34
num_leaves=7
num_cat=0
split_feature=2 2 1 5 6 3
split_gain=1.05545e+07 7.462e+06 6.95175e+06 3.24943e+06 1.88599e+06 1.32465e+06
threshold=393.4712785714292 -488.52242142857125 674.69609999999977 -0.94670478576706751 -0.76604444311897835 -118.13356944444421
decision_type=2 2 2 2 2 2
left_child=1 2 -1 -3 -2 -6
right_child=4 3 -4 -5 5 -7
leaf_value=0.016231401202579342 1.858927608895677 3.7565745765324872 -12.954155275662741 -0.40496873104457198 4.896857704222203 10.790120757445079
leaf_weight=191 150 504 224 6592 162 241
leaf_count=191 150 504 224 6592 162 241
internal_value=0.000699059 -0.490476 -6.99896 -0.108904 6.66082 8.4391
internal_weight=8064 7511 415 7096 553 403
internal_count=8064 7511 415 7096 553 403
is_linear=0
shrinkage=0.05


Tree=35
num_leaves=6
num_cat=0
split_feature=2 0 3 3 3
split_gain=9.54536e+06 6.37922e+06 3.07204e+06 2.72835e+06 2.41659e+06
threshold=195.42358571428579 9159.0910500000009 -32.374748958333377 -178.66257083333355 -118.13356944444421
decision_type=2 2 2 2 2
left_child=1 2 -1 -2 -5
right_child=3 -3 -4 4 -6
leaf_value=0.86510698473099501 9.6801796104663467 -10.716299643362722 -1.3111420744141742 -1.7725843403412371 4.4938127194199291
leaf_weight=2667 194 154 4134 195 720
leaf_count=2667 194 154 4134 195 720
internal_value=0.00071345 -0.686385 -0.457728 4.30653 3.15787
internal_weight=8064 6955 6801 1109 915
internal_count=8064 6955 6801 1109 915
is_linear=0
shrinkage=0.05


Tree=36
num_leaves=7
num_cat=0
split_feature=1 2 3 5 3 3
split_gain=8.96874e+06 8.26337e+06 8.51216e+06 4.18932e+06 2.80356e+06 6.03144e+06
threshold=-466.23749999999967 -192.43512142857114 -32.374748958333377 -0.94670478576706751 -32.374748958333377 -90.448146180555327
decision_type=2 2 2 2 2 2
left_child=4 2 -2 -3 5 -1
right_child=1 3 -4 -5 -6 -7
leaf_value=3.7788372489489044 2.4025510811456252 6.0799334386565524 -7.4901108447322873 -0.1136838958167302 0.96850740801204338 16.007540555855854
leaf_weight=324 306 285 747 6015 241 146
leaf_count=324 306 285 747 6015 241 146
internal_value=0.000685465 -0.518096 -4.61577 0.167424 5.359 7.60346
internal_weight=8064 7353 1053 6300 711 470
internal_count=8064 7353 1053 6300 711 470
is_linear=0
shrinkage=0.05


Tree=37
num_leaves=6
num_cat=0
split_feature=0 5 8 8 2
split_gain=8.62767e+06 1.17205e+07 1.45832e+07 7.92213e+06 2.94293e+06
threshold=8509.8255000000008 -0.91509365977396839 15.666666666666668 15.166666666666668 120.58730714285714
decision_type=2 2 2 2 2
left_child=1 2 -1 -2 -3
right_child=3 4 -4 -5 -6
leaf_value=13.017295101624903 -12.093230650374743 -0.54722857651902912 -4.1982146234623077 0.019673400672514049 2.3514102940898325
leaf_weight=376 272 5941 182 267 1026
leaf_count=376 272 5941 182 267 1026
internal_value=0.000785326 0.438814 7.40474 -6.10404 -0.120082
internal_weight=8064 7525 558 539 6967
internal_count=8064 7525 558 539 6967
is_linear=0
shrinkage=0.05


Tree=38
num_leaves=6
num_cat=0
split_feature=0 5 8 8 2
split_gain=7.78945e+06 1.05801e+07 1.3166e+07 7.15248e+06 2.70869e+06
threshold=8509.8255000000008 -0.91509365977396839 15.666666666666668 15.166666666666668 -8.7232714285711364
decision_type=2 2 2 2 2
left_child=1 2 -1 -2 -3
right_child=3 4 -4 -5 -6
leaf_value=12.368156621911481 -11.490784148181424 -2.168642776427459 -3.9894510162332675 0.018693349788438032 0.35888849109609755
leaf_weight=376 272 1303 182 267 5664
leaf_count=376 272 1303 182 267 5664
internal_value=0.000737059 0.416944 7.03529 -5.79995 -0.114065
internal_weight=8064 7525 558 539 6967
internal_count=8064 7525 558 539 6967
is_linear=0
shrinkage=0.05


Tree=39
num_leaves=7
num_cat=0
split_feature=1 2 3 5 7 3
split_gain=7.28825e+06 6.75258e+06 7.5141e+06 3.60534e+06 2.47446e+06 5.08276e+06
threshold=-466.23749999999967 -192.43512142857114 -32.374748958333377 -0.94670478576706751 0.25881904510252068 -90.448146180555327
decision_type=2 2 2 2 2 2
left_child=4 2 -2 -3 -1 -6
right_child=1 3 -4 -5 5 -7
leaf_value=1.0214746347114223 2.4224585605269535 5.6376636297135923 -6.8718201682579156 -0.10807770760386236 1.8687503931815166 12.567990860589054
leaf_weight=267 306 285 747 6015 227 217
leaf_count=267 306 285 747 6015 227 217
internal_value=0.000669796 -0.466991 -4.17118 0.152702 4.83097 7.11438
internal_weight=8064 7353 1053 6300 711 444
internal_count=8064 7353 1053 6300 711 444
is_linear=0
shrinkage=0.05


Tree=40
num_leaves=7
num_cat=0
split_feature=0 5 8 3 8 1
split_gain=6.92132e+06 8.96803e+06 1.18597e+07 6.54536e+06 5.6978e+06 2.50403e+06
threshold=8509.8255000000008 -0.91509365977396839 15.666666666666668 -14.809275694444066 15.166666666666668 -646.50909999999965
decision_type=2 2 2 2 2 2
left_child=1 2 -1 -2 -5 -3
right_child=3 5 -4 4 -6 -7
leaf_value=11.547905956481433 2.4039315529753655 4.9119085502343189 -3.9763615894838757 -15.063303211618802 -2.4712298842961204 -0.2751830124395222
leaf_weight=376 177 240 182 196 166 6727
leaf_count=376 177 240 182 196 166 6727
internal_value=0.000738837 0.393067 6.48638 -5.46716 -9.31175 -0.0958182
internal_weight=8064 7525 558 539 362 6967
internal_count=8064 7525 558 539 362 6967
is_linear=0
shrinkage=0.05


Tree=41
num_leaves=6
num_cat=0
split_feature=2 2 8 6 0
split_gain=6.30712e+06 5.01539e+06 3.31229e+06 1.36894e+06 1.81228e+06
threshold=393.4712785714292 -621.5367214285701 15.166666666666668 -0.76604444311897835 7415.7274000000007
decision_type=2 2 2 2 2
left_child=1 -1 -3 -2 -5
right_child=3 2 -4 4 -6
leaf_value=-7.3421145868778233 1.0624241267090404 -1.3314647964258617 0.81692659342680563 9.293883912658691 2.3789742877021913
leaf_weight=249 150 3232 4030 249 154
leaf_count=249 150 3232 4030 249 154
internal_value=0.000683794 -0.37901 -0.139281 5.14917 6.66389
internal_weight=8064 7511 7262 553 403
internal_count=8064 7511 7262 553 403
is_linear=0
shrinkage=0.05


Tree=42
num_leaves=6
num_cat=0
split_feature=0 5 8 0 1
split_gain=5.98568e+06 7.98389e+06 5.88953e+06 3.56492e+06 3.12676e+06
threshold=8509.8255000000008 -0.94670478576706751 15.166666666666668 8198.1926500000027 -716.55000000000007
decision_type=2 2 2 2 2
left_child=1 3 -2 -1 -3
right_child=2 4 -4 -5 -6
leaf_value=10.904046946811675 -10.248252750600216 5.6544191570231259 0.19511472130222107 1.0201407136588261 -0.21042982850138464
leaf_weight=249 272 234 267 144 6898
leaf_count=249 272 234 267 144 6898
internal_value=0.000679851 0.365528 -5.08423 7.29424 -0.0172392
internal_weight=8064 7525 539 393 7132
internal_count=8064 7525 539 393 7132
is_linear=0
shrinkage=0.05


Tree=43
num_leaves=7
num_cat=0
split_feature=0 5 3 8 0 1
split_gain=5.40426e+06 7.20852e+06 5.79022e+06 4.67304e+06 3.21859e+06 2.82312e+06
threshold=8509.8255000000008 -0.94670478576706751 -14.809275694444066 15.166666666666668 8198.1926500000027 -716.55000000000007
decision_type=2 2 2 2 2 2
left_child=1 4 -2 -4 -1 -3
right_child=2 5 3 -5 -6 -7
leaf_value=10.361025387573243 2.5708261824558289 5.3729012517472539 -13.655892690395945 -2.2521377793329207 0.96948539059737637 -0.1999098745532035
leaf_weight=249 177 234 196 166 144 6898
leaf_count=249 177 234 196 166 144 6898
internal_value=0.000691195 0.347367 -4.83095 -8.44716 6.93104 -0.016339
internal_weight=8064 7525 539 362 393 7132
internal_count=8064 7525 539 362 393 7132
is_linear=0
shrinkage=0.05


Tree=44
num_leaves=7
num_cat=0
split_feature=2 8 8 5 0 2
split_gain=5.07557e+06 9.03858e+06 1.4681e+07 3.69849e+06 5.44681e+06 2.89393e+06
threshold=-8.7232714285711364 15.166666666666668 15.666666666666668 -0.94670478576706751 8095.5465500000009 -436.19196428571439
decision_type=2 2 2 2 2 2
left_child=1 5 -3 4 -2 -1
right_child=3 2 -4 -5 -6 -7
leaf_value=-12.298645048991018 11.452295319572171 3.9786997243655451 -8.3898015615308577 0.3704407910430958 -0.14996242225170137 -4.8728269683622791
leaf_weight=173 190 838 335 5767 215 546
leaf_count=173 190 838 335 5767 215 546
internal_value=0.000676275 -2.26426 0.442211 0.695237 5.30787 -6.67417
internal_weight=8064 1892 1173 6172 405 719
internal_count=8064 1892 1173 6172 405 719
is_linear=0
shrinkage=0.05


Tree=45
num_leaves=6
num_cat=0
split_feature=2 3 2 3 8
split_gain=4.72293e+06 4.00696e+06 3.72628e+06 3.21332e+06 2.01141e+06
threshold=73.841342857143232 145.12309027777749 -621.5367214285701 33.352760416666804 14.666666666666668
decision_type=2 2 2 2 2
left_child=2 3 -1 -2 -4
right_child=1 -3 4 -5 -6
leaf_value=-6.6186251009702692 2.0344756819955427 -4.6841209208187848 -2.7864137673806524 7.8600730367747378 -0.04383928142221058
leaf_weight=249 1276 183 764 290 5302
leaf_count=249 1276 183 764 290 5302
internal_value=0.000581021 2.2991 -0.63628 3.11762 -0.389663
internal_weight=8064 1749 6315 1566 6066
internal_count=8064 1749 6315 1566 6066
is_linear=0
shrinkage=0.05


Tree=46
num_leaves=7
num_cat=0
split_feature=3 3 2 3 5 3
split_gain=4.53938e+06 9.75152e+06 7.54953e+06 9.16942e+06 5.64699e+06 2.65158e+06
threshold=-32.374748958333377 -35.843936111110899 -192.43512142857114 182.39851493055519 -0.97111091670450067 -10.076097916666638
decision_type=2 2 2 2 2 2
left_child=1 4 3 -2 -1 -4
right_child=2 -3 5 -5 -6 -7
leaf_value=8.1647056193018166 -10.010889059656572 14.100996916191333 -3.0450996880844445 1.2881762603146805 0.23230562947036937 0.44215457093640964
leaf_weight=242 457 144 650 295 2926 3350
leaf_count=242 457 144 650 295 2926 3350
internal_value=0.000525685 1.42126 -0.989772 -5.58259 0.840638 -0.125144
internal_weight=8064 3312 4752 752 3168 4000
internal_count=8064 3312 4752 752 3168 4000
is_linear=0
shrinkage=0.05


Tree=47
num_leaves=7
num_cat=0
split_feature=0 5 8 5 1 2
split_gain=4.39298e+06 5.85775e+06 1.09492e+07 5.08616e+06 2.92407e+06 1.78901e+06
threshold=8509.8255000000008 -0.91509365977396839 15.666666666666668 -0.97111091670450067 376.00925000000012 120.58730714285714
decision_type=2 2 2 2 2 2
left_child=1 2 -1 4 -2 -3
right_child=3 5 -4 -5 -6 -7
leaf_value=10.101844700214402 3.4187923608002841 -0.41502394075052473 -4.8115234124855917 -11.077769380646783 -5.6475794060599238 1.844986271538283
leaf_weight=376 188 5941 182 184 167 1026
leaf_count=376 188 5941 182 184 167 1026
internal_value=0.000568679 0.31313 5.23772 -4.35561 -0.850117 -0.081985
internal_weight=8064 7525 558 539 355 6967
internal_count=8064 7525 558 539 355 6967
is_linear=0
shrinkage=0.05


Tree=48
num_leaves=7
num_cat=0
split_feature=0 1 5 8 3 5
split_gain=3.96694e+06 5.56651e+06 4.59279e+06 2.7144e+06 2.53171e+06 2.31636e+06
threshold=8509.8255000000008 -840.11295000000007 -0.97111091670450067 15.166666666666668 -123.95561354166692 -0.94670478576706751
decision_type=2 2 2 2 2 2
left_child=1 4 3 -2 -1 -3
right_child=2 5 -4 -5 -6 -7
leaf_value=2.4180493656373185 -5.0810655307638779 4.5483884145231803 -10.526875024228483 3.6407598327909199 11.671639025778999 -0.15503629020348733
leaf_weight=150 181 271 184 174 146 6958
leaf_count=150 181 271 184 174 146 6958
internal_value=0.0004994 0.297518 -4.13906 -0.807924 7.00625 0.0218899
internal_weight=8064 7525 539 355 296 7229
internal_count=8064 7525 539 355 296 7229
is_linear=0
shrinkage=0.05


Tree=49
num_leaves=7
num_cat=0
split_feature=3 3 2 3 5 5
split_gain=3.86698e+06 8.86348e+06 6.33916e+06 9.19076e+06 4.7414e+06 951677
threshold=-32.374748958333377 -35.843936111110899 -51.227142857142546 33.352760416666804 -0.97111091670450067 -0.87651811848132988
decision_type=2 2 2 2 2 2
left_child=1 4 3 -2 -1 -4
right_child=2 -3 5 -5 -6 -7
leaf_value=7.469421738165396 -10.206824506532969 13.400399021773504 2.7667991258422404 -0.79548191418664327 0.20085187486929235 -0.14281021354475046
leaf_weight=242 405 144 306 719 2926 3322
leaf_count=242 405 144 306 719 2926 3322
internal_value=0.000514822 1.31181 -0.913501 -4.19264 0.758272 0.103293
internal_weight=8064 3312 4752 1124 3168 3628
internal_count=8064 3312 4752 1124 3168 3628
is_linear=0
shrinkage=0.05


Tree=50
num_leaves=6
num_cat=0
split_feature=0 5 2 3 1
split_gain=3.73187e+06 7.00037e+06 4.06442e+06 3.23312e+06 2.1655e+06
threshold=8198.1926500000027 -0.94670478576706751 -436.19196428571439 33.352760416666804 -716.55000000000007
decision_type=2 2 2 2 2
left_child=1 -1 -2 -4 -3
right_child=2 4 3 -5 -6
leaf_value=8.5724151783466347 -8.0881722224479979 4.8088810844668028 -3.265366903694682 5.5108614082399168 -0.1033033134870816
leaf_weight=249 281 231 338 151 6814
leaf_count=249 281 231 338 151 6814
internal_value=0.000567776 0.350206 -3.30762 -0.549609 0.058423
internal_weight=8064 7294 770 489 7045
internal_count=8064 7294 770 489 7045
is_linear=0
shrinkage=0.05


Tree=51
num_leaves=7
num_cat=0
split_feature=3 3 2 3 5 3
split_gain=3.43338e+06 8.0724e+06 5.56746e+06 7.8955e+06 4.25508e+06 2.31112e+06
threshold=-32.374748958333377 -35.843936111110899 -192.43512142857114 182.39851493055519 -0.97111091670450067 -10.076097916666638
decision_type=2 2 2 2 2 2
left_child=1 4 3 -2 -1 -4
right_child=2 -3 5 -5 -6 -7
leaf_value=7.0655843105335796 -8.9140611425627778 12.772693746829855 -2.8442180366880518 1.5697815668039228 0.17986999698757411 0.41146984665505359
leaf_weight=242 457 144 650 295 2926 3350
leaf_count=242 457 144 650 295 2926 3350
internal_value=0.000585483 1.23618 -0.860664 -4.80476 0.707926 -0.118158
internal_weight=8064 3312 4752 752 3168 4000
internal_count=8064 3312 4752 752 3168 4000
is_linear=0
shrinkage=0.05


Tree=52
num_leaves=6
num_cat=0
split_feature=0 5 2 3 1
split_gain=3.3215e+06 6.14705e+06 3.52541e+06 2.98061e+06 1.95243e+06
threshold=8198.1926500000027 -0.94670478576706751 -436.19196428571439 33.352760416666804 -716.55000000000007
decision_type=2 2 2 2 2
left_child=1 -1 -2 -4 -3
right_child=2 4 3 -5 -6
leaf_value=8.0352733068466193 -7.5726830414846438 4.5677464497500457 -3.159172914473884 5.2673958828574738 -0.096511450515276265
leaf_weight=249 281 231 338 151 6814
leaf_count=249 281 231 338 151 6814
internal_value=0.000619703 0.330474 -3.12038 -0.551664 0.0570525
internal_weight=8064 7294 770 489 7045
internal_count=8064 7294 770 489 7045
is_linear=0
shrinkage=0.05


Tree=53
num_leaves=7
num_cat=0
split_feature=3 3 5 2 5 1
split_gain=3.09512e+06 1.16899e+07 1.39466e+07 5.13237e+06 3.10828e+06 3.71678e+06
threshold=-14.809275694444066 -10.076097916666638 1.0000000180025095e-35 -621.5367214285701 -0.97111091670450067 -972.41119999999944
decision_type=2 2 2 2 2 2
left_child=4 2 -2 -3 -1 -6
right_child=1 3 -4 -5 5 -7
leaf_value=6.0529004743705643 -21.571084931472253 -8.1927558177306015 0.39408507897936063 0.18386037786360801 8.4172927991062618 0.29213949681426671
leaf_weight=286 144 191 144 3841 146 3312
leaf_count=286 144 191 144 3841 146 3312
internal_value=0.000632375 -0.911197 -10.6251 -0.214882 1.05271 0.637525
internal_weight=8064 4320 288 4032 3744 3458
internal_count=8064 4320 288 4032 3744 3458
is_linear=0
shrinkage=0.05


Tree=54
num_leaves=7
num_cat=0
split_feature=0 5 8 4 7 1
split_gain=2.92821e+06 5.34685e+06 3.09656e+06 4.61495e+06 2.82046e+06 2.00528e+06
threshold=8198.1926500000027 -0.94670478576706751 15.166666666666668 -0.065387565056497052 0.92300020391127935 740.18340000000001
decision_type=2 2 2 2 2 2
left_child=1 -1 4 -4 -2 -3
right_child=2 5 3 -5 -6 -7
leaf_value=7.4960539407730096 -10.690769947826533 -0.076600726935438471 -6.2472983291049209 4.6142522322424391 -1.9451747146640956 5.4523492482623892
leaf_weight=249 180 6878 166 235 189 167
leaf_count=249 180 6878 166 235 189 167
internal_value=0.000511334 0.310222 -2.92989 0.113594 -6.22868 0.0552169
internal_weight=8064 7294 770 401 369 7045
internal_count=8064 7294 770 401 369 7045
is_linear=0
shrinkage=0.05


Tree=55
num_leaves=7
num_cat=0
split_feature=3 3 5 2 5 1
split_gain=2.7644e+06 1.0529e+07 1.25635e+07 4.52572e+06 2.71249e+06 3.31275e+06
threshold=-14.809275694444066 -10.076097916666638 1.0000000180025095e-35 -621.5367214285701 -0.97111091670450067 -972.41119999999944
decision_type=2 2 2 2 2 2
left_child=4 2 -2 -3 -1 -6
right_child=1 3 -4 -5 5 -7
leaf_value=5.6657688424977692 -20.469265531835887 -7.6919821358596288 0.37832032590076842 0.17400868237270689 7.9516613229602378 0.28082833422812864
leaf_weight=286 144 191 144 3841 146 3312
leaf_count=286 144 191 144 3841 146 3312
internal_value=0.000477108 -0.86126 -10.0802 -0.200426 0.994754 0.606903
internal_weight=8064 4320 288 4032 3744 3458
internal_count=8064 4320 288 4032 3744 3458
is_linear=0
shrinkage=0.05


Tree=56
num_leaves=5
num_cat=0
split_feature=3 2 1 1
split_gain=2.81304e+06 4.77319e+06 5.52266e+06 2.73416e+06
threshold=333.99270243055577 -488.52242142857125 674.69609999999977 740.18340000000001
decision_type=2 2 2 2
left_child=1 2 -1 -3
right_child=-2 3 -4 -5
leaf_value=0.64410206740671172 6.9017293546939715 -0.0025080291904304255 -11.463037735284905 6.1519050012408076
leaf_weight=182 144 7360 194 184
leaf_count=182 144 7360 194 184
internal_value=0.000368245 -0.125967 -5.6165 0.148395
internal_weight=8064 7920 376 7544
internal_count=8064 7920 376 7544
is_linear=0
shrinkage=0.05


Tree=57
num_leaves=5
num_cat=0
split_feature=3 2 3 1
split_gain=2.5406e+06 4.3739e+06 5.55112e+06 3.50071e+06
threshold=333.99270243055577 -307.58517142857039 -32.374748958333377 674.69609999999977
decision_type=2 2 2 2
left_child=1 2 -1 -3
right_child=-2 3 -4 -5
leaf_value=3.0979160707592968 6.5590228006757547 0.08421383471088971 -6.7953907329962426 7.8797961003115393
leaf_weight=199 144 7087 488 146
leaf_count=199 144 7087 488 146
internal_value=0.000363687 -0.119698 -3.92931 0.242637
internal_weight=8064 7920 687 7233
internal_count=8064 7920 687 7233
is_linear=0
shrinkage=0.05


Tree=58
num_leaves=7
num_cat=0
split_feature=3 3 2 3 5 3
split_gain=2.43844e+06 7.34334e+06 3.97773e+06 7.75227e+06 3.13244e+06 923378
threshold=-32.374748958333377 -35.843936111110899 -51.227142857142546 73.361305208333548 -0.97111091670450067 209.57285555555566
decision_type=2 2 2 2 2 2
left_child=1 4 3 -2 -1 -4
right_child=2 -3 5 -5 -6 -7
leaf_value=5.9927834995734841 -7.2966024139213808 12.044877735253039 0.35907306603899591 1.0107713572833004 0.084863836020434888 -2.1989010179960968
leaf_weight=242 586 144 3233 538 2926 395
leaf_count=242 586 144 3233 538 2926 395
internal_value=0.000412616 1.0417 -0.725399 -3.32293 0.537912 0.0800434
internal_weight=8064 3312 4752 1124 3168 3628
internal_count=8064 3312 4752 1124 3168 3628
is_linear=0
shrinkage=0.05


Tree=59
num_leaves=7
num_cat=0
split_feature=0 5 8 4 7 1
split_gain=2.327e+06 4.46868e+06 2.74868e+06 4.10312e+06 2.34423e+06 1.85692e+06
threshold=8198.1926500000027 -0.94670478576706751 15.166666666666668 -0.065387565056497052 0.92300020391127935 740.18340000000001
decision_type=2 2 2 2 2 2
left_child=1 -1 4 -4 -2 -3
right_child=2 5 3 -5 -6 -7
leaf_value=6.8458223967075345 -9.787858117746385 -0.083425147746637368 -5.7429563446673093 4.4986131131649021 -1.8143981062111103 5.2370605124604133
leaf_weight=249 180 6878 166 235 189 167
leaf_count=249 180 6878 166 235 189 167
internal_value=0.000453962 0.276546 -2.61185 0.255221 -5.71983 0.043421
internal_weight=8064 7294 770 401 369 7045
internal_count=8064 7294 770 401 369 7045
is_linear=0
shrinkage=0.05


Tree=60
num_leaves=5
num_cat=0
split_feature=3 3 0 2
split_gain=2.2955e+06 4.11725e+06 4.783e+06 3.23475e+06
threshold=333.99270243055577 230.74994236111095 222.39375000000004 -621.5367214285701
decision_type=2 2 2 2
left_child=1 3 -3 -1
right_child=-2 2 -4 -5
leaf_value=-5.9965828267318946 6.2346993967582449 0.47963869999516118 -12.381980052158752 0.28162774638713578
leaf_weight=210 144 144 144 7422
leaf_count=210 144 144 144 7422
internal_value=0.000426001 -0.113697 -5.97176 0.108115
internal_weight=8064 7920 288 7632
internal_count=8064 7920 288 7632
is_linear=0
shrinkage=0.05


Tree=61
num_leaves=6
num_cat=0
split_feature=2 3 3 3 2
split_gain=2.24215e+06 2.79889e+06 2.74815e+06 2.41416e+06 2.98658e+06
threshold=63.476114285714281 145.12309027777749 33.352760416666804 333.99270243055577 -621.5367214285701
decision_type=2 2 2 2 2
left_child=3 2 -2 4 -1
right_child=1 -3 -4 -5 -6
leaf_value=-6.2824605874683828 1.2396374109818276 -4.0451162718534475 6.5115756199940256 5.925114229465354 -0.38708556334337768
leaf_weight=222 1327 199 303 144 5869
leaf_count=222 1327 199 303 144 5869
internal_value=0.000334137 1.5392 2.22303 -0.451257 -0.602952
internal_weight=8064 1829 1630 6235 6091
internal_count=8064 1829 1630 6235 6091
is_linear=0
shrinkage=0.05


Tree=62
num_leaves=7
num_cat=0
split_feature=3 3 5 2 5 1
split_gain=2.1668e+06 9.45424e+06 1.11404e+07 2.93199e+06 2.14306e+06 2.9143e+06
threshold=-14.809275694444066 -10.076097916666638 1.0000000180025095e-35 -621.5367214285701 -0.97111091670450067 -972.41119999999944
decision_type=2 2 2 2 2 2
left_child=4 2 -2 -3 -1 -6
right_child=1 3 -4 -5 5 -7
leaf_value=5.0324862895319278 -19.281342502462454 -6.1663017137597009 0.3500628696227896 0.16496571352820383 7.4247679343028956 0.23003648935715704
leaf_weight=286 144 191 144 3841 146 3312
leaf_count=286 144 191 144 3841 146 3312
internal_value=0.000335789 -0.762594 -9.49839 -0.136408 0.880608 0.535863
internal_weight=8064 4320 288 4032 3744 3458
internal_count=8064 4320 288 4032 3744 3458
is_linear=0
shrinkage=0.05


Tree=63
num_leaves=7
num_cat=0
split_feature=3 3 5 2 8 5
split_gain=1.95669e+06 8.53859e+06 1.00615e+07 2.64754e+06 2.07896e+06 5.53462e+06
threshold=-14.809275694444066 -10.076097916666638 1.0000000180025095e-35 -621.5367214285701 15.666666666666668 -0.65918890865109969
decision_type=2 2 2 2 2 2
left_child=4 2 -2 -3 5 -1
right_child=1 3 -4 -5 -6 -7
leaf_value=5.075565074876466 -18.323924100234592 -5.8595925308763981 0.33268042476012788 0.15671957655070967 -1.3132959202558578 0.14545481960618978
leaf_weight=780 144 191 144 3841 864 2100
leaf_count=780 144 191 144 3841 864 2100
internal_value=0.00024308 -0.724752 -9.02675 -0.129662 0.836747 1.48199
internal_weight=8064 4320 288 4032 3744 2880
internal_count=8064 4320 288 4032 3744 2880
is_linear=0
shrinkage=0.05


Tree=64
num_leaves=7
num_cat=0
split_feature=8 2 8 5 0 2
split_gain=1.97717e+06 6.14488e+06 4.52379e+06 7.61237e+06 7.2598e+06 3.07968e+06
threshold=15.166666666666668 -8.7232714285711364 15.666666666666668 -0.4026508470528945 7527.8921500000006 577.34464285714341
decision_type=2 2 2 2 2 2
left_child=1 -1 3 -2 -4 -3
right_child=2 5 4 -5 -6 -7
leaf_value=-5.0032062296403783 5.2494960802853896 -0.26210427964499139 -0.32424860629396374 -0.078999574164993439 -11.684255258700787 6.4748595099422817
leaf_weight=719 1060 2701 1429 1820 155 180
leaf_count=719 1060 2701 1429 1820 155 180
internal_value=0.000108259 -0.871581 0.703122 1.88332 -1.44254 0.16091
internal_weight=8064 3600 4464 2880 1584 2881
internal_count=8064 3600 4464 2880 1584 2881
is_linear=0
shrinkage=0.05


Tree=65
num_leaves=7
num_cat=0
split_feature=0 5 8 8 4 5
split_gain=1.88982e+06 3.83237e+06 7.93182e+06 1.96564e+06 3.36382e+06 2.20972e+06
threshold=8095.5465500000009 -0.87651811848132988 15.666666666666668 15.166666666666668 -0.10884096748385481 -0.97111091670450067
decision_type=2 2 2 2 2 2
left_child=1 2 -1 5 -5 -2
right_child=3 -3 -4 4 -6 -7
leaf_value=9.7342853257917383 -1.6196889824420215 -0.044760168010150619 -3.4402742239389017 -5.6967356726527214 3.3854974373909927 -9.0854702636511888
leaf_weight=291 239 6739 187 159 280 169
leaf_count=291 239 6739 187 159 280 169
internal_value=6.7948e-05 0.262393 4.5838 -2.23279 0.0905615 -4.72679
internal_weight=8064 7217 478 847 439 408
internal_count=8064 7217 478 847 439 408
is_linear=0
shrinkage=0.05


Tree=66
num_leaves=5
num_cat=0
split_feature=3 3 0 2
split_gain=1.87056e+06 3.49037e+06 4.09921e+06 2.26721e+06
threshold=333.99270243055577 230.74994236111095 222.39375000000004 -621.5367214285701
decision_type=2 2 2 2
left_child=1 3 -3 -1
right_child=-2 2 -4 -5
leaf_value=-5.0095799492433741 5.6277430332118072 0.47556840813879309 -11.431046771838748 0.24649404669629674
leaf_weight=210 144 144 144 7422
leaf_count=210 144 144 144 7422
internal_value=2.26059e-05 -0.102997 -5.49669 0.101232
internal_weight=8064 7920 288 7632
internal_count=8064 7920 288 7632
is_linear=0
shrinkage=0.05


Tree=67
num_leaves=7
num_cat=0
split_feature=8 2 3 5 1 2
split_gain=1.70344e+06 5.16176e+06 4.23151e+06 8.68694e+06 4.43417e+06 2.59128e+06
threshold=15.166666666666668 -8.7232714285711364 101.54536909722221 -0.44218343748786698 618.9332499999997 577.34464285714341
decision_type=2 2 2 2 2 2
left_child=1 -1 4 -4 -2 -3
right_child=2 5 3 -5 -6 -7
leaf_value=-4.5958619747559233 0.35095578817647294 -0.25086205550817586 11.556846831133591 0.087682839073720417 -7.9371870453541096 5.9288469574728069
leaf_weight=719 3576 2701 255 465 168 180
leaf_count=719 3576 2701 255 465 168 180
internal_value=-4.10863e-05 -0.809144 0.652497 4.16007 -0.0229682 0.137159
internal_weight=8064 3600 4464 720 3744 2881
internal_count=8064 3600 4464 720 3744 2881
is_linear=0
shrinkage=0.05


Tree=68
num_leaves=7
num_cat=0
split_feature=3 8 0 3 0 6
split_gain=1.67589e+06 3.98455e+06 6.89995e+06 3.62735e+06 1.89444e+06 1.7139e+06
threshold=-152.91193993055523 14.666666666666668 3020.8113500000004 -118.13356944444421 4095.9156500000004 -0.043577871373828972
decision_type=2 2 2 2 2 2
left_child=4 2 -2 -3 -1 -6
right_child=1 3 -4 -5 5 -7
leaf_value=0.37460475771325896 0.034935049762550206 -4.2890642965724366 -10.04199714575806 0.45212442980599832 1.4550737359842589 8.6085596262324948
leaf_weight=673 447 432 273 5904 171 164
leaf_count=673 447 432 273 5904 171 164
internal_value=-7.1631e-06 -0.272527 -3.79453 0.128236 1.90601 4.97228
internal_weight=8064 7056 720 6336 1008 335
internal_count=8064 7056 720 6336 1008 335
is_linear=0
shrinkage=0.05


Tree=69
num_leaves=5
num_cat=0
split_feature=0 8 0 5
split_gain=1.63837e+06 1.81428e+06 6.426e+06 5.14111e+06
threshold=9159.0910500000009 15.666666666666668 7527.8921500000006 -0.94670478576706751
decision_type=2 2 2 2
left_child=1 3 -3 -1
right_child=-2 2 -4 -5
leaf_value=5.1778819817874941 -5.0909462946605295 -0.3608833202165454 -11.048693397717599 0.046370963616639366
leaf_weight=532 154 1429 155 5794
leaf_count=532 154 1429 155 5794
internal_value=-2.79186e-05 0.0997183 -1.41303 0.478668
internal_weight=8064 7910 1584 6326
internal_count=8064 7910 1584 6326
is_linear=0
shrinkage=0.05


Tree=70
num_leaves=7
num_cat=0
split_feature=3 3 5 2 4 3
split_gain=1.61359e+06 7.51889e+06 8.81796e+06 2.16734e+06 1.97162e+06 5.5254e+06
threshold=-14.809275694444066 -10.076097916666638 1.0000000180025095e-35 -621.5367214285701 -0.36235178784537908 -90.448146180555327
decision_type=2 2 2 2 2 2
left_child=4 2 -2 -3 -1 -6
right_child=1 3 -4 -5 5 -7
leaf_value=-0.69974734266097405 -17.152675709724427 -5.2843619663578778 0.31297431968409439 0.1590621146298502 -0.60088619879434235 4.2985063441247586
leaf_weight=1430 144 191 144 3841 1246 1068
leaf_count=1430 144 191 144 3841 1246 1068
internal_value=-9.64427e-05 -0.658467 -8.44899 -0.100045 0.759535 1.66125
internal_weight=8064 4320 288 4032 3744 2314
internal_count=8064 4320 288 4032 3744 2314
is_linear=0
shrinkage=0.05


Tree=71
num_leaves=5
num_cat=0
split_feature=3 3 0 2
split_gain=1.56747e+06 2.85228e+06 3.3798e+06 1.83388e+06
threshold=333.99270243055577 230.74994236111095 222.39375000000004 -621.5367214285701
decision_type=2 2 2 2
left_child=1 3 -3 -1
right_child=-2 2 -4 -5
leaf_value=-4.5064104268477427 5.1514351353563121 0.4524750510783031 -10.35883912378344 0.2207503900006067
leaf_weight=210 144 144 144 7422
leaf_count=210 144 144 144 7422
internal_value=-0.000209194 -0.094514 -4.97032 0.0901058
internal_weight=8064 7920 288 7632
internal_count=8064 7920 288 7632
is_linear=0
shrinkage=0.05


Tree=72
num_leaves=6
num_cat=0
split_feature=3 7 8 3 0
split_gain=1.5562e+06 3.99267e+06 2.29434e+06 3.79005e+06 3.70216e+06
threshold=-296.77948784722201 1.0000000180025095e-35 15.166666666666668 101.54536909722221 8396.8687500000015
decision_type=2 2 2 2 2
left_child=1 -1 4 -4 -2
right_child=2 -3 3 -5 -6
leaf_value=-2.2805715433688003 -0.60730399027518622 9.4606632841917975 -0.033657574420170026 3.9251704739280115 -6.4673143602706293
leaf_weight=144 3017 144 3744 720 295
leaf_count=144 3017 144 3744 720 295
internal_value=-0.000254792 3.60247 -0.134135 0.605599 -1.13105
internal_weight=8064 288 7776 4464 3312
internal_count=8064 288 7776 4464 3312
is_linear=0
shrinkage=0.05


Tree=73
num_leaves=7
num_cat=0
split_feature=3 8 0 3 0 6
split_gain=1.4799e+06 3.28725e+06 5.95438e+06 3.22561e+06 1.6444e+06 1.54811e+06
threshold=-152.91193993055523 14.666666666666668 3867.2798000000007 -118.13356944444421 4095.9156500000004 -0.043577871373828972
decision_type=2 2 2 2 2 2
left_child=4 2 -2 -3 -1 -6
right_child=1 3 -4 -5 5 -7
leaf_value=0.3640912435954376 -0.14461611642233901 -4.0578036707798004 -9.6921183737277996 0.41313462671380541 1.3054269317277643 8.1034797905837035
leaf_weight=673 471 432 249 5904 171 164
leaf_count=673 471 432 249 5904 171 164
internal_value=-0.000217275 -0.256307 -3.45532 0.107706 1.79089 4.64764
internal_weight=8064 7056 720 6336 1008 335
internal_count=8064 7056 720 6336 1008 335
is_linear=0
shrinkage=0.05


Tree=74
num_leaves=7
num_cat=0
split_feature=8 2 8 5 2 0
split_gain=1.51853e+06 5.93391e+06 3.50246e+06 6.68791e+06 3.87434e+06 1.48093e+06
threshold=15.666666666666668 -145.72400714285706 15.166666666666668 -0.36235178784537897 -8.7232714285711364 6887.9360500000012
decision_type=2 2 2 2 2 2
left_child=2 -2 4 -4 -1 -3
right_child=1 5 3 -5 -6 -7
leaf_value=-3.9812812074356607 -9.934793490502571 0.29513865720680282 4.7014934470989136 -0.25610760748443906 0.11923496436927467 -4.7734301041971685
leaf_weight=719 179 1243 1100 1780 2881 162
leaf_count=719 179 1243 1100 1780 2881 162
internal_value=-0.0002294 -1.38749 0.339042 1.6384 -0.700607 -0.292259
internal_weight=8064 1584 6480 2880 3600 1405
internal_count=8064 1584 6480 2880 3600 1405
is_linear=0
shrinkage=0.05


Tree=75
num_leaves=7
num_cat=0
split_feature=3 3 3 0 5 2
split_gain=1.40447e+06 6.48065e+06 2.30238e+06 4.7999e+06 2.15483e+06 1.81936e+06
threshold=-32.374748958333377 -35.843936111110899 -10.076097916666638 3661.4227500000002 -0.97111091670450067 -621.5367214285701
decision_type=2 2 2 2 2 2
left_child=1 4 3 -2 -1 -4
right_child=2 -3 5 -5 -6 -7
leaf_value=4.8410327692650297 -0.052669452588728682 11.126572503098126 -4.835702186326186 -8.5210372142775945 -0.058967630302394783 0.15162843801105422
leaf_weight=242 457 144 191 263 2926 3841
leaf_count=242 457 144 191 263 2926 3841
internal_value=-0.000303667 0.789956 -0.551141 -3.1535 0.316747 -0.085767
internal_weight=8064 3312 4752 720 3168 4032
internal_count=8064 3312 4752 720 3168 4032
is_linear=0
shrinkage=0.05


Tree=76
num_leaves=6
num_cat=0
split_feature=2 3 3 3 2
split_gain=1.37684e+06 2.14996e+06 2.45343e+06 1.47966e+06 1.65918e+06
threshold=63.476114285714281 145.12309027777749 33.352760416666804 333.99270243055577 -488.52242142857125
decision_type=2 2 2 2 2
left_child=3 2 -2 4 -1
right_child=1 -3 -4 -5 -6
leaf_value=-3.6856660139023152 0.87611961647410919 -3.6884438510537145 5.8568881089161886 4.6378186031867719 -0.26092962934079983
leaf_weight=376 1327 199 303 144 5715
leaf_count=376 1327 199 303 144 5715
internal_value=-0.00027205 1.20562 1.80502 -0.354151 -0.47291
internal_weight=8064 1829 1630 6235 6091
internal_count=8064 1829 1630 6235 6091
is_linear=0
shrinkage=0.05


Tree=77
num_leaves=7
num_cat=0
split_feature=3 3 5 4 3 1
split_gain=1.33806e+06 6.4308e+06 7.52549e+06 1.78308e+06 5.02778e+06 3.43275e+06
threshold=-14.809275694444066 -10.076097916666638 1.0000000180025095e-35 -0.36235178784537908 -90.448146180555327 63.475900000000145
decision_type=2 2 2 2 2 2
left_child=3 2 -2 5 -5 -1
right_child=1 -3 -4 4 -6 -7
leaf_value=0.20576787029055496 -15.845135243185636 -0.083331114710639989 0.28982887840476529 -0.60881742066752287 4.0647324416545976 -7.3437470226782811
leaf_weight=1260 144 4032 144 1246 1068 170
leaf_count=1260 144 4032 144 1246 1068 170
internal_value=-0.000235289 -0.599767 -7.80457 0.691508 1.54903 -0.696232
internal_weight=8064 4320 288 3744 2314 1430
internal_count=8064 4320 288 3744 2314 1430
is_linear=0
shrinkage=0.05


Tree=78
num_leaves=7
num_cat=0
split_feature=3 8 0 3 0 6
split_gain=1.37336e+06 2.82069e+06 5.21014e+06 2.97144e+06 1.47491e+06 1.40166e+06
threshold=-152.91193993055523 14.666666666666668 3661.4227500000002 -118.13356944444421 4095.9156500000004 -0.043577871373828972
decision_type=2 2 2 2 2 2
left_child=4 2 -2 -3 -1 -6
right_child=1 3 -4 -5 5 -7
leaf_value=0.37377831238067716 -0.046997507616717331 -3.90786920353667 -8.9214553528722629 0.38330076419387982 1.2503650664243589 7.7189463650096544
leaf_weight=673 464 432 256 5904 171 164
leaf_count=673 464 432 256 5904 171 164
internal_value=-0.000343298 -0.247043 -3.21036 0.0901505 1.72509 4.43062
internal_weight=8064 7056 720 6336 1008 335
internal_count=8064 7056 720 6336 1008 335
is_linear=0
shrinkage=0.05


Tree=79
num_leaves=7
num_cat=0
split_feature=8 0 8 5 3 2
split_gain=1.32516e+06 5.24441e+06 2.95745e+06 6.17951e+06 3.27033e+06 744020
threshold=15.666666666666668 7527.8921500000006 15.166666666666668 -0.44218343748786698 -123.95561354166692 -67.809799999999299
decision_type=2 2 2 2 2 2
left_child=2 5 4 -4 -1 -2
right_child=1 -3 3 -5 -6 -7
leaf_value=2.3731021060588953 -3.5703039988031926 -10.001095095658915 4.6360743612356812 -0.20497941414123499 -1.3922803246643407 0.057585852899194739
leaf_weight=720 158 155 1020 1860 2880 1271
leaf_count=720 158 155 1020 1860 2880 1271
internal_value=-0.000345658 -1.29628 0.316589 1.51057 -0.638754 -0.345755
internal_weight=8064 1584 6480 2880 3600 1429
internal_count=8064 1584 6480 2880 3600 1429
is_linear=0
shrinkage=0.05


Tree=80
num_leaves=5
num_cat=0
split_feature=0 8 2 5
split_gain=1.22e+06 1.37634e+06 4.74748e+06 4.53339e+06
threshold=9159.0910500000009 15.666666666666668 -145.72400714285706 -0.91509365977396839
decision_type=2 2 2 2
left_child=1 3 -3 -1
right_child=-2 2 -4 -5
leaf_value=4.1952465371459935 -4.3934809190227142 -8.8771088624662831 -0.25225181586264683 -0.058183738872873952
leaf_weight=704 154 179 1405 5622
leaf_count=704 154 179 1405 5622
internal_value=-0.000378617 0.0856954 -1.23189 0.415755
internal_weight=8064 7910 1584 6326
internal_count=8064 7910 1584 6326
is_linear=0
shrinkage=0.05


Tree=81
num_leaves=7
num_cat=0
split_feature=0 5 3 3 2 1
split_gain=1.26868e+06 3.24102e+06 6.11201e+06 1.64023e+06 2.65498e+06 1.59469e+06
threshold=8095.5465500000009 -0.85470842479866194 -90.448146180555327 182.39851493055519 -488.52242142857125 674.69609999999977
decision_type=2 2 2 2 2 2
left_child=1 2 -1 4 -2 -3
right_child=3 5 -4 -5 -6 -7
leaf_value=-3.4452987005313243 -8.5291342790095719 -0.22260853769004557 7.5098448496066172 2.3519826891629592 -1.1814494712511541 4.6279431172486012
leaf_weight=191 162 6475 378 183 502 173
leaf_count=191 162 6475 378 183 502 173
internal_value=-0.000417867 0.214517 3.83287 -1.8299 -2.98424 -0.0957062
internal_weight=8064 7217 569 847 664 6648
internal_count=8064 7217 569 847 664 6648
is_linear=0
shrinkage=0.05


Tree=82
num_leaves=6
num_cat=0
split_feature=3 7 8 3 0
split_gain=1.18767e+06 3.45083e+06 1.60139e+06 3.29216e+06 2.86736e+06
threshold=-296.77948784722201 1.0000000180025095e-35 15.166666666666668 101.54536909722221 8396.8687500000015
decision_type=2 2 2 2 2
left_child=1 -1 4 -4 -2
right_child=2 -3 3 -5 -6
leaf_value=-2.3212350492436311 -0.48930743869716231 8.5934514078600657 -0.0951102332917797 3.5945193198038043 -5.6464466051878155
leaf_weight=144 3017 144 3744 720 295
leaf_count=144 3017 144 3744 720 295
internal_value=-0.000390089 3.14696 -0.117348 0.500663 -0.95022
internal_weight=8064 288 7776 4464 3312
internal_count=8064 288 7776 4464 3312
is_linear=0
shrinkage=0.05


Tree=83
num_leaves=7
num_cat=0
split_feature=3 3 5 10 3 1
split_gain=1.16348e+06 5.65491e+06 6.70209e+06 1.6332e+06 5.04828e+06 3.33672e+06
threshold=-14.809275694444066 -10.076097916666638 1.0000000180025095e-35 0.59575551782682523 -90.448146180555327 63.475900000000145
decision_type=2 2 2 2 2 2
left_child=3 2 -2 4 -1 -5
right_child=1 -3 -4 5 -6 -7
leaf_value=-0.70242115483682255 -14.903552946222241 -0.075123343738144652 0.32281244610917981 0.2409054871998893 4.2296335978874033 -7.0773454899760502
leaf_weight=1123 144 4032 144 1485 963 173
leaf_count=1123 144 4032 144 1485 963 173
internal_value=-0.000348043 -0.559403 -7.3156 0.644692 1.57539 -0.526505
internal_weight=8064 4320 288 3744 2086 1658
internal_count=8064 4320 288 3744 2086 1658
is_linear=0
shrinkage=0.05


Tree=84
num_leaves=7
num_cat=0
split_feature=3 8 0 3 0 6
split_gain=1.15691e+06 2.36554e+06 4.72348e+06 2.65744e+06 1.33676e+06 1.27988e+06
threshold=-152.91193993055523 14.666666666666668 3020.8113500000004 -118.13356944444421 4095.9156500000004 -0.043577871373828972
decision_type=2 2 2 2 2 2
left_child=4 2 -2 -3 -1 -6
right_child=1 3 -4 -5 5 -7
leaf_value=0.29681800477170783 0.2274164750325976 -3.6989602564801793 -8.1096668338253561 0.35915442464619862 1.1204423721793086 7.3010473037488541
leaf_weight=673 447 432 273 5904 171 164
leaf_count=673 447 432 273 5904 171 164
internal_value=-0.000442011 -0.226868 -2.94059 0.0819247 1.5832 4.1589
internal_weight=8064 7056 720 6336 1008 335
internal_count=8064 7056 720 6336 1008 335
is_linear=0
shrinkage=0.05


Tree=85
num_leaves=7
num_cat=0
split_feature=8 0 8 5 2 2
split_gain=1.1563e+06 4.61566e+06 2.43816e+06 5.47029e+06 2.78138e+06 549531
threshold=15.666666666666668 7527.8921500000006 15.166666666666668 -0.36235178784537897 -8.7232714285711364 -67.809799999999299
decision_type=2 2 2 2 2 2
left_child=2 5 4 -4 -1 -2
right_child=1 -3 3 -5 -6 -7
leaf_value=-3.3514871915926534 -3.090493839730819 -9.3773387647592106 4.1499907122050272 -0.33360691256068153 0.12282720350238348 0.027388728578258661
leaf_weight=719 158 155 1100 1780 2881 1271
leaf_count=719 158 155 1100 1780 2881 1271
internal_value=-0.00043544 -1.21099 0.295618 1.37972 -0.571809 -0.319266
internal_weight=8064 1584 6480 2880 3600 1429
internal_count=8064 1584 6480 2880 3600 1429
is_linear=0
shrinkage=0.05


Tree=86
num_leaves=7
num_cat=0
split_feature=3 8 0 3 0 1
split_gain=1.06678e+06 2.07264e+06 4.18589e+06 2.44559e+06 1.2441e+06 784674
threshold=-152.91193993055523 14.666666666666668 3867.2798000000007 -118.13356944444421 3263.2393500000003 -417.95919999999927
decision_type=2 2 2 2 2 2
left_child=4 2 -2 -3 -1 -6
right_child=1 3 -4 -5 5 -7
leaf_value=0.16965740359439627 0.01748021552181345 -3.5559192201625942 -7.9872965289831157 0.33708132208796937 1.5960296159192007 6.1852122412787551
leaf_weight=634 471 432 249 5904 195 179
leaf_count=634 471 432 249 5904 195 179
internal_value=-0.000487145 -0.217914 -2.75808 0.0711302 1.52021 3.80309
internal_weight=8064 7056 720 6336 1008 374
internal_count=8064 7056 720 6336 1008 374
is_linear=0
shrinkage=0.05


Tree=87
num_leaves=7
num_cat=0
split_feature=8 0 5 0 1 2
split_gain=1.09846e+06 4.20497e+06 2.2534e+06 5.62317e+06 2.1283e+06 498396
threshold=15.666666666666668 7041.5502500000011 -0.91509365977396839 8306.4220500000029 674.69609999999977 -51.227142857142546
decision_type=2 2 2 2 2 2
left_child=2 5 3 -1 -4 -2
right_child=1 -3 4 -5 -6 -7
leaf_value=8.7134846128915484 -2.7307287499874455 -7.2770318699379759 -0.26516085685442276 -0.042947417911135814 4.9127199318151451 0.25825083489875217
leaf_weight=265 157 239 5420 590 205 1188
leaf_count=265 157 239 5420 590 205 1188
internal_value=-0.00048286 -1.18037 0.288071 2.67804 -0.0756162 -0.0924182
internal_weight=8064 1584 6480 855 5625 1345
internal_count=8064 1584 6480 855 5625 1345
is_linear=0
shrinkage=0.05


Tree=88
num_leaves=7
num_cat=0
split_feature=3 3 5 6 3 3
split_gain=1.00954e+06 5.03112e+06 5.89858e+06 1.56926e+06 3.84333e+06 3.65152e+06
threshold=-14.809275694444066 -10.076097916666638 1.0000000180025095e-35 0.49999999999999961 -90.448146180555327 -96.079569791666685
decision_type=2 2 2 2 2 2
left_child=3 2 -2 4 -1 -5
right_child=1 -3 -4 5 -6 -7
leaf_value=-0.49068897012411256 -14.012443608251113 -0.064408294404881106 0.27224763130319535 2.064973010635399 3.4644016958054444 -3.300550844998599
leaf_weight=1330 144 4032 144 588 1140 686
leaf_count=1330 144 4032 144 588 1140 686
internal_value=-0.000436588 -0.521196 -6.89387 0.600418 1.3354 -0.824478
internal_weight=8064 4320 288 3744 2470 1274
internal_count=8064 4320 288 3744 2470 1274
is_linear=0
shrinkage=0.05


Tree=89
num_leaves=5
num_cat=0
split_feature=3 8 3 0
split_gain=981616 1.07659e+06 2.91833e+06 2.30317e+06
threshold=-325.34513888888881 15.166666666666668 101.54536909722221 8605.6892500000013
decision_type=2 2 2 2
left_child=-1 3 -3 -2
right_child=1 2 -4 -5
leaf_value=4.0762954484799812 -0.39851520796857742 -0.1231467832354437 3.3506864118964597 -5.6523533130373664
leaf_weight=144 3234 3744 720 222
leaf_count=144 3234 3744 720 222
internal_value=-0.000489578 -0.0751182 0.437774 -0.737539
internal_weight=8064 7920 4464 3456
internal_count=8064 7920 4464 3456
is_linear=0
shrinkage=0.05


Tree=90
num_leaves=5
num_cat=0
split_feature=5 0 1 3
split_gain=983158 2.22937e+06 1.5357e+06 1.18175e+06
threshold=-0.98812630719300909 8605.6892500000013 -972.41119999999944 -40.378976736111092
decision_type=2 2 2 2
left_child=3 2 -2 -1
right_child=1 -3 -4 -5
leaf_value=5.9664322302148154 4.55136629712712 -4.8684059860184794 -0.086400693933255002 0.306402188127603
leaf_weight=147 182 239 7251 245
leaf_count=147 182 239 7251 245
internal_value=-0.000457325 -0.125387 0.0277539 2.43869
internal_weight=8064 7672 7433 392
internal_count=8064 7672 7433 392
is_linear=0
shrinkage=0.05


Tree=91
num_leaves=7
num_cat=0
split_feature=8 0 5 0 0 2
split_gain=982827 3.85127e+06 2.13885e+06 4.11415e+06 2.44169e+06 426306
threshold=15.666666666666668 7527.8921500000006 -0.94670478576706751 8605.6892500000013 7962.6114000000007 -67.809799999999299
decision_type=2 2 2 2 2 2
left_child=2 5 3 -1 -4 -2
right_child=1 -3 4 -5 -6 -7
leaf_value=7.3012220515410107 -2.7427277975862134 -8.5760142134168209 0.18322214272718979 -0.54850100292293091 -4.8019299945826663 0.0034377889257398843
leaf_weight=299 158 155 5549 376 256 1271
leaf_count=299 158 155 5549 376 256 1271
internal_value=-0.000398072 -1.11645 0.272546 2.93429 -0.0374118 -0.301903
internal_weight=8064 1584 6480 675 5805 1429
internal_count=8064 1584 6480 675 5805 1429
is_linear=0
shrinkage=0.05


Tree=92
num_leaves=7
num_cat=0
split_feature=8 0 8 5 3 2
split_gain=887504 3.50356e+06 2.0418e+06 4.80424e+06 2.28816e+06 392672
threshold=15.666666666666668 7041.5502500000011 15.166666666666668 -0.48087430661751701 145.12309027777749 -51.227142857142546
decision_type=2 2 2 2 2 2
left_child=2 5 4 -4 -1 -2
right_child=1 -3 3 -5 -6 -7
leaf_value=0.17376224665444381 -2.4097547992875308 -6.6259988031784687 4.0925562506725788 -0.21600078864763839 -2.7764284711008127 0.24332638744112495
leaf_weight=2736 157 239 980 1900 864 1188
leaf_count=2736 157 239 980 1900 864 1188
internal_value=-0.000435099 -1.06099 0.258935 1.25102 -0.534858 -0.0679244
internal_weight=8064 1584 6480 2880 3600 1345
internal_count=8064 1584 6480 2880 3600 1345
is_linear=0
shrinkage=0.05


Tree=93
num_leaves=7
num_cat=0
split_feature=0 5 3 3 2 1
split_gain=903560 2.84706e+06 5.92177e+06 1.69556e+06 2.26259e+06 1.36916e+06
threshold=8095.5465500000009 -0.85470842479866194 -90.448146180555327 182.39851493055519 -488.52242142857125 674.69609999999977
decision_type=2 2 2 2 2 2
left_child=1 2 -1 4 -2 -3
right_child=3 5 -4 -5 -6 -7
leaf_value=-3.5910531969120107 -7.8370029044846081 -0.22741095393195671 7.191720711194117 2.7065225951049641 -1.0541112955874405 4.2670876016562014
leaf_weight=191 162 6475 378 183 502 173
leaf_count=191 162 6475 378 183 502 173
internal_value=-0.000459945 0.180928 3.57225 -1.5444 -2.71827 -0.109827
internal_weight=8064 7217 569 847 664 6648
internal_count=8064 7217 569 847 664 6648
is_linear=0
shrinkage=0.05


Tree=94
num_leaves=5
num_cat=0
split_feature=5 0 1 3
split_gain=902421 1.89128e+06 1.31688e+06 1.02561e+06
threshold=-0.98812630719300909 8605.6892500000013 -972.41119999999944 -40.378976736111092
decision_type=2 2 2 2
left_child=3 2 -2 -1
right_child=1 -3 -4 -5
leaf_value=5.6228745525753183 4.2098942725384827 -4.4887105167160435 -0.084774888827816336 0.34971853835069067
leaf_weight=147 182 239 7251 245
leaf_count=147 182 239 7251 245
internal_value=-0.00042792 -0.120118 0.020934 2.33643
internal_weight=8064 7672 7433 392
internal_count=8064 7672 7433 392
is_linear=0
shrinkage=0.05


Tree=95
num_leaves=7
num_cat=0
split_feature=3 3 0 1 8 7
split_gain=861140 1.95112e+06 8.6613e+06 2.32246e+06 1.03874e+06 2.81545e+06
threshold=-152.91193993055523 -118.13356944444421 4496.1937500000013 -716.55000000000007 14.666666666666668 1.0000000180025095e-35
decision_type=2 2 2 2 2 2
left_child=4 2 -2 -3 5 -1
right_child=1 3 -4 -5 -6 -7
leaf_value=-1.0471482856931358 1.5650781446674704 5.1910047767275858 -13.4142486815617 -0.15251874502728946 0.34901741741925235 8.8165826876410129
leaf_weight=144 288 209 144 6415 720 144
leaf_count=144 288 209 144 6415 720 144
internal_value=-0.000371754 -0.195722 -3.44748 0.0168378 1.36592 3.89816
internal_weight=8064 7056 432 6624 1008 288
internal_count=8064 7056 432 6624 1008 288
is_linear=0
shrinkage=0.05


Tree=96
num_leaves=7
num_cat=0
split_feature=8 0 5 0 1 2
split_gain=839677 3.33218e+06 1.93587e+06 4.16235e+06 1.84796e+06 355247
threshold=15.666666666666668 7041.5502500000011 -0.91509365977396839 8306.4220500000029 674.69609999999977 -51.227142857142546
decision_type=2 2 2 2 2 2
left_child=2 5 3 -1 -4 -2
right_child=1 -3 4 -5 -6 -7
leaf_value=7.6597694265299054 -2.2908964163140406 -6.4591214890157191 -0.26176617726487078 0.12583234172988866 4.5630553153099367 0.23258821189503795
leaf_weight=265 157 239 5420 590 205 1188
leaf_count=265 157 239 5420 590 205 1188
internal_value=-0.000345056 -1.03193 0.25194 2.46713 -0.0851484 -0.0634578
internal_weight=8064 1584 6480 855 5625 1345
internal_count=8064 1584 6480 855 5625 1345
is_linear=0
shrinkage=0.05


Tree=97
num_leaves=7
num_cat=0
split_feature=3 3 5 10 3 1
split_gain=816771 4.38375e+06 5.15967e+06 1.41954e+06 4.40303e+06 2.8759e+06
threshold=-14.809275694444066 -10.076097916666638 1.0000000180025095e-35 0.59575551782682523 -90.448146180555327 63.475900000000145
decision_type=2 2 2 2 2 2
left_child=3 2 -2 4 -1 -5
right_child=1 -3 -4 5 -6 -7
leaf_value=-0.71937808543642545 -13.075076645098884 -0.042331128926453993 0.28478075783828211 0.16076229977324946 3.8866702500066079 -6.6334074066973292
leaf_weight=1123 144 4032 144 1485 963 173
leaf_count=1123 144 4032 144 1485 963 173
internal_value=-0.000305679 -0.468714 -6.41728 0.540147 1.40784 -0.55173
internal_weight=8064 4320 288 3744 2086 1658
internal_count=8064 4320 288 3744 2086 1658
is_linear=0
shrinkage=0.05


Tree=98
num_leaves=5
num_cat=0
split_feature=5 0 1 3
split_gain=810102 1.70216e+06 1.12308e+06 894624
threshold=-0.98812630719300909 8732.3474000000006 740.18340000000001 -40.378976736111092
decision_type=2 2 2 2
left_child=3 2 -2 -1
right_child=1 -3 -4 -5
leaf_value=5.2831459508554355 -0.10693108045958177 -4.8516785344521747 3.4051456417935961 0.35805601276517884
leaf_weight=147 7254 184 234 245
leaf_count=147 7254 184 234 245
internal_value=-0.000390442 -0.113793 0.00326135 2.21371
internal_weight=8064 7672 7488 392
internal_count=8064 7672 7488 392
is_linear=0
shrinkage=0.05


Tree=99
num_leaves=7
num_cat=0
split_feature=3 8 0 3 0 1
split_gain=796705 1.75259e+06 3.97779e+06 2.08265e+06 979881 893034
threshold=-152.91193993055523 14.666666666666668 6069.4643000000005 -118.13356944444421 3263.2393500000003 -417.95919999999927
decision_type=2 2 2 2 2 2
left_child=4 2 -2 -3 -1 -6
right_child=1 3 -4 -5 5 -7
leaf_value=0.11530191012440015 -0.34947933314236568 -3.2695591707978462 -8.8686730110126994 0.32296877237861688 0.98997940396776007 5.880024789811837
leaf_weight=634 537 432 183 5904 195 179
leaf_count=634 537 432 183 5904 195 179
internal_value=-0.000345579 -0.188245 -2.52407 0.0775464 1.31383 3.33984
internal_weight=8064 7056 720 6336 1008 374
internal_count=8064 7056 720 6336 1008 374
is_linear=0
shrinkage=0.05


end of trees

feature_importances:
Column_2=172
Column_3=120
Column_0=79
Column_5=60
Column_8=54
Column_1=46
Column_7=12
Column_6=10
Column_4=5
Column_10=2

parameters:
[boosting: gbdt]
[objective: regression]
[metric: l2]
[tree_learner: serial]
[device_type: cpu]
[data_sample_strategy: bagging]
[data: ]
[valid: ]
[num_iterations: 100]
[learning_rate: 0.05]
[num_leaves: 7]
[num_threads: 1]
[seed: 20250911]
[deterministic: 1]
[force_col_wise: 1]
[force_row_wise: 0]
[histogram_pool_size: -1]
[max_depth: 3]
[min_data_in_leaf: 144]
[min_sum_hessian_in_leaf: 0.001]
[bagging_fraction: 1]
[pos_bagging_fraction: 1]
[neg_bagging_fraction: 1]
[bagging_freq: 0]
[bagging_seed: 20250911]
[bagging_by_query: 0]
[feature_fraction: 1]
[feature_fraction_bynode: 1]
[feature_fraction_seed: 20250911]
[extra_trees: 0]
[extra_seed: 26685]
[early_stopping_round: 0]
[early_stopping_min_delta: 0]
[first_metric_only: 0]
[max_delta_step: 0]
[lambda_l1: 0]
[lambda_l2: 1]
[linear_lambda: 0]
[min_gain_to_split: 0]
[drop_rate: 0.1]
[max_drop: 50]
[skip_drop: 0.5]
[xgboost_dart_mode: 0]
[uniform_drop: 0]
[drop_seed: 2504]
[top_rate: 0.2]
[other_rate: 0.1]
[min_data_per_group: 100]
[max_cat_threshold: 32]
[cat_l2: 10]
[cat_smooth: 10]
[max_cat_to_onehot: 4]
[top_k: 20]
[monotone_constraints: ]
[monotone_constraints_method: basic]
[monotone_penalty: 0]
[feature_contri: ]
[forcedsplits_filename: ]
[refit_decay_rate: 0.9]
[cegb_tradeoff: 1]
[cegb_penalty_split: 0]
[cegb_penalty_feature_lazy: ]
[cegb_penalty_feature_coupled: ]
[path_smooth: 0]
[interaction_constraints: ]
[verbosity: -1]
[saved_feature_importance_type: 0]
[use_quantized_grad: 0]
[num_grad_quant_bins: 4]
[quant_train_renew_leaf: 0]
[stochastic_rounding: 1]
[linear_tree: 0]
[max_bin: 63]
[max_bin_by_feature: ]
[min_data_in_bin: 3]
[bin_construct_sample_cnt: 200000]
[data_random_seed: 20250911]
[is_enable_sparse: 1]
[enable_bundle: 1]
[use_missing: 1]
[zero_as_missing: 0]
[feature_pre_filter: 0]
[pre_partition: 0]
[two_round: 0]
[header: 0]
[label_column: ]
[weight_column: ]
[group_column: ]
[ignore_column: ]
[categorical_feature: ]
[forcedbins_filename: ]
[precise_float_parser: 0]
[parser_config_file: ]
[objective_seed: 19683]
[num_class: 1]
[is_unbalance: 0]
[scale_pos_weight: 1]
[sigmoid: 1]
[boost_from_average: 1]
[reg_sqrt: 0]
[alpha: 0.9]
[fair_c: 1]
[poisson_max_delta_step: 0.7]
[tweedie_variance_power: 1.5]
[lambdarank_truncation_level: 30]
[lambdarank_norm: 1]
[label_gain: ]
[lambdarank_position_bias_regularization: 0]
[eval_at: ]
[multi_error_top_k: 1]
[auc_mu_weights: ]
[num_machines: 1]
[local_listen_port: 12400]
[time_out: 120]
[machine_list_filename: ]
[machines: ]
[gpu_platform_id: -1]
[gpu_device_id: -1]
[gpu_device_id_list: ]
[gpu_use_dp: 0]
[num_gpu: 1]

end of parameters

pandas_categorical:null
