tree
version=v4
num_class=1
num_tree_per_iteration=1
label_index=0
max_feature_idx=11
objective=regression
feature_names=Column_0 Column_1 Column_2 Column_3 Column_4 Column_5 Column_6 Column_7 Column_8 Column_9 Column_10 Column_11
feature_infos=[0:9899.7374999999993] [-1637.6999999999989:1539.3220000000001] [-1221.0319999999983:1232.9571428571435] [-222.63616805555557:154.95396666666647] [-1:1] [-1:1] [-1:1] [-1:1] [11.666666666666666:13.5] [11.916666666666666:12] [-0.52142857142857146:1.5214285714285714] [1:1]
tree_sizes=756 758 759 757 757 749 761 758 755 759 758 762 761 764 761 762 765 764 749 760 758 762 758 760 762 760 675 683 767 764 680 673 766 762 763 764 753 762 766 511 760 749 597 504 597 508 597 597 592 506 596 750 596 508 744 591 588 590 498 755 592 749 584 741 586 752 583 744 746 587 749 759 581 588 744 759 580 588 753 588 747 751 591 586 580 589 663 748 587 497 590 659 497 590 749 591 581 585 739 496

Tree=0
num_leaves=7
num_cat=0
split_feature=2 2 2 2 2 5
split_gain=8.47787e+07 6.57762e+07 1.44624e+07 5.89017e+06 4.65382e+06 1.88343e+06
threshold=-1.2757071428571281 338.49573571428556 -293.59482857142888 550.06251428571397 226.20032142857102 -0.6913484944011038
decision_type=2 2 2 2 2 2
left_child=2 4 -1 -3 -2 -4
right_child=1 3 5 -5 -6 -7
leaf_value=-42.717563592800261 -17.344403783343186 -3.2219795563689217 -29.922574903041799 7.4261104103331803 -11.79621435090532 -24.770325584723043
leaf_weight=213 6084 397 479 198 402 291
leaf_count=213 6084 397 479 198 402 291
internal_value=-17.4497 -15.5389 -31.2017 0.357211 -16.9997 -27.9874
internal_weight=8064 7081 983 595 6486 770
internal_count=8064 7081 983 595 6486 770
is_linear=0
shrinkage=1


Tree=1
num_leaves=7
num_cat=0
split_feature=2 2 2 2 2 7
split_gain=7.65396e+07 5.93863e+07 1.3061e+07 5.3479e+06 4.20119e+06 1.73101e+06
threshold=-1.2757071428571281 338.49573571428556 -293.59482857142888 500.15423571428533 226.20032142857102 0.73657561215276279
decision_type=2 2 2 2 2 2
left_child=2 4 -1 -3 -2 -4
right_child=1 3 5 -5 -6 -7
leaf_value=-24.010382952645561 0.10002337172048913 12.618609413486649 -8.6021883184905175 22.244696604592619 5.3715037876559846 -14.104636218596477
leaf_weight=213 6084 331 575 264 402 195
leaf_count=213 6084 331 575 264 402 195
internal_value=-1.23414e-06 1.81553 -13.0667 16.9198 0.427526 -10.0122
internal_weight=8064 7081 983 595 6486 770
internal_count=8064 7081 983 595 6486 770
is_linear=0
shrinkage=0.05


Tree=2
num_leaves=7
num_cat=0
split_feature=2 2 2 2 2 8
split_gain=6.91588e+07 5.40914e+07 1.08364e+07 4.91319e+06 3.89102e+06 1.87561e+06
threshold=-8.485928571429211 338.49573571428556 -293.59482857142888 550.06251428571397 226.20032142857102 12.666666666666668
decision_type=2 2 2 2 2 2
left_child=2 4 -1 -3 -2 -4
right_child=1 3 5 -5 -6 -7
leaf_value=-22.815473970297344 0.032246251273741394 12.808953507042411 -12.895127505220865 22.531614902059562 5.1035951256234355 -7.6248178212786444
leaf_weight=213 6154 397 303 198 402 397
leaf_count=213 6154 397 303 198 402 397
internal_value=-4.07081e-05 1.65506 -12.9511 16.0768 0.343942 -9.92125
internal_weight=8064 7151 913 595 6556 700
internal_count=8064 7151 913 595 6556 700
is_linear=0
shrinkage=0.05


Tree=3
num_leaves=7
num_cat=0
split_feature=2 2 2 2 2 5
split_gain=6.2594e+07 4.83882e+07 1.06095e+07 4.45553e+06 3.4192e+06 1.56901e+06
threshold=-1.2757071428571281 338.49573571428556 -293.59482857142888 500.15423571428533 226.20032142857102 -0.6913484944011038
decision_type=2 2 2 2 2 2
left_child=2 4 -1 -3 -2 -4
right_child=1 3 5 -5 -6 -7
leaf_value=-21.680031171468933 0.093410938688008247 11.351060580843724 -10.82812811334307 20.135404473790587 4.8490485209911585 -6.1316214737826833
leaf_weight=213 6084 331 479 264 402 291
leaf_count=213 6084 331 479 264 402 291
internal_value=-5.6444e-05 1.64177 -11.8165 15.2759 0.388866 -9.06347
internal_weight=8064 7081 983 595 6486 770
internal_count=8064 7081 983 595 6486 770
is_linear=0
shrinkage=0.05


Tree=4
num_leaves=7
num_cat=0
split_feature=2 2 2 2 2 8
split_gain=5.65107e+07 4.36864e+07 9.58145e+06 4.09837e+06 3.08665e+06 1.48552e+06
threshold=-1.2757071428571281 338.49573571428556 -293.59482857142888 550.06251428571397 226.20032142857102 12.666666666666668
decision_type=2 2 2 2 2 2
left_child=2 4 -1 -3 -2 -4
right_child=1 3 5 -5 -6 -7
leaf_value=-20.601094722274311 0.08874116135799405 11.53115295045939 -11.116863115109746 20.408984762067021 4.6071978004838785 -6.6505821533758072
leaf_weight=213 6084 397 336 198 402 434
leaf_count=213 6084 397 336 198 402 434
internal_value=-6.73099e-05 1.55994 -11.2277 14.5147 0.369461 -8.6114
internal_weight=8064 7081 983 595 6486 770
internal_count=8064 7081 983 595 6486 770
is_linear=0
shrinkage=0.05


Tree=5
num_leaves=7
num_cat=0
split_feature=2 2 2 2 1 8
split_gain=5.10933e+07 3.97901e+07 7.94012e+06 3.71182e+06 3.23287e+06 1.53719e+06
threshold=-8.485928571429211 338.49573571428556 -293.59482857142888 500.15423571428533 230.8321 12.666666666666668
decision_type=2 2 2 2 2 2
left_child=2 4 -1 -3 -2 -4
right_child=1 3 5 -5 -6 -7
leaf_value=-19.575853627847909 0.47961086715534107 10.210396229969451 -11.228372866503504 18.226388188713003 -6.4867407079328574 -6.4618871729278089
leaf_weight=213 6386 331 303 264 170 397
leaf_count=213 6386 331 303 264 170 397
internal_value=-7.47374e-05 1.42252 -11.1318 13.7917 0.298009 -8.53817
internal_weight=8064 7151 913 595 6556 700
internal_count=8064 7151 913 595 6556 700
is_linear=0
shrinkage=0.05


Tree=6
num_leaves=7
num_cat=0
split_feature=2 2 2 2 8 7
split_gain=4.62037e+07 3.56202e+07 7.78507e+06 3.78926e+06 3.51822e+06 1.43216e+06
threshold=-1.2757071428571281 367.36648571428606 -293.59482857142888 226.20032142857102 13.166666666666668 0.73657561215276279
decision_type=2 2 2 2 2 2
left_child=2 3 -1 -2 -3 -4
right_child=1 4 5 -5 -6 -7
leaf_value=-18.601634884437669 0.068685595257821488 16.867820371062404 -6.5170544976342688 4.7283886885199138 8.2176236293886031 -11.506857008350138
leaf_weight=213 6084 345 575 469 183 195
leaf_count=213 6084 345 575 469 183 195
internal_value=-0.000162939 1.41042 -10.1524 0.402852 13.8909 -7.79399
internal_weight=8064 7081 983 6553 528 770
internal_count=8064 7081 983 6553 528 770
is_linear=0
shrinkage=0.05


Tree=7
num_leaves=7
num_cat=0
split_feature=2 2 2 3 0 8
split_gain=4.17285e+07 3.24961e+07 6.45861e+06 3.38494e+06 2.97989e+06 1.37845e+06
threshold=-8.485928571429211 338.49573571428556 -293.59482857142888 7.0034868055557817 4590.1476500000008 12.666666666666668
decision_type=2 2 2 2 2 2
left_child=2 4 -1 -3 -2 -4
right_child=1 3 5 -5 -6 -7
leaf_value=-17.675899140634268 0.66869964081434452 10.124128651260989 -10.26687503606081 18.668375475980618 -2.5740876065530252 -5.7568994616153626
leaf_weight=213 5749 434 303 161 807 397
leaf_count=213 5749 434 303 161 807 397
internal_value=-0.000196587 1.28544 -10.0602 12.4635 0.269202 -7.72094
internal_weight=8064 7151 913 595 6556 700
internal_count=8064 7151 913 595 6556 700
is_linear=0
shrinkage=0.05


Tree=8
num_leaves=7
num_cat=0
split_feature=2 2 7 2 8 2
split_gain=3.77805e+07 2.93373e+07 6.91554e+06 4.2923e+06 3.80816e+06 2.9411e+06
threshold=-1.2757071428571281 393.47285000000016 0.73657561215276279 226.20032142857102 13.166666666666668 -187.99457857142872
decision_type=2 2 2 2 2 2
left_child=2 3 -1 -2 -3 -4
right_child=1 4 5 -5 -6 -7
leaf_value=-6.3384742038772943 0.0462111222210142 16.826669286361476 -20.068578585154484 4.7135305051622334 7.2877560376402846 -10.145250195427007
leaf_weight=676 6084 297 161 535 165 146
leaf_count=676 6084 297 161 535 165 146
internal_value=-0.000228961 1.27531 -9.1805 0.424116 13.443 -15.3976
internal_weight=8064 7081 983 6619 462 307
internal_count=8064 7081 983 6619 462 307
is_linear=0
shrinkage=0.05


Tree=9
num_leaves=7
num_cat=0
split_feature=2 2 2 2 0 8
split_gain=3.41171e+07 2.70006e+07 4.9878e+06 3.87124e+06 3.78287e+06 1.55321e+06
threshold=-26.325000000000042 313.85250714285672 -293.59482857142888 550.06251428571397 4070.3427000000006 12.666666666666668
decision_type=2 2 2 2 2 2
left_child=2 4 -1 -3 -2 -4
right_child=1 3 5 -5 -6 -7
leaf_value=-16.121498679599473 0.61589506135528205 8.1988165057170139 -10.162268267677966 16.581617297449306 -2.8853732234252929 -5.1102968306247512
leaf_weight=213 5667 464 266 198 892 364
leaf_count=213 5667 464 266 198 892 364
internal_value=-0.000265127 1.11139 -9.51254 10.7273 0.139368 -7.25608
internal_weight=8064 7221 843 662 6559 630
internal_count=8064 7221 843 662 6559 630
is_linear=0
shrinkage=0.05


Tree=10
num_leaves=7
num_cat=0
split_feature=2 2 3 8 2 8
split_gain=3.09868e+07 2.49109e+07 4.40296e+06 5.00274e+06 4.05068e+06 3.46109e+06
threshold=-64.467885714285771 393.47285000000016 50.013071180555478 12.666666666666668 226.20032142857102 13.166666666666668
decision_type=2 2 2 2 2 2
left_child=2 4 3 -1 -2 -3
right_child=1 5 -4 -5 -6 -7
leaf_value=-12.441832339088872 -0.14702724268184411 15.409406347752819 -15.107055645239981 -1.7514680656163319 4.3789180837293618 6.3236716310661967
leaf_weight=211 6364 297 265 227 535 165
leaf_count=211 6364 297 265 227 535 165
internal_value=-0.000306968 0.958028 -10.022 -6.918 0.204532 12.1852
internal_weight=8064 7361 703 438 6899 462
internal_count=8064 7361 703 438 6899 462
is_linear=0
shrinkage=0.05


Tree=11
num_leaves=7
num_cat=0
split_feature=2 2 7 2 8 2
split_gain=2.83418e+07 2.17376e+07 5.83494e+06 3.34853e+06 3.12411e+06 2.29106e+06
threshold=-1.2757071428571281 393.47285000000016 0.73657561215276279 226.20032142857102 13.166666666666668 -187.99457857142872
decision_type=2 2 2 2 2 2
left_child=2 3 -1 -2 -3 -4
right_child=1 4 5 -5 -6 -7
leaf_value=-5.3421947747325884 0.037982117522970121 14.641521325207396 -17.784318717247174 4.1603807463241163 6.0093927383333092 -9.0245639164837055
leaf_weight=676 6084 297 161 535 165 146
leaf_count=676 6084 297 161 535 165 146
internal_value=-0.000312285 1.10446 -7.95156 0.371765 11.5783 -13.6613
internal_weight=8064 7081 983 6619 462 307
internal_count=8064 7081 983 6619 462 307
is_linear=0
shrinkage=0.05


Tree=12
num_leaves=7
num_cat=0
split_feature=2 2 7 3 2 2
split_gain=2.55893e+07 1.9631e+07 5.27132e+06 2.53569e+06 2.38913e+06 2.06888e+06
threshold=-1.2757071428571281 367.36648571428606 0.73657561215276279 -3.775231249999933 226.20032142857102 -187.99457857142872
decision_type=2 2 2 2 2 2
left_child=2 4 -1 -3 -2 -4
right_child=1 3 5 -5 -6 -7
leaf_value=-5.0754796460259879 0.036083283108100835 8.0327117079504387 -16.900591199044829 15.670354023404943 3.7360750097194888 -8.5764054969865455
leaf_weight=676 6084 372 161 156 469 146
leaf_count=676 6084 372 161 156 469 146
internal_value=-0.000341974 1.04942 -7.55562 10.3146 0.301422 -12.9826
internal_weight=8064 7081 983 528 6553 307
internal_count=8064 7081 983 528 6553 307
is_linear=0
shrinkage=0.05


Tree=13
num_leaves=7
num_cat=0
split_feature=2 2 0 3 8 2
split_gain=2.32239e+07 1.84696e+07 4.08179e+06 3.80668e+06 4.41509e+06 3.23121e+06
threshold=-64.467885714285771 313.85250714285672 3196.6362000000004 50.013071180555478 12.666666666666668 550.06251428571397
decision_type=2 2 2 2 2 2
left_child=3 2 -2 4 -1 -3
right_child=1 5 -4 -5 -6 -7
leaf_value=-10.981675820305663 0.61545142550545906 6.484118416424721 -2.6114866855060495 -13.402637368306182 -0.94272714659833068 14.133869017488394
leaf_weight=211 5508 464 1191 265 227 198
leaf_count=211 5508 464 1191 265 227 198
internal_value=-0.000343934 0.829311 0.0414373 -8.67636 -5.79284 8.78998
internal_weight=8064 7361 6699 703 438 662
internal_count=8064 7361 6699 703 438 662
is_linear=0
shrinkage=0.05


Tree=14
num_leaves=7
num_cat=0
split_feature=2 2 7 8 2 2
split_gain=2.10338e+07 1.62448e+07 4.60942e+06 2.79773e+06 2.60718e+06 1.75122e+06
threshold=-1.2757071428571281 393.47285000000016 0.73657561215276279 13.166666666666668 226.20032142857102 -187.99457857142872
decision_type=2 2 2 2 2 2
left_child=2 4 -1 -3 -2 -4
right_child=1 3 5 -5 -6 -7
leaf_value=-4.5315114007445612 0.023451578317052437 12.902479459985393 -15.52914132424343 4.7451310059392311 3.6609928587534983 -7.8710337684268046
leaf_weight=676 6084 297 161 165 535 146
leaf_count=676 6084 297 161 165 535 146
internal_value=-0.000368311 0.951373 -6.8502 10.0057 0.317975 -11.9246
internal_weight=8064 7081 983 462 6619 307
internal_count=8064 7081 983 462 6619 307
is_linear=0
shrinkage=0.05


Tree=15
num_leaves=7
num_cat=0
split_feature=2 2 0 3 8 2
split_gain=1.9109e+07 1.55749e+07 4.9405e+06 3.15574e+06 3.83306e+06 3.1155e+06
threshold=-104.68660714285714 291.03671428571403 3196.6362000000004 50.013071180555478 12.666666666666668 500.15423571428533
decision_type=2 2 2 2 2 2
left_child=3 2 -2 4 -1 -3
right_child=1 5 -4 -5 -6 -7
leaf_value=-11.417986215744168 0.55968354752795635 5.1247575439576689 -2.9266590795591174 -13.459855103103724 -0.76324179543389215 11.940000602602959
leaf_weight=159 5528 465 1244 225 179 264
leaf_count=159 5528 465 1244 225 179 264
internal_value=-0.000390777 0.666894 -0.0810867 -8.87622 -5.79428 7.6058
internal_weight=8064 7501 6772 563 338 729
internal_count=8064 7501 6772 563 338 729
is_linear=0
shrinkage=0.05


Tree=16
num_leaves=7
num_cat=0
split_feature=2 2 7 4 2 2
split_gain=1.73232e+07 1.33045e+07 3.98331e+06 2.67479e+06 2.2704e+06 1.45487e+06
threshold=-1.2757071428571281 393.47285000000016 0.73657561215276279 -0.15208718494349127 184.96071428571443 -187.99457857142872
decision_type=2 2 2 2 2 2
left_child=2 4 -1 -3 -2 -4
right_child=1 3 5 -5 -6 -7
leaf_value=-4.0616731028216986 -0.037666529303434594 3.8962806614240009 -14.219514477988822 11.875090466335067 2.9061891457038143 -7.2380751979594322
leaf_weight=676 5883 164 161 298 736 146
leaf_count=676 5883 164 161 298 736 146
internal_value=-0.000439081 0.863283 -6.21678 9.05732 0.290065 -10.9336
internal_weight=8064 7081 983 462 6619 307
internal_count=8064 7081 983 462 6619 307
is_linear=0
shrinkage=0.05


Tree=17
num_leaves=7
num_cat=0
split_feature=2 2 0 3 3 8
split_gain=1.57997e+07 1.27618e+07 4.4293e+06 3.0874e+06 2.78511e+06 3.41323e+06
threshold=-104.68660714285714 291.03671428571403 2783.6429000000003 7.0034868055557817 50.013071180555478 12.666666666666668
decision_type=2 2 2 2 2 2
left_child=4 2 -2 -3 5 -1
right_child=1 3 -4 -5 -6 -7
leaf_value=-10.483961787223818 0.56532298788484159 4.9051457493383204 -2.6406577132237588 12.262956719906356 -12.376400764273333 -0.43144525090853381
leaf_weight=159 5429 534 1343 195 225 179
leaf_count=159 5429 534 1343 195 225 179
internal_value=-0.000459796 0.606299 -0.0707722 6.88739 -8.07121 -5.17727
internal_weight=8064 7501 6772 729 563 338
internal_count=8064 7501 6772 729 563 338
is_linear=0
shrinkage=0.05


Tree=18
num_leaves=7
num_cat=0
split_feature=2 2 3 3 8 1
split_gain=1.43059e+07 1.14757e+07 2.71725e+06 3.6445e+06 2.49594e+06 2.31554e+06
threshold=-64.467885714285771 393.47285000000016 50.013071180555478 4.1054986111112166 13.166666666666668 230.8321
decision_type=2 2 2 2 2 2
left_child=2 5 3 -1 -3 -2
right_child=1 4 -4 -5 -6 -7
leaf_value=-7.6751517117023473 0.31383268709468903 11.004943183984533 -10.801610361991969 1.9045547409865418 3.3128224700330251 -4.6651512677019289
leaf_weight=287 6658 297 265 151 165 241
leaf_count=287 6658 297 265 151 165 241
internal_value=-0.000487647 0.650672 -6.80991 -4.37574 8.27085 0.139253
internal_weight=8064 7361 703 438 462 6899
internal_count=8064 7361 703 438 462 6899
is_linear=0
shrinkage=0.05


Tree=19
num_leaves=7
num_cat=0
split_feature=2 0 2 2 3 1
split_gain=1.30718e+07 1.31317e+07 3.44747e+06 3.18107e+06 2.41555e+06 1.2053e+06
threshold=243.3693571428569 3343.5851500000003 -293.59482857142888 550.06251428571397 -3.775231249999933 1.3446999999999034
decision_type=2 2 2 2 2 2
left_child=1 5 -3 4 -2 -1
right_child=3 2 -4 -5 -6 -7
leaf_value=0.61994337423224444 1.8506967112966763 -10.671644840396453 -3.8336726340695502 11.182956505481426 7.8115612452912062 -2.174936507699444
leaf_weight=5151 464 213 1354 198 268 416
leaf_count=5151 464 213 1354 198 268 416
internal_value=-0.000504201 -0.727591 -4.76936 5.57174 4.04077 0.41074
internal_weight=8064 7134 1567 930 732 5567
internal_count=8064 7134 1567 930 732 5567
is_linear=0
shrinkage=0.05


Tree=20
num_leaves=7
num_cat=0
split_feature=2 2 0 2 5 10
split_gain=1.19209e+07 9.69986e+06 4.31058e+06 2.7012e+06 2.2315e+06 206529
threshold=-104.68660714285714 258.07030714285662 2388.5630000000006 550.06251428571397 -0.94670478576706751 0.62510867675186932
decision_type=2 2 2 2 2 2
left_child=4 2 -2 -3 -1 -6
right_child=1 3 -4 -5 5 -7
leaf_value=-11.295266086525388 0.51347061332677091 3.9728828533868623 -2.6759309152931046 10.626618452767033 -5.6538421450696923 -3.1848018036610419
leaf_weight=197 5316 665 1322 198 220 146
leaf_count=197 5316 665 1322 198 220 146
internal_value=-0.000449344 0.526593 -0.122026 5.51 -7.01086 -4.68029
internal_weight=8064 7501 6638 863 563 366
internal_count=8064 7501 6638 863 563 366
is_linear=0
shrinkage=0.05


Tree=21
num_leaves=7
num_cat=0
split_feature=2 2 0 3 3 8
split_gain=1.07642e+07 8.78816e+06 4.18153e+06 2.7986e+06 2.17824e+06 3.04268e+06
threshold=-104.68660714285714 243.3693571428569 1993.0576000000003 7.0034868055557817 50.013071180555478 12.666666666666668
decision_type=2 2 2 2 2 2
left_child=4 2 -2 -3 5 -1
right_child=1 3 -4 -5 -6 -7
leaf_value=-9.1155289211869253 0.50455696260492811 3.3066730052143245 -2.5969071944652256 9.3846433070481279 -10.468031701419207 0.37128799627224607
leaf_weight=159 5198 665 1373 265 225 179
leaf_count=159 5198 665 1373 265 225 179
internal_value=-0.000474575 0.500347 -0.143786 5.04679 -6.66211 -4.10517
internal_weight=8064 7501 6571 930 563 338
internal_count=8064 7501 6571 930 563 338
is_linear=0
shrinkage=0.05


Tree=22
num_leaves=7
num_cat=0
split_feature=2 2 7 4 2 3
split_gain=9.749e+06 7.84613e+06 2.87976e+06 2.08227e+06 1.88134e+06 947561
threshold=-1.2757071428571281 424.16442142857164 0.73657561215276279 -0.10884096748385481 184.96071428571443 -29.135861805555461
decision_type=2 2 2 2 2 2
left_child=2 4 5 -3 -2 -1
right_child=1 3 -4 -5 -6 -7
leaf_value=0.29748809579031427 -0.068019089201092661 2.8324844337999822 -8.6733955838463537 10.315969869954799 2.5120288657221668 -3.950124925267481
leaf_weight=178 5883 151 307 245 802 498
leaf_count=178 5883 151 307 245 802 498
internal_value=-0.000504244 0.647444 -4.66389 7.47674 0.241839 -2.83288
internal_weight=8064 7081 983 396 6685 676
internal_count=8064 7081 983 396 6685 676
is_linear=0
shrinkage=0.05


Tree=23
num_leaves=7
num_cat=0
split_feature=2 2 8 0 3 8
split_gain=8.94848e+06 7.42417e+06 2.20699e+06 1.97439e+06 1.91307e+06 2.72077e+06
threshold=-104.68660714285714 393.47285000000016 13.166666666666668 4745.8078500000011 50.013071180555478 12.666666666666668
decision_type=2 2 2 2 2 2
left_child=4 3 -3 -2 5 -1
right_child=1 2 -4 -5 -6 -7
leaf_value=-8.4168460134789349 0.40582230346175785 9.1587186832756 1.9365844084196782 -1.9327972502063044 -9.6405918307272742 0.5530859495686471
leaf_weight=159 5977 297 165 1062 225 179
leaf_count=159 5977 297 165 1062 225 179
internal_value=-0.000458799 0.456173 6.58914 0.0527617 -6.07431 -3.67888
internal_weight=8064 7501 462 7039 563 338
internal_count=8064 7501 462 7039 563 338
is_linear=0
shrinkage=0.05


Tree=24
num_leaves=7
num_cat=0
split_feature=2 0 3 4 0 2
split_gain=8.36596e+06 9.92366e+06 3.10027e+06 2.29855e+06 2.27794e+06 1.84615e+06
threshold=184.96071428571443 1993.0576000000003 -3.775231249999933 -0.1950438958025166 7855.0500000000002 550.06251428571397
decision_type=2 2 2 2 2 2
left_child=1 -1 5 -4 -3 -2
right_child=2 4 3 -5 -6 -7
leaf_value=0.41938859192094385 0.77290770938030828 -3.3220531208540383 2.5547670393992381 10.269376163213634 -9.0849391170383722 6.7640760047936146
leaf_weight=5161 625 1512 156 256 193 161
leaf_count=5161 625 1512 156 256 193 161
internal_value=-0.00048506 -0.673345 3.85317 7.36157 -3.97933 2.00714
internal_weight=8064 6866 1198 412 1705 786
internal_count=8064 6866 1198 412 1705 786
is_linear=0
shrinkage=0.05


Tree=25
num_leaves=7
num_cat=0
split_feature=2 0 0 3 1 4
split_gain=7.57621e+06 8.1534e+06 2.36235e+06 2.3244e+06 1.58773e+06 1.47302e+06
threshold=226.20032142857102 3343.5851500000003 7855.0500000000002 -3.775231249999933 -274.45800000000003 0.065387565056497135
decision_type=2 2 2 2 2 2
left_child=1 -1 -3 4 -2 -5
right_child=3 2 -4 5 -6 -7
leaf_value=0.31409344190827382 4.0838610224475351 -3.0450184793315627 -8.8696609349986222 4.0823583576414322 -1.0930357933314139 10.82549738814374
leaf_weight=5544 450 1323 200 161 220 166
leaf_count=5544 450 1323 200 161 220 166
internal_value=-0.000408884 -0.576225 -3.81523 4.07762 2.38489 7.52805
internal_weight=8064 7067 1523 997 670 327
internal_count=8064 7067 1523 997 670 327
is_linear=0
shrinkage=0.05


Tree=26
num_leaves=6
num_cat=0
split_feature=2 2 2 3 8
split_gain=6.9552e+06 6.05687e+06 1.98973e+06 1.66103e+06 2.52352e+06
threshold=-104.68660714285714 500.15423571428533 184.96071428571443 50.013071180555478 12.666666666666668
decision_type=2 2 2 2 2
left_child=3 2 -2 4 -1
right_child=1 -3 -4 -5 -6
leaf_value=-7.687744221128523 -0.18891924172695987 7.8266382462722861 2.282763759179868 -8.6774344702737523 0.94902798453966786
leaf_weight=159 6303 264 934 225 179
leaf_count=159 6303 264 934 225 179
internal_value=-0.000349396 0.402226 0.130345 -5.35517 -3.12453
internal_weight=8064 7501 7237 563 338
internal_count=8064 7501 7237 563 338
is_linear=0
shrinkage=0.05


Tree=27
num_leaves=6
num_cat=0
split_feature=1 2 2 2 3
split_gain=6.53304e+06 6.27087e+06 1.76684e+06 1.66827e+06 1.03943e+06
threshold=48.251700000000035 500.15423571428533 -293.59482857142888 184.96071428571443 -65.737603819444402
decision_type=2 2 2 2 2
left_child=1 3 -2 -1 -4
right_child=2 -3 4 -5 -6
leaf_value=0.023000557694190973 -7.5237445817844382 8.4212550774697341 -6.1546952465112197 2.4601792127266529 -1.8033811797002912
leaf_weight=5741 205 247 161 799 911
leaf_count=5741 205 247 161 799 911
internal_value=-0.000366003 0.617072 -3.27984 0.321084 -2.46202
internal_weight=8064 6787 1277 6540 1072
internal_count=8064 6787 1277 6540 1072
is_linear=0
shrinkage=0.05


Tree=28
num_leaves=7
num_cat=0
split_feature=1 2 2 5 7 2
split_gain=5.89826e+06 5.66193e+06 1.64449e+06 2.55108e+06 1.82319e+06 1.50581e+06
threshold=48.251700000000035 500.15423571428533 46.874292857142741 -0.94670478576706751 0.73657561215276279 184.96071428571443
decision_type=2 2 2 2 2 2
left_child=1 5 3 -2 -4 -1
right_child=2 -3 4 -5 -6 -7
leaf_value=0.021850748894329388 -8.5568137585881203 8.0018900910993249 -3.1526985640823844 -2.6081705108308491 3.8042936729615735 2.3373239974025637
leaf_weight=5741 252 247 239 632 154 799
leaf_count=5741 252 247 239 632 154 799
internal_value=-0.000376071 0.586299 -3.11645 -4.31169 -0.423813 0.305049
internal_weight=8064 6787 1277 884 393 6540
internal_count=8064 6787 1277 884 393 6540
is_linear=0
shrinkage=0.05


Tree=29
num_leaves=7
num_cat=0
split_feature=1 2 1 3 3 3
split_gain=5.35916e+06 4.63277e+06 3.31385e+06 3.17126e+06 2.08705e+06 1.94889e+06
threshold=204.70954999999984 212.92327857142803 -330.58924999999903 -3.775231249999933 50.013071180555478 2.9852111111111985
decision_type=2 2 2 2 2 2
left_child=1 2 -1 -3 5 -2
right_child=4 3 -4 -5 -6 -7
leaf_value=-7.5601477849689021 -4.4651379639937963 1.6393757354580996 0.087348798622431209 7.6429517354389462 -7.2870627192514279 2.1160967259303383
leaf_weight=144 289 692 6141 322 293 183
leaf_count=144 289 692 6141 322 293 183
internal_value=-0.00035821 0.417128 -0.0890431 3.55149 -3.97901 -1.91444
internal_weight=8064 7299 6285 1014 765 472
internal_count=8064 7299 6285 1014 765 472
is_linear=0
shrinkage=0.05


Tree=30
num_leaves=6
num_cat=0
split_feature=1 2 0 5 10
split_gain=4.96318e+06 4.93539e+06 1.41443e+06 1.23176e+06 909141
threshold=48.251700000000035 500.15423571428533 7855.0500000000002 -0.98812630719300909 0.56580086580086586
decision_type=2 2 2 2 2
left_child=1 3 4 -1 -2
right_child=2 -3 -4 -5 -6
leaf_value=-4.1436507917069774 -0.92976637317276589 7.4612507775869039 -7.2277250638852522 0.38167783215014484 -3.798934671063547
leaf_weight=153 614 247 161 6387 502
leaf_count=153 614 247 161 6387 502
internal_value=-0.000388835 0.537776 -2.85881 0.275193 -2.22262
internal_weight=8064 6787 1277 6540 1116
internal_count=8064 6787 1277 6540 1116
is_linear=0
shrinkage=0.05


Tree=31
num_leaves=6
num_cat=0
split_feature=2 2 2 5 3
split_gain=4.66182e+06 3.78281e+06 1.32522e+06 1.29561e+06 172405
threshold=-104.68660714285714 500.15423571428533 184.96071428571443 -0.94670478576706751 9.462361111111024
decision_type=2 2 2 2 2
left_child=3 2 -2 -1 -5
right_child=1 -3 -4 4 -6
leaf_value=-7.6460206470706247 -0.14625340062276304 6.1965640675192173 1.8709065497304029 -3.8221812241142845 -1.6276850790369748
leaf_weight=197 6303 264 934 163 203
leaf_count=197 6303 264 934 163 203
internal_value=-0.00042057 0.329166 0.114302 -4.38439 -2.61277
internal_weight=8064 7501 7237 563 366
internal_count=8064 7501 7237 563 366
is_linear=0
shrinkage=0.05


Tree=32
num_leaves=7
num_cat=0
split_feature=1 2 2 5 5 0
split_gain=4.23775e+06 4.06613e+06 1.27173e+06 1.99829e+06 1.29282e+06 1.20319e+06
threshold=48.251700000000035 500.15423571428533 78.76247142857143 -0.94670478576706751 -0.91509365977396839 4894.0804000000016
decision_type=2 2 2 2 2 2
left_child=1 5 3 -2 -4 -1
right_child=2 -3 4 -5 -6 -7
leaf_value=0.51175450133787559 -7.2156263647684415 6.7811135519416101 3.3986342866699419 -2.1260031656525835 -2.9712732365637118 -1.5568983272424948
leaf_weight=5740 267 247 153 693 164 800
leaf_count=5740 267 247 153 693 164 800
internal_value=-0.000431652 0.496851 -2.64171 -3.54759 0.104181 0.258509
internal_weight=8064 6787 1277 960 317 6540
internal_count=8064 6787 1277 960 317 6540
is_linear=0
shrinkage=0.05


Tree=33
num_leaves=7
num_cat=0
split_feature=2 0 3 3 3 8
split_gain=3.91325e+06 5.65502e+06 2.63751e+06 2.01869e+06 1.69488e+06 1.1076e+06
threshold=184.96071428571443 1428.9977000000001 -3.775231249999933 40.645667361111016 -90.706643750000111 13.166666666666668
decision_type=2 2 2 2 2 2
left_child=1 -1 5 -4 -3 -2
right_child=2 4 3 -5 -6 -7
leaf_value=0.41479408387180333 2.3324581297607763 -7.7524834016958879 9.1943392228420979 2.1795261195860802 -2.3498329791138253 -1.5785900509315181
leaf_weight=5004 505 158 216 196 1704 281
leaf_count=5004 505 158 216 196 1704 281
internal_value=-0.000429761 -0.460618 2.6352 5.87055 -2.81219 0.934004
internal_weight=8064 6866 1198 412 1862 786
internal_count=8064 6866 1198 412 1862 786
is_linear=0
shrinkage=0.05


Tree=34
num_leaves=7
num_cat=0
split_feature=2 2 3 3 8 0
split_gain=3.62127e+06 2.97944e+06 1.81299e+06 1.26503e+06 2.25883e+06 1.18218e+06
threshold=-104.68660714285714 424.16442142857164 -70.700591319444342 50.013071180555478 12.666666666666668 4745.8078500000011
decision_type=2 2 2 2 2 2
left_child=3 5 -3 4 -1 -2
right_child=1 2 -4 -5 -6 -7
leaf_value=-6.239508810415864 0.33152957017694912 0.97316857869712481 7.7429596013277049 -6.761847152857654 1.9281344619062211 -1.4467761942876172
leaf_weight=159 5999 190 206 225 179 1106
leaf_count=159 5999 190 206 225 179 1106
internal_value=-0.000393137 0.290091 4.50546 -3.86425 -1.92111 0.0545449
internal_weight=8064 7501 396 563 338 7105
internal_count=8064 7501 396 563 338 7105
is_linear=0
shrinkage=0.05


Tree=35
num_leaves=7
num_cat=0
split_feature=2 0 3 6 3 8
split_gain=3.39236e+06 4.79791e+06 2.34466e+06 1.86474e+06 1.56458e+06 1.01355e+06
threshold=184.96071428571443 1428.9977000000001 -3.775231249999933 -0.043577871373828972 -90.706643750000111 13.166666666666668
decision_type=2 2 2 2 2 2
left_child=1 -1 5 -4 -3 -2
right_child=2 4 3 -5 -6 -7
leaf_value=0.37748536127432436 2.1874323911758751 -7.3412098604928024 8.6520476080070843 1.9056795337765486 -2.1507688271542711 -1.5538293045040563
leaf_weight=5004 505 158 219 193 1704 281
leaf_count=5004 505 158 219 193 1704 281
internal_value=-0.00039501 -0.428863 2.45356 5.504 -2.59491 0.849633
internal_weight=8064 6866 1198 412 1862 786
internal_count=8064 6866 1198 412 1862 786
is_linear=0
shrinkage=0.05


Tree=36
num_leaves=7
num_cat=0
split_feature=1 2 1 3 4 3
split_gain=3.12251e+06 2.89896e+06 2.7419e+06 2.51172e+06 1.51747e+06 1.27405e+06
threshold=230.8321 226.20032142857102 -330.58924999999903 7.0034868055557817 0.48087430661751701 40.645667361111016
decision_type=2 2 2 2 2 2
left_child=1 2 -1 -3 5 -2
right_child=4 3 -4 -5 -6 -7
leaf_value=-6.6941728613735023 -2.5148843364316935 1.3056693165604116 0.080705528638507842 7.0612304531725556 0.73901657289494582 -7.5720043990725561
leaf_weight=152 310 702 6250 259 182 209
leaf_count=152 310 702 6250 259 182 209
internal_value=-0.000362388 0.30338 -0.0811679 2.86258 -3.18662 -4.56202
internal_weight=8064 7363 6402 961 701 519
internal_count=8064 7363 6402 961 701 519
is_linear=0
shrinkage=0.05


Tree=37
num_leaves=7
num_cat=0
split_feature=1 2 2 3 7 5
split_gain=2.93643e+06 3.08606e+06 1.26613e+06 1.8007e+06 1.36211e+06 1.18641e+06
threshold=1.3446999999999034 500.15423571428533 78.76247142857143 50.013071180555478 0.73657561215276279 -0.98812630719300909
decision_type=2 2 2 2 2 2
left_child=1 5 3 -2 -4 -1
right_child=2 -3 4 -5 -6 -7
leaf_value=-4.1607688194953356 -1.4358578355927525 5.9790409968524685 -1.787453817557066 -5.7195204622739846 4.0694469494697376 0.35472590931644365
leaf_weight=148 739 243 272 367 155 6140
leaf_count=148 739 243 272 367 155 6140
internal_value=-0.00039135 0.461926 -1.96901 -2.86117 0.343128 0.2478
internal_weight=8064 6531 1533 1106 427 6288
internal_count=8064 6531 1533 1106 427 6288
is_linear=0
shrinkage=0.05


Tree=38
num_leaves=7
num_cat=0
split_feature=2 0 3 10 3 8
split_gain=2.72572e+06 4.22106e+06 1.91026e+06 1.97291e+06 1.52466e+06 1.00846e+06
threshold=158.71854999999991 1428.9977000000001 -3.775231249999933 0.59596244131455411 -48.360172569444551 13.166666666666668
decision_type=2 2 2 2 2 2
left_child=1 -1 5 -4 -3 -2
right_child=2 4 3 -5 -6 -7
leaf_value=0.33191334186454302 1.9232964512067181 -5.5080408091461939 6.9581574992979727 0.13485158968854835 -1.7910107529561079 -1.654072456012823
leaf_weight=4985 559 343 309 161 1404 303
leaf_count=4985 559 343 309 161 1404 303
internal_value=-0.000388525 -0.409359 2.06533 4.62606 -2.52353 0.665363
internal_weight=8064 6732 1332 470 1747 862
internal_count=8064 6732 1332 470 1747 862
is_linear=0
shrinkage=0.05


Tree=39
num_leaves=4
num_cat=0
split_feature=2 2 2
split_gain=2.53012e+06 2.32873e+06 1.00232e+06
threshold=-293.59482857142888 550.06251428571397 118.29427142857095
decision_type=2 2 2
left_child=-1 2 -2
right_child=1 -3 -4
leaf_value=-5.3644424972968681 -0.26405830513259904 5.485671916244617 1.2147380701990445
leaf_weight=213 6251 198 1402
leaf_count=213 6251 198 1402
internal_value=-0.000366645 0.145827 0.00697478
internal_weight=8064 7851 7653
internal_count=8064 7851 7653
is_linear=0
shrinkage=0.05


Tree=40
num_leaves=7
num_cat=0
split_feature=1 2 5 3 3 3
split_gain=2.39302e+06 2.50043e+06 1.09256e+06 997201 4.58427e+06 1.13898e+06
threshold=1.3446999999999034 500.15423571428533 -0.98812630719300909 50.013071180555478 61.785570138888723 2.9852111111111985
decision_type=2 2 2 2 2 2
left_child=1 2 -1 5 -5 -2
right_child=3 -3 -4 4 -6 -7
leaf_value=-4.0063290799824181 -2.1043966167407748 5.3831359639763834 0.32688119008953953 -9.0540660835347531 0.49326818012506579 1.3882665761439466
leaf_weight=148 660 243 6140 218 295 360
leaf_count=148 660 243 6140 218 295 360
internal_value=-0.00034166 0.417012 0.22427 -1.77749 -3.57361 -0.87154
internal_weight=8064 6531 6288 1533 513 1020
internal_count=8064 6531 6288 1533 513 1020
is_linear=0
shrinkage=0.05


Tree=41
num_leaves=7
num_cat=0
split_feature=1 2 3 0 4 3
split_gain=2.17426e+06 2.07793e+06 2.56187e+06 2.29413e+06 1.39727e+06 987514
threshold=230.8321 147.37531428571461 -3.775231249999933 1428.9977000000001 0.48087430661751701 40.645667361111016
decision_type=2 2 2 2 2 2
left_child=1 3 -3 -1 5 -2
right_child=4 2 -4 -5 -6 -7
leaf_value=0.3080999772658698 -2.1769902377410335 0.45976697344464618 5.0850284847322405 -2.2557433338663304 1.1059944003006148 -6.6290004071167532
leaf_weight=4976 310 876 454 1057 182 209
leaf_count=4976 310 876 454 1057 182 209
internal_value=-0.000371524 0.253088 2.04125 -0.141393 -2.65917 -3.9791
internal_weight=8064 7363 1330 6033 701 519
internal_count=8064 7363 1330 6033 701 519
is_linear=0
shrinkage=0.05


Tree=42
num_leaves=5
num_cat=0
split_feature=3 2 0 3
split_gain=2.06507e+06 2.0878e+06 2.88238e+06 2.35969e+06
threshold=130.61046875000014 118.29427142857095 514.85160000000008 -3.775231249999933
decision_type=2 2 2 2
left_child=1 2 -1 -3
right_child=-2 3 -4 -5
leaf_value=0.35573763610893183 -5.9134650469648431 0.27422770348774289 -2.0370385969336375 4.2921692486579825
leaf_weight=4611 144 1006 1730 573
leaf_count=4611 144 1006 1730 573
internal_value=-0.000378403 0.107865 -0.297296 1.73408
internal_weight=8064 7920 6341 1579
internal_count=8064 7920 6341 1579
is_linear=0
shrinkage=0.05


Tree=43
num_leaves=4
num_cat=0
split_feature=2 0 2
split_gain=1.91618e+06 1.81863e+06 951462
threshold=550.06251428571397 7855.0500000000002 -64.467885714285771
decision_type=2 2 2
left_child=1 2 -1
right_child=-2 -3 -4
leaf_value=-1.9392892993973694 4.845109732157022 -4.3811438854339197 0.17255787663116834
leaf_weight=576 198 242 7048
leaf_count=576 198 242 7048
internal_value=-0.000378249 -0.122947 0.0127725
internal_weight=8064 7866 7624
internal_count=8064 7866 7624
is_linear=0
shrinkage=0.05


Tree=44
num_leaves=5
num_cat=0
split_feature=3 2 0 3
split_gain=1.85567e+06 1.81618e+06 2.48008e+06 2.15531e+06
threshold=130.61046875000014 118.29427142857095 334.21775000000008 -3.775231249999933
decision_type=2 2 2 2
left_child=1 2 -1 -3
right_child=-2 3 -4 -5
leaf_value=0.34407560107178359 -5.6056422688221117 0.22382818761965134 -1.8530303676024418 4.063782148421434
leaf_weight=4553 144 1006 1788 573
leaf_count=4553 144 1006 1788 573
internal_value=-0.000367419 0.102241 -0.275647 1.61899
internal_weight=8064 7920 6341 1579
internal_count=8064 7920 6341 1579
is_linear=0
shrinkage=0.05


Tree=45
num_leaves=4
num_cat=0
split_feature=2 2 3
split_gain=1.70217e+06 1.60833e+06 781309
threshold=-293.59482857142888 550.06251428571397 -3.775231249999933
decision_type=2 2 2
left_child=-1 2 -2
right_child=1 -3 -4
leaf_value=-4.4000962189981871 -0.46264576716323724 4.5572381645291298 0.55077656132264285
leaf_weight=213 4128 198 3525
leaf_count=213 4128 198 3525
internal_value=-0.000366573 0.119545 0.00415127
internal_weight=8064 7851 7653
internal_count=8064 7851 7653
is_linear=0
shrinkage=0.05


Tree=46
num_leaves=5
num_cat=0
split_feature=3 2 0 3
split_gain=1.68674e+06 1.59297e+06 1.80738e+06 1.68668e+06
threshold=130.61046875000014 158.71854999999991 1428.9977000000001 -3.775231249999933
decision_type=2 2 2 2
left_child=1 2 -1 -3
right_child=-2 3 -4 -5
leaf_value=0.26822614338464257 -5.3443988632539225 0.37656334293261606 -1.6223833787827777 4.1265330852665327
leaf_weight=4896 144 862 1703 459
leaf_count=4896 144 862 1703 459
internal_value=-0.000346721 0.0974803 -0.219854 1.68168
internal_weight=8064 7920 6599 1321
internal_count=8064 7920 6599 1321
is_linear=0
shrinkage=0.05


Tree=47
num_leaves=5
num_cat=0
split_feature=3 2 0 8
split_gain=1.52338e+06 1.45905e+06 2.02258e+06 1.9183e+06
threshold=130.61046875000014 118.29427142857095 334.21775000000008 13.166666666666668
decision_type=2 2 2 2
left_child=1 2 -1 -3
right_child=-2 3 -4 -5
leaf_value=0.31357325031035566 -5.0790217695565065 2.5910948424185305 -1.6705607508628042 -1.2110328073189929
leaf_weight=4553 144 1106 1788 473
leaf_count=4553 144 1106 1788 473
internal_value=-0.000343003 0.0926262 -0.246077 1.4521
internal_weight=8064 7920 6341 1579
internal_count=8064 7920 6341 1579
is_linear=0
shrinkage=0.05


Tree=48
num_leaves=5
num_cat=0
split_feature=2 0 3 2
split_gain=1.45474e+06 1.4933e+06 4.53087e+06 931915
threshold=550.06251428571397 4745.8078500000011 -90.706643750000111 158.71854999999991
decision_type=2 2 2 2
left_child=1 3 -3 -1
right_child=-2 2 -4 -5
leaf_value=0.078159879494537482 4.2215814009383692 -8.653873578086495 -0.49765428840105469 2.3991185636538215
leaf_weight=5702 198 191 1506 467
leaf_count=5702 198 191 1506 467
internal_value=-0.000357193 -0.107153 -1.42021 0.254219
internal_weight=8064 7866 1697 6169
internal_count=8064 7866 1697 6169
is_linear=0
shrinkage=0.05


Tree=49
num_leaves=4
num_cat=0
split_feature=2 2 3
split_gain=1.39551e+06 1.24433e+06 686119
threshold=-293.59482857142888 550.06251428571397 -3.775231249999933
decision_type=2 2 2
left_child=-1 2 -2
right_child=1 -3 -4
leaf_value=-3.9840936945298702 -0.43071812887096494 4.0115629561582402 0.51896506250710228
leaf_weight=213 4128 198 3525
leaf_count=213 4128 198 3525
internal_value=-0.00035454 0.108219 0.0067201
internal_weight=8064 7851 7653
internal_count=8064 7851 7653
is_linear=0
shrinkage=0.05


Tree=50
num_leaves=5
num_cat=0
split_feature=3 2 1 3
split_gain=1.38623e+06 1.25814e+06 1.82666e+06 1.26445e+06
threshold=130.61046875000014 258.07030714285662 -330.58924999999903 7.0034868055557817
decision_type=2 2 2 2
left_child=1 2 -1 -3
right_child=-2 3 -4 -5
leaf_value=-5.1467512026681739 -4.8450082884985832 0.71322863310193407 -0.0024902940608498292 5.012231117354359
leaf_weight=176 144 623 6886 235
leaf_count=176 144 623 6886 235
internal_value=-0.000336095 0.0883494 -0.131407 1.89516
internal_weight=8064 7920 7062 858
internal_count=8064 7920 7062 858
is_linear=0
shrinkage=0.05


Tree=51
num_leaves=7
num_cat=0
split_feature=1 2 5 3 3 3
split_gain=1.27334e+06 1.4425e+06 891899 800970 3.98099e+06 870344
threshold=1.3446999999999034 500.15423571428533 -0.98812630719300909 50.013071180555478 61.785570138888723 2.9852111111111985
decision_type=2 2 2 2 2 2
left_child=1 2 -1 5 -5 -2
right_child=3 -3 -4 4 -6 -7
leaf_value=-3.664681723293842 -1.5630177739900559 4.0760563999903008 0.25041943256603122 -8.0135499368791709 0.88225236926227812 1.4898644625892929
leaf_weight=148 660 243 6140 218 295 360
leaf_count=148 660 243 6140 218 295 360
internal_value=-0.000345752 0.304095 0.157702 -1.2967 -2.90627 -0.485126
internal_weight=8064 6531 6288 1533 513 1020
internal_count=8064 6531 6288 1533 513 1020
is_linear=0
shrinkage=0.05


Tree=52
num_leaves=5
num_cat=0
split_feature=3 2 8 0
split_gain=1.26396e+06 1.1411e+06 1.71554e+06 1.59946e+06
threshold=130.61046875000014 118.29427142857095 13.166666666666668 185.72410000000005
decision_type=2 2 2 2
left_child=1 3 -3 -1
right_child=-2 2 -4 -5
leaf_value=0.29449127818244647 -4.626449533330983 2.3637193184894492 -1.2317662641893334 -1.4520669381127673
leaf_weight=4491 144 1106 473 1850
leaf_count=4491 144 1106 473 1850
internal_value=-0.000369025 0.084315 1.28657 -0.215219
internal_weight=8064 7920 1579 6341
internal_count=8064 7920 1579 6341
is_linear=0
shrinkage=0.05


Tree=53
num_leaves=4
num_cat=0
split_feature=3 2 3
split_gain=1.14154e+06 1.03611e+06 991114
threshold=130.61046875000014 -293.59482857142888 -3.775231249999933
decision_type=2 2 2
left_child=1 -1 -3
right_child=-2 2 -4
leaf_value=-3.4021941156914601 -4.3967224184397997 -0.33240772530987933 0.80821907028463424
leaf_weight=207 144 4289 3424
leaf_count=207 144 4289 3424
internal_value=-0.000379411 0.0800991 0.173985
internal_weight=8064 7920 7713
internal_count=8064 7920 7713
is_linear=0
shrinkage=0.05


Tree=54
num_leaves=7
num_cat=0
split_feature=1 4 2 1 3 3
split_gain=1.04662e+06 1.25676e+06 999229 1.97244e+06 1.40465e+06 806061
threshold=230.8321 0.48087430661751701 226.20032142857102 -330.58924999999903 7.0034868055557817 -4.510767708333673
decision_type=2 2 2 2 2 2
left_child=2 5 3 -1 -4 -2
right_child=1 -3 4 -5 -6 -7
leaf_value=-5.6591845677569026 0.068057997688038704 1.7231039572934634 0.51442951986388674 0.086970100635276798 4.8174839183000415 -4.3213927166620891
leaf_weight=152 145 182 702 6250 259 374
leaf_count=152 145 182 702 6250 259 374
internal_value=-0.000405846 -1.8451 0.175446 -0.050321 1.67795 -3.09728
internal_weight=8064 701 7363 6402 961 519
internal_count=8064 701 7363 6402 961 519
is_linear=0
shrinkage=0.05


Tree=55
num_leaves=5
num_cat=0
split_feature=3 2 8 0
split_gain=1.02051e+06 973835 1.53878e+06 1.3437e+06
threshold=130.61046875000014 118.29427142857095 13.166666666666668 185.72410000000005
decision_type=2 2 2 2
left_child=1 3 -3 -1
right_child=-2 2 -4 -5
leaf_value=0.26616427856375141 -4.1571651808968912 2.2064956057288407 -1.1986836561359435 -1.3346751147462785
leaf_weight=4491 144 1106 473 1850
leaf_count=4491 144 1106 473 1850
internal_value=-0.000402736 0.07569 1.18634 -0.201021
internal_weight=8064 7920 1579 6341
internal_count=8064 7920 1579 6341
is_linear=0
shrinkage=0.05


Tree=56
num_leaves=5
num_cat=0
split_feature=2 0 3 2
split_gain=943400 1.08577e+06 4.06532e+06 685534
threshold=550.06251428571397 4745.8078500000011 -90.706643750000111 158.71854999999991
decision_type=2 2 2 2
left_child=1 3 -3 -1
right_child=-2 2 -4 -5
leaf_value=0.070726106609700398 3.3994978611193711 -8.057975510197382 -0.33227464958639752 2.0613710184637299
leaf_weight=5702 198 191 1506 467
leaf_count=5702 198 191 1506 467
internal_value=-0.000408741 -0.0864112 -1.20605 0.22173
internal_weight=8064 7866 1697 6169
internal_count=8064 7866 1697 6169
is_linear=0
shrinkage=0.05


Tree=57
num_leaves=5
num_cat=0
split_feature=3 2 8 1
split_gain=922958 860467 1.45353e+06 1.18975e+06
threshold=130.61046875000014 118.29427142857095 12.166666666666668 -71.662500000000037
decision_type=2 2 2 2
left_child=1 3 -3 -1
right_child=-2 2 -4 -5
leaf_value=-2.9238132529956773 -3.9535070455074313 -3.4035869703977371 1.6240605312536545 -0.016707327776562132
leaf_weight=373 144 159 1420 5968
leaf_count=373 144 159 1420 5968
internal_value=-0.000406028 0.0719586 1.11596 -0.188148
internal_weight=8064 7920 1579 6341
internal_count=8064 7920 1579 6341
is_linear=0
shrinkage=0.05


Tree=58
num_leaves=4
num_cat=0
split_feature=2 2 1
split_gain=888258 788065 657046
threshold=-293.59482857142888 550.06251428571397 -522.76159999999993
decision_type=2 2 2
left_child=-1 2 -2
right_child=1 -3 -4
leaf_value=-3.1787309002096409 -2.8597443463863472 3.1925318998308043 0.080300288331369069
leaf_weight=213 194 198 7459
leaf_count=213 194 198 7459
internal_value=-0.000439499 0.0861824 0.00540763
internal_weight=8064 7851 7653
internal_count=8064 7851 7653
is_linear=0
shrinkage=0.05


Tree=59
num_leaves=7
num_cat=0
split_feature=1 2 4 0 3 3
split_gain=857452 1.06113e+06 1.62871e+06 1.01109e+06 656203 3.5289e+06
threshold=1.3446999999999034 424.16442142857164 -0.065387565056497052 5876.1945000000005 50.013071180555478 61.785570138888723
decision_type=2 2 2 2 2 2
left_child=1 3 -3 -1 -2 -6
right_child=4 2 -4 -5 5 -7
leaf_value=0.28318031968117285 -0.3297728982848005 -1.1454677336215973 5.6433902855945277 -2.0752726194829592 -7.3297185303685879 1.0452198936981527
leaf_weight=5674 1020 149 215 493 218 295
leaf_count=5674 1020 149 215 493 218 295
internal_value=-0.00043467 0.24939 2.86891 0.0943359 -1.06423 -2.52106
internal_weight=8064 6531 364 6167 1533 513
internal_count=8064 6531 364 6167 1533 513
is_linear=0
shrinkage=0.05


Tree=60
num_leaves=5
num_cat=0
split_feature=3 2 3 1
split_gain=843731 745802 1.43689e+06 1.05178e+06
threshold=130.61046875000014 118.29427142857095 -3.775231249999933 -203.51444999999953
decision_type=2 2 2 2
left_child=1 3 -3 -1
right_child=-2 2 -4 -5
leaf_value=-4.1887273593518719 -3.7800628680196304 -0.098161169118409775 3.0368698889545396 -0.070136480197689366
leaf_weight=158 144 1006 573 6183
leaf_count=158 144 1006 573 6183
internal_value=-0.000437166 0.0687518 1.04071 -0.173405
internal_weight=8064 7920 1579 6341
internal_count=8064 7920 1579 6341
is_linear=0
shrinkage=0.05


Tree=61
num_leaves=7
num_cat=0
split_feature=1 2 4 0 3 3
split_gain=789533 931190 1.47475e+06 901019 593018 3.19446e+06
threshold=1.3446999999999034 424.16442142857164 -0.065387565056497052 5876.1945000000005 50.013071180555478 61.785570138888723
decision_type=2 2 2 2 2 2
left_child=1 3 -3 -1 -2 -6
right_child=4 2 -4 -5 5 -7
leaf_value=0.2722956330749301 -0.32302881311607001 -1.1265463166236878 5.3333044871101505 -1.9540818392989125 -6.9812773303626336 0.98694110036500404
leaf_weight=5674 1020 149 215 493 218 295
leaf_count=5674 1020 149 215 493 218 295
internal_value=-0.000446928 0.239279 2.69318 0.0940274 -1.02124 -2.40616
internal_weight=8064 6531 364 6167 1533 513
internal_count=8064 6531 364 6167 1533 513
is_linear=0
shrinkage=0.05


Tree=62
num_leaves=5
num_cat=0
split_feature=3 3 3 0
split_gain=772378 699896 2.29097e+06 1.39209e+06
threshold=130.61046875000014 61.785570138888723 55.872129166666817 6244.4062500000009
decision_type=2 2 2 2
left_child=1 2 -1 -3
right_child=-2 3 -4 -5
leaf_value=0.13151582550423324 -3.6167269604781582 0.49607599367670363 -3.6223943257080631 5.8231981738999083
leaf_weight=6624 144 717 432 147
leaf_count=6624 144 717 432 147
internal_value=-0.000448099 0.0657507 -0.0987961 1.40811
internal_weight=8064 7920 7056 864
internal_count=8064 7920 7056 864
is_linear=0
shrinkage=0.05


Tree=63
num_leaves=7
num_cat=0
split_feature=1 2 1 3 3 3
split_gain=727775 847136 759357 541216 2.75584e+06 762172
threshold=1.3446999999999034 500.15423571428533 -522.76159999999993 50.013071180555478 61.785570138888723 2.9852111111111985
decision_type=2 2 2 2 2 2
left_child=1 2 -1 5 -5 -2
right_child=3 -3 -4 4 -6 -7
leaf_value=-3.1787271112291253 -1.3222577741282251 3.1203170635661142 0.20908771181506489 -6.5529333148644939 0.8482246261593458 1.5345349542879168
leaf_weight=169 660 243 6119 218 295 360
leaf_count=169 660 243 6119 218 295 360
internal_value=-0.00043058 0.229729 0.117544 -0.980484 -2.30354 -0.313463
internal_weight=8064 6531 6288 1533 513 1020
internal_count=8064 6531 6288 1533 513 1020
is_linear=0
shrinkage=0.05


Tree=64
num_leaves=5
num_cat=0
split_feature=3 2 8 1
split_gain=705746 630810 1.35588e+06 962720
threshold=130.61046875000014 118.29427142857095 13.166666666666668 -71.662500000000037
decision_type=2 2 2 2
left_child=1 3 -3 -1
right_child=-2 2 -4 -5
leaf_value=-2.6207222746017784 -3.4572173065974798 1.9143909370925449 -1.2818682005902053 -0.0056533156531151591
leaf_weight=373 144 1106 473 5968
leaf_count=373 144 1106 473 5968
internal_value=-0.000442163 0.0628368 0.956725 -0.15987
internal_weight=8064 7920 1579 6341
internal_count=8064 7920 1579 6341
is_linear=0
shrinkage=0.05


Tree=65
num_leaves=7
num_cat=0
split_feature=1 10 2 3 1 3
split_gain=669858 1.1029e+06 601276 1.36565e+06 1.09178e+06 463284
threshold=296.43010000000032 0.37755731922398594 158.71854999999991 -3.775231249999933 -246.48869999999997 2.9852111111111985
decision_type=2 2 2 2 2 2
left_child=2 -2 4 -4 -1 -3
right_child=1 5 3 -5 -6 -7
leaf_value=-4.0300089224033497 2.011049651315338 -5.2513202159980246 -0.052504623407362776 3.3925931988292577 0.032972970638650623 -1.7541263793318078
leaf_weight=169 151 144 853 433 6036 278
leaf_count=169 151 144 853 433 6036 278
internal_value=-0.000453855 -1.64663 0.125668 1.1092 -0.0783184 -2.95707
internal_weight=8064 573 7491 1286 6205 422
internal_count=8064 573 7491 1286 6205 422
is_linear=0
shrinkage=0.05


Tree=66
num_leaves=5
num_cat=0
split_feature=3 3 3 0
split_gain=638524 592456 1.97942e+06 1.24443e+06
threshold=130.61046875000014 61.785570138888723 55.872129166666817 6244.4062500000009
decision_type=2 2 2 2
left_child=1 2 -1 -3
right_child=-2 3 -4 -5
leaf_value=0.12241226624396613 -3.2884931089138165 0.43250886984370535 -3.366926143764073 5.4691081117939309
leaf_weight=6624 144 717 432 147
leaf_count=6624 144 717 432 147
internal_value=-0.000466198 0.0597237 -0.0916675 1.29476
internal_weight=8064 7920 7056 864
internal_count=8064 7920 7056 864
is_linear=0
shrinkage=0.05


Tree=67
num_leaves=7
num_cat=0
split_feature=1 2 1 3 3 3
split_gain=650446 723633 699683 506703 2.36846e+06 708963
threshold=1.3446999999999034 500.15423571428533 -522.76159999999993 50.013071180555478 61.785570138888723 -74.558765625000191
decision_type=2 2 2 2 2 2
left_child=1 2 -1 5 -5 -2
right_child=3 -3 -4 4 -6 -7
leaf_value=-3.0506483695787541 -3.4943215123650173 2.8887262443050012 0.20132863131643949 -6.146525887212797 0.71493538365875553 0.25846845663913659
leaf_weight=169 146 243 6119 218 295 874
leaf_count=169 146 243 6119 218 295 874
internal_value=-0.000446801 0.217142 0.113455 -0.926971 -2.20714 -0.281592
internal_weight=8064 6531 6288 1533 513 1020
internal_count=8064 6531 6288 1533 513 1020
is_linear=0
shrinkage=0.05


Tree=68
num_leaves=7
num_cat=0
split_feature=1 2 4 0 3 3
split_gain=587333 673514 1.3374e+06 780459 459546 1.80566e+06
threshold=1.3446999999999034 424.16442142857164 -0.065387565056497052 5876.1945000000005 40.645667361111016 61.785570138888723
decision_type=2 2 2 2 2 2
left_child=1 3 -3 -1 -2 -6
right_child=4 2 -4 -5 5 -7
leaf_value=0.2486678933422943 -0.22169167014459767 -1.3428185246785482 4.8076509613681724 -1.8234138477488084 -4.9884314128489642 0.67930937785390977
leaf_weight=5674 971 149 215 493 267 295
leaf_count=5674 971 149 215 493 267 295
internal_value=-0.00047795 0.206285 2.29323 0.0827535 -0.880905 -2.01745
internal_weight=8064 6531 364 6167 1533 562
internal_count=8064 6531 364 6167 1533 562
is_linear=0
shrinkage=0.05


Tree=69
num_leaves=5
num_cat=0
split_feature=3 3 0 0
split_gain=590291 557611 3.17588e+06 2.69721e+06
threshold=130.61046875000014 -3.775231249999933 7280.3488000000007 7161.6901500000013
decision_type=2 2 2 2
left_child=1 2 -1 -3
right_child=-2 3 -4 -5
leaf_value=-0.010087828013793248 -3.161873571852158 0.1066023379526525 -6.150231876673999 5.0810388812111684
leaf_weight=4099 144 3304 221 296
leaf_count=4099 144 3304 221 296
internal_value=-0.000470423 0.0574016 -0.325552 0.516909
internal_weight=8064 7920 4320 3600
internal_count=8064 7920 4320 3600
is_linear=0
shrinkage=0.05


Tree=70
num_leaves=7
num_cat=0
split_feature=1 10 2 3 1 3
split_gain=571993 1.02779e+06 517815 1.19016e+06 921432 459754
threshold=296.43010000000032 0.37755731922398594 158.71854999999991 -3.775231249999933 -246.48869999999997 40.645667361111016
decision_type=2 2 2 2 2 2
left_child=2 -2 4 -4 -1 -3
right_child=1 5 3 -5 -6 -7
leaf_value=-3.7035575678374841 2.0090262667128918 -1.3612897505525683 -0.055694406264978492 3.1604336919666434 0.029013474909042582 -4.7035725629660821
leaf_weight=169 151 243 853 433 6036 179
leaf_count=169 151 243 853 433 6036 179
internal_value=-0.000472537 -1.52165 0.116072 1.0288 -0.0732276 -2.78676
internal_weight=8064 573 7491 1286 6205 422
internal_count=8064 573 7491 1286 6205 422
is_linear=0
shrinkage=0.05


Tree=71
num_leaves=7
num_cat=0
split_feature=1 3 5 0 3 3
split_gain=533573 616018 4.69496e+06 3.08642e+06 441769 1.97167e+06
threshold=1.3446999999999034 -3.775231249999933 -0.91509365977396839 7161.6901500000013 50.013071180555478 61.785570138888723
decision_type=2 2 2 2 2 2
left_child=1 3 -3 -1 -2 -6
right_child=4 2 -4 -5 5 -7
leaf_value=0.090463438479623334 -0.23706407374214386 9.3617275238037116 0.27000888224688357 -6.7868149798515951 -5.6292505758538098 0.6311957490353568
leaf_weight=3549 1020 149 2663 170 218 295
leaf_count=3549 1020 149 2663 170 218 295
internal_value=-0.000477584 0.196596 0.75491 -0.225645 -0.839644 -2.03496
internal_weight=8064 6531 2812 3719 1533 513
internal_count=8064 6531 2812 3719 1533 513
is_linear=0
shrinkage=0.05


Tree=72
num_leaves=5
num_cat=0
split_feature=3 8 5 2
split_gain=533032 489866 1.4197e+06 932771
threshold=130.61046875000014 12.166666666666668 -0.6913484944011038 118.29427142857095
decision_type=2 2 2 2
left_child=1 2 -1 -3
right_child=-2 3 -4 -5
leaf_value=-5.5517762730385636 -3.0046313083993978 -0.11122580561824616 0.11479926310997404 1.3151837693363493
leaf_weight=148 144 5924 428 1420
leaf_count=148 144 5924 428 1420
internal_value=-0.000467958 0.0545256 -1.34829 0.164719
internal_weight=8064 7920 576 7344
internal_count=8064 7920 576 7344
is_linear=0
shrinkage=0.05


Tree=73
num_leaves=5
num_cat=0
split_feature=3 3 0 0
split_gain=481396 480506 3.49191e+06 3.38718e+06
threshold=130.61046875000014 7.0034868055557817 7280.3488000000007 7161.6901500000013
decision_type=2 2 2 2
left_child=1 2 -1 -3
right_child=-2 3 -4 -5
leaf_value=0.043453122973138691 -2.8554358422139599 0.010757341217582247 -6.2414141317636807 5.765349474485884
leaf_weight=4665 144 2743 231 281
leaf_count=4665 144 2743 231 281
internal_value=-0.000489437 0.0517726 -0.25429 0.547222
internal_weight=8064 7920 4896 3024
internal_count=8064 7920 4896 3024
is_linear=0
shrinkage=0.05


Tree=74
num_leaves=7
num_cat=0
split_feature=1 10 8 2 0 3
split_gain=495549 948155 483706 1.43496e+06 945529 430958
threshold=296.43010000000032 0.37755731922398594 13.166666666666668 500.15423571428533 3886.1062500000003 40.645667361111016
decision_type=2 2 2 2 2 2
left_child=2 -2 3 -1 -4 -3
right_child=1 5 4 -5 -6 -7
leaf_value=0.20285941454429396 1.9745948109971849 -1.2517995808945328 0.068459509214763153 5.0068545858561997 -2.5127615486185593 -4.4871923390693134
leaf_weight=5464 151 243 1393 159 475 179
leaf_count=5464 151 243 1393 159 475 179
internal_value=-0.000485284 -1.41637 0.107993 0.339567 -0.588893 -2.63152
internal_weight=8064 573 7491 5623 1868 422
internal_count=8064 573 7491 5623 1868 422
is_linear=0
shrinkage=0.05


Tree=75
num_leaves=7
num_cat=0
split_feature=1 3 5 0 3 3
split_gain=456394 553637 4.10617e+06 2.53682e+06 406898 1.77991e+06
threshold=1.3446999999999034 -3.775231249999933 -0.91509365977396839 7161.6901500000013 50.013071180555478 61.785570138888723
decision_type=2 2 2 2 2 2
left_child=1 3 -3 -1 -2 -6
right_child=4 2 -4 -5 5 -7
leaf_value=0.06809572011778052 -0.19829704718250166 8.7601437965234137 0.25760889216990412 -6.166872923877853 -5.3387736045334435 0.60942045475381457
leaf_weight=3549 1020 149 2663 170 218 295
leaf_count=3549 1020 149 2663 170 218 295
internal_value=-0.000467211 0.181797 0.711088 -0.218493 -0.776574 -1.92374
internal_weight=8064 6531 2812 3719 1533 513
internal_count=8064 6531 2812 3719 1533 513
is_linear=0
shrinkage=0.05


Tree=76
num_leaves=5
num_cat=0
split_feature=3 8 5 2
split_gain=434694 448809 1.2865e+06 843422
threshold=130.61046875000014 12.166666666666668 -0.6913484944011038 118.29427142857095
decision_type=2 2 2 2
left_child=1 2 -1 -3
right_child=-2 3 -4 -5
leaf_value=-5.2949755463024113 -2.7133872798804579 -0.10771470207268302 0.09925166134937452 1.2486580260906743
leaf_weight=148 144 5924 428 1420
leaf_count=148 144 5924 428 1420
internal_value=-0.000456306 0.049206 -1.29354 0.154681
internal_weight=8064 7920 576 7344
internal_count=8064 7920 576 7344
is_linear=0
shrinkage=0.05


Tree=77
num_leaves=5
num_cat=0
split_feature=2 3 0 0
split_gain=410608 535831 4.70098e+06 2.4349e+06
threshold=-293.59482857142888 -3.775231249999933 7439.1017000000011 7280.3488000000007
decision_type=2 2 2 2
left_child=-1 3 -3 -2
right_child=1 2 -4 -5
leaf_value=-2.1613906941402741 -0.047050653415019905 0.11136662919522561 8.75349155440475 -5.5554101148134727
leaf_weight=213 4079 3398 164 210
leaf_count=213 4079 3398 164 210
internal_value=-0.000475453 0.0584186 0.511609 -0.317986
internal_weight=8064 7851 3562 4289
internal_count=8064 7851 3562 4289
is_linear=0
shrinkage=0.05


Tree=78
num_leaves=7
num_cat=0
split_feature=1 2 4 0 3 3
split_gain=408707 528395 1.26218e+06 642016 399314 1.26166e+06
threshold=1.3446999999999034 424.16442142857164 -0.065387565056497052 5876.1945000000005 -74.558765625000191 -29.135861805555461
decision_type=2 2 2 2 2 2
left_child=1 3 -3 -1 -2 -6
right_child=4 2 -4 -5 5 -7
leaf_value=0.21310242987173048 -3.2131212956903243 -1.5107438244620959 4.463443117285216 -1.6662339334862555 3.0596033945122616 -1.1146747793751828
leaf_weight=5674 146 149 215 493 213 1174
leaf_count=5674 146 149 215 493 213 1174
internal_value=-0.000444849 0.172034 2.02053 0.0626194 -0.734887 -0.471893
internal_weight=8064 6531 364 6167 1533 1387
internal_count=8064 6531 364 6167 1533 1387
is_linear=0
shrinkage=0.05


Tree=79
num_leaves=5
num_cat=0
split_feature=3 3 0 0
split_gain=401791 414647 3.00332e+06 2.61555e+06
threshold=130.61046875000014 7.0034868055557817 7161.6901500000013 7280.3488000000007
decision_type=2 2 2 2
left_child=1 3 -3 -1
right_child=-2 2 -4 -5
leaf_value=0.020699986425678312 -2.6086576731451627 0.0024197521862097827 5.421129646379474 -5.4186462028273219
leaf_weight=4665 144 2743 281 231
leaf_count=4665 144 2743 281 231
internal_value=-0.000421176 0.0473247 0.50757 -0.23699
internal_weight=8064 7920 3024 4896
internal_count=8064 7920 3024 4896
is_linear=0
shrinkage=0.05


Tree=80
num_leaves=7
num_cat=0
split_feature=1 10 5 3 0 3
split_gain=405515 880220 496439 2.36346e+06 1.16224e+06 416181
threshold=296.43010000000032 0.37755731922398594 -0.94670478576706751 -3.775231249999933 5876.1945000000005 40.645667361111016
decision_type=2 2 2 2 2 2
left_child=2 -2 3 -1 -4 -3
right_child=1 5 4 -5 -6 -7
leaf_value=-0.71523360043469042 1.9856843559561594 -1.0970199984971616 0.14109135682888199 5.9657011462044593 -2.6007601178910615 -4.2754381651348536
leaf_weight=403 151 243 6482 196 410 179
leaf_count=403 151 243 6482 196 410 179
internal_value=-0.000416134 -1.28123 0.0977138 1.47715 -0.022373 -2.45213
internal_weight=8064 573 7491 599 6892 422
internal_count=8064 573 7491 599 6892 422
is_linear=0
shrinkage=0.05


Tree=81
num_leaves=7
num_cat=0
split_feature=8 5 2 8 0 6
split_gain=379357 1.14919e+06 663146 1.35354e+06 713325 12987.5
threshold=12.166666666666668 -0.6913484944011038 118.29427142857095 13.166666666666668 185.72410000000005 0.49999999999999961
decision_type=2 2 2 2 2 2
left_child=1 -1 4 -4 -2 -3
right_child=2 5 3 -5 -6 -7
leaf_value=-5.0176153047772871 0.22070081159798091 0.28057998518900307 2.1287520611649082 -1.1323189844782091 -0.96391019660790789 -0.29693672852278158
leaf_weight=148 4232 280 968 473 1815 148
leaf_count=148 4232 280 968 473 1815 148
internal_value=-0.000399022 -1.23575 0.09478 1.05828 -0.134959 0.0806513
internal_weight=8064 576 7488 1441 6047 428
internal_count=8064 576 7488 1441 6047 428
is_linear=0
shrinkage=0.05


Tree=82
num_leaves=5
num_cat=0
split_feature=3 3 5 3
split_gain=364571 537793 1.40268e+06 1.19174e+06
threshold=-200.55883298611101 -135.92341701388861 -0.48087430661751701 -121.42968611111108
decision_type=2 2 2 2
left_child=-1 2 -2 -3
right_child=1 3 -4 -5
leaf_value=2.4840843935310843 -5.7082984050383443 4.5419860806958425 0.29059458404154215 -0.035447017373361041
leaf_weight=144 147 144 285 7344
leaf_count=144 147 144 285 7344
internal_value=-0.000408709 -0.0458892 -1.75916 0.0531753
internal_weight=8064 7920 432 7488
internal_count=8064 7920 432 7488
is_linear=0
shrinkage=0.05


Tree=83
num_leaves=5
num_cat=0
split_feature=2 0 3 2
split_gain=361458 482800 2.77846e+06 391854
threshold=550.06251428571397 4745.8078500000011 -90.706643750000111 138.12402142857164
decision_type=2 2 2 2
left_child=1 3 -3 -1
right_child=-2 2 -4 -5
leaf_value=0.027330569050115595 2.1041173085495455 -6.4647712833015252 -0.077993841530593244 1.4268638533456948
leaf_weight=5621 198 191 1506 548
leaf_count=5621 198 191 1506 548
internal_value=-0.000378518 -0.0536128 -0.80022 0.151864
internal_weight=8064 7866 1697 6169
internal_count=8064 7866 1697 6169
is_linear=0
shrinkage=0.05


Tree=84
num_leaves=5
num_cat=0
split_feature=3 3 5 2
split_gain=362168 386412 820440 584782
threshold=130.61046875000014 68.768806944444478 -0.48087430661751701 -131.24980000000002
decision_type=2 2 2 2
left_child=1 3 -3 -1
right_child=-2 2 -4 -5
leaf_value=-1.8380802541096726 -2.4766697575306074 4.5174549825288155 -0.070943663350039432 0.069478554778760471
leaf_weight=425 144 147 285 7063
leaf_count=425 144 147 285 7063
internal_value=-0.000378096 0.0449524 1.49721 -0.0390207
internal_weight=8064 7920 432 7488
internal_count=8064 7920 432 7488
is_linear=0
shrinkage=0.05


Tree=85
num_leaves=5
num_cat=0
split_feature=3 3 5 3
split_gain=344653 469042 1.22043e+06 1.08225e+06
threshold=-200.55883298611101 -135.92341701388861 -0.48087430661751701 -121.42968611111108
decision_type=2 2 2 2
left_child=-1 2 -2 -3
right_child=1 3 -4 -5
leaf_value=2.4153147414121139 -5.328249382489437 4.3255789988410882 0.26737735438180138 -0.036515372143586029
leaf_weight=144 147 144 285 7344
leaf_count=144 147 144 285 7344
internal_value=-0.000357942 -0.0445786 -1.6446 0.0479374
internal_weight=8064 7920 432 7488
internal_count=8064 7920 432 7488
is_linear=0
shrinkage=0.05


Tree=86
num_leaves=6
num_cat=0
split_feature=2 5 0 1 0
split_gain=337646 1.0245e+06 790101 620332 329864
threshold=291.03671428571403 -0.94670478576706751 5504.9895500000011 -401.53124999999949 2388.5630000000006
decision_type=2 2 2 2 2
left_child=3 -2 -3 -1 -5
right_child=1 2 -4 4 -6
leaf_value=-3.3289444740504437 3.4416833898283707 1.1631768448542559 -3.1408165465445208 0.1630761574287217 -0.61038243686795368
leaf_weight=145 273 288 168 5332 1858
leaf_count=145 273 288 168 5332 1858
internal_value=-0.000329862 1.02518 -0.425908 -0.102378 -0.0368538
internal_weight=8064 729 456 7335 7190
internal_count=8064 729 456 7335 7190
is_linear=0
shrinkage=0.05


Tree=87
num_leaves=7
num_cat=0
split_feature=8 5 2 8 5 6
split_gain=326910 988093 590211 1.18594e+06 579821 11509.3
threshold=12.166666666666668 -0.6913484944011038 118.29427142857095 13.166666666666668 -0.94670478576706751 0.49999999999999961
decision_type=2 2 2 2 2 2
left_child=1 -1 4 -4 -2 -3
right_child=2 5 3 -5 -6 -7
leaf_value=-4.6538991274449648 -2.0274707456561551 0.26175753968996512 1.999004712555523 -1.053501463046431 -0.0024827809145267152 -0.28189827481772273
leaf_weight=148 376 280 968 473 5671 148
leaf_count=148 376 280 968 473 5671 148
internal_value=-0.000327697 -1.14711 0.0880274 0.997001 -0.12871 0.0735455
internal_weight=8064 576 7488 1441 6047 428
internal_count=8064 576 7488 1441 6047 428
is_linear=0
shrinkage=0.05


Tree=88
num_leaves=5
num_cat=0
split_feature=3 3 0 3
split_gain=327653 384412 1.06338e+06 981831
threshold=130.61046875000014 -44.741743402777267 5355.0060000000003 -27.206477083333422
decision_type=2 2 2 2
left_child=1 2 -1 -3
right_child=-2 3 -4 -5
leaf_value=0.042001631431089162 -2.3556906506933015 2.2333937405251887 -2.5129070341469273 0.049219400968524403
leaf_weight=2087 144 576 505 4752
leaf_count=2087 144 576 505 4752
internal_value=-0.000347017 0.0427694 -0.456549 0.285721
internal_weight=8064 7920 2592 5328
internal_count=8064 7920 2592 5328
is_linear=0
shrinkage=0.05


Tree=89
num_leaves=4
num_cat=0
split_feature=2 1 8
split_gain=332343 370311 373004
threshold=550.06251428571397 -522.76159999999993 12.166666666666668
decision_type=2 2 2
left_child=1 -1 -3
right_child=-2 2 -4
leaf_value=-2.2031101160783035 2.0176124107747824 -1.2688018855958509 0.098822291998125839
leaf_weight=194 198 535 7137
leaf_count=194 198 535 7137
internal_value=-0.00034543 -0.0513907 0.00329932
internal_weight=8064 7866 7672
internal_count=8064 7866 7672
is_linear=0
shrinkage=0.05


Tree=90
num_leaves=5
num_cat=0
split_feature=3 3 0 3
split_gain=327479 433345 1.14942e+06 946449
threshold=-200.55883298611101 -44.741743402777267 5355.0060000000003 -27.206477083333422
decision_type=2 2 2 2
left_child=-1 2 -2 -3
right_child=1 3 -4 -5
leaf_value=2.3543793408212994 -0.067644869943891531 2.1192451407374295 -2.8160846599348033 -0.021780433915342949
leaf_weight=144 1978 576 470 4896
leaf_count=144 1978 576 470 4896
internal_value=-0.000336566 -0.0434414 -0.596262 0.203937
internal_weight=8064 7920 2448 5472
internal_count=8064 7920 2448 5472
is_linear=0
shrinkage=0.05


Tree=91
num_leaves=6
num_cat=0
split_feature=2 5 0 0 0
split_gain=328156 974160 684085 529845 230130
threshold=291.03671428571403 -0.94670478576706751 5504.9895500000011 7855.0500000000002 2783.6429000000003
decision_type=2 2 2 2 2
left_child=3 -2 -3 4 -1
right_child=1 2 -4 -5 -6
leaf_value=0.13002825394523049 3.3670661046557187 1.0743324558421403 -2.9305174241933596 -2.5641666294549998 -0.53978633020968958
leaf_weight=5448 273 288 168 211 1676
leaf_count=5448 273 288 168 211 1676
internal_value=-0.000310018 1.01069 -0.404322 -0.100913 -0.0276067
internal_weight=8064 729 456 7335 7124
internal_count=8064 729 456 7335 7124
is_linear=0
shrinkage=0.05


Tree=92
num_leaves=4
num_cat=0
split_feature=2 1 8
split_gain=296559 334170 336860
threshold=550.06251428571397 -522.76159999999993 12.166666666666668
decision_type=2 2 2
left_child=1 -1 -3
right_child=-2 2 -4
leaf_value=-2.0925473805727104 1.9059231946216757 -1.2054690373255248 0.09420720240597534
leaf_weight=194 198 535 7137
leaf_count=194 198 535 7137
internal_value=-0.000303585 -0.0485226 0.00343016
internal_weight=8064 7866 7672
internal_count=8064 7866 7672
is_linear=0
shrinkage=0.05


Tree=93
num_leaves=5
num_cat=0
split_feature=3 3 6 3
split_gain=296710 397284 1.08133e+06 863932
threshold=-200.55883298611101 -44.741743402777267 -0.64278760968653958 -29.135861805555461
decision_type=2 2 2 2
left_child=-1 2 -2 -3
right_child=1 3 -4 -5
leaf_value=2.2410715434469028 -2.2635133261109939 2.3387627535170554 0.081369427364970284 0.011402411377687431
leaf_weight=144 680 432 1768 5040
leaf_count=144 680 432 1768 5040
internal_value=-0.000296448 -0.0413264 -0.570645 0.195535
internal_weight=8064 7920 2448 5472
internal_count=8064 7920 2448 5472
is_linear=0
shrinkage=0.05


Tree=94
num_leaves=7
num_cat=0
split_feature=2 5 0 3 0 3
split_gain=298373 903917 1.92417e+06 634924 612689 753617
threshold=118.29427142857095 -0.94670478576706751 5876.1945000000005 -39.079706944444176 67.254850000000019 -90.706643750000111
decision_type=2 2 2 2 2 2
left_child=4 3 -3 -2 -1 -6
right_child=1 2 -4 -5 5 -7
leaf_value=0.16919154069849607 0.58769145005159251 0.89335546230373508 -4.2015173105201846 4.3479520551018096 -4.1565392127283562 -0.59512753871849466
leaf_weight=4507 220 920 231 229 161 1796
leaf_count=4507 220 920 231 229 161 1796
internal_value=-0.000266699 0.610829 -0.13192 2.51091 -0.151599 -0.890094
internal_weight=8064 1600 1151 449 6464 1957
internal_count=8064 1600 1151 449 6464 1957
is_linear=0
shrinkage=0.05


Tree=95
num_leaves=5
num_cat=0
split_feature=3 3 0 0
split_gain=297768 370940 2.83764e+06 2.00639e+06
threshold=130.61046875000014 7.0034868055557817 7161.6901500000013 7439.1017000000011
decision_type=2 2 2 2
left_child=1 3 -3 -1
right_child=-2 2 -4 -5
leaf_value=-0.021421264797712149 -2.2456306277061331 -0.014868300622356268 5.2522549493621433 -5.184638611257685
leaf_weight=4701 144 2743 281 195
leaf_count=4701 144 2743 281 195
internal_value=-0.000271682 0.0408314 0.476145 -0.228081
internal_weight=8064 7920 3024 4896
internal_count=8064 7920 3024 4896
is_linear=0
shrinkage=0.05


Tree=96
num_leaves=5
num_cat=0
split_feature=2 5 3 0
split_gain=298040 457773 3.39058e+06 689243
threshold=-293.59482857142888 -0.94670478576706751 2.9852111111111985 4745.8078500000011
decision_type=2 2 2 2
left_child=-1 2 -2 -3
right_child=1 3 -4 -5
leaf_value=-1.8413036910172935 -1.3968449381463728 0.11703500103359309 5.573761182597706 -1.3456217271221509
leaf_weight=213 462 6185 279 925
leaf_count=213 462 6185 279 925
internal_value=-0.000271825 0.0499041 1.23169 -0.0734168
internal_weight=8064 7851 741 7110
internal_count=8064 7851 741 7110
is_linear=0
shrinkage=0.05


Tree=97
num_leaves=5
num_cat=0
split_feature=3 3 3 5
split_gain=287730 348286 1.00507e+06 992103
threshold=-200.55883298611101 -135.92341701388861 -121.42968611111108 -0.48087430661751701
decision_type=2 2 2 2
left_child=-1 3 -3 -2
right_child=1 2 -4 -5
leaf_value=2.2069386076927184 -4.7406818134559172 4.161358606733125 -0.042317924418028924 0.30425065928822637
leaf_weight=144 147 144 7344 285
leaf_count=144 147 144 7344 285
internal_value=-0.000251367 -0.0406556 0.0390669 -1.41941
internal_weight=8064 7920 7488 432
internal_count=8064 7920 7488 432
is_linear=0
shrinkage=0.05


Tree=98
num_leaves=7
num_cat=0
split_feature=2 7 0 0 4 1
split_gain=293736 787182 547992 480405 364355 178003
threshold=291.03671428571403 0.73657561215276279 5355.0060000000003 7855.0500000000002 1.0000000180025095e-35 -274.45800000000003
decision_type=2 2 2 2 2 2
left_child=3 2 -2 5 -3 -1
right_child=1 4 -4 -5 -6 -7
leaf_value=1.263735092333121 0.96830790336384931 1.0625994734568138 -2.7259976446628573 -2.440924263576854 4.5274681917999109 -0.074036499813967108
leaf_weight=257 263 145 161 211 160 6867
leaf_count=257 263 145 161 211 160 6867
internal_value=-0.00022708 0.956279 -0.437596 -0.0954083 2.88909 -0.0256055
internal_weight=8064 729 424 7335 305 7124
internal_count=8064 729 424 7335 305 7124
is_linear=0
shrinkage=0.05


Tree=99
num_leaves=4
num_cat=0
split_feature=1 1 3
split_gain=278606 667696 283047
threshold=-660.81055000000003 -439.73554999999982 -174.4706020833332
decision_type=2 2 2
left_child=-1 -2 -3
right_child=1 2 -4
leaf_value=-1.8337063229910218 2.509230110967966 1.6879834525740667 -0.093201289147535393
leaf_weight=201 265 229 7369
leaf_count=201 265 229 7369
internal_value=-0.000199724 0.046897 -0.0393022
internal_weight=8064 7863 7598
internal_count=8064 7863 7598
is_linear=0
shrinkage=0.05


end of trees

feature_importances:
Column_2=167
Column_3=134
Column_0=63
Column_1=45
Column_8=37
Column_5=27
Column_4=12
Column_7=11
Column_10=7
Column_6=4

parameters:
[boosting: gbdt]
[objective: regression]
[metric: l2]
[tree_learner: serial]
[device_type: cpu]
[data_sample_strategy: bagging]
[data: ]
[valid: ]
[num_iterations: 100]
[learning_rate: 0.05]
[num_leaves: 7]
[num_threads: 1]
[seed: 20250911]
[deterministic: 1]
[force_col_wise: 1]
[force_row_wise: 0]
[histogram_pool_size: -1]
[max_depth: 3]
[min_data_in_leaf: 144]
[min_sum_hessian_in_leaf: 0.001]
[bagging_fraction: 1]
[pos_bagging_fraction: 1]
[neg_bagging_fraction: 1]
[bagging_freq: 0]
[bagging_seed: 20250911]
[bagging_by_query: 0]
[feature_fraction: 1]
[feature_fraction_bynode: 1]
[feature_fraction_seed: 20250911]
[extra_trees: 0]
[extra_seed: 26685]
[early_stopping_round: 0]
[early_stopping_min_delta: 0]
[first_metric_only: 0]
[max_delta_step: 0]
[lambda_l1: 0]
[lambda_l2: 1]
[linear_lambda: 0]
[min_gain_to_split: 0]
[drop_rate: 0.1]
[max_drop: 50]
[skip_drop: 0.5]
[xgboost_dart_mode: 0]
[uniform_drop: 0]
[drop_seed: 2504]
[top_rate: 0.2]
[other_rate: 0.1]
[min_data_per_group: 100]
[max_cat_threshold: 32]
[cat_l2: 10]
[cat_smooth: 10]
[max_cat_to_onehot: 4]
[top_k: 20]
[monotone_constraints: ]
[monotone_constraints_method: basic]
[monotone_penalty: 0]
[feature_contri: ]
[forcedsplits_filename: ]
[refit_decay_rate: 0.9]
[cegb_tradeoff: 1]
[cegb_penalty_split: 0]
[cegb_penalty_feature_lazy: ]
[cegb_penalty_feature_coupled: ]
[path_smooth: 0]
[interaction_constraints: ]
[verbosity: -1]
[saved_feature_importance_type: 0]
[use_quantized_grad: 0]
[num_grad_quant_bins: 4]
[quant_train_renew_leaf: 0]
[stochastic_rounding: 1]
[linear_tree: 0]
[max_bin: 63]
[max_bin_by_feature: ]
[min_data_in_bin: 3]
[bin_construct_sample_cnt: 200000]
[data_random_seed: 20250911]
[is_enable_sparse: 1]
[enable_bundle: 1]
[use_missing: 1]
[zero_as_missing: 0]
[feature_pre_filter: 0]
[pre_partition: 0]
[two_round: 0]
[header: 0]
[label_column: ]
[weight_column: ]
[group_column: ]
[ignore_column: ]
[categorical_feature: ]
[forcedbins_filename: ]
[precise_float_parser: 0]
[parser_config_file: ]
[objective_seed: 19683]
[num_class: 1]
[is_unbalance: 0]
[scale_pos_weight: 1]
[sigmoid: 1]
[boost_from_average: 1]
[reg_sqrt: 0]
[alpha: 0.9]
[fair_c: 1]
[poisson_max_delta_step: 0.7]
[tweedie_variance_power: 1.5]
[lambdarank_truncation_level: 30]
[lambdarank_norm: 1]
[label_gain: ]
[lambdarank_position_bias_regularization: 0]
[eval_at: ]
[multi_error_top_k: 1]
[auc_mu_weights: ]
[num_machines: 1]
[local_listen_port: 12400]
[time_out: 120]
[machine_list_filename: ]
[machines: ]
[gpu_platform_id: -1]
[gpu_device_id: -1]
[gpu_device_id_list: ]
[gpu_use_dp: 0]
[num_gpu: 1]

end of parameters

pandas_categorical:null
