tree
version=v4
num_class=1
num_tree_per_iteration=1
label_index=0
max_feature_idx=11
objective=regression
feature_names=Column_0 Column_1 Column_2 Column_3 Column_4 Column_5 Column_6 Column_7 Column_8 Column_9 Column_10 Column_11
feature_infos=[0:9923.7032999999992] [-3228.8724999999995:2919.1198999999997] [-1969.118657142857:1921.3442857142854] [-390.22572083333262:460.49069999999983] [-1:1] [-1:1] [-1:1] [-1:1] [15.5:15.833333333333332] [11.916666666666666:11.916666666666666] [-0.26344086021505375:1.2741935483870968] [1:1]
tree_sizes=758 762 762 759 762 764 763 759 753 764 761 757 763 764 766 762 765 760 765 764 764 766 680 590 764 764 679 764 763 678 593 681 766 589 678 764 591 679 681 767 684 595 595 770 508 680 764 593 677 512 767 760 593 677 763 673 764 599 764 770 597 772 596 679 771 761 773 764 770 774 593 680 775 597 762 753 763 766 685 756 773 771 774 773 775 599 677 599 766 597 766 680 776 677 767 684 767 599 600 769

Tree=0
num_leaves=7
num_cat=0
split_feature=2 2 2 2 2 3
split_gain=2.66294e+08 1.91498e+08 4.42583e+07 4.39495e+07 2.14925e+07 1.07983e+07
threshold=264.67506428571465 -495.08222142857079 650.14607857142857 -88.088450000000066 -763.97743571428543 -57.484584374999933
decision_type=2 2 2 2 2 2
left_child=1 4 5 -3 -1 -2
right_child=2 3 -4 -5 -6 -7
leaf_value=-50.015872730253221 9.6885149080424124 -10.631797313057959 39.716854225371783 -0.047017647733260892 -26.990334957863105 23.542995521449281
leaf_weight=172 289 1190 324 5553 258 278
leaf_count=172 289 1190 324 5553 258 278
internal_value=-0.778182 -3.98167 24.9862 -1.9162 -36.2934 16.5122
internal_weight=8064 7173 891 6743 430 567
internal_count=8064 7173 891 6743 430 567
is_linear=0
shrinkage=1


Tree=1
num_leaves=7
num_cat=0
split_feature=2 2 2 2 2 3
split_gain=2.40414e+08 1.72919e+08 3.99546e+07 3.96678e+07 1.94134e+07 9.74926e+06
threshold=264.67506428571465 -495.08222142857079 650.14607857142857 -88.088450000000066 -763.97743571428543 -57.484584374999933
decision_type=2 2 2 2 2 2
left_child=1 4 5 -3 -1 -2
right_child=2 3 -4 -5 -6 -7
leaf_value=-46.790037144126231 9.9451664509855462 -9.3613482736520268 38.476515203310896 0.69461267587562403 -24.906605352950375 23.109477643171946
leaf_weight=172 289 1190 324 5553 258 278
leaf_count=172 289 1190 324 5553 258 278
internal_value=-5.75611e-05 -3.0439 24.4804 -1.08118 -33.7482 16.4289
internal_weight=8064 7173 891 6743 430 567
internal_count=8064 7173 891 6743 430 567
is_linear=0
shrinkage=0.05


Tree=2
num_leaves=7
num_cat=0
split_feature=2 2 2 2 2 3
split_gain=2.1705e+08 1.56143e+08 3.60694e+07 3.58031e+07 1.75354e+07 8.80212e+06
threshold=264.67506428571465 -495.08222142857079 650.14607857142857 -88.088450000000066 -763.97743571428543 -57.484584374999933
decision_type=2 2 2 2 2 2
left_child=1 4 5 -3 -1 -2
right_child=2 3 -4 -5 -6 -7
leaf_value=-44.464058315409403 9.4496232542498362 -8.8936736998039567 36.558608543542718 0.65988838659366722 -23.666084057932657 21.958144975007649
leaf_weight=172 289 1190 324 5553 258 278
leaf_count=172 289 1190 324 5553 258 278
internal_value=-0.000109382 -2.89227 23.2604 -1.02719 -32.0691 15.6104
internal_weight=8064 7173 891 6743 430 567
internal_count=8064 7173 891 6743 430 567
is_linear=0
shrinkage=0.05


Tree=3
num_leaves=7
num_cat=0
split_feature=2 2 2 2 2 3
split_gain=1.96423e+08 1.452e+08 3.565e+07 1.99906e+07 1.58391e+07 8.07577e+06
threshold=372.14395000000019 -495.08222142857079 -88.088450000000066 881.37257857142879 -763.97743571428543 -57.484584374999933
decision_type=2 2 2 2 2 2
left_child=1 4 -3 5 -1 -2
right_child=3 2 -4 -5 -6 -7
leaf_value=-42.253705513132793 15.509027679721804 -8.4493633167156652 1.0483574934425055 41.597898612578227 -22.487348235435931 28.636309371514344
leaf_weight=172 276 1190 5796 162 258 210
leaf_count=172 276 1190 5796 162 258 210
internal_value=-0.000156001 -2.30821 -0.570468 26.3771 -30.4736 21.2285
internal_weight=8064 7416 6986 648 430 486
internal_count=8064 7416 6986 648 430 486
is_linear=0
shrinkage=0.05


Tree=4
num_leaves=7
num_cat=0
split_feature=2 2 2 2 2 3
split_gain=1.79178e+08 1.25972e+08 3.32678e+07 2.81173e+07 1.43069e+07 9.84217e+06
threshold=232.8558571428571 -495.08222142857079 650.14607857142857 -88.088450000000066 -763.97743571428543 -57.484584374999933
decision_type=2 2 2 2 2 2
left_child=1 4 5 -3 -1 -2
right_child=2 3 -4 -5 -6 -7
leaf_value=-40.153232689262126 7.5357571752747496 -8.0272500851292445 33.189827728711641 0.45007598891705564 -21.367322044114811 19.892529148300966
leaf_weight=172 334 1190 324 5472 258 314
leaf_count=172 334 1190 324 5472 258 314
internal_value=-6.38911e-05 -2.76016 20.1206 -1.06516 -28.9574 13.5449
internal_weight=8064 7092 972 6662 430 648
internal_count=8064 7092 972 6662 430 648
is_linear=0
shrinkage=0.05


Tree=5
num_leaves=7
num_cat=0
split_feature=2 2 2 2 2 3
split_gain=1.62032e+08 1.14799e+08 2.66837e+07 2.61778e+07 1.29229e+07 6.77123e+06
threshold=264.67506428571465 -495.08222142857079 650.14607857142857 -88.088450000000066 -763.97743571428543 -57.484584374999933
decision_type=2 2 2 2 2 2
left_child=1 4 5 -3 -1 -2
right_child=2 3 -4 -5 -6 -7
leaf_value=-38.157177002305929 8.1147319699566935 -7.6262249158604636 31.535441971998949 0.54282008136341231 -20.303080177767399 19.084213593527409
leaf_weight=172 289 1190 324 5553 258 278
leaf_count=172 289 1190 324 5553 258 278
internal_value=-0.000113332 -2.49898 20.0973 -0.899764 -27.5167 13.5172
internal_weight=8064 7173 891 6743 430 567
internal_count=8064 7173 891 6743 430 567
is_linear=0
shrinkage=0.05


Tree=6
num_leaves=7
num_cat=0
split_feature=2 2 2 2 2 3
split_gain=1.47426e+08 9.81527e+07 3.86027e+07 2.06193e+07 1.16728e+07 9.54067e+06
threshold=133.01810714285719 -495.08222142857079 650.14607857142857 -165.31902857142856 -763.97743571428543 -57.484584374999933
decision_type=2 2 2 2 2 2
left_child=1 4 5 -3 -1 -2
right_child=2 3 -4 -5 -6 -7
leaf_value=-36.260345057669404 5.3596041287859357 -8.71291024438713 29.963521196512076 -0.33983272609553028 -19.291846433581071 14.891936090889088
leaf_weight=172 516 850 324 5407 258 537
leaf_count=172 516 850 324 5407 258 537
internal_value=-0.000149855 -3.0685 14.8918 -1.47851 -26.1476 10.2303
internal_weight=8064 6687 1377 6257 430 1053
internal_count=8064 6687 1377 6257 430 1053
is_linear=0
shrinkage=0.05


Tree=7
num_leaves=7
num_cat=0
split_feature=2 2 2 2 2 3
split_gain=1.34166e+08 9.76994e+07 1.95671e+07 1.93403e+07 1.46515e+07 6.31911e+06
threshold=372.14395000000019 -367.53248571428634 -763.97743571428543 52.417364285714264 881.37257857142879 -57.484584374999933
decision_type=2 2 2 2 2 2
left_child=1 2 -1 -3 5 -2
right_child=4 3 -4 -5 -6 -7
leaf_value=-34.45780754585487 12.34642357826233 -1.2823822416153259 -14.939047169778133 5.8756184436781291 34.825368568794858 23.940556893190504
leaf_weight=172 276 5597 513 1134 162 210
leaf_count=172 276 5597 513 1134 162 210
internal_value=-0.000231605 -1.90776 -19.8832 -0.07575 21.7996 17.3951
internal_weight=8064 7416 685 6731 648 486
internal_count=8064 7416 685 6731 648 486
is_linear=0
shrinkage=0.05


Tree=8
num_leaves=7
num_cat=0
split_feature=2 2 2 2 0 3
split_gain=1.21152e+08 8.43929e+07 2.2051e+07 1.9821e+07 1.10948e+07 7.13152e+06
threshold=232.8558571428571 -495.08222142857079 650.14607857142857 -165.31902857142856 7306.0345500000012 -57.484584374999933
decision_type=2 2 2 2 2 2
left_child=1 4 5 -3 -1 -2
right_child=2 3 -4 -5 -6 -7
leaf_value=-13.05190567829699 6.0773268870097494 -8.0091239428198016 27.185482882719771 0.16119739759582677 -29.833774273124806 16.593498633362
leaf_weight=158 334 850 324 5812 272 314
leaf_count=158 334 850 324 5812 272 314
internal_value=-5.68963e-05 -2.26965 16.5448 -0.882294 -23.712 11.1908
internal_weight=8064 7092 972 6662 430 648
internal_count=8064 7092 972 6662 430 648
is_linear=0
shrinkage=0.05


Tree=9
num_leaves=7
num_cat=0
split_feature=2 2 2 2 0 3
split_gain=1.10594e+08 7.27819e+07 2.84201e+07 1.5854e+07 1.00147e+07 7.81799e+06
threshold=133.01810714285719 -495.08222142857079 650.14607857142857 -238.99553571428575 7306.0345500000012 -57.484584374999933
decision_type=2 2 2 2 2 2
left_child=1 4 5 -3 -1 -2
right_child=2 3 -4 -5 -6 -7
leaf_value=-12.403414552466675 4.4902683391043023 -9.0452823731323218 25.830390621111945 -0.47186419644251015 -28.347550075007231 13.117758052380665
leaf_weight=158 516 595 324 5662 272 537
leaf_count=158 516 595 324 5662 272 537
internal_value=-5.94926e-05 -2.65762 12.8982 -1.28846 -22.5314 8.89831
internal_weight=8064 6687 1377 6257 430 1053
internal_count=8064 6687 1377 6257 430 1053
is_linear=0
shrinkage=0.05


Tree=10
num_leaves=7
num_cat=0
split_feature=2 2 0 2 2 1
split_gain=1.00935e+08 7.32432e+07 2.21291e+07 1.31654e+07 1.15289e+07 5.61228e+06
threshold=372.14395000000019 -266.9803357142859 7306.0345500000012 52.417364285714264 881.37257857142879 -679.68749999999989
decision_type=2 2 2 2 2 2
left_child=1 2 -1 -3 5 -2
right_child=4 3 -4 -5 -6 -7
leaf_value=-8.2336799469229103 20.987117334024624 -0.79957430239999716 -23.828626250362642 5.1299132953210034 30.460252794605097 10.115647192157944
leaf_weight=552 217 5342 388 1134 162 269
leaf_count=552 217 5342 388 1134 162 269
internal_value=-9.88225e-05 -1.65461 -14.6892 0.239359 18.9082 15.0029
internal_weight=8064 7416 940 6476 648 486
internal_count=8064 7416 940 6476 648 486
is_linear=0
shrinkage=0.05


Tree=11
num_leaves=7
num_cat=0
split_feature=2 2 0 2 2 3
split_gain=9.11396e+07 6.61182e+07 1.99777e+07 1.19306e+07 1.04136e+07 5.38291e+06
threshold=372.14395000000019 -266.9803357142859 7306.0345500000012 67.663492857142856 881.37257857142879 -57.484584374999933
decision_type=2 2 2 2 2 2
left_child=1 2 -1 -3 5 -2
right_child=4 3 -4 -5 -6 -7
leaf_value=-7.8227406591176987 9.6091236397677804 -0.718502995381331 -22.640257451757982 5.0950534671705849 28.946582957974243 20.288737049373971
leaf_weight=552 276 5423 388 1053 162 210
leaf_count=552 276 5423 388 1053 162 210
internal_value=0.000115829 -1.57207 -13.9565 0.227424 17.9676 14.256
internal_weight=8064 7416 940 6476 648 486
internal_count=8064 7416 940 6476 648 486
is_linear=0
shrinkage=0.05


Tree=12
num_leaves=7
num_cat=0
split_feature=2 2 2 2 2 1
split_gain=8.22952e+07 6.03313e+07 1.63772e+07 9.40611e+06 8.52028e+06 5.24899e+06
threshold=372.14395000000019 -495.08222142857079 -49.966328571428583 881.37257857142879 -763.97743571428543 -679.68749999999989
decision_type=2 2 2 2 2 2
left_child=1 4 -3 5 -1 -2
right_child=3 2 -4 -5 -6 -7
leaf_value=-28.272537007221601 19.329603233495988 -5.1121857190883384 0.8629727260997262 27.508133129839521 -13.812891903945379 8.8265170076199713
leaf_weight=172 217 1445 5541 162 258 269
leaf_count=172 217 1445 5541 162 258 269
internal_value=0.000313105 -1.49364 -0.373497 17.0737 -19.6489 13.5462
internal_weight=8064 7416 6986 648 430 486
internal_count=8064 7416 6986 648 430 486
is_linear=0
shrinkage=0.05


Tree=13
num_leaves=7
num_cat=0
split_feature=2 0 2 1 0 3
split_gain=7.60691e+07 5.00392e+07 1.88246e+07 1.41379e+07 1.09082e+07 7.08026e+06
threshold=133.01810714285719 7306.0345500000012 650.14607857142857 83.812499999999787 8381.3748000000032 -57.484584374999933
decision_type=2 2 2 2 2 2
left_child=1 3 5 -1 -3 -2
right_child=2 4 -4 -5 -6 -7
leaf_value=0.27204224994243498 3.249864213384789 -12.014655794175976 21.222853675255408 -5.7647694543829653 -27.477002263069153 11.456443126920654
leaf_weight=4936 516 381 324 1206 164 537
leaf_count=4936 516 381 324 1206 164 537
internal_value=0.000355315 -2.20369 10.6975 -0.914049 -16.7093 7.44188
internal_weight=8064 6687 1377 6142 545 1053
internal_count=8064 6687 1377 6142 545 1053
is_linear=0
shrinkage=0.05


Tree=14
num_leaves=7
num_cat=0
split_feature=2 2 2 2 1 2
split_gain=6.87367e+07 4.80829e+07 1.33642e+07 1.12232e+07 9.00798e+06 7.46883e+06
threshold=211.57876428571379 -495.08222142857079 881.37257857142879 -88.088450000000066 -679.68749999999989 -763.97743571428543
decision_type=2 2 2 2 2 2
left_child=1 5 4 -3 -2 -1
right_child=2 3 -4 -5 -6 -7
leaf_value=-26.039934095619731 16.917995725444385 -5.1222032487201625 25.086531991168769 0.24087234403731134 6.0721213722015088 -12.507395768387092
leaf_weight=172 279 1190 162 5391 612 258
leaf_count=172 279 1190 162 5391 612 258
internal_value=0.000281392 -1.78923 11.9055 -0.729529 9.48346 -17.9683
internal_weight=8064 7011 1053 6581 891 430
internal_count=8064 7011 1053 6581 891 430
is_linear=0
shrinkage=0.05


Tree=15
num_leaves=7
num_cat=0
split_feature=2 0 2 1 0 5
split_gain=6.26417e+07 4.21729e+07 1.55365e+07 1.17206e+07 9.37751e+06 6.68757e+06
threshold=133.01810714285719 7306.0345500000012 491.25470000000035 83.812499999999787 8381.3748000000032 -0.91509365977396839
decision_type=2 2 2 2 2 2
left_child=1 3 5 -1 -3 -2
right_child=2 4 -4 -5 -6 -7
leaf_value=0.26409056769785449 13.882500619238073 -10.964529883426112 16.891817329408607 -5.2324614432006893 -25.299338396015493 3.456036524969897
leaf_weight=4936 197 381 486 1206 164 694
leaf_count=4936 197 381 486 1206 164 694
internal_value=0.000296152 -1.99979 9.70754 -0.81585 -15.3166 5.77431
internal_weight=8064 6687 1377 6142 545 891
internal_count=8064 6687 1377 6142 545 891
is_linear=0
shrinkage=0.05


Tree=16
num_leaves=7
num_cat=0
split_feature=2 2 2 1 3 4
split_gain=5.65499e+07 3.91954e+07 1.42252e+07 1.27521e+07 6.57203e+06 4.67321e+06
threshold=133.01810714285719 -646.9703642857138 650.14607857142857 106.26965000000014 -57.484584374999933 0.065387565056497135
decision_type=2 2 2 2 2 2
left_child=1 -1 4 -3 -2 -4
right_child=2 3 5 -5 -6 -7
leaf_value=-20.970700043785069 2.3566852218927221 -0.010207740311559878 12.881767018341064 -5.5527758076466291 10.260715231753636 25.100595066794035
leaf_weight=258 516 5129 180 1300 537 144
leaf_count=258 516 5129 180 1300 537 144
internal_value=0.00023792 -1.90011 9.22341 -1.13165 6.39343 18.3729
internal_weight=8064 6687 1377 6429 1053 324
internal_count=8064 6687 1377 6429 1053 324
is_linear=0
shrinkage=0.05


Tree=17
num_leaves=7
num_cat=0
split_feature=2 2 0 2 3 3
split_gain=5.12712e+07 3.90235e+07 1.27011e+07 7.46159e+06 6.61661e+06 1.57629e+07
threshold=372.14395000000019 -266.9803357142859 7306.0345500000012 52.417364285714264 -57.484584374999933 -230.13218506944438
decision_type=2 2 2 2 2 2
left_child=1 2 -1 -3 5 -2
right_child=4 3 -4 -5 -6 -7
leaf_value=-5.8036135588912385 19.444582436879475 -0.5785143135857006 -17.61656943604082 3.8854029136476016 19.728228534520369 -0.58044520664454713
leaf_weight=552 194 5342 388 1134 256 198
leaf_count=552 194 5342 388 1134 256 198
internal_value=0.00037523 -1.17882 -10.6931 0.203633 13.4766 9.35416
internal_weight=8064 7416 940 6476 648 392
internal_count=8064 7416 940 6476 648 392
is_linear=0
shrinkage=0.05


Tree=18
num_leaves=7
num_cat=0
split_feature=2 2 2 2 1 2
split_gain=4.63589e+07 3.38433e+07 1.04203e+07 7.74927e+06 7.46325e+06 5.88822e+06
threshold=211.57876428571379 -495.08222142857079 881.37257857142879 -49.966328571428583 -679.68749999999989 -763.97743571428543
decision_type=2 2 2 2 2 2
left_child=1 5 4 -3 -2 -1
right_child=2 3 -4 -5 -6 -7
leaf_value=-22.204891236806883 14.405485886143788 -3.8134526784396523 21.41403001839398 0.33014169826796136 4.5375133122767206 -10.200612947126153
leaf_weight=172 279 1445 162 5136 612 258
leaf_count=172 279 1445 162 5136 612 258
internal_value=0.000471047 -1.46916 9.77753 -0.580115 7.64017 -15.0427
internal_weight=8064 7011 1053 6581 891 430
internal_count=8064 7011 1053 6581 891 430
is_linear=0
shrinkage=0.05


Tree=19
num_leaves=7
num_cat=0
split_feature=2 0 8 2 1 0
split_gain=4.22111e+07 3.06193e+07 1.23483e+07 8.96947e+06 8.26764e+06 7.45998e+06
threshold=133.01810714285719 7306.0345500000012 15.666666666666668 881.37257857142879 83.812499999999787 8381.3748000000032
decision_type=2 2 2 2 2 2
left_child=1 4 -2 -4 -1 -3
right_child=2 5 3 -5 -6 -7
leaf_value=0.27444588129222092 21.176860736130152 -9.1097207748921143 4.6580542971476397 17.722788166681926 -4.3419756751214313 -21.889130372350866
leaf_weight=4936 156 381 1072 149 1206 164
leaf_count=4936 156 381 1072 149 1206 164
internal_value=0.000475195 -1.64136 7.969 6.26556 -0.632562 -12.9883
internal_weight=8064 6687 1377 1221 6142 545
internal_count=8064 6687 1377 1221 6142 545
is_linear=0
shrinkage=0.05


Tree=20
num_leaves=7
num_cat=0
split_feature=2 2 2 2 3 3
split_gain=3.88464e+07 2.98099e+07 8.32461e+06 6.29748e+06 6.29645e+06 1.37146e+07
threshold=372.14395000000019 -367.53248571428634 -763.97743571428543 52.417364285714264 -57.484584374999933 -230.13218506944438
decision_type=2 2 2 2 2 2
left_child=1 2 -1 -3 5 -2
right_child=4 3 -4 -5 -6 -7
leaf_value=-20.45350783863509 17.128165718592129 -0.70250438545797611 -7.7368611291340814 3.3820385039541954 17.824658260294438 -1.5460044362137666
leaf_weight=172 194 5597 513 1134 256 198
leaf_count=172 194 5597 513 1134 256 198
internal_value=0.000504065 -1.02591 -10.9551 -0.013964 11.7308 7.71587
internal_weight=8064 7416 685 6731 648 392
internal_count=8064 7416 685 6731 648 392
is_linear=0
shrinkage=0.05


Tree=21
num_leaves=7
num_cat=0
split_feature=2 2 2 3 3 2
split_gain=3.50748e+07 2.72304e+07 9.87439e+06 5.6843e+06 1.23841e+07 4.88251e+06
threshold=372.14395000000019 -238.99553571428575 -763.97743571428543 -57.484584374999933 -230.13218506944438 52.417364285714264
decision_type=2 2 2 2 2 2
left_child=1 2 -1 4 -2 -3
right_child=3 5 -4 -5 -6 -7
leaf_value=-19.436744235361246 16.276149459924454 -0.40298432174109328 -6.3178315802605987 16.936893075913307 -1.4690927615529628 3.2130856106000323
leaf_weight=172 194 5257 853 256 198 1134
leaf_count=172 194 5257 853 256 198 1134
internal_value=0.000527822 -0.974791 -8.53605 11.1468 7.33206 0.239043
internal_weight=8064 7416 1025 648 392 6391
internal_count=8064 7416 1025 648 392 6391
is_linear=0
shrinkage=0.05


Tree=22
num_leaves=6
num_cat=0
split_feature=2 2 2 2 0
split_gain=3.20126e+07 2.53817e+07 8.91916e+06 5.66044e+06 4.92871e+06
threshold=491.25470000000035 -238.99553571428575 -763.97743571428543 52.417364285714264 5818.0707000000011
decision_type=2 2 2 2 2
left_child=1 2 -1 -3 -2
right_child=4 3 -4 -5 -6
leaf_value=-18.470524421041414 17.478412778841125 -0.38283892582803913 -6.0023099926860892 3.3052638499441063 7.3658899426946833
leaf_weight=172 242 5257 853 1296 244
leaf_count=172 242 5257 853 1296 244
internal_value=0.000555986 -0.797917 -8.1105 0.346958 12.4269
internal_weight=8064 7578 1025 6553 486
internal_count=8064 7578 1025 6553 486
is_linear=0
shrinkage=0.05


Tree=23
num_leaves=5
num_cat=0
split_feature=2 0 1 0
split_gain=2.89038e+07 2.30935e+07 1.19986e+07 4.4501e+06
threshold=491.25470000000035 8121.1447500000004 51.468750000000007 5818.0707000000011
decision_type=2 2 2 2
left_child=1 2 -1 -2
right_child=3 -3 -4 -5
leaf_value=0.87088009969177715 16.608088543630924 -15.79552038304719 -3.895571213858402 6.9990987946062679
leaf_weight=5606 242 246 1726 244
leaf_count=5606 242 246 1726 244
internal_value=0.000548595 -0.758163 -0.251551 11.8081
internal_weight=8064 7578 7332 486
internal_count=8064 7578 7332 486
is_linear=0
shrinkage=0.05


Tree=24
num_leaves=7
num_cat=0
split_feature=1 2 2 3 3 0
split_gain=2.69306e+07 2.20905e+07 5.95444e+06 5.61396e+06 1.11633e+07 3.2956e+06
threshold=-535.46909999999946 -495.08222142857079 -17.205857142857056 -230.13218506944438 -49.296581944444135 7306.0345500000012
decision_type=2 2 2 2 2 2
left_child=3 5 -3 -1 -5 -2
right_child=1 2 -4 4 -6 -7
leaf_value=15.295146591360805 -6.0676255516185886 -2.7307367923364798 0.6484769469666386 -1.5626085496054287 15.035749940250231 -15.249304143924995
leaf_weight=262 156 1735 5233 225 183 270
leaf_count=262 156 1735 5233 225 183 270
internal_value=0.000550855 -0.869724 -0.193203 9.59173 5.9008 -11.9091
internal_weight=8064 7394 6968 670 408 426
internal_count=8064 7394 6968 670 408 426
is_linear=0
shrinkage=0.05


Tree=25
num_leaves=7
num_cat=0
split_feature=2 0 8 2 1 0
split_gain=2.49332e+07 1.97146e+07 1.04127e+07 6.18457e+06 5.07985e+06 5.06269e+06
threshold=133.01810714285719 7306.0345500000012 15.666666666666668 881.37257857142879 83.812499999999787 8381.3748000000032
decision_type=2 2 2 2 2 2
left_child=1 4 -2 -4 -1 -3
right_child=2 5 3 -5 -6 -7
leaf_value=0.25912687910204962 18.25055104805406 -7.1724915866764434 3.2278851661605472 14.07425235525767 -3.3594643459767228 -17.697274781537779
leaf_weight=4936 156 381 1072 149 1206 164
leaf_count=4936 156 381 1072 149 1206 164
internal_value=0.000556598 -1.26129 6.12482 4.56191 -0.451826 -10.3662
internal_weight=8064 6687 1377 1221 6142 545
internal_count=8064 6687 1377 1221 6142 545
is_linear=0
shrinkage=0.05


Tree=26
num_leaves=6
num_cat=0
split_feature=2 2 2 3 3
split_gain=2.27695e+07 1.86308e+07 6.29759e+06 4.36304e+06 1.10245e+07
threshold=491.25470000000035 -646.9703642857138 -165.31902857142856 -57.484584374999933 -230.13218506944438
decision_type=2 2 2 2 2
left_child=1 -1 -3 4 -2
right_child=3 2 -4 -5 -6
leaf_value=-13.851924419679236 16.887442145183169 -3.8451183367276585 0.3844794334231646 16.701831831279417 -2.0260303016955201
leaf_weight=258 144 1022 6298 178 164
leaf_count=258 144 1022 6298 178 164
internal_value=0.000575757 -0.672829 -0.206491 10.4805 6.84267
internal_weight=8064 7578 7320 486 308
internal_count=8064 7578 7320 486 308
is_linear=0
shrinkage=0.05


Tree=27
num_leaves=7
num_cat=0
split_feature=1 2 5 3 3 3
split_gain=2.1268e+07 1.67391e+07 5.5076e+06 4.58963e+06 9.46329e+06 3.24433e+06
threshold=-535.46909999999946 -495.08222142857079 -0.94670478576706751 -230.13218506944438 -49.296581944444135 213.36802638888892
decision_type=2 2 2 2 2 2
left_child=3 5 -3 -1 -5 -2
right_child=1 2 -4 4 -6 -7
leaf_value=13.680585962341311 -7.2051561222008793 5.3807860198203459 -0.53882495333477987 -1.6833371273316116 13.598169526457788 -16.448167877327908
leaf_weight=262 281 417 6551 225 183 145
leaf_count=262 281 417 6551 225 183 145
internal_value=0.000635342 -0.772752 -0.183845 8.52403 5.18736 -10.3824
internal_weight=8064 7394 6968 670 408 426
internal_count=8064 7394 6968 670 408 426
is_linear=0
shrinkage=0.05


Tree=28
num_leaves=7
num_cat=0
split_feature=2 0 8 3 1 0
split_gain=1.98066e+07 1.64792e+07 8.45772e+06 6.4687e+06 4.01311e+06 3.73689e+06
threshold=67.663492857142856 7306.0345500000012 15.666666666666668 127.48182881944446 364.15204999999975 8381.3748000000032
decision_type=2 2 2 2 2 2
left_child=1 4 -2 -4 -1 -3
right_child=2 5 3 -5 -6 -7
leaf_value=-0.10445396585423655 14.48108635056558 -6.8917925346131419 2.2916814243595409 12.373259991703772 -4.6440806779343253 -16.037165690624352
leaf_weight=5308 198 356 1323 180 535 164
leaf_count=5308 198 356 1323 180 535 164
internal_value=0.000645608 -1.28068 4.79171 3.50648 -0.520837 -9.80135
internal_weight=8064 6363 1701 1503 5843 520
internal_count=8064 6363 1701 1503 5843 520
is_linear=0
shrinkage=0.05


Tree=29
num_leaves=6
num_cat=0
split_feature=1 2 0 5 3
split_gain=1.86374e+07 1.52186e+07 5.6882e+06 4.88409e+06 3.16643e+06
threshold=-760.21719999999993 -266.9803357142859 7306.0345500000012 -0.98812630719300909 -256.96500590277782
decision_type=2 2 2 2 2
left_child=4 2 -2 -3 -1
right_child=1 3 -4 -5 -6
leaf_value=15.659231430400503 -3.2617600888123408 8.7355966315930154 -11.215878830319875 0.051168849869969057 6.7250555250431319
leaf_weight=164 543 165 384 6552 256
leaf_count=164 543 165 384 6552 256
internal_value=0.000622459 -0.563387 -6.56521 0.265766 10.2425
internal_weight=8064 7644 927 6717 420
internal_count=8064 7644 927 6717 420
is_linear=0
shrinkage=0.05


Tree=30
num_leaves=5
num_cat=0
split_feature=2 0 5 0
split_gain=1.73053e+07 1.38305e+07 7.99696e+06 4.58507e+06
threshold=491.25470000000035 8121.1447500000004 -0.94670478576706751 5818.0707000000011
decision_type=2 2 2 2
left_child=1 2 -1 -2
right_child=3 -3 -4 -5
leaf_value=6.3019282643178878 14.002405452139584 -12.223493579042103 -0.61391777991536767 4.2740550995359614
leaf_weight=444 242 246 6888 244
leaf_count=444 242 246 6888 244
internal_value=0.000694805 -0.586373 -0.194316 9.13702
internal_weight=8064 7578 7332 486
internal_count=8064 7578 7332 486
is_linear=0
shrinkage=0.05


Tree=31
num_leaves=6
num_cat=0
split_feature=1 2 1 3 3
split_gain=1.58101e+07 1.33854e+07 5.07011e+06 4.74715e+06 2.89534e+06
threshold=-760.21719999999993 -238.99553571428575 503.36459999999994 -57.484584374999933 -256.96500590277782
decision_type=2 2 2 2 2
left_child=4 2 -2 -3 -1
right_child=1 3 -4 -5 -6
leaf_value=14.611896185152458 -2.3047733328970419 -1.5034812475865647 -9.3856411479939439 1.2914297339605065 6.0727466247193078
leaf_weight=164 503 2355 509 4277 256
leaf_count=164 503 2355 509 4277 256
internal_value=0.000732869 -0.518737 -5.87195 0.29889 9.43387
internal_weight=8064 7644 1012 6632 420
internal_count=8064 7644 1012 6632 420
is_linear=0
shrinkage=0.05


Tree=32
num_leaves=7
num_cat=0
split_feature=2 0 8 3 1 0
split_gain=1.49946e+07 1.17815e+07 7.75964e+06 4.77884e+06 3.27951e+06 3.07306e+06
threshold=117.23526428571451 7306.0345500000012 15.666666666666668 -57.484584374999933 83.812499999999787 8381.3748000000032
decision_type=2 2 2 2 2 2
left_child=1 4 -2 -4 -1 -3
right_child=2 5 3 -5 -6 -7
leaf_value=0.19429197180936877 14.665385283168252 -5.5661351264392671 0.46535673703253266 6.5712068657671203 -2.7277177976170264 -13.782467890435999
leaf_weight=4871 168 376 699 591 1195 164
leaf_count=4871 168 376 699 591 1195 164
internal_value=0.000750669 -1.01231 4.58832 3.26561 -0.381698 -8.08233
internal_weight=8064 6606 1458 1290 6066 540
internal_count=8064 6606 1458 1290 6066 540
is_linear=0
shrinkage=0.05


Tree=33
num_leaves=5
num_cat=0
split_feature=2 2 0 3
split_gain=1.40077e+07 1.11078e+07 4.27192e+06 4.0877e+06
threshold=491.25470000000035 -646.9703642857138 5818.0707000000011 80.665375000000282
decision_type=2 2 2 2
left_child=1 -1 -2 -3
right_child=2 3 -4 -5
leaf_value=-10.703616382440545 12.915908297422675 -1.0133729021086104 3.530086883622773 1.4823798856382033
leaf_weight=258 242 4839 244 2481
leaf_count=258 242 4839 244 2481
internal_value=0.000712014 -0.52747 8.22061 -0.167389
internal_weight=8064 7578 486 7320
internal_count=8064 7578 486 7320
is_linear=0
shrinkage=0.05


Tree=34
num_leaves=6
num_cat=0
split_feature=1 1 2 3 0
split_gain=1.30881e+07 1.0219e+07 6.76605e+06 3.52592e+06 8.58095e+06
threshold=-535.46909999999946 1172.4501000000005 -646.9703642857138 -230.13218506944438 5700.7140000000009
decision_type=2 2 2 2 2
left_child=3 2 -2 -1 -5
right_child=1 -3 -4 4 -6
leaf_value=11.205043525250183 -10.154420768552356 -12.986567389891924 -0.088916898239285294 11.280228481105137 -3.2024839534865865
leaf_weight=262 170 162 7062 196 212
leaf_count=262 170 162 7062 196 212
internal_value=0.000714927 -0.605982 -0.326894 6.68704 3.76547
internal_weight=8064 7394 7232 670 408
internal_count=8064 7394 7232 670 408
is_linear=0
shrinkage=0.05


Tree=35
num_leaves=7
num_cat=0
split_feature=2 0 8 3 1 0
split_gain=1.22231e+07 9.30271e+06 6.57419e+06 6.66431e+06 2.79438e+06 2.11769e+06
threshold=52.417364285714264 7306.0345500000012 15.666666666666668 127.48182881944446 364.15204999999975 8381.3748000000032
decision_type=2 2 2 2 2 2
left_child=1 4 -2 -4 -1 -3
right_child=2 5 3 -5 -6 -7
leaf_value=-0.11152407793026797 12.126345325866943 -5.2641067008007632 1.3420708150327378 11.194125401183051 -3.9180779607114147 -12.182558316573864
leaf_weight=5239 202 350 1385 195 530 163
leaf_count=5239 202 350 1385 195 530 163
internal_value=0.000654711 -1.03621 3.65441 2.5643 -0.461852 -7.48179
internal_weight=8064 6282 1782 1580 5769 513
internal_count=8064 6282 1782 1580 5769 513
is_linear=0
shrinkage=0.05


Tree=36
num_leaves=5
num_cat=0
split_feature=1 1 2 3
split_gain=1.16503e+07 8.89749e+06 5.81524e+06 2.2587e+06
threshold=-760.21719999999993 1172.4501000000005 -646.9703642857138 -256.96500590277782
decision_type=2 2 2 2
left_child=3 2 -2 -1
right_child=1 -3 -4 -5
leaf_value=12.670726877306448 -9.3080539749379749 -12.001890917204641 0.01966244849870262 5.1311266208727071
leaf_weight=164 170 162 7312 256
leaf_count=164 170 162 7312 256
internal_value=0.000641725 -0.445284 -0.19349 8.09826
internal_weight=8064 7644 7482 420
internal_count=8064 7644 7482 420
is_linear=0
shrinkage=0.05


Tree=37
num_leaves=6
num_cat=0
split_feature=2 0 5 3 3
split_gain=1.07124e+07 8.35656e+06 7.58014e+06 4.37817e+06 7.54144e+06
threshold=491.25470000000035 8121.1447500000004 -0.94670478576706751 -57.484584374999933 -230.13218506944438
decision_type=2 2 2 2 2
left_child=1 2 -1 4 -2
right_child=3 -3 -4 -5 -6
leaf_value=6.1681194231215493 11.871449953440964 -9.5069804307420238 -0.56507871545283972 13.411198249342721 -3.7635400628321101
leaf_weight=444 144 246 6888 178 164
leaf_count=444 144 246 6888 178 164
internal_value=0.000588013 -0.461306 -0.156554 7.18887 3.56109
internal_weight=8064 7578 7332 486 308
internal_count=8064 7578 7332 486 308
is_linear=0
shrinkage=0.05


Tree=38
num_leaves=6
num_cat=0
split_feature=1 2 3 3 3
split_gain=9.88544e+06 8.10185e+06 3.94583e+06 3.42135e+06 1.87801e+06
threshold=-760.21719999999993 -238.99553571428575 -57.484584374999933 238.37309270833342 -256.96500590277782
decision_type=2 2 2 2 2
left_child=4 3 -3 -2 -1
right_child=1 2 -4 -5 -6
leaf_value=11.629453504157789 -5.8290256834623841 -1.4171986406528294 1.1309223377712285 2.1477841258049013 4.7537078459902959
leaf_weight=164 853 2355 4277 159 256
leaf_count=164 853 2355 4277 159 256
internal_value=0.000667828 -0.410095 0.226016 -4.57487 7.45977
internal_weight=8064 7644 6632 1012 420
internal_count=8064 7644 6632 1012 420
is_linear=0
shrinkage=0.05


Tree=39
num_leaves=7
num_cat=0
split_feature=2 0 3 3 7 1
split_gain=9.32694e+06 7.11761e+06 6.22267e+06 2.35445e+07 1.34689e+07 2.30938e+06
threshold=52.417364285714264 7306.0345500000012 -57.484584374999933 -72.765653124999957 0.73657561215276279 83.812499999999787
decision_type=2 2 2 2 2 2
left_child=1 5 3 -2 -4 -1
right_child=2 -3 4 -5 -6 -7
leaf_value=0.096144781740199359 4.3639170488803698 -6.5430156441717067 2.6602516640861009 -15.758243957540541 16.977778958402197 -2.4086626218805325
leaf_weight=4621 706 513 678 182 216 1148
leaf_count=4621 706 513 678 182 216 1148
internal_value=0.000711396 -0.905027 3.19238 0.226694 6.13462 -0.402629
internal_weight=8064 6282 1782 888 894 5769
internal_count=8064 6282 1782 888 894 5769
is_linear=0
shrinkage=0.05


Tree=40
num_leaves=6
num_cat=0
split_feature=1 0 1 7 2
split_gain=8.63389e+06 7.07988e+06 6.76848e+06 5.84425e+06 4.35617e+06
threshold=-94.092349999999996 7430.0834000000004 1172.4501000000005 0.60818202301879232 -646.9703642857138
decision_type=2 2 2 2 2
left_child=1 3 4 -1 -2
right_child=2 -3 -4 -5 -6
leaf_value=2.4052489705565501 -8.7101525326693281 -7.3596778096782192 -10.916947501769826 9.5468303448216805 -0.37579604763494762
leaf_weight=1229 160 147 162 373 5993
leaf_count=1229 160 147 162 373 5993
internal_value=0.000672034 3.10842 -0.860405 4.07297 -0.593899
internal_weight=8064 1749 6315 1602 6153
internal_count=8064 1749 6315 1602 6153
is_linear=0
shrinkage=0.05


Tree=41
num_leaves=5
num_cat=0
split_feature=2 1 0 2
split_gain=7.98856e+06 6.63151e+06 4.18288e+06 4.00467e+06
threshold=491.25470000000035 1172.4501000000005 5818.0707000000011 -646.9703642857138
decision_type=2 2 2 2
left_child=1 3 -2 -1
right_child=2 -3 -4 -5
leaf_value=-7.7419655309085957 10.851985482123409 -10.374449009105472 1.5766707535240116 -0.00055569076112044734
leaf_weight=170 242 162 244 7246
leaf_count=170 242 162 244 7246
internal_value=0.000542892 -0.398329 6.20804 -0.179035
internal_weight=8064 7578 486 7416
internal_count=8064 7578 486 7416
is_linear=0
shrinkage=0.05


Tree=42
num_leaves=5
num_cat=0
split_feature=1 1 3 3
split_gain=7.54403e+06 6.01319e+06 4.03044e+06 1.69862e+06
threshold=-760.21719999999993 1172.4501000000005 80.665375000000282 -256.96500590277782
decision_type=2 2 2 2
left_child=3 2 -2 -1
right_child=1 -3 -4 -5
leaf_value=10.479886249845679 -0.99071628480062346 -9.8589089530377301 1.4526527509385976 3.9467504131306934
leaf_weight=164 4912 162 2570 256
leaf_count=164 4912 162 2570 256
internal_value=0.000480477 -0.358355 -0.151359 6.51662
internal_weight=8064 7644 7482 420
internal_count=8064 7644 7482 420
is_linear=0
shrinkage=0.05


Tree=43
num_leaves=7
num_cat=0
split_feature=1 0 7 2 5 3
split_gain=7.08157e+06 6.29189e+06 5.77915e+06 5.32999e+06 4.4314e+06 1.75169e+06
threshold=-94.092349999999996 7306.0345500000012 0.60818202301879232 -367.53248571428634 -0.94670478576706751 232.4976531250002
decision_type=2 2 2 2 2 2
left_child=1 2 -1 5 -5 -2
right_child=3 -3 -4 4 -6 -7
leaf_value=2.1657461587351778 -6.6161858423054216 -6.3590584675941244 9.4125242799436553 6.4439459891910236 -0.58297182461664077 -0.49916254725211706
leaf_weight=1227 479 168 354 233 5448 155
leaf_count=1227 479 168 354 233 5448 155
internal_value=0.000487644 2.81503 3.79329 -0.779349 -0.293687 -5.12384
internal_weight=8064 1749 1581 6315 5681 634
internal_count=8064 1749 1581 6315 5681 634
is_linear=0
shrinkage=0.05


Tree=44
num_leaves=4
num_cat=0
split_feature=2 0 1
split_gain=6.48188e+06 5.6917e+06 4.58602e+06
threshold=881.37257857142879 8381.3748000000032 -94.092349999999996
decision_type=2 2 2
left_child=1 2 -1
right_child=-2 -3 -4
leaf_value=2.3969692140876626 9.8699512693779603 -9.3920516992337788 -0.6232743778934754
leaf_weight=1578 162 164 6160
leaf_count=1578 162 164 6160
internal_value=0.000487845 -0.203071 -0.00713
internal_weight=8064 7902 7738
internal_count=8064 7902 7738
is_linear=0
shrinkage=0.05


Tree=45
num_leaves=6
num_cat=0
split_feature=2 3 3 2 5
split_gain=6.02834e+06 6.33113e+06 6.41728e+06 4.88867e+06 2.5095e+06
threshold=-17.205857142857056 259.14570972222174 213.36802638888892 881.37257857142879 -0.91509365977396839
decision_type=2 2 2 2 2
left_child=1 2 -1 4 -2
right_child=3 -3 -4 -5 -6
leaf_value=-1.9405540491290585 4.2465630826867864 6.152619647979737 -10.125637014719437 9.3794810896270846 0.29467857847317097
leaf_weight=1734 434 204 277 162 5253
leaf_count=1734 434 204 277 162 5253
internal_value=0.000477405 -2.22044 -3.07246 0.84177 0.596958
internal_weight=8064 2215 2011 5849 5687
internal_count=8064 2215 2011 5849 5687
is_linear=0
shrinkage=0.05


Tree=46
num_leaves=7
num_cat=0
split_feature=1 3 0 3 2 3
split_gain=5.62221e+06 1.13114e+07 1.07211e+07 6.40103e+06 5.54984e+06 5.61817e+06
threshold=51.468750000000007 -57.484584374999933 5818.0707000000011 6.3829923611112926 424.68673571428604 -34.407654166666809
decision_type=2 2 2 2 2 2
left_child=4 2 -2 -3 -1 -6
right_child=1 3 -4 -5 5 -7
leaf_value=0.28359641719709688 -3.2993635904971437 6.4837315495048617 -20.13200694237986 -1.9039035179704991 2.3971839869686398 13.878463920490853
leaf_weight=5595 244 276 154 1271 376 148
leaf_count=5595 244 276 154 1271 376 148
internal_value=0.000503192 -2.34048 -9.84663 -0.404245 0.744875 5.66025
internal_weight=8064 1945 398 1547 6119 524
internal_count=8064 1945 398 1547 6119 524
is_linear=0
shrinkage=0.05


Tree=47
num_leaves=5
num_cat=0
split_feature=1 1 3 3
split_gain=5.26941e+06 4.86293e+06 3.80918e+06 1.53258e+06
threshold=1172.4501000000005 -760.21719999999993 80.665375000000282 -256.96500590277782
decision_type=2 2 2 2
left_child=1 3 -3 -1
right_child=-2 2 -4 -5
leaf_value=9.1746975222500904 -8.8981859324534245 -0.9261923722250347 1.4491622225146339 2.9762917086177652
leaf_weight=164 162 4912 2570 256
leaf_count=164 162 4912 2570 256
internal_value=0.000463819 0.183999 -0.110195 5.41267
internal_weight=8064 7902 7482 420
internal_count=8064 7902 7482 420
is_linear=0
shrinkage=0.05


Tree=48
num_leaves=6
num_cat=0
split_feature=0 1 6 0 0
split_gain=4.98095e+06 8.32444e+06 5.66978e+06 3.6091e+06 785758
threshold=7898.5593500000014 -94.092349999999996 0.73657561215276257 6715.5579000000007 8381.3748000000032
decision_type=2 2 2 2 2
left_child=1 2 -1 -3 -2
right_child=4 3 -4 -5 -6
leaf_value=5.0406637270392167 -3.5444825374718869 -0.25148830855489168 -1.6681014059838795 -4.7915871940662988 -8.4688609589952417
leaf_weight=1262 164 5581 419 474 164
leaf_count=1262 164 5581 419 474 164
internal_value=0.000464025 0.256681 3.36846 -0.607631 -6.02493
internal_weight=8064 7736 1681 6055 328
internal_count=8064 7736 1681 6055 328
is_linear=0
shrinkage=0.05


Tree=49
num_leaves=4
num_cat=0
split_feature=2 1 3
split_gain=4.57031e+06 4.3011e+06 3.07828e+06
threshold=881.37257857142879 1172.4501000000005 -230.13218506944438
decision_type=2 2 2
left_child=1 2 -1
right_child=-2 -3 -4
leaf_value=2.4709251698364514 8.2877102065305763 -8.2084358191197637 -0.40337326392572098
leaf_weight=1082 162 162 6658
leaf_count=1082 162 162 6658
internal_value=0.000355997 -0.170571 -0.00129836
internal_weight=8064 7902 7740
internal_count=8064 7902 7740
is_linear=0
shrinkage=0.05


Tree=50
num_leaves=7
num_cat=0
split_feature=2 3 3 5 3 0
split_gain=4.39382e+06 5.84642e+06 5.76666e+06 3.76598e+06 1.56927e+07 2.66859e+06
threshold=-17.205857142857056 259.14570972222174 213.36802638888892 -0.87651811848132988 -63.091829513889017 5419.4597500000009
decision_type=2 2 2 2 2 2
left_child=1 2 -1 4 -2 -5
right_child=3 -3 -4 5 -6 -7
leaf_value=-1.6417018487164885 -3.9164531296609262 6.1500684902907876 -9.4004713895723988 0.53692645099983993 11.7436530958795 -4.5859175665165059
leaf_weight=1734 303 204 277 4942 337 267
leaf_count=1734 303 204 277 4942 337 267
internal_value=0.000351497 -1.89572 -2.71455 0.718591 4.33503 0.273513
internal_weight=8064 2215 2011 5849 640 5209
internal_count=8064 2215 2011 5849 640 5209
is_linear=0
shrinkage=0.05


Tree=51
num_leaves=7
num_cat=0
split_feature=0 5 3 3 0 3
split_gain=4.2448e+06 7.53234e+06 2.31023e+07 5.18344e+06 4.42569e+06 3.93424e+06
threshold=7306.0345500000012 -0.87651811848132988 -57.484584374999933 -34.407654166666809 4942.8149000000012 213.36802638888892
decision_type=2 2 2 2 2 2
left_child=1 2 -1 -2 -3 -5
right_child=3 4 -4 5 -6 -7
leaf_value=-4.2614425534225369 -11.251273292782663 0.32448797943783014 13.969261495021925 1.9349793471032528 -3.4941446454537641 -7.6903497342091462
leaf_weight=331 173 5842 364 327 871 156
leaf_count=331 173 5842 364 327 871 156
internal_value=0.00032702 0.341891 5.29308 -3.8515 -0.17142 -1.18329
internal_weight=8064 7408 695 656 6713 483
internal_count=8064 7408 695 656 6713 483
is_linear=0
shrinkage=0.05


Tree=52
num_leaves=5
num_cat=0
split_feature=1 1 3 3
split_gain=4.38684e+06 3.73171e+06 3.52699e+06 1.4889e+06
threshold=-760.21719999999993 1172.4501000000005 80.665375000000282 -256.96500590277782
decision_type=2 2 2 2
left_child=3 2 -2 -1
right_child=1 -3 -4 -5
leaf_value=8.6762206847017467 -0.8955129215456834 -7.7576802998232699 1.3901630910321925 2.5698571110397928
leaf_weight=164 4912 162 2570 256
leaf_count=164 4912 162 2570 256
internal_value=0.000245769 -0.273388 -0.110323 4.96919
internal_weight=8064 7644 7482 420
internal_count=8064 7644 7482 420
is_linear=0
shrinkage=0.05


Tree=53
num_leaves=6
num_cat=0
split_feature=1 1 5 3 0
split_gain=4.03393e+06 3.30012e+06 3.64937e+06 2.88321e+06 2.59187e+06
threshold=-535.46909999999946 1172.4501000000005 -0.97111091670450067 -69.833021527777859 6388.566350000001
decision_type=2 2 2 2 2
left_child=3 2 -2 4 -1
right_child=1 -3 -4 -5 -6
leaf_value=3.168779967995226 4.5783416842915008 -7.3721758687423051 -0.44310194841470252 -0.73450449267520179 11.190307300388813
leaf_weight=275 381 162 6851 236 159
leaf_count=275 381 162 6851 236 159
internal_value=0.000258175 -0.336562 -0.177963 3.7123 6.12651
internal_weight=8064 7394 7232 670 434
internal_count=8064 7394 7232 670 434
is_linear=0
shrinkage=0.05


Tree=54
num_leaves=7
num_cat=0
split_feature=1 3 3 3 2 3
split_gain=3.92585e+06 9.92812e+06 9.7518e+06 5.6833e+06 3.77525e+06 5.00893e+06
threshold=51.468750000000007 -57.484584374999933 -84.732641666666254 6.3829923611112926 424.68673571428604 -34.407654166666809
decision_type=2 2 2 2 2 2
left_child=4 2 -2 -3 -1 -6
right_child=1 3 -4 -5 5 -7
leaf_value=0.24187844312742565 -2.1389365893103478 6.3480912250301902 -17.923154475716498 -1.5552906434139553 1.5974042019018762 12.435416812064664
leaf_weight=5595 226 276 172 1271 376 148
leaf_count=5595 226 276 172 1271 376 148
internal_value=0.000309671 -1.95589 -8.98808 -0.14206 0.622328 4.67638
internal_weight=8064 1945 398 1547 6119 524
internal_count=8064 1945 398 1547 6119 524
is_linear=0
shrinkage=0.05


Tree=55
num_leaves=6
num_cat=0
split_feature=0 1 0 3 0
split_gain=3.86626e+06 6.49084e+06 4.9485e+06 3.2144e+06 579494
threshold=7898.5593500000014 -94.092349999999996 6818.1338000000005 80.665375000000282 8381.3748000000032
decision_type=2 2 2 2 2
left_child=1 2 -1 -3 -2
right_child=4 3 -4 -5 -6
leaf_value=1.8794152735109901 -3.176687437115294 -1.4364471427198384 9.7044421469404352 0.93816467587151608 -7.4076367329106194
leaf_weight=1447 164 3762 234 2293 164
leaf_count=1447 164 3762 234 2293 164
internal_value=0.000288022 0.226023 2.9738 -0.537186 -5.30825
internal_weight=8064 7736 1681 6055 328
internal_count=8064 7736 1681 6055 328
is_linear=0
shrinkage=0.05


Tree=56
num_leaves=7
num_cat=0
split_feature=0 5 3 3 0 3
split_gain=3.64402e+06 5.99742e+06 2.12275e+07 5.14382e+06 4.15957e+06 3.4951e+06
threshold=7306.0345500000012 -0.87651811848132988 -57.484584374999933 -34.407654166666809 4942.8149000000012 213.36802638888892
decision_type=2 2 2 2 2 2
left_child=1 2 -1 -2 -3 -5
right_child=3 4 -4 5 -6 -7
leaf_value=-4.4231083581336295 -10.939858864299183 0.33947527069916744 13.051677988522673 2.0274021122513748 -3.3625682319522996 -7.0446223700122479
leaf_weight=331 173 5842 364 327 871 156
leaf_count=331 173 5842 364 327 871 156
internal_value=0.000276719 0.316748 4.73476 -3.56857 -0.141288 -0.911194
internal_weight=8064 7408 695 656 6713 483
internal_count=8064 7408 695 656 6713 483
is_linear=0
shrinkage=0.05


Tree=57
num_leaves=5
num_cat=0
split_feature=2 3 5 3
split_gain=3.34879e+06 3.27478e+06 6.27793e+06 6.27769e+06
threshold=881.37257857142879 -230.13218506944438 -0.83127174505093859 -57.484584374999933
decision_type=2 2 2 2
left_child=1 2 -1 -3
right_child=-2 3 -4 -5
leaf_value=11.653545845940615 7.0941339085438502 -3.2019760471578871 0.83961946251515818 0.31645270437676348
leaf_weight=156 162 1682 926 5138
leaf_count=156 162 1682 926 5138
internal_value=0.000198701 -0.146114 2.40806 -0.551631
internal_weight=8064 7902 1082 6820
internal_count=8064 7902 1082 6820
is_linear=0
shrinkage=0.05


Tree=58
num_leaves=7
num_cat=0
split_feature=0 5 3 3 0 3
split_gain=3.39994e+06 5.20575e+06 1.92961e+07 4.79247e+06 3.82126e+06 3.15614e+06
threshold=7306.0345500000012 -0.87651811848132988 -57.484584374999933 -34.407654166666809 4942.8149000000012 213.36802638888892
decision_type=2 2 2 2 2 2
left_child=1 2 -1 -2 -3 -5
right_child=3 4 -4 5 -6 -7
leaf_value=-4.3090192241122924 -10.562051351454066 0.34003926554818142 12.35167864182224 1.9105665619780379 -3.2082605611379131 -6.7103566525468397
leaf_weight=331 173 5842 364 327 871 156
leaf_count=331 173 5842 364 327 871 156
internal_value=0.000292306 0.305981 4.42208 -3.44697 -0.120756 -0.881942
internal_weight=8064 7408 695 656 6713 483
internal_count=8064 7408 695 656 6713 483
is_linear=0
shrinkage=0.05


Tree=59
num_leaves=7
num_cat=0
split_feature=3 3 0 3 3 1
split_gain=3.34083e+06 1.49852e+07 5.21912e+07 1.2167e+07 3.8951e+06 6.32219e+06
threshold=-84.732641666666254 -57.484584374999933 6038.1480500000007 6.3829923611112926 -293.47578888888864 -94.092349999999996
decision_type=2 2 2 2 2 2
left_child=4 2 -2 -3 -1 -6
right_child=1 3 -4 -5 5 -7
leaf_value=-2.4419298787315231 -1.1664786890211118 4.6227081393071945 -34.047856691952411 -0.96959525255587442 7.2843799119828958 0.62966574980294254
leaf_weight=432 720 1296 144 3888 542 1042
leaf_count=432 720 1296 144 3888 542 1042
internal_value=0.000214531 -0.587382 -6.67973 0.429103 1.76242 2.90988
internal_weight=8064 6048 864 5184 2016 1584
internal_count=8064 6048 864 5184 2016 1584
is_linear=0
shrinkage=0.05


Tree=60
num_leaves=5
num_cat=0
split_feature=0 1 6 3
split_gain=3.12245e+06 5.22099e+06 4.56316e+06 2.85282e+06
threshold=8121.1447500000004 -94.092349999999996 0.73657561215276257 80.665375000000282
decision_type=2 2 2 2
left_child=1 2 -1 -3
right_child=-2 3 -4 -5
leaf_value=4.0848559079433908 -5.5349355616912188 -1.3548218965427135 -1.9156457807691325 0.87134268586618124
leaf_weight=1292 246 3787 419 2320
leaf_count=1292 246 3787 419 2320
internal_value=4.2084e-05 0.17489 2.61516 -0.509116
internal_weight=8064 7818 1711 6107
internal_count=8064 7818 1711 6107
is_linear=0
shrinkage=0.05


Tree=61
num_leaves=7
num_cat=0
split_feature=3 3 0 3 3 1
split_gain=3.01177e+06 1.34361e+07 4.72635e+07 1.12049e+07 3.53907e+06 5.40534e+06
threshold=-84.732641666666254 -57.484584374999933 6038.1480500000007 6.3829923611112926 -293.47578888888864 -214.64439999999965
decision_type=2 2 2 2 2 2
left_child=4 2 -2 -3 -1 -6
right_child=1 3 -4 -5 5 -7
leaf_value=-2.3344017268879034 -1.0802560256130158 4.4290022673067382 -32.370840310721569 -0.93763693290980299 7.3686010987549047 0.91326518043427729
leaf_weight=432 720 1296 144 3888 454 1130
leaf_count=432 720 1296 144 3888 454 1130
internal_value=1.61116e-05 -0.557892 -6.32675 0.404618 1.67319 2.76695
internal_weight=8064 6048 864 5184 2016 1584
internal_count=8064 6048 864 5184 2016 1584
is_linear=0
shrinkage=0.05


Tree=62
num_leaves=5
num_cat=0
split_feature=1 5 3 1
split_gain=2.92059e+06 3.00453e+06 1.17125e+07 3.12776e+06
threshold=1172.4501000000005 -0.97111091670450067 -63.091829513889017 -1000.1467500000002
decision_type=2 2 2 2
left_child=1 2 -1 -3
right_child=-2 3 -4 -5
leaf_value=-5.5622911382005329 -6.6250175669149387 6.8753707683621315 9.4852982795910599 -0.28074712459441192
leaf_weight=209 162 155 336 7202
leaf_count=209 162 155 336 7202
internal_value=-0.000133562 0.136505 3.71514 -0.129065
internal_weight=8064 7902 545 7357
internal_count=8064 7902 545 7357
is_linear=0
shrinkage=0.05


Tree=63
num_leaves=6
num_cat=0
split_feature=0 1 6 3 4
split_gain=2.8929e+06 4.78822e+06 4.52637e+06 2.69382e+06 486544
threshold=7898.5593500000014 -94.092349999999996 0.73657561215276257 80.665375000000282 0.065387565056497135
decision_type=2 2 2 2 2
left_child=1 2 -1 -3 -2
right_child=4 3 -4 -5 -6
leaf_value=4.0494008017259979 -2.7996125508287104 -1.2835823264557087 -1.9441760534544787 0.89025016343651409 -6.6864293122923151
leaf_weight=1262 178 3762 419 2293 150
leaf_count=1262 178 3762 419 2293 150
internal_value=-0.000102743 0.19516 2.5552 -0.460351 -4.59204
internal_weight=8064 7736 1681 6055 328
internal_count=8064 7736 1681 6055 328
is_linear=0
shrinkage=0.05


Tree=64
num_leaves=7
num_cat=0
split_feature=3 3 0 3 3 0
split_gain=2.76193e+06 1.19442e+07 4.29342e+07 1.02374e+07 3.23651e+06 4.61749e+06
threshold=-84.732641666666254 -57.484584374999933 5700.7140000000009 6.3829923611112926 -293.47578888888864 6818.1338000000005
decision_type=2 2 2 2 2 2
left_child=4 2 -2 -3 -1 -6
right_child=1 3 -4 -5 5 -7
leaf_value=-2.2303355800637474 -0.46360902609410648 4.2198118221787366 -28.496866127953808 -0.90990416830519105 1.7175172940663712 10.486787637500536
leaf_weight=432 695 1296 169 3888 1417 167
leaf_count=432 695 1296 169 3888 1417 167
internal_value=-0.00014581 -0.534412 -5.97357 0.373091 1.60212 2.64809
internal_weight=8064 6048 864 5184 2016 1584
internal_count=8064 6048 864 5184 2016 1584
is_linear=0
shrinkage=0.05


Tree=65
num_leaves=7
num_cat=0
split_feature=0 5 3 3 0 3
split_gain=2.755e+06 5.1661e+06 1.481e+07 4.22917e+06 3.43622e+06 2.73065e+06
threshold=7306.0345500000012 -0.87651811848132988 -57.484584374999933 -34.407654166666809 4942.8149000000012 213.36802638888892
decision_type=2 2 2 2 2 2
left_child=1 2 -1 -2 -3 -5
right_child=3 4 -4 5 -6 -7
leaf_value=-3.2749411447579604 -9.7871625285809767 0.28680081435434757 11.321949317980916 1.9030816980978338 -3.0779876182795665 -6.1155959106661433
leaf_weight=331 173 5842 364 327 871 156
leaf_count=331 173 5842 364 327 871 156
internal_value=-0.000235715 0.274936 4.37533 -3.10335 -0.150168 -0.694086
internal_weight=8064 7408 695 656 6713 483
internal_count=8064 7408 695 656 6713 483
is_linear=0
shrinkage=0.05


Tree=66
num_leaves=7
num_cat=0
split_feature=3 3 5 5 1 3
split_gain=2.76356e+06 2.47314e+07 2.66584e+07 7.36247e+06 3.97587e+06 4.6375e+06
threshold=-69.833021527777859 -63.091829513889017 1.0000000180025095e-35 -0.91509365977396839 -24.495600000000021 -293.47578888888864
decision_type=2 2 2 2 2 2
left_child=4 2 -2 -3 5 -1
right_child=1 3 -4 -5 -6 -7
leaf_value=-2.851257906808998 -29.990205392344247 4.9248487437821247 0.37901736292345772 -0.56368826901660152 -0.18720764773007184 5.7672876080814399
leaf_weight=197 144 703 144 4625 1510 741
leaf_count=197 144 703 144 4625 1510 741
internal_value=-0.000278127 -0.611385 -14.8568 0.161282 1.40135 3.9561
internal_weight=8064 5616 288 5328 2448 938
internal_count=8064 5616 288 5328 2448 938
is_linear=0
shrinkage=0.05


Tree=67
num_leaves=7
num_cat=0
split_feature=0 5 3 3 0 3
split_gain=2.70121e+06 4.3866e+06 1.30858e+07 3.61404e+06 3.07501e+06 2.44905e+06
threshold=7306.0345500000012 -0.87651811848132988 -57.484584374999933 -34.407654166666809 4942.8149000000012 213.36802638888892
decision_type=2 2 2 2 2 2
left_child=1 2 -1 -2 -3 -5
right_child=3 4 -4 5 -6 -7
leaf_value=-3.1405584207141257 -9.2518270477481277 0.29370522033219165 10.580253710616127 1.6145993961748191 -2.8893218020438605 -5.979528059511428
leaf_weight=331 173 5842 364 327 871 156
leaf_count=331 173 5842 364 327 871 156
internal_value=-0.000403845 0.272069 4.05047 -3.07308 -0.119656 -0.845449
internal_weight=8064 7408 695 656 6713 483
internal_count=8064 7408 695 656 6713 483
is_linear=0
shrinkage=0.05


Tree=68
num_leaves=7
num_cat=0
split_feature=3 3 5 3 0 3
split_gain=2.6726e+06 4.87255e+06 8.13533e+06 3.7074e+06 2.39992e+07 9.16496e+06
threshold=-230.13218506944438 -293.47578888888864 -0.80625269229011354 -57.484584374999933 5700.7140000000009 6.3829923611112926
decision_type=2 2 2 2 2 2
left_child=1 -1 -3 4 -2 -5
right_child=3 2 -4 5 -6 -7
leaf_value=-1.9671089538801074 0.5102966818181417 15.285788446909761 2.0643610265105963 3.9361888268691079 -14.393686804878179 -0.91740483570667686
leaf_weight=432 1394 145 575 1296 334 3888
leaf_count=432 1394 145 575 1296 334 3888
internal_value=-0.000438043 2.22813 4.74452 -0.372135 -2.37711 0.296519
internal_weight=8064 1152 720 6912 1728 5184
internal_count=8064 1152 720 6912 1728 5184
is_linear=0
shrinkage=0.05


Tree=69
num_leaves=7
num_cat=0
split_feature=3 3 5 5 1 3
split_gain=2.69021e+06 2.16414e+07 2.33175e+07 6.29298e+06 3.71267e+06 5.03432e+06
threshold=-69.833021527777859 -63.091829513889017 1.0000000180025095e-35 -0.91509365977396839 -94.092349999999996 -293.47578888888864
decision_type=2 2 2 2 2 2
left_child=4 2 -2 -3 5 -1
right_child=1 3 -4 -5 -6 -7
leaf_value=-3.3395054588104758 -28.082495144256228 4.5234805528243838 0.32027432499260744 -0.55078173426486854 -0.012657131589696023 6.131762652137926
leaf_weight=178 144 703 144 4625 1618 652
leaf_count=178 144 703 144 4625 1618 652
internal_value=-0.000388143 -0.603331 -13.9291 0.119462 1.38251 4.099
internal_weight=8064 5616 288 5328 2448 830
internal_count=8064 5616 288 5328 2448 830
is_linear=0
shrinkage=0.05


Tree=70
num_leaves=5
num_cat=0
split_feature=1 5 3 0
split_gain=2.70734e+06 2.43816e+06 8.22099e+06 2.77266e+06
threshold=1172.4501000000005 -0.97111091670450067 -63.091829513889017 7306.0345500000012
decision_type=2 2 2 2
left_child=1 2 -1 -3
right_child=-2 3 -4 -5
leaf_value=-4.4184983511198137 -6.3789399834498308 0.09226120524030558 8.188735347261062 -4.8078266863510066
leaf_weight=209 162 7057 336 300
leaf_count=209 162 7057 336 300
internal_value=-0.000498984 0.131057 3.3548 -0.108178
internal_weight=8064 7902 545 7357
internal_count=8064 7902 545 7357
is_linear=0
shrinkage=0.05


Tree=71
num_leaves=6
num_cat=0
split_feature=0 1 4 3 3
split_gain=2.56594e+06 4.04928e+06 4.13327e+06 2.64055e+06 436735
threshold=7898.5593500000014 -94.092349999999996 -0.40265084705289461 80.665375000000282 80.665375000000282
decision_type=2 2 2 2 2
left_child=1 2 -1 -3 -2
right_child=4 3 -4 -5 -6
leaf_value=-0.86017468305435152 -5.9866695152057545 -1.23449032211653 4.2645327476597439 0.91773796332521007 -2.3025659338633218
leaf_weight=627 179 3762 1054 2293 149
leaf_count=627 179 3762 1054 2293 149
internal_value=-0.000519436 0.183378 2.35368 -0.419435 -4.32518
internal_weight=8064 7736 1681 6055 328
internal_count=8064 7736 1681 6055 328
is_linear=0
shrinkage=0.05


Tree=72
num_leaves=7
num_cat=0
split_feature=3 3 5 3 1 3
split_gain=2.51164e+06 1.93674e+07 2.10873e+07 5.75172e+06 3.17071e+06 4.35091e+06
threshold=-69.833021527777859 -63.091829513889017 1.0000000180025095e-35 6.3829923611112926 -214.64439999999965 -293.47578888888864
decision_type=2 2 2 2 2 2
left_child=4 2 -2 -3 5 -1
right_child=1 3 -4 -5 -6 -7
leaf_value=-3.2482131496753568 -26.648905117429535 2.7989485053781173 0.36108863139974662 -0.89917840340693689 0.20763971492216085 6.3132688529029188
leaf_weight=152 144 1440 144 3888 1758 538
leaf_count=152 144 1440 144 3888 1758 538
internal_value=-0.000525709 -0.583114 -13.1894 0.100653 1.33569 4.20532
internal_weight=8064 5616 288 5328 2448 690
internal_count=8064 5616 288 5328 2448 690
is_linear=0
shrinkage=0.05


Tree=73
num_leaves=5
num_cat=0
split_feature=1 3 3 5
split_gain=2.37894e+06 2.26529e+06 1.38392e+07 8.53941e+06
threshold=1172.4501000000005 80.665375000000282 18.378788541666385 -0.80625269229011354
decision_type=2 2 2 2
left_child=1 2 -1 -3
right_child=-2 3 -4 -5
leaf_value=0.64675499914117962 -5.9797183513641361 7.7516308787796238 -6.307780814373718 0.051159982886561685
leaf_weight=4459 162 431 851 2161
leaf_count=4459 162 431 851 2161
internal_value=-0.000630332 0.122689 -0.468782 1.3341
internal_weight=8064 7902 5310 2592
internal_count=8064 7902 5310 2592
is_linear=0
shrinkage=0.05


Tree=74
num_leaves=7
num_cat=0
split_feature=0 1 3 3 0 3
split_gain=2.38181e+06 3.62114e+06 2.98642e+06 2.50829e+06 2.28639e+06 2.27279e+06
threshold=7306.0345500000012 -535.46909999999946 -34.407654166666809 275.95809826388864 6388.566350000001 213.36802638888892
decision_type=2 2 2 2 2 2
left_child=1 4 -2 -3 -1 -4
right_child=2 3 5 -5 -6 -7
leaf_value=2.0523777320525229 -8.5026556258914123 0.11840575865197256 1.5092532697247298 -4.9454759978872591 8.9668967456874746 -5.8065473682561501
leaf_weight=424 173 6565 327 253 166 156
leaf_count=424 173 6565 327 253 166 156
internal_value=-0.000622609 0.255235 -2.88593 -0.0702007 4.0097 -0.860729
internal_weight=8064 7408 656 6818 590 483
internal_count=8064 7408 656 6818 590 483
is_linear=0
shrinkage=0.05


Tree=75
num_leaves=7
num_cat=0
split_feature=3 3 1 3 7 2
split_gain=2.50933e+06 1.46338e+07 4.66965e+06 7.1407e+06 3.67583e+06 2.4595e+06
threshold=259.14570972222174 275.95809826388864 328.18095 213.36802638888892 1.0000000180025095e-35 424.68673571428604
decision_type=2 2 2 2 2 2
left_child=2 -2 5 -4 -3 -1
right_child=1 4 3 -5 -6 -7
leaf_value=-0.039781109066124809 16.657878009779701 -8.4329447444348506 -1.4988522001643683 -13.059238281644927 2.8303326673548796 3.4757745796012354
leaf_weight=6188 144 144 742 162 144 540
leaf_count=6188 144 144 742 162 144 540
internal_value=-0.000632449 3.70211 -0.210679 -3.58266 -2.811 0.242858
internal_weight=8064 432 7632 904 288 6728
internal_count=8064 432 7632 904 288 6728
is_linear=0
shrinkage=0.05


Tree=76
num_leaves=7
num_cat=0
split_feature=3 3 0 3 7 1
split_gain=2.26632e+06 1.32165e+07 4.44648e+06 4.59707e+06 3.31985e+06 3.255e+06
threshold=259.14570972222174 275.95809826388864 7306.0345500000012 18.378788541666385 1.0000000180025095e-35 -535.46909999999946
decision_type=2 2 2 2 2 2
left_child=2 -2 5 -4 -3 -1
right_child=1 4 3 -5 -6 -7
leaf_value=3.707141433199852 15.830728283339534 -8.0142054522654114 0.24794729463883228 -8.4272358393669133 2.6897919420538279 -0.17026094014596238
leaf_weight=590 144 144 292 319 144 6431
leaf_count=590 144 144 292 319 144 6431
internal_value=-0.000601246 3.51828 -0.200218 -4.28769 -2.67142 0.156053
internal_weight=8064 432 7632 611 288 7021
internal_count=8064 432 7632 611 288 7021
is_linear=0
shrinkage=0.05


Tree=77
num_leaves=7
num_cat=0
split_feature=3 3 0 3 7 1
split_gain=2.04679e+06 1.19366e+07 4.01427e+06 4.15023e+06 2.99834e+06 2.93814e+06
threshold=259.14570972222174 275.95809826388864 7306.0345500000012 18.378788541666385 1.0000000180025095e-35 -535.46909999999946
decision_type=2 2 2 2 2 2
left_child=2 -2 5 -4 -3 -1
right_child=1 4 3 -5 -6 -7
leaf_value=3.5220980179314889 15.044650703051994 -7.6162586728457757 0.23559224320759953 -8.0071908243000518 2.5562298981485698 -0.16174921255300415
leaf_weight=590 144 144 292 319 144 6431
leaf_count=590 144 144 292 319 144 6431
internal_value=-0.000534825 3.34358 -0.190238 -4.07397 -2.53877 0.148275
internal_weight=8064 432 7632 611 288 7021
internal_count=8064 432 7632 611 288 7021
is_linear=0
shrinkage=0.05


Tree=78
num_leaves=6
num_cat=0
split_feature=3 3 3 2 5
split_gain=1.94252e+06 4.13312e+06 3.87881e+06 3.52738e+06 3.4301e+06
threshold=-230.13218506944438 -239.11895763888899 -188.7083249999998 650.14607857142857 -0.87651811848132988
decision_type=2 2 2 2 2
left_child=1 4 -2 -4 -1
right_child=2 -3 3 -5 -6
leaf_value=7.4293430231235646 -8.4089244589312333 9.7926714033916085 -0.33204661680127173 6.7815395223694814 -0.51107571162810583
leaf_weight=161 144 144 6590 178 847
leaf_count=161 144 144 6590 178 847
internal_value=-0.000473528 1.89948 -0.317361 -0.143983 0.763292
internal_weight=8064 1152 6912 6768 1008
internal_count=8064 1152 6912 6768 1008
is_linear=0
shrinkage=0.05


Tree=79
num_leaves=7
num_cat=0
split_feature=3 3 1 3 7 3
split_gain=1.86771e+06 1.07805e+07 3.68499e+06 6.13717e+06 2.708e+06 1.79579e+06
threshold=259.14570972222174 275.95809826388864 328.18095 213.36802638888892 1.0000000180025095e-35 -69.833021527777859
decision_type=2 2 2 2 2 2
left_child=2 -2 5 -4 -3 -1
right_child=1 4 3 -5 -6 -7
leaf_value=1.3392612105957611 14.314093854673979 -7.221584217219517 -1.2453922005793929 -11.962374086367207 2.4457876921111144 -0.37541018481805255
leaf_weight=2341 144 144 742 162 144 4387
leaf_count=2341 144 144 742 162 144 4387
internal_value=-0.000358389 3.19412 -0.181573 -3.17701 -2.39616 0.221318
internal_weight=8064 432 7632 904 288 6728
internal_count=8064 432 7632 904 288 6728
is_linear=0
shrinkage=0.05


Tree=80
num_leaves=7
num_cat=0
split_feature=3 3 0 3 5 2
split_gain=1.97196e+06 1.27372e+07 2.37803e+07 8.57606e+06 6.23833e+06 5.81656e+06
threshold=80.665375000000282 18.378788541666385 4146.3873000000012 -34.407654166666809 -0.83127174505093859 -165.31902857142856
decision_type=2 2 2 2 2 2
left_child=1 3 -3 -1 5 -2
right_child=4 2 -4 -5 -6 -7
leaf_value=-0.66855066059997992 1.6282897710604747 -0.33221299574673691 -18.002630479175718 4.5708387201306726 -0.057289369327515341 12.454904530616034
leaf_weight=3456 304 582 282 1008 2223 209
leaf_count=3456 304 582 282 1008 2223 209
internal_value=-0.000357246 -0.560636 -6.11379 0.515296 1.09052 6.05478
internal_weight=8064 5328 864 4464 2736 513
internal_count=8064 5328 864 4464 2736 513
is_linear=0
shrinkage=0.05


Tree=81
num_leaves=7
num_cat=0
split_feature=3 3 0 3 5 2
split_gain=1.78058e+06 1.14993e+07 2.15147e+07 7.74063e+06 5.63275e+06 5.2522e+06
threshold=80.665375000000282 18.378788541666385 3970.2023000000004 -34.407654166666809 -0.83127174505093859 -165.31902857142856
decision_type=2 2 2 2 2 2
left_child=1 3 -3 -1 5 -2
right_child=4 2 -4 -5 -6 -7
leaf_value=-0.63513279838499903 1.5471422836624209 -0.19419997310638429 -16.884038152563615 4.3425232507701965 -0.054426204282030377 11.83512468448707
leaf_weight=3456 304 574 290 1008 2223 209
leaf_count=3456 304 574 290 1008 2223 209
internal_value=-0.000341911 -0.532739 -5.80916 0.489575 1.03625 5.75341
internal_weight=8064 5328 864 4464 2736 513
internal_count=8064 5328 864 4464 2736 513
is_linear=0
shrinkage=0.05


Tree=82
num_leaves=7
num_cat=0
split_feature=3 3 5 3 3 1
split_gain=1.83384e+06 1.79904e+07 3.13196e+07 6.41804e+06 2.58919e+06 3.0827e+06
threshold=-69.833021527777859 -57.484584374999933 -0.48087430661751701 6.3829923611112926 -378.14482534722146 -24.495600000000021
decision_type=2 2 2 2 2 2
left_child=4 2 -2 -3 -1 -6
right_child=1 3 -4 -5 5 -7
leaf_value=-5.3403471969787422 -28.949776021854298 3.3653743145368069 -0.59659046280634154 -0.69625122403623252 3.8884228100164773 0.11960144118046878
leaf_weight=144 147 1296 285 3888 873 1431
leaf_count=144 147 1296 285 3888 873 1431
internal_value=-0.000325083 -0.498135 -10.2891 0.319608 1.14145 1.5487
internal_weight=8064 5616 432 5184 2448 2304
internal_count=8064 5616 432 5184 2448 2304
is_linear=0
shrinkage=0.05


Tree=83
num_leaves=7
num_cat=0
split_feature=3 3 0 3 5 2
split_gain=1.72391e+06 1.01638e+07 1.94244e+07 6.67787e+06 5.08584e+06 4.74239e+06
threshold=80.665375000000282 18.378788541666385 3970.2023000000004 -34.407654166666809 -0.83127174505093859 -165.31902857142856
decision_type=2 2 2 2 2 2
left_child=1 3 -3 -1 5 -2
right_child=4 2 -4 -5 -6 -7
leaf_value=-0.60786239539265274 1.5047372239852539 -0.14975483562635339 -16.008044481728088 4.0154760966481726 -0.016909201012039892 11.280833315772609
leaf_weight=3456 304 574 290 1008 2223 209
leaf_count=3456 304 574 290 1008 2223 209
internal_value=-0.000483708 -0.524341 -5.48491 0.436783 1.01948 5.50179
internal_weight=8064 5328 864 4464 2736 513
internal_count=8064 5328 864 4464 2736 513
is_linear=0
shrinkage=0.05


Tree=84
num_leaves=7
num_cat=0
split_feature=3 3 5 5 3 1
split_gain=1.74943e+06 1.60957e+07 2.82867e+07 5.61656e+06 2.33823e+06 2.78242e+06
threshold=-69.833021527777859 -57.484584374999933 -0.48087430661751701 -0.83127174505093859 -378.14482534722146 -24.495600000000021
decision_type=2 2 2 2 2 2
left_child=4 2 -2 -3 -1 -6
right_child=1 3 -4 -5 5 -7
leaf_value=-5.0449880011328334 -27.481879967169181 3.7107216606284172 -0.53657839745283131 -0.50401708154494562 3.7245824798992757 0.14399744868746767
leaf_weight=144 147 972 285 4212 873 1431
leaf_count=144 147 972 285 4212 873 1431
internal_value=-0.000459426 -0.486678 -9.74776 0.28681 1.11473 1.50173
internal_weight=8064 5616 432 5184 2448 2304
internal_count=8064 5616 432 5184 2448 2304
is_linear=0
shrinkage=0.05


Tree=85
num_leaves=5
num_cat=0
split_feature=1 3 3 5
split_gain=1.79533e+06 1.91278e+06 8.94617e+06 6.23621e+06
threshold=1172.4501000000005 80.665375000000282 6.3829923611112926 -0.62577451934762995
decision_type=2 2 2 2
left_child=1 2 -1 -3
right_child=-2 3 -4 -5
leaf_value=0.63571912267442698 -5.194755503516987 5.4898363257641005 -4.3622663016770478 -0.18824992455553546
leaf_weight=4171 162 642 1139 1950
leaf_count=4171 162 642 1139 1950
internal_value=-0.000597569 0.106532 -0.436973 1.2197
internal_weight=8064 7902 5310 2592
internal_count=8064 7902 5310 2592
is_linear=0
shrinkage=0.05


Tree=86
num_leaves=6
num_cat=0
split_feature=2 3 3 2 3
split_gain=1.63134e+06 3.92212e+06 3.524e+06 1.19505e+06 926332
threshold=-10.687500000000055 259.14570972222174 213.36802638888892 881.37257857142879 -230.13218506944438
decision_type=2 2 2 2 2
left_child=1 2 -1 4 -2
right_child=3 -3 -4 -5 -6
leaf_value=-0.96601456652078133 1.8283733192423086 5.4059414233887599 -6.9667073282251941 4.6690003790007051 0.05070354292491254
leaf_weight=1810 866 208 282 162 4736
leaf_count=1810 866 208 282 162 4736
internal_value=-0.000590128 -1.12611 -1.77785 0.448643 0.325787
internal_weight=8064 2300 2092 5764 5602
internal_count=8064 2300 2092 5764 5602
is_linear=0
shrinkage=0.05


Tree=87
num_leaves=5
num_cat=0
split_feature=1 3 3 5
split_gain=1.61447e+06 1.80111e+06 7.97171e+06 5.87305e+06
threshold=1172.4501000000005 80.665375000000282 6.3829923611112926 -0.94670478576706751
decision_type=2 2 2 2
left_child=1 2 -1 -3
right_child=-2 3 -4 -5
leaf_value=0.58624358595583737 -4.9261272965764711 9.2390438439754341 -4.131695256463269 0.47830749443663506
leaf_weight=4171 162 207 1139 2385
leaf_count=4171 162 207 1139 2385
internal_value=-0.000535685 0.101055 -0.426346 1.18124
internal_weight=8064 7902 5310 2592
internal_count=8064 7902 5310 2592
is_linear=0
shrinkage=0.05


Tree=88
num_leaves=7
num_cat=0
split_feature=0 3 3 5 3 0
split_gain=1.54065e+06 3.13933e+06 2.38989e+06 2.30023e+06 1.33383e+07 4.04019e+06
threshold=7306.0345500000012 -34.407654166666809 213.36802638888892 -0.80625269229011354 133.21385451388849 4942.8149000000012
decision_type=2 2 2 2 2 2
left_child=3 -2 -3 4 -1 -5
right_child=1 2 -4 5 -6 -7
leaf_value=-0.098591278948969741 -8.079505349438767 2.1827480489887843 -5.3187036161969425 0.26474041037855545 15.766828341574609 -4.0344361490857281
leaf_weight=820 173 327 156 5829 157 602
leaf_count=820 173 327 156 5829 157 602
internal_value=-0.000501179 -2.32105 -0.246064 0.205276 2.46443 -0.138266
internal_weight=8064 656 483 7408 977 6431
internal_count=8064 656 483 7408 977 6431
is_linear=0
shrinkage=0.05


Tree=89
num_leaves=5
num_cat=0
split_feature=1 5 3 0
split_gain=1.46852e+06 1.65815e+06 7.16925e+06 2.49804e+06
threshold=1172.4501000000005 -0.97111091670450067 -63.091829513889017 5700.7140000000009
decision_type=2 2 2 2
left_child=1 2 -1 -3
right_child=-2 3 -4 -5
leaf_value=-4.5029670398150179 -4.6981438185996813 0.28801528079363065 7.2695035136418102 -2.2831548726589479
leaf_weight=209 162 6245 336 1112
leaf_count=209 162 6245 336 1112
internal_value=-0.000471887 0.096418 2.75494 -0.100871
internal_weight=8064 7902 545 7357
internal_count=8064 7902 545 7357
is_linear=0
shrinkage=0.05


Tree=90
num_leaves=7
num_cat=0
split_feature=3 3 3 5 2 0
split_gain=1.49691e+06 3.73406e+06 3.70207e+06 6.45957e+06 2.73747e+06 1.96195e+06
threshold=-230.13218506944438 -188.7083249999998 -293.47578888888864 -0.80625269229011354 650.14607857142857 3775.1704000000004
decision_type=2 2 2 2 2 2
left_child=2 -2 5 -4 -3 -1
right_child=1 4 3 -5 -6 -7
leaf_value=0.48470861290363559 -8.2177986767374236 -0.27421808160023042 13.253628445406484 1.473423813117875 5.9924622005590518 -6.5652632685084091
leaf_weight=281 144 6590 145 575 178 151
leaf_count=281 144 6590 145 575 178 151
internal_value=-0.000472631 -0.278649 1.66738 3.86092 -0.108542 -1.98899
internal_weight=8064 6912 1152 720 6768 432
internal_count=8064 6912 1152 720 6768 432
is_linear=0
shrinkage=0.05


Tree=91
num_leaves=6
num_cat=0
split_feature=0 1 0 3 4
split_gain=1.45288e+06 2.54708e+06 3.3913e+06 2.17458e+06 482715
threshold=7898.5593500000014 -94.092349999999996 6818.1338000000005 24.771122222222179 0.065387565056497135
decision_type=2 2 2 2 2
left_child=1 2 -1 -3 -2
right_child=4 3 -4 -5 -6
leaf_value=0.95377360238739972 -1.4806868880820676 -1.1977000637460287 7.4306431191018296 0.70649912950946048 -5.3359095468426387
leaf_weight=1447 178 3328 234 2727 150
leaf_count=1447 178 3328 234 2727 150
internal_value=-0.000410895 0.137967 1.85925 -0.340128 -3.25461
internal_weight=8064 7736 1681 6055 328
internal_count=8064 7736 1681 6055 328
is_linear=0
shrinkage=0.05


Tree=92
num_leaves=7
num_cat=0
split_feature=3 3 5 5 3 1
split_gain=1.41365e+06 1.47884e+07 1.64038e+07 4.60892e+06 2.09422e+06 2.3148e+06
threshold=-69.833021527777859 -63.091829513889017 1.0000000180025095e-35 -0.91509365977396839 -378.14482534722146 -24.495600000000021
decision_type=2 2 2 2 2 2
left_child=4 2 -2 -3 -1 -6
right_child=1 3 -4 -5 5 -7
leaf_value=-4.8272811157025144 -23.324285596300818 3.9289650370303373 0.49694499755727839 -0.41358056323223508 3.3958343684174617 0.12995731621439563
leaf_weight=144 144 703 144 4625 873 1431
leaf_count=144 144 703 144 4625 873 1431
internal_value=-0.000383674 -0.437457 -11.4532 0.160024 1.00208 1.36835
internal_weight=8064 5616 288 5328 2448 2304
internal_count=8064 5616 288 5328 2448 2304
is_linear=0
shrinkage=0.05


Tree=93
num_leaves=6
num_cat=0
split_feature=0 3 3 3 3
split_gain=1.52207e+06 2.84718e+06 2.11183e+06 2.06078e+06 3.26163e+06
threshold=7306.0345500000012 -34.407654166666809 213.36802638888892 275.95809826388864 137.1462312499996
decision_type=2 2 2 2 2
left_child=3 -2 -3 4 -1
right_child=1 2 -4 -5 -6
leaf_value=-0.10403818564159401 -7.7909951640271586 1.9526506649239399 -5.0989599871407654 -4.2218375702073256 2.8107412667052851
leaf_weight=6014 173 327 156 253 1141
leaf_count=6014 173 327 156 253 1141
internal_value=-0.000492295 -2.307 -0.330718 0.20404 0.361106
internal_weight=8064 656 483 7408 7155
internal_count=8064 656 483 7408 7155
is_linear=0
shrinkage=0.05


Tree=94
num_leaves=7
num_cat=0
split_feature=3 3 0 5 3 7
split_gain=1.42201e+06 9.2359e+06 3.41653e+06 7.09871e+06 6.51361e+06 2.17255e+06
threshold=259.14570972222174 275.95809826388864 5700.7140000000009 -0.77969889170510653 213.36802638888892 1.0000000180025095e-35
decision_type=2 2 2 2 2 2
left_child=2 -2 3 -1 -4 -3
right_child=1 5 4 -5 -6 -7
leaf_value=11.108982964540949 13.079587147153658 -6.7087148105841266 -1.1232751684257274 0.12737966517975094 -11.608787961849352 1.9511811702004795
leaf_weight=150 144 144 1532 5787 163 144
leaf_count=150 144 144 1532 5787 163 144
internal_value=-0.000544869 2.78683 -0.158665 0.406657 -2.13787 -2.387
internal_weight=8064 432 7632 5937 1695 288
internal_count=8064 432 7632 5937 1695 288
is_linear=0
shrinkage=0.05


Tree=95
num_leaves=6
num_cat=0
split_feature=3 3 3 5 2
split_gain=1.32614e+06 3.53562e+06 3.44542e+06 2.89121e+06 2.296e+06
threshold=-230.13218506944438 -239.11895763888899 -188.7083249999998 -0.87651811848132988 650.14607857142857
decision_type=2 2 2 2 2
left_child=1 3 -2 -1 -4
right_child=2 -3 4 -5 -6
leaf_value=6.6388392065042332 -7.8884284010285448 8.8696612782313906 -0.25063417289245543 -0.65108714678131463 5.4885338490235744
leaf_weight=161 144 144 6590 847 178
leaf_count=161 144 144 6590 847 178
internal_value=-0.00047532 1.56936 -0.262304 0.518702 -0.0989042
internal_weight=8064 1152 6912 1008 6768
internal_count=8064 1152 6912 1008 6768
is_linear=0
shrinkage=0.05


Tree=96
num_leaves=7
num_cat=0
split_feature=3 3 0 5 3 7
split_gain=1.29631e+06 8.34138e+06 3.19966e+06 6.30125e+06 5.8203e+06 1.96217e+06
threshold=259.14570972222174 275.95809826388864 5700.7140000000009 -0.77969889170510653 213.36802638888892 1.0000000180025095e-35
decision_type=2 2 2 2 2 2
left_child=2 -2 3 -1 -4 -3
right_child=1 5 4 -5 -6 -7
leaf_value=10.479015510919078 12.442563227291766 -6.3631471566496227 -1.1075921226144616 0.13261408654570003 -11.019432473764187 1.8667402017527615
leaf_weight=150 144 144 1532 5787 163 144
leaf_count=150 144 144 1532 5787 163 144
internal_value=-0.000375861 2.66095 -0.151346 0.39574 -2.0667 -2.25598
internal_weight=8064 432 7632 5937 1695 288
internal_count=8064 432 7632 5937 1695 288
is_linear=0
shrinkage=0.05


Tree=97
num_leaves=5
num_cat=0
split_feature=3 3 3 1
split_gain=1.26786e+06 2.41101e+06 3.13051e+06 2.61642e+06
threshold=-378.14482534722146 -230.13218506944438 -188.7083249999998 -24.495600000000021
decision_type=2 2 2 2
left_child=-1 3 -3 -2
right_child=1 2 -4 -5
leaf_value=-4.6335351651547283 5.251428143959914 -7.5180223939336592 -0.093006001141107783 0.11944363871195787
leaf_weight=144 441 144 6768 567
leaf_count=144 441 144 6768 567
internal_value=-0.000317203 0.0844975 -0.248759 2.36767
internal_weight=8064 7920 6912 1008
internal_count=8064 7920 6912 1008
is_linear=0
shrinkage=0.05


Tree=98
num_leaves=5
num_cat=0
split_feature=1 3 3 5
split_gain=1.22797e+06 1.41324e+06 7.3389e+06 5.51928e+06
threshold=1172.4501000000005 80.665375000000282 6.3829923611112926 -0.62577451934762995
decision_type=2 2 2 2
left_child=1 2 -1 -3
right_child=-2 3 -4 -5
leaf_value=0.59264298396493997 -4.2960763048357764 5.0622874987208828 -3.9341594837815097 -0.27941013907833262
leaf_weight=4171 162 642 1139 1950
leaf_count=4171 162 642 1139 1950
internal_value=-0.00034396 0.0882559 -0.378918 1.04509
internal_weight=8064 7902 5310 2592
internal_count=8064 7902 5310 2592
is_linear=0
shrinkage=0.05


Tree=99
num_leaves=7
num_cat=0
split_feature=2 3 3 8 5 0
split_gain=1.22844e+06 3.16267e+06 2.66758e+06 1.07079e+06 5.0301e+06 3.41299e+06
threshold=-10.687500000000055 259.14570972222174 213.36802638888892 15.666666666666668 -0.65918890865109969 5700.7140000000009
decision_type=2 2 2 2 2 2
left_child=1 2 -1 4 -2 -5
right_child=3 -3 -4 5 -6 -7
leaf_value=-0.85595623167927981 10.51524810347064 4.8885686078282635 -6.0768423463767496 0.62414636671474699 0.17674980404376983 -3.2782937067663691
leaf_weight=1810 144 208 282 4354 624 642
leaf_count=1810 144 208 282 4354 624 642
internal_value=-0.000344464 -0.977041 -1.56229 0.389487 2.12637 0.122116
internal_weight=8064 2300 2092 5764 768 4996
internal_count=8064 2300 2092 5764 768 4996
is_linear=0
shrinkage=0.05


end of trees

feature_importances:
Column_3=188
Column_2=139
Column_0=79
Column_1=68
Column_5=43
Column_7=9
Column_8=6
Column_4=4
Column_6=3

parameters:
[boosting: gbdt]
[objective: regression]
[metric: l2]
[tree_learner: serial]
[device_type: cpu]
[data_sample_strategy: bagging]
[data: ]
[valid: ]
[num_iterations: 100]
[learning_rate: 0.05]
[num_leaves: 7]
[num_threads: 1]
[seed: 20250911]
[deterministic: 1]
[force_col_wise: 1]
[force_row_wise: 0]
[histogram_pool_size: -1]
[max_depth: 3]
[min_data_in_leaf: 144]
[min_sum_hessian_in_leaf: 0.001]
[bagging_fraction: 1]
[pos_bagging_fraction: 1]
[neg_bagging_fraction: 1]
[bagging_freq: 0]
[bagging_seed: 20250911]
[bagging_by_query: 0]
[feature_fraction: 1]
[feature_fraction_bynode: 1]
[feature_fraction_seed: 20250911]
[extra_trees: 0]
[extra_seed: 26685]
[early_stopping_round: 0]
[early_stopping_min_delta: 0]
[first_metric_only: 0]
[max_delta_step: 0]
[lambda_l1: 0]
[lambda_l2: 1]
[linear_lambda: 0]
[min_gain_to_split: 0]
[drop_rate: 0.1]
[max_drop: 50]
[skip_drop: 0.5]
[xgboost_dart_mode: 0]
[uniform_drop: 0]
[drop_seed: 2504]
[top_rate: 0.2]
[other_rate: 0.1]
[min_data_per_group: 100]
[max_cat_threshold: 32]
[cat_l2: 10]
[cat_smooth: 10]
[max_cat_to_onehot: 4]
[top_k: 20]
[monotone_constraints: ]
[monotone_constraints_method: basic]
[monotone_penalty: 0]
[feature_contri: ]
[forcedsplits_filename: ]
[refit_decay_rate: 0.9]
[cegb_tradeoff: 1]
[cegb_penalty_split: 0]
[cegb_penalty_feature_lazy: ]
[cegb_penalty_feature_coupled: ]
[path_smooth: 0]
[interaction_constraints: ]
[verbosity: -1]
[saved_feature_importance_type: 0]
[use_quantized_grad: 0]
[num_grad_quant_bins: 4]
[quant_train_renew_leaf: 0]
[stochastic_rounding: 1]
[linear_tree: 0]
[max_bin: 63]
[max_bin_by_feature: ]
[min_data_in_bin: 3]
[bin_construct_sample_cnt: 200000]
[data_random_seed: 20250911]
[is_enable_sparse: 1]
[enable_bundle: 1]
[use_missing: 1]
[zero_as_missing: 0]
[feature_pre_filter: 0]
[pre_partition: 0]
[two_round: 0]
[header: 0]
[label_column: ]
[weight_column: ]
[group_column: ]
[ignore_column: ]
[categorical_feature: ]
[forcedbins_filename: ]
[precise_float_parser: 0]
[parser_config_file: ]
[objective_seed: 19683]
[num_class: 1]
[is_unbalance: 0]
[scale_pos_weight: 1]
[sigmoid: 1]
[boost_from_average: 1]
[reg_sqrt: 0]
[alpha: 0.9]
[fair_c: 1]
[poisson_max_delta_step: 0.7]
[tweedie_variance_power: 1.5]
[lambdarank_truncation_level: 30]
[lambdarank_norm: 1]
[label_gain: ]
[lambdarank_position_bias_regularization: 0]
[eval_at: ]
[multi_error_top_k: 1]
[auc_mu_weights: ]
[num_machines: 1]
[local_listen_port: 12400]
[time_out: 120]
[machine_list_filename: ]
[machines: ]
[gpu_platform_id: -1]
[gpu_device_id: -1]
[gpu_device_id_list: ]
[gpu_use_dp: 0]
[num_gpu: 1]

end of parameters

pandas_categorical:null
