tree
version=v4
num_class=1
num_tree_per_iteration=1
label_index=0
max_feature_idx=11
objective=regression
feature_names=Column_0 Column_1 Column_2 Column_3 Column_4 Column_5 Column_6 Column_7 Column_8 Column_9 Column_10 Column_11
feature_infos=[0:9127.0874999999996] [-2425.1002999999992:2106.8508000000002] [-1327.1946428571428:1562.2392857142868] [-207.71012986111145:224.49099722222263] [-1:1] [-1:1] [-1:1] [-1:1] [12.833333333333332:14.5] [11.916666666666666:11.916666666666666] [-0.42207792207792205:1.4350649350649352] [1:1]
tree_sizes=743 760 757 754 758 756 762 759 763 763 756 760 763 758 760 754 761 757 760 755 758 677 765 680 766 760 677 766 763 754 682 597 764 676 763 676 762 508 595 592 676 510 678 679 594 595 595 592 759 598 507 594 760 596 593 763 510 595 679 762 592 513 593 594 765 762 509 509 680 507 600 675 764 510 511 511 510 515 761 594 511 603 590 501 593 757 677 502 672 504 506 590 759 500 591 591 763 502 769 769

Tree=0
num_leaves=7
num_cat=0
split_feature=2 2 2 2 2 3
split_gain=1.82611e+08 1.18906e+08 2.60524e+07 2.26849e+07 1.03567e+07 5.3751e+06
threshold=95.864357142857003 -347.95085000000057 -694.76902857142829 571.1463928571435 -223.90982142857135 -99.6026718749997
decision_type=2 2 2 2 2 2
left_child=1 2 -1 5 -3 -2
right_child=3 4 -4 -5 -6 -7
leaf_value=-27.883103565770512 23.601133340562612 4.623613056212001 -4.413171705234733 48.925058611995546 12.526886906510056 33.332594989528317
leaf_weight=148 229 444 592 207 6052 392
leaf_count=148 229 444 592 207 6052 392
internal_value=12.3672 9.82093 -9.15514 34.5955 11.9856 29.7679
internal_weight=8064 7236 740 828 6496 621
internal_count=8064 7236 740 828 6496 621
is_linear=0
shrinkage=1


Tree=1
num_leaves=7
num_cat=0
split_feature=2 2 2 2 2 3
split_gain=1.65374e+08 1.06109e+08 2.35379e+07 2.27019e+07 9.07575e+06 5.25974e+06
threshold=71.969242857142049 -347.95085000000057 -694.76902857142829 571.1463928571435 -223.90982142857135 45.886373958333259
decision_type=2 2 2 2 2 2
left_child=1 2 -1 5 -3 -2
right_child=3 4 -4 -5 -6 -7
leaf_value=-38.251280520206329 12.942017130498535 -7.3572627077410733 -15.942752839089648 34.738769115851476 0.044057439098584117 22.565817257038599
leaf_weight=148 485 444 592 207 5983 205
leaf_count=148 485 444 592 207 5983 205
internal_value=2.56957e-05 -2.53402 -20.4501 20.2272 -0.468317 15.8298
internal_weight=8064 7167 740 897 6427 690
internal_count=8064 7167 740 897 6427 690
is_linear=0
shrinkage=0.05


Tree=2
num_leaves=7
num_cat=0
split_feature=2 2 2 2 2 3
split_gain=1.4931e+08 9.57996e+07 2.12661e+07 2.05017e+07 8.19279e+06 4.89966e+06
threshold=71.969242857142049 -347.95085000000057 -694.76902857142829 571.1463928571435 -223.90982142857135 -99.6026718749997
decision_type=2 2 2 2 2 2
left_child=1 2 -1 5 -3 -2
right_child=3 4 -4 -5 -6 -7
leaf_value=-36.351551872611843 9.4087209831982381 -6.990226371551163 -15.146959585539406 33.010181288535783 0.041854957005763582 18.232357544011691
leaf_weight=148 251 444 592 207 5983 439
leaf_count=148 251 444 592 207 5983 439
internal_value=7.85839e-05 -2.40775 -19.4312 19.2198 -0.444958 15.0409
internal_weight=8064 7167 740 897 6427 690
internal_count=8064 7167 740 897 6427 690
is_linear=0
shrinkage=0.05


Tree=3
num_leaves=7
num_cat=0
split_feature=2 2 2 2 2 3
split_gain=1.35171e+08 8.7438e+07 1.92136e+07 1.65585e+07 7.60153e+06 4.32269e+06
threshold=95.864357142857003 -347.95085000000057 -694.76902857142829 571.1463928571435 -223.90982142857135 45.886373958333259
decision_type=2 2 2 2 2 2
left_child=1 2 -1 5 -3 -2
right_child=3 4 -4 -5 -6 -7
leaf_value=-34.546172397728739 12.272082934412017 -6.6415001718080449 -14.3908883909954 31.367607847773112 0.12940023427605432 21.525529566931201
leaf_weight=148 440 444 592 207 6052 181
leaf_count=148 440 444 592 207 6052 181
internal_value=8.83975e-05 -2.1906 -18.4631 19.1244 -0.33434 14.9994
internal_weight=8064 7236 740 828 6496 621
internal_count=8064 7236 740 828 6496 621
is_linear=0
shrinkage=0.05


Tree=4
num_leaves=7
num_cat=0
split_feature=2 2 2 2 2 3
split_gain=1.2229e+08 7.8157e+07 1.88489e+07 1.29234e+07 1.16907e+07 4.71468e+06
threshold=54.459214285713877 -426.08967857142846 455.0571428571439 -223.90982142857135 -694.76902857142829 -99.6026718749997
decision_type=2 2 2 2 2 2
left_child=1 4 5 -3 -1 -2
right_child=2 3 -4 -5 -6 -7
leaf_value=-32.830457133094733 6.6586680545546715 -7.3962106597566537 27.716176913791617 -0.054421915407387014 -16.125553406489828 15.319658631542783
leaf_weight=148 247 666 276 5914 370 443
leaf_count=148 247 666 276 5914 370 443
internal_value=0.000144147 -2.27208 16.6811 -0.798538 -20.9524 12.2334
internal_weight=8064 7098 966 6580 518 690
internal_count=8064 7098 966 6580 518 690
is_linear=0
shrinkage=0.05


Tree=5
num_leaves=7
num_cat=0
split_feature=2 2 3 3 2 2
split_gain=1.10704e+08 7.18729e+07 1.4e+07 1.90375e+07 1.22449e+07 1.05628e+07
threshold=95.864357142857003 -426.08967857142846 -158.70820243055559 -99.6026718749997 -223.90982142857135 -694.76902857142829
decision_type=2 2 2 2 2 2
left_child=1 5 -2 -4 -3 -1
right_child=2 4 3 -5 -6 -7
leaf_value=-31.199951429025038 30.735666234432898 -7.0269544923189349 0.8615564918395171 19.466199560442433 0.11120287411234314 -15.321449454518342
leaf_weight=148 157 666 193 478 6052 370
leaf_count=148 157 666 193 478 6052 370
internal_value=9.53074e-05 -1.98244 17.3072 14.1242 -0.597391 -19.9095
internal_weight=8064 7236 828 671 6718 518
internal_count=8064 7236 828 671 6718 518
is_linear=0
shrinkage=0.05


Tree=6
num_leaves=7
num_cat=0
split_feature=2 2 2 1 8 5
split_gain=1.00889e+08 6.71824e+07 1.44875e+07 9.46212e+06 8.81806e+06 7.28396e+06
threshold=177.43880000000038 -347.95085000000057 -602.73487857142925 -155.04664999999974 13.666666666666668 -0.87651811848132988
decision_type=2 2 2 2 2 2
left_child=1 2 -1 -3 -2 -6
right_child=4 3 -4 -5 5 -7
leaf_value=-26.576827728721597 13.247588780522348 6.0783793777743016 -11.285627116977825 -0.6139264430369199 32.506880015637499 17.042063858350119
leaf_weight=222 307 577 518 6126 165 149
leaf_count=222 307 577 518 6126 165 149
internal_value=7.58726e-05 -1.61635 -15.9027 -0.0370263 19.3452 25.2459
internal_weight=8064 7443 740 6703 621 314
internal_count=8064 7443 740 6703 621 314
is_linear=0
shrinkage=0.05


Tree=7
num_leaves=7
num_cat=0
split_feature=2 2 2 2 2 3
split_gain=9.15403e+07 5.77873e+07 1.55012e+07 9.9698e+06 8.79616e+06 4.13181e+06
threshold=54.459214285713877 -426.08967857142846 571.1463928571435 -223.90982142857135 -694.76902857142829 -99.6026718749997
decision_type=2 2 2 2 2 2
left_child=1 4 5 -3 -1 -2
right_child=2 3 -4 -5 -6 -7
leaf_value=-28.330499771952432 6.1289620410391699 -6.4934736579880017 26.544516986608507 -0.045011403420947921 -13.842181839068946 13.855979371083075
leaf_weight=148 272 666 207 5914 370 487
leaf_count=148 272 666 207 5914 370 487
internal_value=0.000260483 -1.96564 14.4325 -0.698585 -18.0283 11.0986
internal_weight=8064 7098 966 6580 518 759
internal_count=8064 7098 966 6580 518 759
is_linear=0
shrinkage=0.05


Tree=8
num_leaves=7
num_cat=0
split_feature=2 2 2 1 8 5
split_gain=8.32763e+07 5.49123e+07 1.1964e+07 8.12151e+06 7.94747e+06 6.40252e+06
threshold=177.43880000000038 -347.95085000000057 -602.73487857142925 -13.545199999999907 13.666666666666668 -0.87651811848132988
decision_type=2 2 2 2 2 2
left_child=1 2 -1 -3 -2 -6
right_child=4 3 -4 -5 5 -7
leaf_value=-24.084161513910168 11.792340227574499 4.0701096240946546 -10.188826427569969 -0.77716190363888149 29.979246213924455 15.490407505551975
leaf_weight=222 307 1018 518 5685 165 149
leaf_count=222 307 1018 518 5685 165 149
internal_value=0.000233971 -1.46833 -14.3843 -0.0404983 17.5758 23.175
internal_weight=8064 7443 740 6703 621 314
internal_count=8064 7443 740 6703 621 314
is_linear=0
shrinkage=0.05


Tree=9
num_leaves=7
num_cat=0
split_feature=2 2 3 3 2 2
split_gain=7.55197e+07 4.6922e+07 1.5617e+07 1.71108e+07 8.36281e+06 7.32748e+06
threshold=33.289028571428624 -426.08967857142846 -170.59489375000007 -102.68897152777775 -223.90982142857135 -694.76902857142829
decision_type=2 2 2 2 2 2
left_child=1 5 -2 -4 -3 -1
right_child=2 4 3 -5 -6 -7
leaf_value=-25.727356374703803 26.985705915875737 -6.0076538208168353 -2.5490382517924153 13.859478580363664 -0.098170456678271401 -12.50529077454317
leaf_weight=148 159 666 208 668 5845 370
leaf_count=148 159 666 208 668 5845 370
internal_value=0.00038519 -1.85688 12.6032 9.96493 -0.703472 -16.3253
internal_weight=8064 7029 1035 876 6511 518
internal_count=8064 7029 1035 876 6511 518
is_linear=0
shrinkage=0.05


Tree=10
num_leaves=7
num_cat=0
split_feature=2 2 2 2 1 8
split_gain=6.97125e+07 4.50424e+07 1.25059e+07 7.14945e+06 6.7111e+06 1.92702e+06
threshold=177.43880000000038 -288.96117857142809 -602.73487857142925 571.1463928571435 -180.73125000000013 13.666666666666668
decision_type=2 2 2 2 2 2
left_child=1 2 -1 5 -3 -2
right_child=3 4 -4 -5 -6 -7
leaf_value=-21.824133453027017 8.800568593311084 5.7510833242324875 -8.2906740583338632 23.675430317452324 -0.30667118569341434 15.712058134427886
leaf_weight=222 210 494 740 207 5987 204
leaf_count=222 210 494 740 207 5987 204
internal_value=0.000328499 -1.34333 -11.4332 16.081 0.155884 12.2359
internal_weight=8064 7443 962 621 6481 414
internal_count=8064 7443 962 621 6481 414
is_linear=0
shrinkage=0.05


Tree=11
num_leaves=7
num_cat=0
split_feature=2 2 2 8 2 5
split_gain=6.29462e+07 4.08711e+07 7.90674e+06 6.54402e+06 6.06878e+06 5.59771e+06
threshold=177.43880000000038 -426.08967857142846 -223.90982142857135 13.666666666666668 -694.76902857142829 -0.87651811848132988
decision_type=2 2 2 2 2 2
left_child=1 4 -3 -2 -1 -5
right_child=3 2 -4 5 -6 -7
leaf_value=-23.36573904128683 10.037135061660372 -5.4371207644646313 0.28941520716535291 26.713670498635395 -11.333325806011088 13.191766161759695
leaf_weight=148 307 666 6259 165 370 149
leaf_count=148 307 666 6259 165 370 149
internal_value=0.00045784 -1.27633 -0.26203 15.2808 -14.8096 20.3595
internal_weight=8064 7443 6925 621 518 314
internal_count=8064 7443 6925 621 518 314
is_linear=0
shrinkage=0.05


Tree=12
num_leaves=7
num_cat=0
split_feature=2 2 3 3 2 2
split_gain=5.72634e+07 3.49353e+07 1.3361e+07 1.59432e+07 8.81245e+06 3.12111e+06
threshold=33.289028571428624 -501.82772142857169 -170.59489375000007 -102.68897152777775 -223.90982142857135 -694.76902857142829
decision_type=2 2 2 2 2 2
left_child=1 5 -2 -4 -3 -1
right_child=2 4 3 -5 -6 -7
leaf_value=-22.205292566350643 24.275512065514924 -5.6554173254710776 -3.539528172267111 12.295340961698995 -0.10550833639784057 -12.696571906104751
leaf_weight=148 159 814 208 668 5845 222
leaf_count=148 159 814 208 668 5845 222
internal_value=0.00049754 -1.61677 10.9748 8.53571 -0.78468 -16.5497
internal_weight=8064 7029 1035 876 6659 370
internal_count=8064 7029 1035 876 6659 370
is_linear=0
shrinkage=0.05


Tree=13
num_leaves=7
num_cat=0
split_feature=2 2 1 2 2 8
split_gain=5.26992e+07 3.34102e+07 7.1528e+06 6.38398e+06 4.91288e+06 1.4695e+06
threshold=177.43880000000038 -426.08967857142846 -13.545199999999907 571.1463928571435 -694.76902857142829 13.666666666666668
decision_type=2 2 2 2 2 2
left_child=1 4 -3 5 -1 -2
right_child=3 2 -4 -5 -6 -7
leaf_value=-21.102479572344148 7.3578904926070665 3.5462006217201627 -0.9306194921588804 21.152284946178014 -10.27551275763229 13.387860156413986
leaf_weight=148 210 1051 5874 207 370 204
leaf_count=148 210 1051 5874 207 370 204
internal_value=0.000425337 -1.16782 -0.250763 13.9818 -13.4036 10.3543
internal_weight=8064 7443 6925 621 518 414
internal_count=8064 7443 6925 621 518 414
is_linear=0
shrinkage=0.05


Tree=14
num_leaves=7
num_cat=0
split_feature=2 2 2 2 1 5
split_gain=4.75846e+07 3.10488e+07 8.30723e+06 5.76445e+06 5.20784e+06 1.39046e+06
threshold=177.43880000000038 -288.96117857142809 -602.73487857142925 571.1463928571435 -180.73125000000013 -0.80625269229011354
decision_type=2 2 2 2 2 2
left_child=1 2 -1 5 -3 -2
right_child=3 4 -4 -5 -6 -7
leaf_value=-17.956143304371516 12.325008049408595 5.0639734723652259 -6.9251884617625299 20.099755598604681 -0.27236605348762588 6.3932402538897648
leaf_weight=222 239 494 740 207 5987 175
leaf_count=222 239 494 740 207 5987 175
internal_value=0.000485519 -1.10962 -9.4868 13.2861 0.135103 9.83907
internal_weight=8064 7443 962 621 6481 414
internal_count=8064 7443 962 621 6481 414
is_linear=0
shrinkage=0.05


Tree=15
num_leaves=7
num_cat=0
split_feature=1 2 2 8 2 3
split_gain=4.35954e+07 2.94616e+07 8.05423e+06 7.43667e+06 5.05739e+06 1.03113e+06
threshold=-299.3171999999999 -288.96117857142809 362.07481428571469 13.166666666666668 2.1888857142857145 -52.609559027778225
decision_type=2 2 2 2 2 2
left_child=2 3 5 -2 -3 -1
right_child=1 4 -4 -5 -6 -7
leaf_value=5.5132956722310489 -2.4997612364025326 -0.38707269561859664 18.522343518659198 -12.271435065473524 4.478923169604573 10.368652268648148
leaf_weight=261 276 5811 270 665 587 194
leaf_count=261 276 5811 270 665 587 194
internal_value=0.000577366 -1.15549 11.6886 -9.41105 0.06 7.60169
internal_weight=8064 7339 725 941 6398 455
internal_count=8064 7339 725 941 6398 455
is_linear=0
shrinkage=0.05


Tree=16
num_leaves=7
num_cat=0
split_feature=1 2 3 2 2 3
split_gain=3.93606e+07 2.65939e+07 7.81782e+06 6.82682e+06 4.56505e+06 4.14288e+06
threshold=-299.3171999999999 -288.96117857142809 -170.59489375000007 -602.73487857142925 2.1888857142857145 -52.609559027778225
decision_type=2 2 2 2 2 2
left_child=2 3 -1 -2 -3 -4
right_child=1 4 5 -5 -6 -7
leaf_value=21.207573245544182 -16.593954015606723 -0.36772238238313354 4.5429290843691348 -6.5586609789066843 4.2553577989137095 13.093203537166119
leaf_weight=151 222 5811 315 719 587 259
leaf_count=151 222 5811 315 719 587 259
internal_value=0.000695585 -1.09778 11.1065 -8.94128 0.057032 8.41704
internal_weight=8064 7339 725 941 6398 574
internal_count=8064 7339 725 941 6398 574
is_linear=0
shrinkage=0.05


Tree=17
num_leaves=7
num_cat=0
split_feature=2 2 2 8 5 3
split_gain=3.63684e+07 2.34688e+07 6.4224e+06 5.11528e+06 4.47645e+06 3.72974e+06
threshold=177.43880000000038 -501.82772142857169 -206.76022142857116 13.666666666666668 -0.87651811848132988 -52.609559027778225
decision_type=2 2 2 2 2 2
left_child=1 -1 -3 5 -5 -2
right_child=3 2 -4 4 -6 -7
leaf_value=-13.227935955081026 1.2239889836668767 -4.3004879242590759 0.24444390620898987 21.771445147818831 9.7172602143287676 12.24892625321883
leaf_weight=370 147 888 6185 165 149 160
leaf_count=370 147 888 6185 165 149 160
internal_value=0.000782198 -0.969716 -0.32669 11.6156 16.1005 6.991
internal_weight=8064 7443 7073 621 314 307
internal_count=8064 7443 7073 621 314 307
is_linear=0
shrinkage=0.05


Tree=18
num_leaves=7
num_cat=0
split_feature=1 2 3 8 2 3
split_gain=3.33121e+07 2.17675e+07 6.81693e+06 6.70428e+06 3.76066e+06 3.73228e+06
threshold=-299.3171999999999 -288.96117857142809 -170.59489375000007 13.166666666666668 2.1888857142857145 -52.609559027778225
decision_type=2 2 2 2 2 2
left_child=2 3 -1 -2 -3 -4
right_child=1 4 5 -5 -6 -7
leaf_value=19.649511142780909 -1.5472819627595509 -0.35037705029040428 4.0310977443109586 -10.821418162234137 3.8456706527240421 12.144703090993259
leaf_weight=151 276 5811 315 665 587 259
leaf_count=151 276 5811 315 665 587 259
internal_value=0.000914657 -1.00965 10.2179 -8.1058 0.0351403 7.70687
internal_weight=8064 7339 725 941 6398 574
internal_count=8064 7339 725 941 6398 574
is_linear=0
shrinkage=0.05


Tree=19
num_leaves=7
num_cat=0
split_feature=2 2 2 2 3 3
split_gain=3.04561e+07 1.98583e+07 5.102e+06 4.63651e+06 2.31346e+06 1.45881e+06
threshold=177.43880000000038 -501.82772142857169 -206.76022142857116 571.1463928571435 120.01212638888911 -99.6026718749997
decision_type=2 2 2 2 2 2
left_child=1 4 -3 5 -1 -2
right_child=3 2 -4 -5 -6 -7
leaf_value=-7.9392245908914987 3.6541758710915042 -3.8374101959713673 0.21346837910746741 16.735154396582111 -15.934594681904867 9.8255825989091079
leaf_weight=176 154 888 6185 207 194 260
leaf_count=176 154 888 6185 207 194 260
internal_value=0.00103601 -0.887081 -0.295581 10.6299 -12.163 7.54428
internal_weight=8064 7443 7073 621 370 414
internal_count=8064 7443 7073 621 370 414
is_linear=0
shrinkage=0.05


Tree=20
num_leaves=7
num_cat=0
split_feature=1 2 3 0 3 2
split_gain=2.81882e+07 1.79693e+07 6.10719e+06 5.45872e+06 3.4191e+06 3.3108e+06
threshold=-299.3171999999999 -347.95085000000057 -170.59489375000007 7534.0640000000012 -52.609559027778225 2.1888857142857145
decision_type=2 2 2 2 2 2
left_child=2 3 -1 -2 -4 -3
right_child=1 5 4 -5 -6 -7
leaf_value=18.325431544372911 -5.1046255206450439 -0.45540560357335713 3.5069585704728024 -14.119414837088323 11.270402431618422 3.4753446983439584
leaf_weight=151 467 6022 315 263 259 587
leaf_count=151 467 6022 315 263 259 587
internal_value=0.00100107 -0.928596 9.39941 -8.36729 7.02348 -0.10581
internal_weight=8064 7339 725 730 574 6609
internal_count=8064 7339 725 730 574 6609
is_linear=0
shrinkage=0.05


Tree=21
num_leaves=6
num_cat=0
split_feature=2 2 1 3 3
split_gain=2.57885e+07 1.67526e+07 5.394e+06 4.14096e+06 2.09496e+06
threshold=252.95548571428574 -501.82772142857169 -2.7394500000000015 -97.700245486110802 120.01212638888911
decision_type=2 2 2 2 2
left_child=1 4 -3 -2 -1
right_child=3 2 -4 -5 -6
leaf_value=-7.0610597820605268 7.0719633387231129 2.8252042307979943 -0.80218242702977938 16.442140982960755 -14.661502890051942
leaf_weight=176 272 1236 5975 211 194
leaf_count=176 272 1236 5975 211 194
internal_value=0.00105576 -0.71325 -0.180125 11.1909 -11.0749
internal_weight=8064 7581 7211 483 370
internal_count=8064 7581 7211 483 370
is_linear=0
shrinkage=0.05


Tree=22
num_leaves=7
num_cat=0
split_feature=1 2 8 3 3 3
split_gain=2.37771e+07 1.59437e+07 6.86427e+06 6.83677e+06 3.4962e+06 2.31707e+06
threshold=-338.88039999999995 -223.90982142857135 13.166666666666668 -170.59489375000007 -102.68897152777775 -52.609559027778225
decision_type=2 2 2 2 2 2
left_child=3 2 -2 -1 -3 -5
right_child=1 4 -4 5 -6 -7
leaf_value=18.729653542123994 -0.29252854169102155 -2.1115251513891327 -8.7020343582724369 3.3862983657763559 0.79932910239915267 10.192442358308369
leaf_weight=144 346 1302 812 285 4951 224
leaf_count=144 346 1302 812 285 4951 224
internal_value=0.00102663 -0.805356 -6.19177 9.14003 0.19299 6.39565
internal_weight=8064 7411 1158 653 6253 509
internal_count=8064 7411 1158 653 6253 509
is_linear=0
shrinkage=0.05


Tree=23
num_leaves=6
num_cat=0
split_feature=2 2 1 3 2
split_gain=2.18387e+07 1.42472e+07 4.58048e+06 3.87174e+06 1.99869e+06
threshold=252.95548571428574 -501.82772142857169 -2.7394500000000015 -97.700245486110802 -694.76902857142829
decision_type=2 2 2 2 2
left_child=1 4 -3 -2 -1
right_child=3 2 -4 -5 -6
leaf_value=-14.714341176436253 6.3189484828557729 2.6048658499829984 -0.73780569383639838 15.374314059007844 -7.1574749318607189
leaf_weight=148 272 1236 5975 211 222
leaf_count=148 272 1236 5975 211 222
internal_value=0.00111172 -0.65622 -0.164574 10.2984 -10.2117
internal_weight=8064 7581 7211 483 370
internal_count=8064 7581 7211 483 370
is_linear=0
shrinkage=0.05


Tree=24
num_leaves=7
num_cat=0
split_feature=1 2 3 8 3 5
split_gain=1.99773e+07 1.3596e+07 6.25402e+06 6.19545e+06 3.14958e+06 2.05603e+06
threshold=-338.88039999999995 -223.90982142857135 -170.59489375000007 13.166666666666668 -102.68897152777775 -0.80625269229011354
decision_type=2 2 2 2 2 2
left_child=2 3 -1 -2 -3 -4
right_child=1 4 5 -5 -6 -7
leaf_value=17.548615696841274 -0.10816304529091124 -2.0034583223641995 8.1297660235600375 -8.0969710512977979 0.75933553098867435 1.5014445477205776
leaf_weight=144 346 1302 326 812 4951 183
leaf_count=144 346 1302 326 812 4951 183
internal_value=0.00106657 -0.73808 8.37806 -5.71214 0.183838 5.75431
internal_weight=8064 7411 653 1158 6253 509
internal_count=8064 7411 653 1158 6253 509
is_linear=0
shrinkage=0.05


Tree=25
num_leaves=7
num_cat=0
split_feature=2 2 3 3 0 3
split_gain=1.8577e+07 1.1396e+07 7.28244e+06 1.42643e+07 3.08835e+06 1.82919e+06
threshold=54.459214285713877 -501.82772142857169 -170.59489375000007 -102.68897152777775 7694.5500000000002 120.01212638888911
decision_type=2 2 2 2 2 2
left_child=1 5 -2 -4 -3 -1
right_child=2 4 3 -5 -6 -7
leaf_value=-5.6747720708954814 16.401709199391117 -0.24465916989708192 -6.8968852305059958 8.4089149615168566 -7.1912699342500872 -12.76278778170928
leaf_weight=176 155 6565 202 609 163 194
leaf_count=176 155 6565 202 609 163 194
internal_value=0.00112318 -0.884488 6.50262 4.59282 -0.413999 -9.41557
internal_weight=8064 7098 966 811 6728 370
internal_count=8064 7098 966 811 6728 370
is_linear=0
shrinkage=0.05


Tree=26
num_leaves=6
num_cat=0
split_feature=2 2 0 3 2
split_gain=1.71972e+07 1.09182e+07 3.80863e+06 3.58204e+06 1.7754e+06
threshold=252.95548571428574 -501.82772142857169 7694.5500000000002 -97.700245486110802 -694.76902857142829
decision_type=2 2 2 2 2
left_child=1 4 -3 -2 -1
right_child=3 2 -4 -5 -6
leaf_value=-13.186834470377674 5.3157370006317626 0.030876409030190451 -7.3749047995283368 14.018726613147642 -6.074452454332814
leaf_weight=148 272 7034 177 211 222
leaf_count=148 272 7034 177 211 222
internal_value=0.00101767 -0.582295 -0.151902 9.13877 -8.94728
internal_weight=8064 7581 7211 483 370
internal_count=8064 7581 7211 483 370
is_linear=0
shrinkage=0.05


Tree=27
num_leaves=7
num_cat=0
split_feature=1 2 8 0 5 3
split_gain=1.62061e+07 1.03661e+07 5.4006e+06 4.94667e+06 8.40678e+06 2.37132e+06
threshold=-299.3171999999999 -223.90982142857135 13.166666666666668 6824.9645500000015 -0.85470842479866194 -102.68897152777775
decision_type=2 2 2 2 2 2
left_child=3 2 -2 4 -1 -3
right_child=1 5 -4 -5 -6 -7
leaf_value=17.105842122857432 0.17857474387121475 -1.8081092221802102 -7.2835024304007305 0.094323287673175021 4.3804248110616797 0.60847337224789455
leaf_weight=218 346 1279 809 186 321 4905
leaf_count=218 346 1279 809 186 321 4905
internal_value=0.000921723 -0.703935 -5.04989 7.12716 9.5494 0.108454
internal_weight=8064 7339 1155 725 539 6184
internal_count=8064 7339 1155 725 539 6184
is_linear=0
shrinkage=0.05


Tree=28
num_leaves=7
num_cat=0
split_feature=1 2 8 0 5 1
split_gain=1.47109e+07 9.72029e+06 5.16493e+06 3.99413e+06 8.4832e+06 2.42745e+06
threshold=-381.01594999999992 -175.91199999999955 13.166666666666668 6824.9645500000015 -0.83127174505093859 -13.545199999999907
decision_type=2 2 2 2 2 2
left_child=3 2 -2 4 -1 -3
right_child=1 5 -4 -5 -6 -7
leaf_value=17.227382489828997 0.30791793479754109 2.7548871530168975 -6.3901700482468264 0.86696337109091903 3.0647516774154218 -0.13779537058758781
leaf_weight=212 410 840 964 158 211 5269
leaf_count=212 410 840 964 158 211 5269
internal_value=0.000957926 -0.594506 -4.3927 7.65809 10.1867 0.26034
internal_weight=8064 7483 1374 581 423 6109
internal_count=8064 7483 1374 581 423 6109
is_linear=0
shrinkage=0.05


Tree=29
num_leaves=7
num_cat=0
split_feature=1 0 3 2 2 3
split_gain=1.32828e+07 9.1047e+06 6.34877e+06 4.30734e+06 3.73488e+06 961122
threshold=-381.01594999999992 7694.5500000000002 90.683223611111103 -148.26791428571434 571.1463928571435 -98.805187152777521
decision_type=2 2 2 2 2 2
left_child=4 3 -3 -2 5 -1
right_child=1 2 -4 -5 -6 -7
leaf_value=6.9298720352996739 -2.8910002807971673 -16.529422571887711 -2.2395296479619686 0.35755908980404721 13.706666838427996 2.1064602413930391
leaf_weight=230 1231 145 167 5940 162 189
leaf_count=230 1231 145 167 5940 162 189
internal_value=0.00101973 -0.564804 -8.91226 -0.200426 7.277 4.76435
internal_weight=8064 7483 312 7171 581 419
internal_count=8064 7483 312 7171 581 419
is_linear=0
shrinkage=0.05


Tree=30
num_leaves=6
num_cat=0
split_feature=2 2 3 3 2
split_gain=1.23064e+07 7.94031e+06 6.11378e+06 1.30235e+07 2.3769e+06
threshold=33.289028571428624 -602.73487857142925 -170.59489375000007 -102.68897152777775 -148.26791428571434
decision_type=2 2 2 2 2
left_child=1 -1 -2 -4 -3
right_child=2 4 3 -5 -6
leaf_value=-10.032835512204022 14.079414407610892 -2.3379431450480999 -7.4585151464460004 6.8427116949807285 0.016441701443233776
leaf_weight=222 159 1332 208 668 5475
leaf_count=222 159 1332 208 668 5475
internal_value=0.00097768 -0.748758 5.08847 3.44235 -0.444542
internal_weight=8064 7029 1035 876 6807
internal_count=8064 7029 1035 876 6807
is_linear=0
shrinkage=0.05


Tree=31
num_leaves=5
num_cat=0
split_feature=2 2 1 3
split_gain=1.14764e+07 7.81455e+06 4.06017e+06 1.6848e+06
threshold=455.0571428571439 -501.82772142857169 -2.7394500000000015 120.01212638888911
decision_type=2 2 2 2
left_child=1 3 -3 -1
right_child=-2 2 -4 -5
leaf_value=-3.8615331638330797 10.001979319330992 2.4194754425592695 -0.5658269497415892 -10.643202676851399
leaf_weight=176 276 1404 6014 194
leaf_count=176 276 1404 6014 194
internal_value=0.000935682 -0.354731 -0.000550762 -7.43643
internal_weight=8064 7788 7418 370
internal_count=8064 7788 7418 370
is_linear=0
shrinkage=0.05


Tree=32
num_leaves=7
num_cat=0
split_feature=1 2 8 2 3 3
split_gain=1.05457e+07 7.1487e+06 6.93024e+06 8.24769e+06 5.40112e+06 2.59623e+06
threshold=-180.73125000000013 -347.95085000000057 14.166666666666668 362.07481428571469 90.683223611111103 72.113129166666354
decision_type=2 2 2 2 2 2
left_child=2 4 3 -1 -2 -3
right_child=1 5 -4 -5 -6 -7
leaf_value=3.8100716434503958 -10.966886083633803 -0.97630012732436744 -3.8508567390159558 15.279082002458981 -2.0213086543067189 1.089069864967293
leaf_weight=614 271 3796 189 210 446 2538
leaf_count=614 271 3796 189 210 446 2538
internal_value=0.000872462 -0.684683 4.76866 6.74798 -5.41298 -0.148676
internal_weight=8064 7051 1013 824 717 6334
internal_count=8064 7051 1013 824 717 6334
is_linear=0
shrinkage=0.05


Tree=33
num_leaves=6
num_cat=0
split_feature=1 2 0 5 2
split_gain=9.56133e+06 6.4917e+06 3.7901e+06 6.21073e+06 2.84532e+06
threshold=-299.3171999999999 -602.73487857142925 6824.9645500000015 -0.85470842479866194 -148.26791428571434
decision_type=2 2 2 2 2
left_child=2 -2 3 -1 -3
right_child=1 4 -4 -5 -6
leaf_value=14.088862361456163 -8.940927962016632 -2.4132601414186019 -0.67754012314393564 3.1544910468670153 0.1905278270581916
leaf_weight=218 222 1278 186 321 5839
leaf_count=218 222 1278 186 321 5839
internal_value=0.0008435 -0.540559 5.47453 7.59483 -0.277308
internal_weight=8064 7339 725 539 7117
internal_count=8064 7339 725 539 7117
is_linear=0
shrinkage=0.05


Tree=34
num_leaves=7
num_cat=0
split_feature=1 8 2 2 3 3
split_gain=8.78499e+06 6.07717e+06 7.76029e+06 5.90041e+06 4.32382e+06 1.90677e+06
threshold=-155.04664999999974 14.166666666666668 455.0571428571439 -288.96117857142809 90.683223611111103 72.113129166666354
decision_type=2 2 2 2 2 2
left_child=1 2 -1 4 -2 -5
right_child=3 -3 -4 5 -6 -7
leaf_value=3.646662465560043 -8.4198688599112117 -3.7953218138947777 15.478561328039612 -0.8089554167586086 -1.4455276907623495 1.0004922125091853
leaf_weight=719 385 195 171 3647 525 2422
leaf_count=719 385 195 171 3647 525 2422
internal_value=0.000834814 4.18419 5.9348 -0.650042 -4.40221 -0.0868001
internal_weight=8064 1085 890 6979 910 6069
internal_count=8064 1085 890 6979 910 6069
is_linear=0
shrinkage=0.05


Tree=35
num_leaves=6
num_cat=0
split_feature=0 1 3 2 2
split_gain=8.03598e+06 9.88082e+06 4.95338e+06 3.37234e+06 2.0519e+06
threshold=7534.0640000000012 -299.3171999999999 75.147612500000164 571.1463928571435 -148.26791428571434
decision_type=2 2 2 2 2
left_child=1 3 -2 -1 -3
right_child=2 4 -4 -5 -6
leaf_value=4.1199887861631792 -13.018091131448745 -2.0985423774646961 -1.9855195321268955 12.349207977753089 0.19571569707703085
leaf_weight=506 179 1170 235 165 5809
leaf_count=506 179 1170 235 165 5809
internal_value=0.000828134 0.368386 -6.77552 6.15893 -0.189153
internal_weight=8064 7650 414 671 6979
internal_count=8064 7650 414 671 6979
is_linear=0
shrinkage=0.05


Tree=36
num_leaves=7
num_cat=0
split_feature=1 8 8 2 3 0
split_gain=7.49848e+06 5.99871e+06 7.42051e+06 5.30876e+06 5.0789e+06 4.71115e+06
threshold=-2.7394500000000015 14.166666666666668 13.666666666666668 -288.96117857142809 90.683223611111103 5824.0992500000002
decision_type=2 2 2 2 2 2
left_child=1 2 -1 4 -2 -3
right_child=3 5 -4 -5 -6 -7
leaf_value=1.6010135953698588 -9.1284002467860343 2.8302673049630793 9.2505656924065001 -0.21034327362434363 -1.2735621021362022 -9.9222764832397985
leaf_weight=877 344 144 496 5548 511 144
leaf_count=877 344 144 496 5548 511 144
internal_value=0.000784011 2.99331 4.36916 -0.775852 -4.44084 -3.55827
internal_weight=8064 1661 1373 6403 855 288
internal_count=8064 1661 1373 6403 855 288
is_linear=0
shrinkage=0.05


Tree=37
num_leaves=4
num_cat=0
split_feature=2 0 1
split_gain=7.11811e+06 5.9892e+06 4.06022e+06
threshold=571.1463928571435 7840.8847500000002 -2.7394500000000015
decision_type=2 2 2
left_child=1 2 -1
right_child=-2 -3 -4
leaf_value=2.456452054024084 9.1302155203544171 -7.4623587978445673 -0.52715717556111652
leaf_weight=1397 207 276 6184
leaf_count=1397 207 276 6184
internal_value=0.000702329 -0.240955 0.0229033
internal_weight=8064 7857 7581
internal_count=8064 7857 7581
is_linear=0
shrinkage=0.05


Tree=38
num_leaves=5
num_cat=0
split_feature=2 2 3 1
split_gain=6.47185e+06 5.23497e+06 4.16165e+06 1.82628e+06
threshold=252.95548571428574 -694.76902857142829 -97.700245486110802 -2.7394500000000015
decision_type=2 2 2 2
left_child=1 -1 -2 -3
right_child=2 3 -4 -5
leaf_value=-9.636648074772534 1.5071271258832772 1.5737185674050871 10.858552606938021 -0.52303833724506088
leaf_weight=148 272 1247 211 6186
leaf_count=148 272 1247 211 6186
internal_value=0.000689507 -0.357148 5.60632 -0.171111
internal_weight=8064 7581 483 7433
internal_count=8064 7581 483 7433
is_linear=0
shrinkage=0.05


Tree=39
num_leaves=5
num_cat=0
split_feature=0 2 3 1
split_gain=6.2131e+06 7.54231e+06 4.55826e+06 3.09514e+06
threshold=7534.0640000000012 571.1463928571435 75.147612500000164 -13.545199999999907
decision_type=2 2 2 2
left_child=1 3 -2 -1
right_child=2 -3 -4 -5
leaf_value=2.2796147934743116 -11.945686505238216 9.8088985506226045 -1.3653963045548585 -0.40482518007414064
leaf_weight=1300 179 203 235 6147
leaf_count=1300 179 203 235 6147
internal_value=0.000678468 0.32387 -5.95773 0.0640324
internal_weight=8064 7650 414 7447
internal_count=8064 7650 414 7447
is_linear=0
shrinkage=0.05


Tree=40
num_leaves=6
num_cat=0
split_feature=0 1 3 5 5
split_gain=5.61048e+06 6.84857e+06 4.11631e+06 2.92966e+06 1.6588e+06
threshold=7534.0640000000012 -299.3171999999999 75.147612500000164 -0.80625269229011354 -0.97111091670450067
decision_type=2 2 2 2 2
left_child=1 3 -2 -1 -3
right_child=2 4 -4 -5 -6
leaf_value=7.7844051767031068 -11.351720413764319 4.2526776448828008 -1.297415819713625 1.0203024888038636 -0.29112857598442926
leaf_weight=407 179 206 235 264 6773
leaf_count=407 179 206 235 264 6773
internal_value=0.000634465 0.307753 -5.66145 5.1286 -0.156418
internal_weight=8064 7650 414 671 6979
internal_count=8064 7650 414 671 6979
is_linear=0
shrinkage=0.05


Tree=41
num_leaves=4
num_cat=0
split_feature=2 2 3
split_gain=5.07209e+06 4.60946e+06 2.15839e+06
threshold=571.1463928571435 -694.76902857142829 72.113129166666354
decision_type=2 2 2
left_child=1 -1 -3
right_child=-2 2 -4
leaf_value=-8.9139228171150151 7.707129064574838 -0.70987761702452934 1.0019068708693253
leaf_weight=148 207 4670 3039
leaf_count=148 207 4670 3039
internal_value=0.000603457 -0.203387 -0.0350248
internal_weight=8064 7857 7709
internal_count=8064 7857 7709
is_linear=0
shrinkage=0.05


Tree=42
num_leaves=6
num_cat=0
split_feature=0 1 3 5 2
split_gain=4.89478e+06 5.99044e+06 3.73901e+06 2.57775e+06 1.62269e+06
threshold=7534.0640000000012 -299.3171999999999 75.147612500000164 -0.83127174505093859 -148.26791428571434
decision_type=2 2 2 2 2
left_child=1 3 -2 -1 -3
right_child=2 4 -4 -5 -6
leaf_value=7.5028566244940755 -10.711207271350755 -1.844676921993214 -1.1293437248569425 1.248009863577477 0.19556448743157667
leaf_weight=380 179 1170 235 291 5809
leaf_count=380 179 1170 235 291 5809
internal_value=0.000567616 0.287429 -5.28805 4.79614 -0.146689
internal_weight=8064 7650 414 671 6979
internal_count=8064 7650 414 671 6979
is_linear=0
shrinkage=0.05


Tree=43
num_leaves=6
num_cat=0
split_feature=1 8 8 2 3
split_gain=4.52105e+06 4.65106e+06 5.64993e+06 3.76737e+06 2.10354e+06
threshold=-155.04664999999974 14.166666666666668 13.666666666666668 -694.76902857142829 72.113129166666354
decision_type=2 2 2 2 2
left_child=1 2 -1 -2 -5
right_child=3 -3 -4 4 -6
leaf_value=1.3657194254838163 -8.3316687375907144 -3.9772608763101149 9.54257369424122 -1.0426882168319993 0.73426791280041737
leaf_weight=546 148 195 344 3956 2875
leaf_count=546 148 195 344 3956 2875
internal_value=0.000509847 3.00156 4.53337 -0.466416 -0.294813
internal_weight=8064 1085 890 6979 6831
internal_count=8064 1085 890 6979 6831
is_linear=0
shrinkage=0.05


Tree=44
num_leaves=5
num_cat=0
split_feature=0 2 3 1
split_gain=4.30754e+06 5.40183e+06 3.45783e+06 2.2197e+06
threshold=7534.0640000000012 571.1463928571435 75.147612500000164 -13.545199999999907
decision_type=2 2 2 2
left_child=1 3 -2 -1
right_child=2 -3 -4 -5
leaf_value=1.9259490172121732 -10.175943800939455 8.2966481240612335 -0.96208069910437377 -0.34737052283713793
leaf_weight=1300 179 203 235 6147
leaf_count=1300 179 203 235 6147
internal_value=0.000473774 0.269578 -4.96077 0.0496812
internal_weight=8064 7650 414 7447
internal_count=8064 7650 414 7447
is_linear=0
shrinkage=0.05


Tree=45
num_leaves=5
num_cat=0
split_feature=0 2 3 1
split_gain=3.88976e+06 4.87767e+06 3.12256e+06 2.00342e+06
threshold=7534.0640000000012 571.1463928571435 75.147612500000164 -13.545199999999907
decision_type=2 2 2 2
left_child=1 3 -2 -1
right_child=2 -3 -4 -5
leaf_value=1.8297255777555599 -9.6699733553992377 7.8838492814232328 -0.91418051941920142 -0.33000481922601194
leaf_weight=1300 179 203 235 6147
leaf_count=1300 179 203 235 6147
internal_value=0.000442256 0.256164 -4.71408 0.0472078
internal_weight=8064 7650 414 7447
internal_count=8064 7650 414 7447
is_linear=0
shrinkage=0.05


Tree=46
num_leaves=5
num_cat=0
split_feature=2 1 3 3
split_gain=3.66781e+06 3.23402e+06 2.34828e+06 2.14134e+06
threshold=-602.73487857142925 -381.01594999999992 -158.70820243055559 72.113129166666354
decision_type=2 2 2 2
left_child=-1 2 -2 -3
right_child=1 3 -4 -5
leaf_value=-6.3227297841299812 8.9707017317602915 -0.8162405032575244 1.8227925807123677 0.93234832973755477
leaf_weight=222 157 4317 424 2944
leaf_count=222 157 4317 424 2944
internal_value=0.000412686 0.180199 3.76642 -0.107238
internal_weight=8064 7842 581 7261
internal_count=8064 7842 581 7261
is_linear=0
shrinkage=0.05


Tree=47
num_leaves=5
num_cat=0
split_feature=0 2 3 1
split_gain=3.39704e+06 4.21827e+06 2.86969e+06 1.7279e+06
threshold=7534.0640000000012 571.1463928571435 64.284187152778046 -13.545199999999907
decision_type=2 2 2 2
left_child=1 3 -2 -1
right_child=2 -3 -4 -5
leaf_value=1.7004925821328696 -9.5495221057407012 7.3327893773422517 -1.0401499748229981 -0.30523733110006512
leaf_weight=1300 163 203 251 6147
leaf_count=1300 163 203 251 6147
internal_value=0.000420502 0.239398 -4.4054 0.0450781
internal_weight=8064 7650 414 7447
internal_count=8064 7650 414 7447
is_linear=0
shrinkage=0.05


Tree=48
num_leaves=7
num_cat=0
split_feature=1 3 3 10 2 3
split_gain=3.25692e+06 8.1962e+06 1.60339e+07 3.64348e+06 3.22349e+06 3.23351e+06
threshold=207.65239999999997 72.113129166666354 118.27848194444483 0.62196935891715022 142.49294285714248 -97.700245486110802
decision_type=2 2 2 2 2 2
left_child=4 3 -3 -2 -1 -6
right_child=1 2 -4 -5 5 -7
leaf_value=0.071827014778686207 -11.635041467873663 12.425983066364909 -3.8928040420643466 -1.8205347369981295 0.474364607461222 7.7025027021868482
leaf_weight=6287 263 208 537 148 332 289
leaf_count=6287 263 208 537 148 332 289
internal_value=0.000387939 -2.4548 0.673863 -8.11386 0.411541 3.84516
internal_weight=8064 1156 745 411 6908 621
internal_count=8064 1156 745 411 6908 621
is_linear=0
shrinkage=0.05


Tree=49
num_leaves=5
num_cat=0
split_feature=3 1 3 3
split_gain=3.10861e+06 2.68851e+06 2.60245e+06 2.35514e+06
threshold=220.64802604166678 -501.10644999999948 -112.52654131944449 72.113129166666354
decision_type=2 2 2 2
left_child=1 2 -1 -3
right_child=-2 3 -4 -5
leaf_value=7.7080764123371672 -7.2544831354042589 -0.81281600852222413 -0.039423580008660447 0.99696943035413266
leaf_weight=223 144 4491 210 2996
leaf_count=223 144 4491 210 2996
internal_value=0.000389158 0.133195 3.9592 -0.0885753
internal_weight=8064 7920 433 7487
internal_count=8064 7920 433 7487
is_linear=0
shrinkage=0.05


Tree=50
num_leaves=4
num_cat=0
split_feature=2 2 3
split_gain=3.07609e+06 2.44167e+06 1.45395e+06
threshold=-694.76902857142829 455.0571428571439 197.47211701388872
decision_type=2 2 2
left_child=-1 2 -2
right_child=1 -3 -4
leaf_value=-7.1171336281219588 0.18076068041540302 4.7457987628688887 -2.2594409016171202
leaf_weight=148 6972 276 668
leaf_count=148 6972 276 668
internal_value=0.000373417 0.134327 -0.032865
internal_weight=8064 7916 7640
internal_count=8064 7916 7640
is_linear=0
shrinkage=0.05


Tree=51
num_leaves=5
num_cat=0
split_feature=0 5 0 3
split_gain=2.90433e+06 3.66699e+06 5.21293e+06 1.86767e+06
threshold=7840.8847500000002 -0.97111091670450067 6976.0500000000002 -52.609559027778225
decision_type=2 2 2 2
left_child=1 3 -3 -1
right_child=-2 2 -4 -5
leaf_value=0.23323904948980634 -5.0307944460250837 0.19293275386870012 -6.6239541989687369 7.2776212950135175
leaf_weight=146 276 7087 291 264
leaf_count=146 276 7087 291 264
internal_value=0.000327149 0.179249 -0.0767973 4.7758
internal_weight=8064 7788 7378 410
internal_count=8064 7788 7378 410
is_linear=0
shrinkage=0.05


Tree=52
num_leaves=7
num_cat=0
split_feature=1 3 3 8 2 3
split_gain=2.76645e+06 7.85562e+06 1.39384e+07 3.47913e+06 2.88159e+06 2.89682e+06
threshold=165.88289999999964 72.113129166666354 118.27848194444483 13.666666666666668 142.49294285714248 -97.700245486110802
decision_type=2 2 2 2 2 2
left_child=4 3 -3 -2 -1 -6
right_child=1 2 -4 -5 5 -7
leaf_value=0.079812356501700432 -10.637741159413101 11.313990194823432 -3.2321160579241557 -1.9958037831986013 0.48515310785987165 7.3862008755493509
leaf_weight=6161 288 229 579 196 329 282
leaf_count=6161 288 229 579 196 329 282
internal_value=0.000286299 -2.11902 0.89937 -7.14944 0.404872 3.67712
internal_weight=8064 1292 808 484 6772 611
internal_count=8064 1292 808 484 6772 611
is_linear=0
shrinkage=0.05


Tree=53
num_leaves=5
num_cat=0
split_feature=3 1 8 1
split_gain=2.66533e+06 2.16847e+06 4.50779e+06 1.89198e+06
threshold=220.64802604166678 -2.7394500000000015 14.166666666666668 891.23865000000035
decision_type=2 2 2 2
left_child=1 2 -1 -3
right_child=-2 3 -4 -5
leaf_value=2.9558663068724176 -6.7174346821472568 -0.44928213299170594 -3.9256452068944294 4.7103994756855601
leaf_weight=1349 144 6101 288 182
leaf_count=1349 144 6101 288 182
internal_value=0.000293063 0.123266 1.74353 -0.299096
internal_weight=8064 7920 1637 6283
internal_count=8064 7920 1637 6283
is_linear=0
shrinkage=0.05


Tree=54
num_leaves=5
num_cat=0
split_feature=0 5 0 3
split_gain=2.58406e+06 3.21866e+06 4.75141e+06 1.73198e+06
threshold=7840.8847500000002 -0.97111091670450067 6900.2176500000005 -52.609559027778225
decision_type=2 2 2 2
left_child=1 3 -3 -1
right_child=-2 2 -4 -5
leaf_value=0.10185544734098473 -4.7453645967834701 0.20450368645029071 -5.916285549624857 6.8846495818641955
leaf_weight=146 276 7047 331 264
leaf_count=146 276 7047 331 264
internal_value=0.00025717 0.169026 -0.0708585 4.47544
internal_weight=8064 7788 7378 410
internal_count=8064 7788 7378 410
is_linear=0
shrinkage=0.05


Tree=55
num_leaves=7
num_cat=0
split_feature=1 3 3 10 2 3
split_gain=2.46608e+06 6.81667e+06 1.28777e+07 3.22474e+06 2.18336e+06 2.73399e+06
threshold=207.65239999999997 72.113129166666354 118.27848194444483 0.62196935891715022 142.49294285714248 -97.700245486110802
decision_type=2 2 2 2 2 2
left_child=4 3 -3 -2 -1 -6
right_child=1 2 -4 -5 5 -7
leaf_value=0.078404433584879293 -10.609542053669806 11.248930073240729 -3.375828520504959 -1.3790769678234254 0.085442311162347198 6.7307183116057834
leaf_weight=6287 263 208 537 148 332 289
leaf_count=6287 263 208 537 148 332 289
internal_value=0.000222784 -2.13619 0.716931 -7.29709 0.357992 3.18386
internal_weight=8064 1156 745 411 6908 621
internal_count=8064 1156 745 411 6908 621
is_linear=0
shrinkage=0.05


Tree=56
num_leaves=4
num_cat=0
split_feature=3 2 3
split_gain=2.36987e+06 2.01823e+06 1.82325e+06
threshold=220.64802604166678 571.1463928571435 72.113129166666354
decision_type=2 2 2
left_child=1 2 -1
right_child=-2 -3 -4
leaf_value=-0.63117609825915411 -6.3342187087700283 4.9762893439915317 0.94377024419231381
leaf_weight=4695 144 207 3018
leaf_count=4695 144 207 3018
internal_value=0.000228875 0.116186 -0.0148769
internal_weight=8064 7920 7713
internal_count=8064 7920 7713
is_linear=0
shrinkage=0.05


Tree=57
num_leaves=5
num_cat=0
split_feature=2 1 3 3
split_gain=2.32659e+06 1.8946e+06 3.0258e+06 1.54681e+06
threshold=-694.76902857142829 -580.13144999999975 -112.52654131944449 72.113129166666354
decision_type=2 2 2 2
left_child=-1 2 -2 -3
right_child=1 3 -4 -5
leaf_value=-6.1897578654673282 7.726852151013837 -0.63937699182440144 -1.4076034530003865 0.82041188990052005
leaf_weight=148 201 4521 164 3030
leaf_count=148 201 4521 164 3030
internal_value=0.000210952 0.116708 3.62997 -0.0535745
internal_weight=8064 7916 365 7551
internal_count=8064 7916 365 7551
is_linear=0
shrinkage=0.05


Tree=58
num_leaves=6
num_cat=0
split_feature=0 5 0 3 3
split_gain=2.20019e+06 2.79834e+06 3.26422e+06 2.39172e+06 1.41657e+06
threshold=7534.0640000000012 -0.97111091670450067 6900.2176500000005 64.284187152778046 -29.406024305555885
decision_type=2 2 2 2 2
left_child=1 4 -3 -2 -1
right_child=3 2 -4 -5 -6
leaf_value=0.98729744589091928 -8.2414943546056758 0.19115408243176452 -5.46149241915289 -0.47535759224778129 7.4946663728748506
leaf_weight=150 163 7047 264 251 189
leaf_count=150 163 7047 264 251 189
internal_value=0.000202334 0.192527 -0.0136818 -3.54553 4.62667
internal_weight=8064 7650 7311 414 339
internal_count=8064 7650 7311 414 339
is_linear=0
shrinkage=0.05


Tree=59
num_leaves=7
num_cat=0
split_feature=1 3 3 8 2 3
split_gain=2.15704e+06 5.96268e+06 1.15083e+07 2.88409e+06 1.76328e+06 2.60553e+06
threshold=207.65239999999997 72.113129166666354 118.27848194444483 13.666666666666668 142.49294285714248 -97.700245486110802
decision_type=2 2 2 2 2 2
left_child=4 3 -3 -2 -1 -6
right_child=1 2 -4 -5 5 -7
leaf_value=0.083503235722117375 -10.261899353575901 10.626817048365991 -3.1985246478971163 -1.7207129101374907 -0.14978175862236426 6.3367989113104759
leaf_weight=6287 245 208 537 166 332 289
leaf_count=6287 245 208 537 166 332 289
internal_value=0.000158079 -1.99792 0.670507 -6.82472 0.334761 2.87427
internal_weight=8064 1156 745 411 6908 621
internal_count=8064 1156 745 411 6908 621
is_linear=0
shrinkage=0.05


Tree=60
num_leaves=5
num_cat=0
split_feature=3 1 3 1
split_gain=2.1362e+06 1.70641e+06 2.38081e+06 1.77756e+06
threshold=220.64802604166678 -501.10644999999948 -112.52654131944449 891.23865000000035
decision_type=2 2 2 2
left_child=1 2 -1 -3
right_child=-2 3 -4 -5
leaf_value=6.7441949548998057 -6.013901844641258 -0.1883344180535472 -0.66335949123753191 4.8008372270344388
leaf_weight=223 144 7305 210 182
leaf_count=223 144 7305 210 182
internal_value=0.000160819 0.110253 3.15837 -0.0664287
internal_weight=8064 7920 433 7487
internal_count=8064 7920 433 7487
is_linear=0
shrinkage=0.05


Tree=61
num_leaves=4
num_cat=0
split_feature=0 5 2
split_gain=2.01631e+06 2.68503e+06 3.01638e+06
threshold=7840.8847500000002 -0.98812630719300909 -148.26791428571434
decision_type=2 2 2
left_child=1 -1 -3
right_child=-2 2 -4
leaf_value=5.2366482236945773 -4.1918089582171252 -2.3041332779447599 0.41775125911175537
leaf_weight=250 276 1212 6326
leaf_count=250 276 1212 6326
internal_value=0.000181795 0.149261 -0.0201355
internal_weight=8064 7788 7538
internal_count=8064 7788 7538
is_linear=0
shrinkage=0.05


Tree=62
num_leaves=5
num_cat=0
split_feature=3 1 8 1
split_gain=1.91741e+06 1.56531e+06 3.77866e+06 1.82003e+06
threshold=220.64802604166678 -2.7394500000000015 14.166666666666668 891.23865000000035
decision_type=2 2 2 2
left_child=1 2 -1 -3
right_child=-2 3 -4 -5
leaf_value=2.5910918792335802 -5.6976030622679614 -0.401685782544277 -3.7092343917148747 4.6589318859121187
leaf_weight=1349 144 6101 288 182
leaf_count=1349 144 6101 288 182
internal_value=0.000167482 0.10447 1.48108 -0.254377
internal_weight=8064 7920 1637 6283
internal_count=8064 7920 1637 6283
is_linear=0
shrinkage=0.05


Tree=63
num_leaves=5
num_cat=0
split_feature=2 1 8 1
split_gain=1.94802e+06 1.45607e+06 3.16853e+06 1.18321e+06
threshold=-694.76902857142829 -180.73125000000013 14.166666666666668 680.01770000000022
decision_type=2 2 2 2
left_child=-1 2 -2 -3
right_child=1 3 -4 -5
leaf_value=-5.663878075288447 3.2150645259311705 -0.27783668107294024 -3.9484208849386166 3.2812835329081405
leaf_weight=148 824 6662 189 241
leaf_count=148 824 6662 189 241
internal_value=0.000143241 0.106742 1.87596 -0.153122
internal_weight=8064 7916 1013 6903
internal_count=8064 7916 1013 6903
is_linear=0
shrinkage=0.05


Tree=64
num_leaves=7
num_cat=0
split_feature=1 3 3 10 8 0
split_gain=1.83978e+06 5.36841e+06 1.03189e+07 2.84188e+06 1.38615e+06 6.45644e+06
threshold=207.65239999999997 72.113129166666354 118.27848194444483 0.62196935891715022 14.166666666666668 6628.2387000000008
decision_type=2 2 2 2 2 2
left_child=4 3 -3 -2 -1 -6
right_child=1 2 -4 -5 5 -7
leaf_value=0.61756200919365511 -9.5345485221933242 10.114433551497722 -2.9769906448054932 -0.87275981975081796 0.18463137728282911 -11.071520922135335
leaf_weight=5807 263 208 537 148 955 146
leaf_count=5807 263 208 537 148 955 146
internal_value=0.000115039 -1.84517 0.686723 -6.42515 0.309132 -1.3167
internal_weight=8064 1156 745 411 6908 1101
internal_count=8064 1156 745 411 6908 1101
is_linear=0
shrinkage=0.05


Tree=65
num_leaves=7
num_cat=0
split_feature=3 2 3 5 1 3
split_gain=1.73721e+06 3.69938e+06 2.46086e+06 6.79777e+06 6.30407e+06 540824
threshold=197.47211701388872 -325.31250000000131 90.683223611111103 -0.72219205899833572 144.14334999999986 214.1476482638889
decision_type=2 2 2 2 2 2
left_child=2 -2 4 -4 -1 -3
right_child=1 5 3 -5 -6 -7
leaf_value=0.29593798780882757 -9.0755180635917121 -2.3431136960429804 6.8346584089176234 0.070848936985717079 -5.0340367223217566 0.8213834991875818
leaf_weight=4700 158 223 490 1526 628 339
leaf_count=4700 158 223 490 1526 628 339
internal_value=2.53611e-05 -2.34202 0.229925 1.7174 -0.333122 -0.436212
internal_weight=8064 720 7344 2016 5328 562
internal_count=8064 720 7344 2016 5328 562
is_linear=0
shrinkage=0.05


Tree=66
num_leaves=4
num_cat=0
split_feature=3 2 1
split_gain=1.71144e+06 1.48657e+06 1.53551e+06
threshold=220.64802604166678 571.1463928571435 891.23865000000035
decision_type=2 2 2
left_child=1 2 -1
right_child=-2 -3 -4
leaf_value=-0.12391948530469506 -5.3830692524745549 4.2696380782585877 4.5114463133890119
leaf_weight=7531 144 207 182
leaf_count=7531 144 207 182
internal_value=-2.81723e-05 0.0985125 -0.0139703
internal_weight=8064 7920 7713
internal_count=8064 7920 7713
is_linear=0
shrinkage=0.05


Tree=67
num_leaves=4
num_cat=0
split_feature=2 1 1
split_gain=1.68156e+06 1.35252e+06 2.08419e+06
threshold=-602.73487857142925 680.01770000000022 207.65239999999997
decision_type=2 2 2
left_child=-1 2 -2
right_child=1 -3 -4
leaf_value=-4.2814104998592839 0.28541000688652746 4.1295922983274229 -2.5000691852422174
leaf_weight=222 6895 204 743
leaf_count=222 6895 204 743
internal_value=-6.47076e-06 0.121727 0.0141558
internal_weight=8064 7842 7638
internal_count=8064 7842 7638
is_linear=0
shrinkage=0.05


Tree=68
num_leaves=6
num_cat=0
split_feature=0 5 0 3 3
split_gain=1.612e+06 2.28046e+06 4.40863e+06 1.92519e+06 1.81004e+06
threshold=7534.0640000000012 -0.94670478576706751 6976.0500000000002 64.284187152778046 -52.609559027778225
decision_type=2 2 2 2 2
left_child=1 4 -3 -2 -1
right_child=3 2 -4 -5 -6
leaf_value=-0.60846527975596743 -7.248118465411955 0.12013980963016774 -8.4870573843780317 -0.28111593032640125 5.6931815797632392
leaf_weight=177 163 7004 151 251 318
leaf_count=177 163 7004 151 251 318
internal_value=-2.08177e-05 0.164601 -0.0626682 -3.03502 3.44318
internal_weight=8064 7650 7155 414 495
internal_count=8064 7650 7155 414 495
is_linear=0
shrinkage=0.05


Tree=69
num_leaves=4
num_cat=0
split_feature=3 2 1
split_gain=1.54682e+06 1.32818e+06 1.39315e+06
threshold=220.64802604166678 571.1463928571435 891.23865000000035
decision_type=2 2 2
left_child=1 2 -1
right_child=-2 -3 -4
leaf_value=-0.1174554757544075 -5.1176854778158258 4.036253896326973 4.2978040119907899
leaf_weight=7531 144 207 182
leaf_count=7531 144 207 182
internal_value=-8.68063e-05 0.0935948 -0.0127271
internal_weight=8064 7920 7713
internal_count=8064 7920 7713
is_linear=0
shrinkage=0.05


Tree=70
num_leaves=5
num_cat=0
split_feature=2 1 3 3
split_gain=1.54917e+06 1.24341e+06 2.47509e+06 1.30872e+06
threshold=-694.76902857142829 -580.13144999999975 -112.52654131944449 -52.609559027778225
decision_type=2 2 2 2
left_child=-1 2 -2 -3
right_child=1 3 -4 -5
leaf_value=-5.0510641389645192 6.6467951918740091 -1.0372900494249269 -1.6132672084461559 0.39269599161825092
leaf_weight=148 201 2300 164 5251
leaf_count=148 201 2300 164 5251
internal_value=-6.32453e-05 0.0949979 2.94116 -0.0429509
internal_weight=8064 7916 365 7551
internal_count=8064 7916 365 7551
is_linear=0
shrinkage=0.05


Tree=71
num_leaves=6
num_cat=0
split_feature=0 5 0 3 3
split_gain=1.44504e+06 1.93471e+06 3.99369e+06 1.76343e+06 1.7444e+06
threshold=7534.0640000000012 -0.94670478576706751 6976.0500000000002 72.113129166666354 64.284187152778046
decision_type=2 2 2 2 2
left_child=1 3 -3 -1 -2
right_child=4 2 -4 -5 -6
leaf_value=1.2368720770052501 -6.8839960324146405 0.12045769853416372 -8.0716753360472229 7.770129578129775 -0.25225449015223789
leaf_weight=349 163 7004 151 146 251
leaf_count=349 163 7004 151 146 251
internal_value=-6.41883e-05 0.1558 -0.0535339 3.17563 -2.8736
internal_weight=8064 7650 7155 495 414
internal_count=8064 7650 7155 495 414
is_linear=0
shrinkage=0.05


Tree=72
num_leaves=7
num_cat=0
split_feature=3 2 8 5 0 3
split_gain=1.44239e+06 3.34569e+06 2.24416e+06 6.5132e+06 3.13096e+06 542687
threshold=197.47211701388872 -325.31250000000131 13.666666666666668 -0.80625269229011354 7313.687750000001 214.1476482638889
decision_type=2 2 2 2 2 2
left_child=2 -2 4 -4 -1 -3
right_child=1 5 3 -5 -6 -7
leaf_value=-0.26131290636100041 -8.5376729969708425 -2.2322613729795973 5.8701882793864266 0.087774912473192093 -7.4763161214498375 0.93757828758043404
leaf_weight=4165 158 223 609 2415 155 339
leaf_count=4165 158 223 609 2415 155 339
internal_value=-9.86708e-05 -2.13417 0.209387 1.25384 -0.521855 -0.321936
internal_weight=8064 720 7344 3024 4320 562
internal_count=8064 720 7344 3024 4320 562
is_linear=0
shrinkage=0.05


Tree=73
num_leaves=4
num_cat=0
split_feature=3 1 1
split_gain=1.38791e+06 1.30549e+06 1.37007e+06
threshold=220.64802604166678 891.23865000000035 207.65239999999997
decision_type=2 2 2
left_child=1 2 -1
right_child=-2 -3 -4
leaf_value=0.23749446224968029 -4.8477805553222524 4.2625964755243286 -1.7971878116210871
leaf_weight=6797 144 182 941
leaf_count=6797 144 182 941
internal_value=-0.000165727 0.0885736 -0.0101387
internal_weight=8064 7920 7738
internal_count=8064 7920 7738
is_linear=0
shrinkage=0.05


Tree=74
num_leaves=4
num_cat=0
split_feature=0 5 0
split_gain=1.37932e+06 2.08862e+06 2.51865e+06
threshold=7840.8847500000002 -0.98812630719300909 7134.9290500000006
decision_type=2 2 2
left_child=1 -1 -3
right_child=-2 2 -4
leaf_value=4.6100672663920426 -3.4673297465447295 0.15253091649918865 -4.6968819059056344
leaf_weight=250 276 7261 277
leaf_count=250 276 7261 277
internal_value=-0.000170751 0.123132 -0.0262705
internal_weight=8064 7788 7538
internal_count=8064 7788 7538
is_linear=0
shrinkage=0.05


Tree=75
num_leaves=4
num_cat=0
split_feature=0 5 0
split_gain=1.24529e+06 1.88579e+06 2.27392e+06
threshold=7840.8847500000002 -0.98812630719300909 7134.9290500000006
decision_type=2 2 2
left_child=1 -1 -3
right_child=-2 2 -4
leaf_value=4.3804822554982517 -3.2945890838488774 0.14490541531440179 -4.4628826288868195
leaf_weight=250 276 7261 277
leaf_count=250 276 7261 277
internal_value=-0.000183307 0.116976 -0.0249872
internal_weight=8064 7788 7538
internal_count=8064 7788 7538
is_linear=0
shrinkage=0.05


Tree=76
num_leaves=4
num_cat=0
split_feature=3 1 1
split_gain=1.23239e+06 1.26783e+06 1.23801e+06
threshold=220.64802604166678 891.23865000000035 -2.7394500000000015
decision_type=2 2 2
left_child=1 2 -1
right_child=-2 -3 -4
leaf_value=1.2066603041107293 -4.568139867124887 4.19681194336688 -0.34148014426934686
leaf_weight=1637 144 182 6101
leaf_count=1637 144 182 6101
internal_value=-0.000194167 0.0834256 -0.0138522
internal_weight=8064 7920 7738
internal_count=8064 7920 7738
is_linear=0
shrinkage=0.05


Tree=77
num_leaves=4
num_cat=0
split_feature=2 3 3
split_gain=1.21018e+06 1.04256e+06 1.1777e+06
threshold=-694.76902857142829 -202.73677291666692 -52.609559027778225
decision_type=2 2 2
left_child=-1 -2 -3
right_child=1 2 -4
leaf_value=-4.4644732082450149 4.2845371811965416 -0.90200023554009201 0.42281392575786425
leaf_weight=148 144 2448 5324
leaf_count=148 144 2448 5324
internal_value=-0.000181406 0.0838378 0.00546579
internal_weight=8064 7916 7772
internal_count=8064 7916 7772
is_linear=0
shrinkage=0.05


Tree=78
num_leaves=7
num_cat=0
split_feature=3 2 3 0 1 3
split_gain=1.17343e+06 2.95189e+06 2.13226e+06 6.08182e+06 5.07633e+06 455225
threshold=197.47211701388872 -288.96117857142809 90.683223611111103 5688.3000000000002 144.14334999999986 214.1476482638889
decision_type=2 2 2 2 2 2
left_child=2 -2 4 -4 -1 -3
right_child=1 5 3 -5 -6 -7
leaf_value=0.22916448324891828 -7.6408008105533076 -1.8900019230750893 0.12304974091280588 6.7712313791838561 -4.5537230233604085 1.0423046695915135
leaf_weight=4700 171 220 1577 439 628 329
leaf_count=4700 171 220 1577 439 628 329
internal_value=-0.000176425 -1.92503 0.188771 1.57338 -0.335333 -0.134054
internal_weight=8064 720 7344 2016 5328 549
internal_count=8064 720 7344 2016 5328 549
is_linear=0
shrinkage=0.05


Tree=79
num_leaves=5
num_cat=0
split_feature=0 5 0 3
split_gain=1.11585e+06 1.64837e+06 2.98339e+06 1.65843e+06
threshold=7840.8847500000002 -0.97111091670450067 6900.2176500000005 -52.609559027778225
decision_type=2 2 2 2
left_child=1 3 -3 -1
right_child=-2 2 -4 -5
leaf_value=-1.0797342427733805 -3.118694941048588 0.15722893134068575 -4.6928790605211832 5.5503326559460398
leaf_weight=146 276 7047 331 264
leaf_count=146 276 7047 331 264
internal_value=-0.000204292 0.110699 -0.0609685 3.1925
internal_weight=8064 7788 7378 410
internal_count=8064 7788 7378 410
is_linear=0
shrinkage=0.05


Tree=80
num_leaves=4
num_cat=0
split_feature=3 1 1
split_gain=1.0996e+06 1.2114e+06 1.09755e+06
threshold=220.64802604166678 891.23865000000035 -2.7394500000000015
decision_type=2 2 2
left_child=1 2 -1
right_child=-2 -3 -4
leaf_value=1.1328752920797984 -4.3150421219858632 4.0995707326858755 -0.32479751126355971
leaf_weight=1637 144 182 6101
leaf_count=1637 144 182 6101
internal_value=-0.000213806 0.0787725 -0.0163154
internal_weight=8064 7920 7738
internal_count=8064 7920 7738
is_linear=0
shrinkage=0.05


Tree=81
num_leaves=5
num_cat=0
split_feature=2 8 2 3
split_gain=1.06758e+06 1.06642e+06 5.00812e+06 3.2491e+06
threshold=-694.76902857142829 13.666666666666668 33.289028571428624 -52.609559027778225
decision_type=2 2 2 2
left_child=-1 3 -3 -2
right_child=1 2 -4 -5
leaf_value=-4.1932264382407167 -2.9310440231155237 -0.052614205121295068 5.2882548716745497 0.30097343201920135
leaf_weight=148 1008 3005 513 3390
leaf_count=148 1008 3005 513 3390
internal_value=-0.000199448 0.0787144 0.727481 -0.440287
internal_weight=8064 7916 3518 4398
internal_count=8064 7916 3518 4398
is_linear=0
shrinkage=0.05


Tree=82
num_leaves=5
num_cat=0
split_feature=0 3 2 2
split_gain=1.02728e+06 1.62643e+06 1.55347e+06 687346
threshold=7534.0640000000012 64.284187152778046 571.1463928571435 -148.26791428571434
decision_type=2 2 2 2
left_child=2 -2 3 -1
right_child=1 -3 -4 -5
leaf_value=-1.0805660063301079 -6.2954087857793022 0.10672478368358007 4.4358736413366655 0.22418384875575034
leaf_weight=1203 163 251 203 6244
leaf_count=1203 163 251 203 6244
internal_value=-0.000199319 -2.42302 0.131217 0.0132957
internal_weight=8064 414 7650 7447
internal_count=8064 414 7650 7447
is_linear=0
shrinkage=0.05


Tree=83
num_leaves=4
num_cat=0
split_feature=3 1 3
split_gain=995986 1.16107e+06 980797
threshold=220.64802604166678 891.23865000000035 -150.31552777777799
decision_type=2 2 2
left_child=1 2 -1
right_child=-2 -3 -4
leaf_value=1.4356066324547805 -4.1067218568638486 4.011360700119063 -0.23604055702490664
leaf_weight=1008 144 182 6730
leaf_count=1008 144 182 6730
internal_value=-0.000205525 0.0749674 -0.018124
internal_weight=8064 7920 7738
internal_count=8064 7920 7738
is_linear=0
shrinkage=0.05


Tree=84
num_leaves=5
num_cat=0
split_feature=2 8 2 3
split_gain=976399 964241 4.42618e+06 3.01165e+06
threshold=-694.76902857142829 13.666666666666668 33.289028571428624 -52.609559027778225
decision_type=2 2 2 2
left_child=-1 3 -3 -2
right_child=1 2 -4 -5
leaf_value=-4.0101650192833587 -2.8162477573182354 -0.041192547362281506 4.9797955306558528 0.29542876023242204
leaf_weight=148 1008 3005 513 3390
leaf_count=148 1008 3005 513 3390
internal_value=-0.000188412 0.0752804 0.692182 -0.41823
internal_weight=8064 7916 3518 4398
internal_count=8064 7916 3518 4398
is_linear=0
shrinkage=0.05


Tree=85
num_leaves=7
num_cat=0
split_feature=3 2 3 5 1 3
split_gain=950845 2.6238e+06 1.8772e+06 5.51155e+06 4.42704e+06 549330
threshold=197.47211701388872 -325.31250000000131 90.683223611111103 -0.75166088996455083 144.14334999999986 214.1476482638889
decision_type=2 2 2 2 2 2
left_child=2 -2 4 -4 -1 -3
right_child=1 5 3 -5 -6 -7
leaf_value=0.20530174277505708 -7.4036036240604695 -2.0505827256611417 6.2574424128295538 0.042375904454391489 -4.2612440100913966 1.1384970543139121
leaf_weight=4700 158 223 462 1554 628 339
leaf_count=4700 158 223 462 1554 628 339
internal_value=-0.000188857 -1.73289 0.169897 1.46906 -0.321861 -0.128315
internal_weight=8064 720 7344 2016 5328 562
internal_count=8064 720 7344 2016 5328 562
is_linear=0
shrinkage=0.05


Tree=86
num_leaves=6
num_cat=0
split_feature=0 3 5 8 0
split_gain=938584 1.43011e+06 1.41527e+06 7.82301e+06 2.25335e+06
threshold=7534.0640000000012 64.284187152778046 -0.91509365977396839 13.666666666666668 6721.7097000000012
decision_type=2 2 2 2 2
left_child=2 -2 3 -1 -4
right_child=1 -3 4 -5 -6
leaf_value=-0.8149602972228206 -5.9472475142013739 0.056253614785179262 0.053846901481206667 11.553872750934802 -5.8421848769647537
leaf_weight=506 163 251 6809 170 165
leaf_count=506 163 251 6809 170 165
internal_value=-0.000217062 -2.31608 0.125398 2.30802 -0.0864667
internal_weight=8064 414 7650 676 6974
internal_count=8064 414 7650 676 6974
is_linear=0
shrinkage=0.05


Tree=87
num_leaves=4
num_cat=0
split_feature=3 1 3
split_gain=905060 1.11749e+06 875402
threshold=220.64802604166678 891.23865000000035 -150.31552777777799
decision_type=2 2 2
left_child=1 2 -1
right_child=-2 -3 -4
leaf_value=1.353524036946955 -3.9147955937221135 3.9332535580533454 -0.22575484406214152
leaf_weight=1008 144 182 6730
leaf_count=1008 144 182 6730
internal_value=-0.000212035 0.0714475 -0.0198798
internal_weight=8064 7920 7738
internal_count=8064 7920 7738
is_linear=0
shrinkage=0.05


Tree=88
num_leaves=6
num_cat=0
split_feature=0 7 8 1 3
split_gain=917960 2.9314e+06 3.07454e+06 2.04406e+06 815666
threshold=6900.2176500000005 0.73657561215276279 13.666666666666668 -831.3537500000001 -122.97057361111136
decision_type=2 2 2 2 2
left_child=3 -2 -3 -1 -5
right_child=1 2 -4 4 -6
leaf_value=5.6387985470749094 -6.9313206429359244 -3.5628447355668236 3.0597186660074627 -1.1158841981557115 0.30591463919974715
leaf_weight=167 194 325 378 1221 5779
leaf_count=167 194 325 378 1221 5779
internal_value=-0.000194328 -1.5072 -0.00263354 0.188601 0.0577883
internal_weight=8064 897 703 7167 7000
internal_count=8064 897 703 7167 7000
is_linear=0
shrinkage=0.05


Tree=89
num_leaves=4
num_cat=0
split_feature=0 5 0
split_gain=940025 1.42025e+06 1.87017e+06
threshold=7840.8847500000002 -0.98812630719300909 7134.9290500000006
decision_type=2 2 2
left_child=1 -1 -3
right_child=-2 2 -4
leaf_value=3.8016039972167572 -2.8624770117473091 0.13246366078931701 -4.046283161211357
leaf_weight=250 276 7261 277
leaf_count=250 276 7261 277
internal_value=-0.000200762 0.10159 -0.0216097
internal_weight=8064 7788 7538
internal_count=8064 7788 7538
is_linear=0
shrinkage=0.05


Tree=90
num_leaves=4
num_cat=0
split_feature=0 5 0
split_gain=848683 1.28233e+06 1.68845e+06
threshold=7840.8847500000002 -0.98812630719300909 7134.9290500000006
decision_type=2 2 2
left_child=1 -1 -3
right_child=-2 2 -4
leaf_value=3.6122810560096781 -2.7198698657514386 0.12584139634766442 -3.844696776300883
leaf_weight=250 276 7261 277
leaf_count=250 276 7261 277
internal_value=-0.000209162 0.0965101 -0.0205552
internal_weight=8064 7788 7538
internal_count=8064 7788 7538
is_linear=0
shrinkage=0.05


Tree=91
num_leaves=5
num_cat=0
split_feature=3 3 2 1
split_gain=814200 915041 3.60288e+06 3.51599e+06
threshold=-202.73677291666692 72.113129166666354 11.038764285714025 231.21859999999995
decision_type=2 2 2 2
left_child=-1 3 -3 -2
right_child=1 2 -4 -5
leaf_value=3.712676419780172 -0.10950557839990803 0.081670292478288081 6.1824215695036182 -5.1602693564432833
leaf_weight=144 4379 2905 263 373
leaf_count=144 4379 2905 263 373
internal_value=-0.000216234 -0.0681836 0.589932 -0.506959
internal_weight=8064 7920 3168 4752
internal_count=8064 7920 3168 4752
is_linear=0
shrinkage=0.05


Tree=92
num_leaves=7
num_cat=0
split_feature=3 2 8 5 0 3
split_gain=828054 2.29242e+06 1.75959e+06 5.89274e+06 2.51198e+06 427683
threshold=197.47211701388872 -288.96117857142809 13.666666666666668 -0.80625269229011354 6900.2176500000005 214.1476482638889
decision_type=2 2 2 2 2 2
left_child=2 -2 4 -4 -1 -3
right_child=1 5 3 -5 -6 -7
leaf_value=-0.12989708221146853 -6.654128763590788 -1.741139146604689 5.4743598416301076 -0.025695977522567571 -4.5370886083522981 1.1010579934896845
leaf_weight=3969 171 220 609 2415 351 329
leaf_count=3969 171 220 609 2415 351 329
internal_value=-0.000176236 -1.61713 0.158548 1.0834 -0.488949 -0.0389866
internal_weight=8064 720 7344 3024 4320 549
internal_count=8064 720 7344 3024 4320 549
is_linear=0
shrinkage=0.05


Tree=93
num_leaves=4
num_cat=0
split_feature=3 1 8
split_gain=818047 1.16636e+06 860585
threshold=220.64802604166678 891.23865000000035 14.166666666666668
decision_type=2 2 2
left_child=1 2 -1
right_child=-2 -3 -4
leaf_value=0.20677506400322676 -3.7218618723441814 4.0132632219726272 -1.2227174957331373
leaf_weight=6482 144 182 1256
leaf_count=6482 144 182 1256
internal_value=-0.000207806 0.06792 -0.0253822
internal_weight=8064 7920 7738
internal_count=8064 7920 7738
is_linear=0
shrinkage=0.05


Tree=94
num_leaves=5
num_cat=0
split_feature=0 5 0 3
split_gain=818396 1.24264e+06 2.28131e+06 1.7808e+06
threshold=7840.8847500000002 -0.97111091670450067 6900.2176500000005 -52.609559027778225
decision_type=2 2 2 2
left_child=1 3 -3 -1
right_child=-2 2 -4 -5
leaf_value=-1.6535590969786353 -2.6708918646784898 0.13652946063112278 -4.1046684746641713 5.2142345053294923
leaf_weight=146 276 7047 331 264
leaf_count=146 276 7047 331 264
internal_value=-0.000201908 0.0947758 -0.0542743 2.77056
internal_weight=8064 7788 7378 410
internal_count=8064 7788 7378 410
is_linear=0
shrinkage=0.05


Tree=95
num_leaves=5
num_cat=0
split_feature=0 5 0 3
split_gain=738872 1.12187e+06 2.0718e+06 1.60793e+06
threshold=7840.8847500000002 -0.97111091670450067 7134.9290500000006 -52.609559027778225
decision_type=2 2 2 2
left_child=1 3 -3 -1
right_child=-2 2 -4 -5
leaf_value=-1.5714435345461579 -2.5378292970278635 0.089313351080355485 -5.0328378477413667 4.9545065875210854
leaf_weight=146 276 7176 202 264
leaf_count=146 276 7176 202 264
internal_value=-0.00021089 0.0900344 -0.0515875 2.63246
internal_weight=8064 7788 7378 410
internal_count=8064 7788 7378 410
is_linear=0
shrinkage=0.05


Tree=96
num_leaves=7
num_cat=0
split_feature=3 3 5 5 2 1
split_gain=732435 6.67349e+06 8.03746e+06 3.04042e+06 2.10827e+06 409145
threshold=-150.31552777777799 -127.27932847222233 1.0000000180025095e-35 -0.77969889170510653 2.1888857142857145 -13.545199999999907
decision_type=2 2 2 2 2 2
left_child=3 2 -2 -1 -3 -5
right_child=1 4 -4 5 -6 -7
leaf_value=6.488030207703968 -15.930826067390113 -0.19950900609214298 0.74107262644274485 -2.5815544926914678 2.4488076732999082 0.35664138093268799
leaf_weight=217 144 5908 144 144 860 647
leaf_count=217 144 5908 144 144 860 647
internal_value=-0.000225761 -0.180387 -7.62116 1.25983 0.137321 -0.180836
internal_weight=8064 7056 288 1008 6768 791
internal_count=8064 7056 288 1008 6768 791
is_linear=0
shrinkage=0.05


Tree=97
num_leaves=4
num_cat=0
split_feature=3 1 8
split_gain=724812 1.10326e+06 760323
threshold=220.64802604166678 891.23865000000035 14.166666666666668
decision_type=2 2 2
left_child=1 2 -1
right_child=-2 -3 -4
leaf_value=0.19133210622507418 -3.5034256390867564 3.9009957901115628 -1.1523111854172361
leaf_weight=6482 144 182 1256
leaf_count=6482 144 182 1256
internal_value=-0.000268271 0.0638598 -0.0268832
internal_weight=8064 7920 7738
internal_count=8064 7920 7738
is_linear=0
shrinkage=0.05


Tree=98
num_leaves=7
num_cat=0
split_feature=8 2 8 3 0 3
split_gain=703730 3.3239e+06 4.36758e+06 2.40289e+06 7.35792e+06 2.5676e+06
threshold=13.666666666666668 33.289028571428624 14.166666666666668 -52.609559027778225 3497.7964500000003 1.0000000180025095e-35
decision_type=2 2 2 2 2 2
left_child=3 -2 -3 4 -1 -5
right_child=1 2 -4 5 -6 -7
leaf_value=0.26347376611455214 -0.10004158861213726 7.9515376943808338 -1.4787682394969641 2.3295612871262907 -9.0078531063996348 -0.66758354731868508
leaf_weight=701 3087 311 202 1008 307 2448
leaf_count=701 3087 311 202 1008 307 2448
internal_value=-0.000258346 0.519789 4.24259 -0.419674 -2.56636 0.207005
internal_weight=8064 3600 513 4464 1008 3456
internal_count=8064 3600 513 4464 1008 3456
is_linear=0
shrinkage=0.05


Tree=99
num_leaves=7
num_cat=0
split_feature=3 1 3 0 2 8
split_gain=728586 3.54089e+06 3.15677e+06 8.74483e+06 2.75995e+06 2.46643e+06
threshold=72.113129166666354 231.21859999999995 118.27848194444483 3889.9401500000008 -288.96117857142809 13.666666666666668
decision_type=2 2 2 2 2 2
left_child=1 -1 3 -2 -4 -3
right_child=2 5 4 -5 -6 -7
leaf_value=0.0085505491684366632 -0.20734355916996594 -8.270937787974658 -4.0319692425644575 9.8728973073591391 0.41280708219250989 -0.062276185727586933
leaf_weight=4515 698 229 437 310 1723 152
leaf_count=4515 698 229 437 310 1723 152
internal_value=-0.000249829 -0.382526 0.590475 2.89944 -0.487887 -5.00483
internal_weight=8064 4896 3168 1008 2160 381
internal_count=8064 4896 3168 1008 2160 381
is_linear=0
shrinkage=0.05


end of trees

feature_importances:
Column_2=153
Column_3=135
Column_1=70
Column_0=51
Column_8=35
Column_5=32
Column_10=3
Column_7=1

parameters:
[boosting: gbdt]
[objective: regression]
[metric: l2]
[tree_learner: serial]
[device_type: cpu]
[data_sample_strategy: bagging]
[data: ]
[valid: ]
[num_iterations: 100]
[learning_rate: 0.05]
[num_leaves: 7]
[num_threads: 1]
[seed: 20250911]
[deterministic: 1]
[force_col_wise: 1]
[force_row_wise: 0]
[histogram_pool_size: -1]
[max_depth: 3]
[min_data_in_leaf: 144]
[min_sum_hessian_in_leaf: 0.001]
[bagging_fraction: 1]
[pos_bagging_fraction: 1]
[neg_bagging_fraction: 1]
[bagging_freq: 0]
[bagging_seed: 20250911]
[bagging_by_query: 0]
[feature_fraction: 1]
[feature_fraction_bynode: 1]
[feature_fraction_seed: 20250911]
[extra_trees: 0]
[extra_seed: 26685]
[early_stopping_round: 0]
[early_stopping_min_delta: 0]
[first_metric_only: 0]
[max_delta_step: 0]
[lambda_l1: 0]
[lambda_l2: 1]
[linear_lambda: 0]
[min_gain_to_split: 0]
[drop_rate: 0.1]
[max_drop: 50]
[skip_drop: 0.5]
[xgboost_dart_mode: 0]
[uniform_drop: 0]
[drop_seed: 2504]
[top_rate: 0.2]
[other_rate: 0.1]
[min_data_per_group: 100]
[max_cat_threshold: 32]
[cat_l2: 10]
[cat_smooth: 10]
[max_cat_to_onehot: 4]
[top_k: 20]
[monotone_constraints: ]
[monotone_constraints_method: basic]
[monotone_penalty: 0]
[feature_contri: ]
[forcedsplits_filename: ]
[refit_decay_rate: 0.9]
[cegb_tradeoff: 1]
[cegb_penalty_split: 0]
[cegb_penalty_feature_lazy: ]
[cegb_penalty_feature_coupled: ]
[path_smooth: 0]
[interaction_constraints: ]
[verbosity: -1]
[saved_feature_importance_type: 0]
[use_quantized_grad: 0]
[num_grad_quant_bins: 4]
[quant_train_renew_leaf: 0]
[stochastic_rounding: 1]
[linear_tree: 0]
[max_bin: 63]
[max_bin_by_feature: ]
[min_data_in_bin: 3]
[bin_construct_sample_cnt: 200000]
[data_random_seed: 20250911]
[is_enable_sparse: 1]
[enable_bundle: 1]
[use_missing: 1]
[zero_as_missing: 0]
[feature_pre_filter: 0]
[pre_partition: 0]
[two_round: 0]
[header: 0]
[label_column: ]
[weight_column: ]
[group_column: ]
[ignore_column: ]
[categorical_feature: ]
[forcedbins_filename: ]
[precise_float_parser: 0]
[parser_config_file: ]
[objective_seed: 19683]
[num_class: 1]
[is_unbalance: 0]
[scale_pos_weight: 1]
[sigmoid: 1]
[boost_from_average: 1]
[reg_sqrt: 0]
[alpha: 0.9]
[fair_c: 1]
[poisson_max_delta_step: 0.7]
[tweedie_variance_power: 1.5]
[lambdarank_truncation_level: 30]
[lambdarank_norm: 1]
[label_gain: ]
[lambdarank_position_bias_regularization: 0]
[eval_at: ]
[multi_error_top_k: 1]
[auc_mu_weights: ]
[num_machines: 1]
[local_listen_port: 12400]
[time_out: 120]
[machine_list_filename: ]
[machines: ]
[gpu_platform_id: -1]
[gpu_device_id: -1]
[gpu_device_id_list: ]
[gpu_use_dp: 0]
[num_gpu: 1]

end of parameters

pandas_categorical:null
