tree
version=v4
num_class=1
num_tree_per_iteration=1
label_index=0
max_feature_idx=11
objective=regression
feature_names=Column_0 Column_1 Column_2 Column_3 Column_4 Column_5 Column_6 Column_7 Column_8 Column_9 Column_10 Column_11
feature_infos=[0:10216.200000000001] [-3228.8724999999995:2919.1198999999997] [-1612.907142857146:1921.3442857142854] [-390.22572083333262:460.49069999999983] [-1:1] [-1:1] [-1:1] [-1:1] [14.833333333333332:15.833333333333332] [11.75:11.916666666666666] [-0.29775280898876405:1.3089887640449438] [1:1]
tree_sizes=753 757 760 759 759 758 763 764 762 766 764 762 767 760 766 764 758 761 765 763 758 771 760 682 757 683 762 761 760 763 513 764 510 762 508 760 506 762 510 598 596 687 600 509 593 685 593 593 598 593 597 508 593 685 598 595 596 679 513 595 594 686 598 595 765 599 598 677 597 510 596 598 602 509 678 601 601 770 506 601 770 601 504 772 601 602 597 766 783 599 598 778 770 779 772 770 603 685 515 765

Tree=0
num_leaves=7
num_cat=0
split_feature=2 2 2 2 2 2
split_gain=2.97948e+08 2.16224e+08 4.50929e+07 3.0482e+07 2.53009e+07 9.93215e+06
threshold=-242.10049285714271 466.25802857142804 -467.76721428571449 882.13012142857008 217.22947857142847 -702.21472857142851
decision_type=2 2 2 2 2 2
left_child=2 4 5 -3 -2 -1
right_child=1 3 -4 -5 -6 -7
leaf_value=-57.273749796912441 -8.3629899435851094 17.295276133614244 -25.081136850862404 43.074474092121406 2.6756771827011789 -40.946015342161857
leaf_weight=164 6028 405 492 162 567 246
leaf_count=164 6028 405 492 162 567 246
internal_value=-8.27487 -4.86288 -35.3403 24.7382 -7.41243 -47.5804
internal_weight=8064 7162 902 567 6595 410
internal_count=8064 7162 902 567 6595 410
is_linear=0
shrinkage=1


Tree=1
num_leaves=7
num_cat=0
split_feature=2 2 2 2 2 2
split_gain=2.69011e+08 1.95227e+08 4.07278e+07 2.75802e+07 2.28382e+07 8.97358e+06
threshold=-242.10049285714271 466.25802857142804 -467.76721428571449 750.42129285714384 217.22947857142847 -702.21472857142851
decision_type=2 2 2 2 2 2
left_child=2 4 5 -3 -2 -1
right_child=1 3 -4 -5 -6 -7
leaf_value=-46.563782008922459 -0.083712266759165613 21.708172697067262 -15.96765604138858 44.108778748551359 10.403985976595694 -31.044199168440787
leaf_weight=164 6028 324 492 243 567 246
leaf_count=164 6028 324 492 243 567 246
internal_value=-6.63031e-05 3.242 -25.7176 31.3692 0.8194 -37.3502
internal_weight=8064 7162 902 567 6595 410
internal_count=8064 7162 902 567 6595 410
is_linear=0
shrinkage=0.05


Tree=2
num_leaves=7
num_cat=0
split_feature=2 2 2 2 2 2
split_gain=2.42883e+08 1.76262e+08 3.67852e+07 2.55939e+07 2.10039e+07 8.10752e+06
threshold=-242.10049285714271 466.25802857142804 -467.76721428571449 882.13012142857008 118.78392857142855 -702.21472857142851
decision_type=2 2 2 2 2 2
left_child=2 4 5 -3 -2 -1
right_child=1 3 -4 -5 -6 -7
leaf_value=-44.249703829288485 -0.39510867387920112 22.988599801562692 -15.170892756555464 46.605721420451914 7.5612871272468372 -29.498273855785609
leaf_weight=164 5623 405 492 162 972 246
leaf_count=164 5623 405 492 162 972 246
internal_value=-0.00017106 3.08043 -24.4369 29.8065 0.778508 -35.4922
internal_weight=8064 7162 902 567 6595 410
internal_count=8064 7162 902 567 6595 410
is_linear=0
shrinkage=0.05


Tree=3
num_leaves=7
num_cat=0
split_feature=2 2 2 2 2 2
split_gain=2.20585e+08 1.55707e+08 4.20406e+07 2.31223e+07 1.79867e+07 7.32504e+06
threshold=-193.94704285714269 466.25802857142804 -467.76721428571449 882.13012142857008 217.22947857142847 -702.21472857142851
decision_type=2 2 2 2 2 2
left_child=2 4 5 -3 -2 -1
right_child=1 3 -4 -5 -6 -7
leaf_value=-42.050627246336504 0.18874278971250508 21.842000949221294 -13.294557558800713 44.289731002877829 9.507303638168624 -28.029331752452773
leaf_weight=164 5864 405 656 162 567 246
leaf_count=164 5864 405 656 162 567 246
internal_value=-0.000237977 3.2282 -21.1772 28.3223 1.01168 -33.7265
internal_weight=8064 6998 1066 567 6431 410
internal_count=8064 6998 1066 567 6431 410
is_linear=0
shrinkage=0.05


Tree=4
num_leaves=7
num_cat=0
split_feature=2 2 2 2 2 0
split_gain=1.99154e+08 1.40865e+08 3.7971e+07 2.58865e+07 1.25183e+07 7.33324e+06
threshold=-193.94704285714269 414.44115714285778 -467.76721428571449 750.42129285714384 118.78392857142855 7726.2375000000011
decision_type=2 2 2 2 2 2
left_child=2 4 5 -3 -2 -1
right_child=1 3 -4 -5 -6 -7
leaf_value=-23.052613964735293 -0.097810548350706211 17.443149589905012 -12.63084143019158 38.150832291118434 6.2910414100161054 -37.239276800928891
leaf_weight=152 5459 405 656 243 891 258
leaf_count=152 5459 405 656 243 891 258
internal_value=-0.00027282 3.06734 -20.1223 25.2553 0.79949 -32.0487
internal_weight=8064 6998 1066 648 6350 410
internal_count=8064 6998 1066 648 6350 410
is_linear=0
shrinkage=0.05


Tree=5
num_leaves=7
num_cat=0
split_feature=2 2 2 2 2 2
split_gain=1.798e+08 1.27235e+08 3.42926e+07 1.93218e+07 1.4885e+07 6.67792e+06
threshold=-193.94704285714269 466.25802857142804 -467.76721428571449 882.13012142857008 217.22947857142847 -702.21472857142851
decision_type=2 2 2 2 2 2
left_child=2 4 5 -3 -2 -1
right_child=1 3 -4 -5 -6 -7
leaf_value=-38.380995103518167 0.16213829927330636 19.676014452864386 -12.000260474166552 40.192992176453764 8.6392593988230537 -25.03470358935445
leaf_weight=164 5864 405 656 162 567 246
leaf_count=164 5864 405 656 162 567 246
internal_value=-0.000328215 2.91441 -19.1196 25.5984 0.910765 -30.4536
internal_weight=8064 6998 1066 567 6431 410
internal_count=8064 6998 1066 567 6431 410
is_linear=0
shrinkage=0.05


Tree=6
num_leaves=7
num_cat=0
split_feature=2 2 2 0 2 4
split_gain=1.62812e+08 1.17774e+08 2.89219e+07 2.70143e+07 1.19072e+07 7.31865e+06
threshold=-242.10049285714271 650.29072142857206 217.22947857142847 8730.8118000000013 -467.76721428571449 1.0000000180025095e-35
decision_type=2 2 2 2 2 2
left_child=3 2 -2 4 -1 -3
right_child=1 5 -4 -5 -6 -7
leaf_value=-24.236687388931003 -0.06868227271619258 24.229199379718665 9.9886336616923721 -39.116330923352926 -11.160663520366016 39.624184368560037
leaf_weight=279 6028 164 810 153 470 160
leaf_count=279 6028 164 810 153 470 160
internal_value=-0.000353613 2.52185 1.12395 -20.0076 -16.0573 31.9302
internal_weight=8064 7162 6838 902 749 324
internal_count=8064 7162 6838 902 749 324
is_linear=0
shrinkage=0.05


Tree=7
num_leaves=7
num_cat=0
split_feature=2 2 0 2 2 4
split_gain=1.47972e+08 1.02993e+08 3.38679e+07 2.42284e+07 1.58996e+07 6.60958e+06
threshold=-149.6420714285716 650.29072142857206 8730.8118000000013 338.87087142857132 -467.76721428571449 1.0000000180025095e-35
decision_type=2 2 2 2 2 2
left_child=2 3 4 -2 -1 -3
right_child=1 5 -4 -5 -6 -7
leaf_value=-23.029181158116884 0.63473638271147781 23.025081605188774 -37.670335446269654 12.229302596149381 -9.1481516587000407 37.655280694902316
leaf_weight=279 6024 164 156 486 795 160
leaf_count=279 6024 164 156 486 795 160
internal_value=-0.000340531 2.87368 -15.958 1.50207 -12.7722 30.3435
internal_weight=8064 6834 1230 6510 1074 324
internal_count=8064 6834 1230 6510 1074 324
is_linear=0
shrinkage=0.05


Tree=8
num_leaves=7
num_cat=0
split_feature=2 2 2 2 0 4
split_gain=1.34425e+08 9.02193e+07 3.72355e+07 2.03539e+07 9.10304e+06 5.96921e+06
threshold=-88.865228571428801 650.29072142857206 -467.76721428571449 338.87087142857132 6990.0265000000009 1.0000000180025095e-35
decision_type=2 2 2 2 2 2
left_child=2 3 -1 -2 -4 -3
right_child=1 5 4 -5 -6 -7
leaf_value=-26.110641018288561 0.96903629566148253 21.880804751063838 -5.543907304028922 11.61909306450791 -15.161342011441926 35.784211132096949
leaf_weight=410 5697 164 789 486 358 160
leaf_count=410 5697 164 789 486 358 160
internal_value=-0.00030057 3.15791 -13.1926 1.8079 -8.55628 28.8357
internal_weight=8064 6507 1557 6183 1147 324
internal_count=8064 6507 1557 6183 1147 324
is_linear=0
shrinkage=0.05


Tree=9
num_leaves=7
num_cat=0
split_feature=2 2 0 2 2 4
split_gain=1.2135e+08 8.14786e+07 3.53536e+07 1.8466e+07 1.56918e+07 5.39088e+06
threshold=-88.865228571428801 650.29072142857206 8730.8118000000013 273.25526428571453 -467.76721428571449 1.0000000180025095e-35
decision_type=2 2 2 2 2 2
left_child=2 3 4 -2 -1 -3
right_child=1 5 -4 -5 -6 -7
leaf_value=-20.580964737342939 0.78187127694968039 20.793395172429811 -34.888644709677067 9.6968469711827083 -7.3316273241570542 34.006113867063696
leaf_weight=279 5535 164 158 648 1120 160
leaf_count=279 5535 164 158 648 1120 160
internal_value=-0.000140267 3.00055 -12.5345 1.71761 -9.98673 27.4028
internal_weight=8064 6507 1557 6183 1399 324
internal_count=8064 6507 1557 6183 1399 324
is_linear=0
shrinkage=0.05


Tree=10
num_leaves=7
num_cat=0
split_feature=2 2 0 2 3 2
split_gain=1.09989e+08 7.80327e+07 2.26803e+07 1.24743e+07 1.15296e+07 9.35998e+06
threshold=-193.94704285714269 518.56975000000114 8730.8118000000013 118.78392857142855 -234.57773298611093 -467.76721428571449
decision_type=2 2 2 2 2 2
left_child=2 3 5 -2 -3 -1
right_child=1 4 -4 -5 -6 -7
leaf_value=-19.555591893621855 -0.1257923847793059 32.789789322379292 -32.658575110743122 5.8156191371451982 16.205445124789669 -8.545963646833453
leaf_weight=279 5459 156 154 1053 330 633
leaf_count=279 5459 156 154 1053 330 633
internal_value=-0.000117844 2.27959 -14.9539 0.835688 21.5852 -11.9318
internal_weight=8064 6998 1066 6512 486 912
internal_count=8064 6998 1066 6512 486 912
is_linear=0
shrinkage=0.05


Tree=11
num_leaves=7
num_cat=0
split_feature=2 2 0 2 2 2
split_gain=1.00337e+08 6.73196e+07 2.87984e+07 1.52085e+07 1.25722e+07 5.08891e+06
threshold=-88.865228571428801 650.29072142857206 8730.8118000000013 338.87087142857132 -467.76721428571449 882.13012142857008
decision_type=2 2 2 2 2 2
left_child=2 3 4 -2 -1 -3
right_child=1 5 -4 -5 -6 -7
leaf_value=-18.581304266282491 0.8371146130423619 18.435728144206884 -31.573446664870161 10.04311408223068 -6.721356104784558 31.229921708955359
leaf_weight=279 5697 162 158 486 1120 162
leaf_count=279 5697 162 158 486 1120 162
internal_value=-0.000149641 2.72839 -11.3977 1.56224 -9.09815 24.9092
internal_weight=8064 6507 1557 6183 1399 324
internal_count=8064 6507 1557 6183 1399 324
is_linear=0
shrinkage=0.05


Tree=12
num_leaves=7
num_cat=0
split_feature=2 2 1 2 2 6
split_gain=9.05847e+07 6.07973e+07 2.61658e+07 1.52544e+07 1.39946e+07 4.92891e+06
threshold=-88.865228571428801 650.29072142857206 1133.5123500000007 -617.1454785714285 217.22947857142847 -0.043577871373828972
decision_type=2 2 2 2 2 2
left_child=2 4 3 -1 -2 -3
right_child=1 5 -4 -5 -6 -7
leaf_value=-22.969118054803598 0.56000894927518508 30.449857632005774 -30.841329408497423 -6.8179434850236422 7.6065198065467303 17.831527126037468
leaf_weight=165 5373 148 147 1245 810 176
leaf_count=165 5373 148 147 1245 810 176
internal_value=-0.000119428 2.59244 -10.8296 -8.72291 1.48421 23.6714
internal_weight=8064 6507 1557 1410 6183 324
internal_count=8064 6507 1557 1410 6183 324
is_linear=0
shrinkage=0.05


Tree=13
num_leaves=7
num_cat=0
split_feature=2 2 0 2 8 2
split_gain=8.25629e+07 5.97507e+07 1.41893e+07 1.30473e+07 8.40888e+06 5.42501e+06
threshold=-242.10049285714271 414.44115714285778 8730.8118000000013 882.13012142857008 15.666666666666668 -524.86988571428481
decision_type=2 2 2 2 2 2
left_child=2 4 5 -3 -2 -1
right_child=1 3 -4 -5 -6 -7
leaf_value=-18.156029334986155 1.6310963742901583 12.123668280666124 -28.09534538914631 28.532564391278051 -2.1726597327141115 -8.683365190926537
leaf_weight=212 4328 486 153 162 2186 537
leaf_count=212 4328 486 153 162 2186 537
internal_value=-0.000139379 1.79596 -14.2476 16.2635 0.354476 -11.3852
internal_weight=8064 7162 902 648 6514 749
internal_count=8064 7162 902 648 6514 749
is_linear=0
shrinkage=0.05


Tree=14
num_leaves=7
num_cat=0
split_feature=2 2 1 2 2 4
split_gain=7.56288e+07 4.99871e+07 2.23255e+07 1.23352e+07 1.17792e+07 4.53185e+06
threshold=-88.865228571428801 650.29072142857206 1133.5123500000007 -617.1454785714285 217.22947857142847 1.0000000180025095e-35
decision_type=2 2 2 2 2 2
left_child=2 4 3 -1 -2 -3
right_child=1 5 -4 -5 -6 -7
leaf_value=-20.760590432063644 0.51587544438059352 15.475727353782364 -28.38008665577383 -6.2364049550799141 6.9806420123386035 27.504051307417594
leaf_weight=165 5373 164 147 1245 810 160
leaf_count=165 5373 164 147 1245 810 160
internal_value=-0.000224281 2.36866 -9.89542 -7.94955 1.36378 21.482
internal_weight=8064 6507 1557 1410 6183 324
internal_count=8064 6507 1557 1410 6183 324
is_linear=0
shrinkage=0.05


Tree=15
num_leaves=7
num_cat=0
split_feature=2 2 0 8 8 3
split_gain=6.82804e+07 4.51865e+07 2.10094e+07 9.4142e+06 9.06259e+06 8.50553e+06
threshold=-88.865228571428801 518.56975000000114 8730.8118000000013 15.666666666666668 15.666666666666668 -36.135331597222141
decision_type=2 2 2 2 2 2
left_child=2 5 4 -3 -1 -2
right_child=1 3 -4 -5 -6 -7
leaf_value=-5.1452743981909492 -1.2561125417021197 24.23478153587936 -26.634308010527175 10.241713658937684 -14.51838054904028 2.5862161184956687
leaf_weight=1058 2383 230 158 256 341 3638
leaf_count=1058 2383 230 158 256 341 3638
internal_value=-0.000243473 2.25062 -9.40243 16.9001 -7.43867 1.06554
internal_weight=8064 6507 1557 486 1399 6021
internal_count=8064 6507 1557 486 1399 6021
is_linear=0
shrinkage=0.05


Tree=16
num_leaves=7
num_cat=0
split_feature=2 2 8 2 8 5
split_gain=6.24434e+07 4.54871e+07 1.44928e+07 1.12669e+07 6.3815e+06 5.72072e+06
threshold=-242.10049285714271 338.87087142857132 15.666666666666668 -702.21472857142851 15.666666666666668 -0.83127174505093859
decision_type=2 2 2 2 2 2
left_child=3 4 -3 -1 -2 -5
right_child=1 2 -4 5 -6 -7
leaf_value=-24.222377115018443 1.260384110669339 19.05394665644236 5.6465371838637761 -14.400428884789006 -2.0989936277431753 -5.5633220223481867
leaf_weight=164 4230 426 384 347 2122 391
leaf_count=164 4230 426 384 347 2122 391
internal_value=-0.000296339 1.5617 12.7126 -12.3908 0.13797 -9.7323
internal_weight=8064 7162 810 902 6352 738
internal_count=8064 7162 810 902 6352 738
is_linear=0
shrinkage=0.05


Tree=17
num_leaves=7
num_cat=0
split_feature=2 2 1 0 2 2
split_gain=5.69467e+07 3.95362e+07 1.82101e+07 9.62812e+06 9.06058e+06 4.21026e+06
threshold=-88.865228571428801 650.29072142857206 1133.5123500000007 6990.0265000000009 118.78392857142855 882.13012142857008
decision_type=2 2 2 2 2 2
left_child=2 4 3 -1 -2 -3
right_child=1 5 -4 -5 -6 -7
leaf_value=-3.5336261506399347 0.21458798367693871 13.215949480007033 -25.280234378697102 -12.01431511475222 5.029956588970105 24.774056811237628
leaf_weight=863 4968 162 147 547 1215 162
leaf_count=863 4968 162 147 547 1215 162
internal_value=-0.000407494 2.05518 -8.58689 -6.82984 1.1615 19.0534
internal_weight=8064 6507 1557 1410 6183 324
internal_count=8064 6507 1557 1410 6183 324
is_linear=0
shrinkage=0.05


Tree=18
num_leaves=7
num_cat=0
split_feature=2 2 0 8 8 6
split_gain=5.15056e+07 3.70407e+07 1.24289e+07 9.8531e+06 5.11193e+06 4.17771e+06
threshold=-169.29642857142787 650.29072142857206 8730.8118000000013 15.666666666666668 15.000000000000002 -0.043577871373828972
decision_type=2 2 2 2 2 2
left_child=2 3 4 -2 -1 -3
right_child=1 5 -4 -5 -6 -7
leaf_value=-2.8113493399059326 2.2153307843119165 24.315991636090629 -22.985308795821283 -1.8530955127600059 -10.352055278415865 12.777227365095065
leaf_weight=345 4324 148 154 2268 649 176
leaf_count=345 4324 148 154 2268 649 176
internal_value=-0.000372194 1.62806 -9.80356 0.815506 -7.74026 18.1066
internal_weight=8064 6916 1148 6592 994 324
internal_count=8064 6916 1148 6592 994 324
is_linear=0
shrinkage=0.05


Tree=19
num_leaves=7
num_cat=0
split_feature=2 2 1 3 2 2
split_gain=4.71683e+07 3.21841e+07 1.5761e+07 8.97126e+06 8.83062e+06 3.85045e+06
threshold=-88.865228571428801 650.29072142857206 1133.5123500000007 -36.135331597222141 -617.1454785714285 882.13012142857008
decision_type=2 2 2 2 2 2
left_child=2 3 4 -2 -1 -3
right_child=1 5 -4 -5 -6 -7
leaf_value=-17.018558578031609 -1.270692376186374 11.637564682571412 -23.344801852509782 2.6172537508995894 -4.7315799835357772 22.67086488103574
leaf_weight=165 2470 162 147 3713 1245 162
leaf_count=165 2470 162 147 3713 1245 162
internal_value=-0.000345501 1.87045 -7.81493 1.06413 -6.18046 17.207
internal_weight=8064 6507 1557 6183 1410 324
internal_count=8064 6507 1557 6183 1410 324
is_linear=0
shrinkage=0.05


Tree=20
num_leaves=7
num_cat=0
split_feature=2 2 8 0 0 3
split_gain=4.28578e+07 3.35492e+07 1.37782e+07 8.00356e+06 6.32672e+06 3.80594e+06
threshold=-270.11070714285705 338.87087142857132 15.666666666666668 7323.0229500000014 8149.1239000000014 111.3129215277777
decision_type=2 2 2 2 2 2
left_child=3 4 -3 -1 -2 -5
right_child=1 2 -4 5 -6 -7
leaf_value=-5.1808348057323332 0.27122014540868539 16.991618238860607 3.9258784114075946 -11.716986771132238 -9.7066056057536532 -21.271521742947129
leaf_weight=357 6272 426 384 298 162 165
leaf_count=357 6272 426 384 298 162 165
internal_value=-0.000386743 1.22651 10.81 -10.8273 0.0185217 -15.1605
internal_weight=8064 7244 810 820 6434 463
internal_count=8064 7244 810 820 6434 463
is_linear=0
shrinkage=0.05


Tree=21
num_leaves=7
num_cat=0
split_feature=2 2 0 3 8 6
split_gain=3.91833e+07 2.75142e+07 1.34968e+07 8.19955e+06 7.26851e+06 3.81826e+06
threshold=-88.865228571428801 650.29072142857206 8730.8118000000013 -36.135331597222141 15.666666666666668 -0.043577871373828972
decision_type=2 2 2 2 2 2
left_child=2 3 4 -2 -1 -3
right_child=1 5 -4 -5 -6 -7
leaf_value=-3.4971269304444621 -1.2730777918900473 21.811116130400023 -20.933551177138803 2.4438762714280151 -11.888215167341178 10.806364508873999
leaf_weight=1058 2470 148 158 3713 341 176
leaf_count=1058 2470 148 158 3713 341 176
internal_value=-0.000532867 1.70457 -7.12302 0.959053 -5.54945 15.8849
internal_weight=8064 6507 1557 6183 1399 324
internal_count=8064 6507 1557 6183 1399 324
is_linear=0
shrinkage=0.05


Tree=22
num_leaves=7
num_cat=0
split_feature=2 0 3 3 2 3
split_gain=3.56331e+07 2.8806e+07 1.28527e+07 2.95037e+07 1.16215e+07 3.93037e+06
threshold=338.87087142857132 8276.0444000000025 -63.778837500000456 -260.26118055555565 -270.11070714285705 43.916686805555862
decision_type=2 2 2 2 2 2
left_child=1 4 3 -2 -1 -4
right_child=2 -3 5 -5 -6 -7
leaf_value=-7.4306531755681906 17.120383983823015 -14.223841598810573 21.903172763284818 -8.8960508209929614 0.24393151358796539 11.561679892490309
leaf_weight=534 216 395 185 218 6325 191
leaf_count=534 216 395 185 218 6325 191
internal_value=-0.000521897 -1.11164 9.93924 4.06181 -0.354561 16.6945
internal_weight=8064 7254 810 434 6859 376
internal_count=8064 7254 810 434 6859 376
is_linear=0
shrinkage=0.05


Tree=23
num_leaves=6
num_cat=0
split_feature=2 2 1 2 2
split_gain=3.24867e+07 2.36384e+07 1.24193e+07 8.1083e+06 6.75909e+06
threshold=-88.865228571428801 750.42129285714384 1133.5123500000007 118.78392857142855 -617.1454785714285
decision_type=2 2 2 2 2
left_child=2 3 4 -2 -1
right_child=1 -3 -4 -5 -6
leaf_value=-14.51648189540369 0.038227932653040322 16.820464941114189 -20.27024928895203 4.4777416166656279 -3.7680825981363828
leaf_weight=165 4968 243 147 1296 1245
leaf_count=165 4968 243 147 1296 1245
internal_value=-0.000370104 1.55221 -6.48573 0.957316 -5.03527
internal_weight=8064 6507 1557 6264 1410
internal_count=8064 6507 1557 6264 1410
is_linear=0
shrinkage=0.05


Tree=24
num_leaves=7
num_cat=0
split_feature=2 0 8 3 2 5
split_gain=2.9453e+07 2.43442e+07 1.27317e+07 1.67926e+07 9.4737e+06 5.1577e+06
threshold=338.87087142857132 8276.0444000000025 15.666666666666668 -56.162956249999972 -270.11070714285705 -0.80625269229011354
decision_type=2 2 2 2 2 2
left_child=1 4 5 -4 -1 -2
right_child=2 -3 3 -5 -6 -7
leaf_value=-6.7034923839067746 19.15664646976191 -13.064656934070676 -7.588892149094919 13.288126189902023 0.22570649874807369 7.6692319740155703
leaf_weight=534 270 395 200 184 6325 156
leaf_count=534 270 395 200 184 6325 156
internal_value=-0.000458354 -1.01063 9.03632 2.42321 -0.314657 14.9778
internal_weight=8064 7254 810 384 6859 426
internal_count=8064 7254 810 384 6859 426
is_linear=0
shrinkage=0.05


Tree=25
num_leaves=6
num_cat=0
split_feature=2 2 1 8 1
split_gain=2.69899e+07 2.01515e+07 1.1316e+07 6.65493e+06 6.59654e+06
threshold=-66.794678571428534 750.42129285714384 1133.5123500000007 15.666666666666668 -123.78909999999995
decision_type=2 2 2 2 2
left_child=2 3 4 -2 -1
right_child=1 -3 -4 -5 -6
leaf_value=-13.967250536728955 2.1674256789843342 15.595667987084781 -18.777670971978761 -1.2820918577972675 -3.219985973767594
leaf_weight=158 3934 243 147 2168 1414
leaf_count=158 3934 243 147 2168 1414
internal_value=-0.000354928 1.50541 -5.55591 0.941826 -4.30837
internal_weight=8064 6345 1719 6102 1572
internal_count=8064 6345 1719 6102 1572
is_linear=0
shrinkage=0.05


Tree=26
num_leaves=7
num_cat=0
split_feature=2 0 3 3 3 2
split_gain=2.51217e+07 2.01328e+07 1.88483e+07 2.99148e+07 9.98258e+06 7.3853e+06
threshold=217.22947857142847 8276.0444000000025 -63.778837500000456 -260.26118055555565 18.378788541666385 -270.11070714285705
decision_type=2 2 2 2 2 2
left_child=1 5 3 -2 -4 -1
right_child=2 -3 4 -5 -6 -7
leaf_value=-6.0952359729169689 13.293348549040713 -12.076765475422144 21.798660638085121 -9.525488094268022 8.0371951528755776 0.035619715511440733
leaf_weight=534 257 395 218 323 336 6001
leaf_count=534 257 395 218 323 336 6001
internal_value=-0.00045798 -1.12964 6.89504 0.591094 13.4819 -0.466212
internal_weight=8064 6930 1134 580 554 6535
internal_count=8064 6930 1134 580 554 6535
is_linear=0
shrinkage=0.05


Tree=27
num_leaves=7
num_cat=0
split_feature=2 0 8 3 2 5
split_gain=2.29483e+07 1.8763e+07 1.13449e+07 1.41977e+07 7.10268e+06 4.46259e+06
threshold=338.87087142857132 8276.0444000000025 15.666666666666668 -56.162956249999972 -149.6420714285716 -0.80625269229011354
decision_type=2 2 2 2 2 2
left_child=1 4 5 -4 -1 -2
right_child=2 -3 3 -5 -6 -7
leaf_value=-4.4265189560972367 17.470954620530247 -11.474452029439536 -7.4690678617550965 11.726739620131417 0.34333708735154811 6.7901236636623459
leaf_weight=897 270 395 200 184 5962 156
leaf_count=897 270 395 200 184 5962 156
internal_value=-0.000339202 -0.892016 7.97638 1.73549 -0.281005 13.5847
internal_weight=8064 7254 810 384 6859 426
internal_count=8064 7254 810 384 6859 426
is_linear=0
shrinkage=0.05


Tree=28
num_leaves=7
num_cat=0
split_feature=2 3 3 0 3 8
split_gain=2.11467e+07 2.30057e+07 2.27226e+07 1.7325e+07 1.51469e+07 7.39296e+06
threshold=48.267985714285892 -36.135331597222141 -234.57773298611093 6990.0265000000009 18.378788541666385 15.000000000000002
decision_type=2 2 2 2 2 2
left_child=3 2 -2 -1 -3 -5
right_child=1 4 -4 5 -6 -7
leaf_value=-0.35937651461691716 9.3731193653502309 20.441825381375601 -6.3324132805220099 -1.6897579892004952 6.1784406144110884 -11.533847423824696
leaf_weight=5360 363 268 626 294 609 544
leaf_count=5360 363 268 626 294 609 544
internal_value=-0.000241888 4.66475 -0.56425 -1.40523 10.5555 -8.08632
internal_weight=8064 1866 989 6198 877 838
internal_count=8064 1866 989 6198 877 838
is_linear=0
shrinkage=0.05


Tree=29
num_leaves=7
num_cat=0
split_feature=2 1 2 8 3 5
split_gain=1.98019e+07 1.7362e+07 9.17103e+06 8.65937e+06 1.17134e+07 1.86722e+06
threshold=414.44115714285778 1133.5123500000007 -413.64374999999967 15.666666666666668 -56.162956249999972 -0.87651811848132988
decision_type=2 2 2 2 2 2
left_child=1 2 -1 5 -5 -2
right_child=3 -3 -4 4 -6 -7
leaf_value=-8.0037028806094845 17.555733589619898 -17.237102435854002 0.035712166384361303 -6.1843769168311908 12.973743642825788 9.8484099085757286
leaf_weight=373 178 155 6888 175 145 150
leaf_count=373 178 155 6888 175 145 150
internal_value=-0.000130105 -0.732958 -0.378321 8.37489 2.51002 14.0717
internal_weight=8064 7416 7261 648 320 328
internal_count=8064 7416 7261 648 320 328
is_linear=0
shrinkage=0.05


Tree=30
num_leaves=4
num_cat=0
split_feature=2 1 2
split_gain=1.82627e+07 1.63757e+07 9.20601e+06
threshold=882.13012142857008 1133.5123500000007 -66.794678571428534
decision_type=2 2 2
left_child=1 2 -1
right_child=-2 -3 -4
leaf_value=-3.4336236175000483 16.566220167004989 -16.380771838548856 0.85097944242570611
leaf_weight=1572 162 155 6175
leaf_count=1572 162 155 6175
internal_value=-6.78777e-05 -0.341749 -0.0187714
internal_weight=8064 7902 7747
internal_count=8064 7902 7747
is_linear=0
shrinkage=0.05


Tree=31
num_leaves=7
num_cat=0
split_feature=2 3 3 3 0 2
split_gain=1.69959e+07 2.10409e+07 2.09662e+07 1.42346e+07 1.32852e+07 6.85188e+06
threshold=118.78392857142855 -36.135331597222141 -234.57773298611093 18.378788541666385 8556.5232000000015 -467.76721428571449
decision_type=2 2 2 2 2 2
left_child=4 2 -2 -3 5 -1
right_child=1 3 -4 -5 -6 -7
leaf_value=-8.8916355421797189 9.4375862491003311 22.033064287025219 -6.7157033341437469 6.4287410174115038 -12.736190256690175 -0.34538784272807366
leaf_weight=243 324 210 525 480 236 6046
leaf_count=243 324 210 525 480 236 6046
internal_value=-7.934e-05 4.72465 -0.547346 11.2029 -1.11502 -0.676967
internal_weight=8064 1539 849 690 6525 6289
internal_count=8064 1539 849 690 6525 6289
is_linear=0
shrinkage=0.05


Tree=32
num_leaves=4
num_cat=0
split_feature=2 9 2
split_gain=1.60298e+07 1.38479e+07 1.32459e+07
threshold=750.42129285714384 11.833333333333334 -702.21472857142851
decision_type=2 2 2
left_child=1 -1 -3
right_child=-2 2 -4
leaf_value=-15.701549305998046 12.620252176386412 -14.118212929602826 0.20318616931967481
leaf_weight=144 243 164 7513
leaf_count=144 243 164 7513
internal_value=-1.82735e-05 -0.393696 -0.104554
internal_weight=8064 7821 7677
internal_count=8064 7821 7677
is_linear=0
shrinkage=0.05


Tree=33
num_leaves=7
num_cat=0
split_feature=2 8 3 0 8 5
split_gain=1.48556e+07 2.02547e+07 1.52761e+07 1.22125e+07 7.13068e+06 5.26133e+06
threshold=48.267985714285892 15.666666666666668 -56.162956249999972 7323.0229500000014 15.000000000000002 -0.80625269229011354
decision_type=2 2 2 2 2 2
left_child=3 5 -3 -1 -5 -2
right_child=1 2 -4 4 -6 -7
leaf_value=-0.35931029292700573 12.211152591301939 -9.3985053941686321 4.3958178736426143 -0.805732900681703 -10.957597680290966 5.1430766166408795
leaf_weight=5457 494 377 427 275 466 568
leaf_count=5457 494 377 427 275 466 568
internal_value=-0.000122732 3.90986 -2.07606 -1.17772 -7.1962 8.43926
internal_weight=8064 1866 804 6198 741 1062
internal_count=8064 1866 804 6198 741 1062
is_linear=0
shrinkage=0.05


Tree=34
num_leaves=4
num_cat=0
split_feature=2 1 2
split_gain=1.45643e+07 1.27931e+07 7.11376e+06
threshold=882.13012142857008 1133.5123500000007 -617.1454785714285
decision_type=2 2 2
left_child=1 2 -1
right_child=-2 -3 -4
leaf_value=-10.25890557952674 14.793986509255838 -14.481653903386533 0.2043739468358827
leaf_weight=165 162 155 7582
leaf_count=165 162 155 7582
internal_value=-0.000115176 -0.305245 -0.0197742
internal_weight=8064 7902 7747
internal_count=8064 7902 7747
is_linear=0
shrinkage=0.05


Tree=35
num_leaves=7
num_cat=0
split_feature=2 0 8 3 8 5
split_gain=1.33767e+07 1.12324e+07 7.16629e+06 9.67037e+06 6.47478e+06 1.37624e+06
threshold=414.44115714285778 8556.5232000000015 15.666666666666668 -56.162956249999972 15.666666666666668 -0.87651811848132988
decision_type=2 2 2 2 2 2
left_child=1 4 5 -4 -1 -2
right_child=2 -3 3 -5 -6 -7
leaf_value=0.8043136574975327 15.056339044277895 -11.288987031428753 -6.3464908049865203 11.05988388709622 -2.389947773857847 8.4398027587410631
leaf_weight=4814 178 237 175 145 2365 150
leaf_count=4814 178 237 175 145 2365 150
internal_value=-0.00016981 -0.602484 6.88329 1.55066 -0.248168 12.0653
internal_weight=8064 7416 648 320 7179 328
internal_count=8064 7416 648 320 7179 328
is_linear=0
shrinkage=0.05


Tree=36
num_leaves=4
num_cat=0
split_feature=9 2 2
split_gain=1.29451e+07 1.22181e+07 1.02161e+07
threshold=11.833333333333334 882.13012142857008 -702.21472857142851
decision_type=2 2 2
left_child=-1 2 -2
right_child=1 -3 -4
leaf_value=-14.804745223645506 -12.3221470525048 13.818566720946436 0.25370397895052194
leaf_weight=144 164 162 7594
leaf_count=144 164 162 7594
internal_value=-6.624e-05 0.270945 -0.0136967
internal_weight=8064 7920 7758
internal_count=8064 7920 7758
is_linear=0
shrinkage=0.05


Tree=37
num_leaves=7
num_cat=0
split_feature=2 3 3 0 8 3
split_gain=1.17624e+07 1.85977e+07 2.56568e+07 9.44478e+06 6.39398e+06 6.37061e+06
threshold=48.267985714285892 -63.778837500000456 -129.91530763888861 7323.0229500000014 15.000000000000002 18.378788541666385
decision_type=2 2 2 2 2 2
left_child=3 2 -2 -1 -5 -3
right_child=1 5 -4 4 -6 -7
leaf_value=-0.32827025098668483 2.5647537046138891 12.774908477626742 -18.591090046512626 -0.29119607253351071 -9.9024895612573225 4.7342243165855651
leaf_weight=5457 660 415 182 275 466 609
leaf_count=5457 660 415 182 275 466 609
internal_value=-0.000143867 3.47904 -2.02475 -1.048 -6.34074 8.00218
internal_weight=8064 1866 842 6198 741 1024
internal_count=8064 1866 842 6198 741 1024
is_linear=0
shrinkage=0.05


Tree=38
num_leaves=4
num_cat=0
split_feature=9 2 2
split_gain=1.17002e+07 1.08067e+07 8.89725e+06
threshold=11.833333333333334 882.13012142857008 -702.21472857142851
decision_type=2 2 2
left_child=-1 2 -2
right_child=1 -3 -4
leaf_value=-14.075047197074728 -11.496768205093616 12.998561700575193 0.23930596234243173
leaf_weight=144 164 162 7594
leaf_count=144 164 162 7594
internal_value=-0.000192716 0.257458 -0.0102382
internal_weight=8064 7920 7758
internal_count=8064 7920 7758
is_linear=0
shrinkage=0.05


Tree=39
num_leaves=5
num_cat=0
split_feature=9 2 8 2
split_gain=1.0567e+07 1.03379e+07 2.00106e+07 6.88226e+06
threshold=11.833333333333334 0.80242857142857138 15.666666666666668 -702.21472857142851
decision_type=2 2 2 2
left_child=-1 3 -3 -2
right_child=1 2 -4 -5
leaf_value=-13.376148289647597 -10.925413559928085 7.4267929879560057 -2.2787920584423653 -0.56422042463490107
leaf_weight=144 164 1217 941 5598
leaf_count=144 164 1217 941 5598
internal_value=-0.000259536 0.244596 3.19556 -0.860969
internal_weight=8064 7920 2158 5762
internal_count=8064 7920 2158 5762
is_linear=0
shrinkage=0.05


Tree=40
num_leaves=5
num_cat=0
split_feature=2 1 3 6
split_gain=1.00962e+07 9.11073e+06 5.40407e+06 3.35848e+06
threshold=650.29072142857206 1133.5123500000007 -36.135331597222141 -0.043577871373828972
decision_type=2 2 2 2
left_child=1 2 -1 -2
right_child=3 -3 -4 -5
leaf_value=-1.8675554240328502 14.162174627604902 -12.32372728723746 0.90030477488575311 3.9296317041593762
leaf_weight=2787 148 155 4798 176
leaf_count=2787 148 155 4798 176
internal_value=-0.00036882 -0.362832 -0.116818 8.63295
internal_weight=8064 7740 7585 324
internal_count=8064 7740 7585 324
is_linear=0
shrinkage=0.05


Tree=41
num_leaves=6
num_cat=0
split_feature=2 2 1 8 3
split_gain=9.72867e+06 8.06022e+06 5.10249e+06 4.88138e+06 4.87941e+06
threshold=-66.794678571428534 882.13012142857008 -123.78909999999995 15.666666666666668 177.11939479166656
decision_type=2 2 2 2 2
left_child=2 3 -1 -2 -4
right_child=1 -3 4 -5 -6
leaf_value=-11.870760169981411 1.6626697584907906 11.878676893886613 -0.93186928853516582 -1.2677005057435666 -7.5622032927963225
leaf_weight=158 3971 162 1201 2212 360
leaf_count=158 3971 162 1201 2212 360
internal_value=-0.000320613 0.903707 -3.33576 0.614279 -2.46483
internal_weight=8064 6345 1719 6183 1561
internal_count=8064 6345 1719 6183 1561
is_linear=0
shrinkage=0.05


Tree=42
num_leaves=5
num_cat=0
split_feature=9 2 3 2
split_gain=9.62385e+06 8.61428e+06 1.8396e+07 5.7361e+06
threshold=11.833333333333334 0.80242857142857138 -36.135331597222141 -702.21472857142851
decision_type=2 2 2 2
left_child=-1 3 -3 -2
right_child=1 2 -4 -5
leaf_value=-12.765370067563552 -9.9641252956968369 -1.5335390548089198 7.7013292815375536 -0.50496965668633764
leaf_weight=144 164 1116 1042 5598
leaf_count=144 164 1116 1042 5598
internal_value=-0.000354758 0.233319 2.92706 -0.775882
internal_weight=8064 7920 2158 5762
internal_count=8064 7920 2158 5762
is_linear=0
shrinkage=0.05


Tree=43
num_leaves=4
num_cat=0
split_feature=9 2 8
split_gain=8.69168e+06 8.1151e+06 7.63963e+06
threshold=11.833333333333334 882.13012142857008 15.666666666666668
decision_type=2 2 2
left_child=-1 2 -2
right_child=1 -3 -4
leaf_value=-12.131503361011374 1.1148865257283744 11.262613037649109 -2.1976433236835944
leaf_weight=144 5123 162 2635
leaf_count=144 5123 162 2635
internal_value=-0.000442815 0.221626 -0.0103505
internal_weight=8064 7920 7758
internal_count=8064 7920 7758
is_linear=0
shrinkage=0.05


Tree=44
num_leaves=5
num_cat=0
split_feature=0 1 8 3
split_gain=8.64782e+06 7.62975e+06 5.45523e+06 1.80814e+06
threshold=8276.0444000000025 -1210.2279499999997 15.666666666666668 28.185476388888905
decision_type=2 2 2 2
left_child=1 -1 -3 -2
right_child=3 2 -4 -5
leaf_value=11.107319518298279 -2.7378137611363034 1.1170513892048279 -1.7185411347649198 -9.7756880754018685
leaf_weight=161 145 4921 2587 250
leaf_count=161 145 4921 2587 250
internal_value=-0.000432768 0.371568 0.139904 -7.2056
internal_weight=8064 7669 7508 395
internal_count=8064 7669 7508 395
is_linear=0
shrinkage=0.05


Tree=45
num_leaves=6
num_cat=0
split_feature=2 2 1 3 3
split_gain=8.04034e+06 6.19778e+06 4.64204e+06 4.3302e+06 4.30776e+06
threshold=-66.794678571428534 882.13012142857008 -123.78909999999995 -63.778837500000456 177.11939479166656
decision_type=2 2 2 2 2
left_child=2 3 -1 -2 -4
right_child=1 -3 4 -5 -6
leaf_value=-11.173219551380326 -1.2957871183727856 10.445262804298315 -0.7618183176958323 1.506896345694468 -6.9915166750674107
leaf_weight=158 2072 162 1201 4111 360
leaf_count=158 2072 162 1201 4111 360
internal_value=-0.000423575 0.821426 -3.03267 0.567625 -2.20208
internal_weight=8064 6345 1719 6183 1561
internal_count=8064 6345 1719 6183 1561
is_linear=0
shrinkage=0.05


Tree=46
num_leaves=5
num_cat=0
split_feature=9 2 3 2
split_gain=7.93986e+06 7.21367e+06 9.49634e+06 5.1899e+06
threshold=11.833333333333334 273.25526428571453 -63.778837500000456 -702.21472857142851
decision_type=2 2 2 2
left_child=-1 3 -3 -2
right_child=1 2 -4 -5
leaf_value=-11.5949887499316 -9.1120169821652492 -0.43095434992336767 9.5032955445218512 -0.13729112686051378
leaf_weight=144 164 509 455 6792
leaf_count=144 164 509 455 6792
internal_value=-0.000453657 0.211793 4.26292 -0.350166
internal_weight=8064 7920 964 6956
internal_count=8064 7920 964 6956
is_linear=0
shrinkage=0.05


Tree=47
num_leaves=5
num_cat=0
split_feature=0 1 8 3
split_gain=7.21871e+06 6.53356e+06 5.0592e+06 1.61079e+06
threshold=8276.0444000000025 -1210.2279499999997 15.666666666666668 28.185476388888905
decision_type=2 2 2 2
left_child=1 -1 -3 -2
right_child=3 2 -4 -5
leaf_value=10.274007705700251 -2.3685752630233767 1.0660076797135669 -1.6647197646548084 -9.0089118533756629
leaf_weight=161 145 4921 2587 250
leaf_count=161 145 4921 2587 250
internal_value=-0.000503976 0.339372 0.124996 -6.58346
internal_weight=8064 7669 7508 395
internal_count=8064 7669 7508 395
is_linear=0
shrinkage=0.05


Tree=48
num_leaves=5
num_cat=0
split_feature=9 2 8 1
split_gain=7.20897e+06 6.52482e+06 1.63388e+07 4.99145e+06
threshold=11.833333333333334 0.80242857142857138 15.666666666666668 -234.87309999999977
decision_type=2 2 2 2
left_child=-1 3 -3 -2
right_child=1 2 -4 -5
leaf_value=-11.04848375854821 -9.4409492528891263 6.3696031633269028 -2.4002590527943872 -0.42942898898781517
leaf_weight=144 157 1217 941 5605
leaf_count=144 157 1217 941 5605
internal_value=-0.000489326 0.201753 2.54615 -0.676566
internal_weight=8064 7920 2158 5762
internal_count=8064 7920 2158 5762
is_linear=0
shrinkage=0.05


Tree=49
num_leaves=5
num_cat=0
split_feature=1 2 3 3
split_gain=6.69864e+06 5.9133e+06 4.4291e+06 3.77927e+06
threshold=1133.5123500000007 581.17097857142846 -63.778837500000456 -36.135331597222141
decision_type=2 2 2 2
left_child=1 3 -3 -1
right_child=-2 2 -4 -5
leaf_value=-1.5967217496590154 -10.260870638260476 1.9453140960984023 12.691327671744887 0.73401897133628047
leaf_weight=2737 155 250 155 4767
leaf_count=2737 155 250 155 4767
internal_value=-0.000569939 0.201782 6.07912 -0.116192
internal_weight=8064 7909 405 7504
internal_count=8064 7909 405 7504
is_linear=0
shrinkage=0.05


Tree=50
num_leaves=5
num_cat=0
split_feature=9 2 3 1
split_gain=6.52304e+06 5.67755e+06 1.5738e+07 4.48742e+06
threshold=11.833333333333334 0.80242857142857138 -36.135331597222141 -234.87309999999977
decision_type=2 2 2 2
left_child=-1 3 -3 -2
right_child=1 2 -4 -5
leaf_value=-10.5097777909246 -8.9375507293999945 -1.7467877901443545 6.7947101812177513 -0.39312541077522845
leaf_weight=144 157 1116 1042 5605
leaf_count=144 157 1116 1042 5605
internal_value=-0.000519664 0.19186 2.37875 -0.62745
internal_weight=8064 7920 2158 5762
internal_count=8064 7920 2158 5762
is_linear=0
shrinkage=0.05


Tree=51
num_leaves=4
num_cat=0
split_feature=0 2 8
split_gain=6.12372e+06 5.41429e+06 5.27036e+06
threshold=8556.5232000000015 882.13012142857008 15.666666666666668
decision_type=2 2 2
left_child=1 2 -1
right_child=-2 -3 -4
leaf_value=0.98282034611432056 -7.901650305856176 9.2569624338778986 -1.7902152182689257
leaf_weight=5081 237 162 2584
leaf_count=5081 237 162 2584
internal_value=-0.000585398 0.239636 0.047872
internal_weight=8064 7827 7665
internal_count=8064 7827 7665
is_linear=0
shrinkage=0.05


Tree=52
num_leaves=5
num_cat=0
split_feature=9 2 3 2
split_gain=5.89461e+06 5.15397e+06 7.87421e+06 4.04433e+06
threshold=11.833333333333334 273.25526428571453 -63.778837500000456 -702.21472857142851
decision_type=2 2 2 2
left_child=-1 3 -3 -2
right_child=1 2 -4 -5
leaf_value=-9.9907610561107774 -8.0273107183702077 -0.6671119148401069 8.3784994545866525 -0.1047636967114209
leaf_weight=144 164 509 455 6792
leaf_count=144 164 509 455 6792
internal_value=-0.000552726 0.182326 3.6066 -0.292679
internal_weight=8064 7920 964 6956
internal_count=8064 7920 964 6956
is_linear=0
shrinkage=0.05


Tree=53
num_leaves=6
num_cat=0
split_feature=2 2 1 3 3
split_gain=5.59221e+06 4.29568e+06 3.74113e+06 3.70537e+06 3.2289e+06
threshold=-66.794678571428534 882.13012142857008 -123.78909999999995 177.11939479166656 -63.778837500000456
decision_type=2 2 2 2 2
left_child=2 4 -1 -4 -2
right_child=1 -3 3 -5 -6
leaf_value=-9.8371671231287845 -1.135573659070414 8.6969180683782508 -0.44838905610925145 -6.2258118004019574 1.2846017655477748
leaf_weight=158 2072 162 1201 360 4111
leaf_count=158 2072 162 1201 360 4111
internal_value=-0.00058963 0.684815 -2.52941 -1.78392 0.473518
internal_weight=8064 6345 1719 1561 6183
internal_count=8064 6345 1719 1561 6183
is_linear=0
shrinkage=0.05


Tree=54
num_leaves=5
num_cat=0
split_feature=9 8 2 0
split_gain=5.36063e+06 5.01795e+06 1.39201e+07 1.20879e+07
threshold=11.833333333333334 15.666666666666668 9.6621357142860251 5735.3891000000012
decision_type=2 2 2 2
left_child=-1 2 -2 -3
right_child=1 3 -4 -5
leaf_value=-9.5275775133741316 -0.30421685012109267 0.28291934852099365 5.9085207752011426 -7.5546669116750671
leaf_weight=144 4023 2094 1161 642
leaf_count=144 4023 2094 1161 642
internal_value=-0.000607687 0.173791 1.08805 -1.55825
internal_weight=8064 7920 5184 2736
internal_count=8064 7920 5184 2736
is_linear=0
shrinkage=0.05


Tree=55
num_leaves=5
num_cat=0
split_feature=1 2 3 6
split_gain=5.14998e+06 4.40256e+06 3.57236e+06 3.17785e+06
threshold=1133.5123500000007 650.29072142857206 -63.778837500000456 -0.043577871373828972
decision_type=2 2 2 2
left_child=1 2 -1 -3
right_child=-2 3 -4 -5
leaf_value=-1.7425851116586646 -8.9970684160024685 11.249520552718401 0.63530272845201496 1.318255649852214
leaf_weight=2241 155 148 5344 176
leaf_count=2241 155 148 5344 176
internal_value=-0.000646695 0.17678 -0.067385 5.87541
internal_weight=8064 7909 7585 324
internal_count=8064 7909 7585 324
is_linear=0
shrinkage=0.05


Tree=56
num_leaves=5
num_cat=0
split_feature=9 8 2 0
split_gain=4.85033e+06 4.52618e+06 1.24587e+07 1.0926e+07
threshold=11.833333333333334 15.666666666666668 9.6621357142860251 5735.3891000000012
decision_type=2 2 2 2
left_child=-1 2 -2 -3
right_child=1 3 -4 -5
leaf_value=-9.0627794919342843 -0.28356327035808732 0.27074974292004594 5.5940182326839221 -7.1806219340714854
leaf_weight=144 4023 2094 1161 642
leaf_count=144 4023 2094 1161 642
internal_value=-0.000599086 0.165291 1.0336 -1.47969
internal_weight=8064 7920 5184 2736
internal_count=8064 7920 5184 2736
is_linear=0
shrinkage=0.05


Tree=57
num_leaves=6
num_cat=0
split_feature=0 3 3 1 8
split_gain=4.69406e+06 1.22895e+07 2.20515e+07 5.46634e+06 2.85838e+06
threshold=7835.9059500000012 -36.135331597222141 18.378788541666385 -1210.2279499999997 15.666666666666668
decision_type=2 2 2 2 2
left_child=3 -2 -3 -1 -5
right_child=1 2 -4 4 -6
leaf_value=9.6344529008636108 -16.53877746632557 15.237230408713224 -6.7024923648343195 0.90409418932567043 -1.1853624841925319
leaf_weight=155 150 159 402 4683 2515
leaf_count=155 150 159 402 4683 2515
internal_value=-0.00063523 -3.87711 -0.468234 0.374678 0.173969
internal_weight=8064 711 561 7353 7198
internal_count=8064 711 561 7353 7198
is_linear=0
shrinkage=0.05


Tree=58
num_leaves=4
num_cat=0
split_feature=9 2 8
split_gain=4.55362e+06 3.91074e+06 3.85781e+06
threshold=11.833333333333334 882.13012142857008 15.666666666666668
decision_type=2 2 2
left_child=-1 2 -2
right_child=1 -3 -4
leaf_value=-8.7812201864966024 0.79871230694093831 7.8247618733739559 -1.5552202964357027
leaf_weight=144 5123 162 2635
leaf_count=144 5123 162 2635
internal_value=-0.000595113 0.160141 -0.000896873
internal_weight=8064 7920 7758
internal_count=8064 7920 7758
is_linear=0
shrinkage=0.05


Tree=59
num_leaves=5
num_cat=0
split_feature=0 1 8 3
split_gain=4.30618e+06 4.04737e+06 2.77908e+06 1.35936e+06
threshold=8276.0444000000025 -1210.2279499999997 15.666666666666668 28.185476388888905
decision_type=2 2 2 2
left_child=1 -1 -3 -2
right_child=3 2 -4 -5
leaf_value=8.0811470873285955 -1.2213933618101356 0.79063710608909021 -1.2332570040230015 -7.312009597489558
leaf_weight=161 145 4921 2587 250
leaf_count=161 145 4921 2587 250
internal_value=-0.000575983 0.261929 0.0932011 -5.08494
internal_weight=8064 7669 7508 395
internal_count=8064 7669 7508 395
is_linear=0
shrinkage=0.05


Tree=60
num_leaves=5
num_cat=0
split_feature=9 2 3 2
split_gain=4.1377e+06 3.53155e+06 7.39485e+06 2.92674e+06
threshold=11.833333333333334 273.25526428571453 -63.778837500000456 -702.21472857142851
decision_type=2 2 2 2
left_child=-1 3 -3 -2
right_child=1 2 -4 -5
leaf_value=-8.3705702877866823 -6.8202561695647965 -1.1534983019092504 7.6116744667160932 -0.080674569046567113
leaf_weight=144 164 509 455 6792
leaf_count=144 164 509 455 6792
internal_value=-0.000552744 0.152667 2.98719 -0.24053
internal_weight=8064 7920 964 6956
internal_count=8064 7920 964 6956
is_linear=0
shrinkage=0.05


Tree=61
num_leaves=6
num_cat=0
split_feature=2 1 3 2 3
split_gain=3.9057e+06 3.24898e+06 3.13185e+06 2.91873e+06 2.68431e+06
threshold=-66.794678571428534 -123.78909999999995 177.11939479166656 882.13012142857008 -63.778837500000456
decision_type=2 2 2 2 2
left_child=1 -1 -3 4 -2
right_child=3 2 -4 -5 -6
leaf_value=-8.9237757662932093 -1.0690742896142871 -0.19177599443237417 -5.5030619220694632 7.176530288041004 1.1375830649902432
leaf_weight=158 2072 1201 360 162 4111
leaf_count=158 2072 1201 360 162 4111
internal_value=-0.000579721 -2.11395 -1.41941 0.572223 0.398052
internal_weight=8064 1719 1561 6345 6183
internal_count=8064 1719 1561 6345 6183
is_linear=0
shrinkage=0.05


Tree=62
num_leaves=5
num_cat=0
split_feature=9 8 2 0
split_gain=3.76581e+06 3.27269e+06 1.04605e+07 1.01588e+07
threshold=11.833333333333334 15.666666666666668 9.6621357142860251 3041.6387500000005
decision_type=2 2 2 2
left_child=-1 2 -2 -3
right_child=1 3 -4 -5
leaf_value=-7.9856189035341663 -0.32298644057737258 1.1922651586088691 5.062658695580371 -5.0467186431293722
leaf_weight=144 4023 1664 1161 1072
leaf_count=144 4023 1664 1161 1072
internal_value=-0.000596452 0.145576 0.883917 -1.2532
internal_weight=8064 7920 5184 2736
internal_count=8064 7920 5184 2736
is_linear=0
shrinkage=0.05


Tree=63
num_leaves=5
num_cat=0
split_feature=1 2 3 3
split_gain=3.63057e+06 3.08324e+06 3.60691e+06 2.50008e+06
threshold=1133.5123500000007 581.17097857142846 -56.162956249999972 -36.135331597222141
decision_type=2 2 2 2
left_child=1 3 -3 -1
right_child=-2 2 -4 -5
leaf_value=-1.2854230969131994 -7.554213907168462 0.81958828441884979 10.614871473731222 0.61026564956886453
leaf_weight=2737 155 258 147 4767
leaf_count=2737 155 258 147 4767
internal_value=-0.000610645 0.148361 4.3923 -0.0812447
internal_weight=8064 7909 405 7504
internal_count=8064 7909 405 7504
is_linear=0
shrinkage=0.05


Tree=64
num_leaves=7
num_cat=0
split_feature=0 3 3 1 3 3
split_gain=3.51439e+06 1.14257e+07 1.95706e+07 4.05542e+06 3.78037e+06 1.70664e+06
threshold=7835.9059500000012 -36.135331597222141 18.378788541666385 -560.2240500000006 -260.26118055555565 231.31819826388849
decision_type=2 2 2 2 2 2
left_child=3 -2 -3 4 -1 -5
right_child=1 2 -4 5 -6 -7
leaf_value=10.004401694199977 -15.563315943534802 14.726415144474013 -5.9423022087376856 -0.24934108259198645 1.4696017055237331 2.7344709981742508
leaf_weight=194 150 159 402 6252 389 518
leaf_count=194 150 159 402 6252 389 518
internal_value=-0.000560251 -3.35475 -0.0685434 0.324186 4.32192 -0.0206675
internal_weight=8064 711 561 7353 583 6770
internal_count=8064 711 561 7353 583 6770
is_linear=0
shrinkage=0.05


Tree=65
num_leaves=5
num_cat=0
split_feature=9 8 0 2
split_gain=3.52275e+06 3.01811e+06 9.33242e+06 9.17968e+06
threshold=11.833333333333334 15.666666666666668 3041.6387500000005 9.6621357142860251
decision_type=2 2 2 2
left_child=-1 3 -3 -2
right_child=1 2 -4 -5
leaf_value=-7.7235202130778084 -0.28067499662547651 1.141512912297034 -4.8383382274367381 4.7644844718008157
leaf_weight=144 4023 1664 1072 1161
leaf_count=144 4023 1664 1072 1161
internal_value=-0.000487735 0.140888 -1.20238 0.849931
internal_weight=8064 7920 2736 5184
internal_count=8064 7920 2736 5184
is_linear=0
shrinkage=0.05


Tree=66
num_leaves=5
num_cat=0
split_feature=9 3 3 2
split_gain=3.18155e+06 2.73521e+06 2.08536e+07 1.26909e+07
threshold=11.833333333333334 -63.778837500000456 -76.699559375000248 99.202457142857398
decision_type=2 2 2 2
left_child=-1 2 -2 -3
right_child=1 3 -4 -5
leaf_value=-7.3400074061032008 0.43241985882393252 -0.26767099810202227 -13.868824147765611 6.4217906850498068
leaf_weight=144 2160 4636 288 836
leaf_count=144 2160 4636 288 836
internal_value=-0.00050633 0.133849 -1.25506 0.755317
internal_weight=8064 7920 2448 5472
internal_count=8064 7920 2448 5472
is_linear=0
shrinkage=0.05


Tree=67
num_leaves=6
num_cat=0
split_feature=0 3 3 1 5
split_gain=3.12082e+06 1.03216e+07 1.7885e+07 3.57132e+06 1.8197e+06
threshold=7835.9059500000012 -36.135331597222141 18.378788541666385 -1210.2279499999997 -0.97111091670450067
decision_type=2 2 2 2 2
left_child=3 -2 -3 -1 -5
right_child=1 2 -4 4 -6
leaf_value=7.7900146306325233 -14.765057873567997 14.105391680449248 -5.6531876557518181 5.574206013079511 0.02686023880707903
leaf_weight=155 150 159 402 150 7048
leaf_count=155 150 159 402 150 7048
internal_value=-0.000571665 -3.16137 -0.0380284 0.305451 0.14322
internal_weight=8064 711 561 7353 7198
internal_count=8064 711 561 7353 7198
is_linear=0
shrinkage=0.05


Tree=68
num_leaves=5
num_cat=0
split_feature=9 8 0 2
split_gain=2.97541e+06 2.6092e+06 8.86232e+06 7.69188e+06
threshold=11.833333333333334 15.666666666666668 5735.3891000000012 9.6621357142860251
decision_type=2 2 2 2
left_child=-1 3 -3 -2
right_child=1 2 -4 -5
leaf_value=-7.0982385928877463 -0.24624561255105271 0.45686402546335236 -6.2539514419728457 4.3720063978527222
leaf_weight=144 4023 2094 642 1161
leaf_count=144 4023 2094 642 1161
internal_value=-0.000499213 0.12943 -1.11953 0.788694
internal_weight=8064 7920 2736 5184
internal_count=8064 7920 2736 5184
is_linear=0
shrinkage=0.05


Tree=69
num_leaves=4
num_cat=0
split_feature=0 2 8
split_gain=2.79959e+06 2.44042e+06 2.34342e+06
threshold=8730.8118000000013 882.13012142857008 15.666666666666668
decision_type=2 2 2
left_child=1 2 -1
right_child=-2 -3 -4
leaf_value=0.62247221253414087 -6.5694741767907292 6.1861567621125033 -1.219023460219695
leaf_weight=5144 158 162 2600
leaf_count=5144 158 162 2600
internal_value=-0.000528621 0.131565 0.00412389
internal_weight=8064 7906 7744
internal_count=8064 7906 7744
is_linear=0
shrinkage=0.05


Tree=70
num_leaves=5
num_cat=0
split_feature=9 3 3 2
split_gain=2.6921e+06 2.51695e+06 1.83831e+07 1.09714e+07
threshold=11.833333333333334 -63.778837500000456 -76.699559375000248 99.202457142857398
decision_type=2 2 2 2
left_child=-1 2 -2 -3
right_child=1 3 -4 -5
leaf_value=-6.7518835293013471 0.37512715751480197 -0.23192745475421855 -13.052295887275603 5.987855830834901
leaf_weight=144 2160 4636 288 836
leaf_count=144 2160 4636 288 836
internal_value=-0.00050826 0.123081 -1.20925 0.719238
internal_weight=8064 7920 2448 5472
internal_count=8064 7920 2448 5472
is_linear=0
shrinkage=0.05


Tree=71
num_leaves=5
num_cat=0
split_feature=1 3 0 2
split_gain=2.6684e+06 2.27134e+06 1.12284e+07 1.01272e+07
threshold=1133.5123500000007 -36.135331597222141 7835.9059500000012 99.202457142857398
decision_type=2 2 2 2
left_child=1 2 -1 -3
right_child=-2 3 -4 -5
leaf_value=-0.2563047470019712 -6.4763456176488834 -0.15936490052868271 -14.333590128437786 6.2293198957610034
leaf_weight=2873 155 4160 148 728
leaf_count=2873 155 4160 148 728
internal_value=-0.000567618 0.127147 -0.950471 0.793221
internal_weight=8064 7909 3021 4888
internal_count=8064 7909 3021 4888
is_linear=0
shrinkage=0.05


Tree=72
num_leaves=5
num_cat=0
split_feature=9 3 3 3
split_gain=2.45384e+06 2.2418e+06 1.45193e+07 3.41908e+06
threshold=11.833333333333334 11.984679861111092 -36.135331597222141 80.665375000000282
decision_type=2 2 2 2
left_child=-1 2 -2 -3
right_child=1 3 -4 -5
leaf_value=-6.4463280966364112 -0.90621622808782143 -3.0361302502136698 5.6878817566378892 0.23658057512651529
leaf_weight=144 3024 1152 1152 2592
leaf_count=144 3024 1152 1152 2592
internal_value=-0.000632207 0.117361 0.913772 -0.770949
internal_weight=8064 7920 4176 3744
internal_count=8064 7920 4176 3744
is_linear=0
shrinkage=0.05


Tree=73
num_leaves=4
num_cat=0
split_feature=1 2 3
split_gain=2.39791e+06 2.12163e+06 2.18507e+06
threshold=1133.5123500000007 882.13012142857008 -63.778837500000456
decision_type=2 2 2
left_child=1 2 -1
right_child=-2 -3 -4
leaf_value=-1.2772170536251997 -6.139424700156237 5.7657793965076385 0.55288751616430776
leaf_weight=2333 155 162 5414
leaf_count=2333 155 162 5414
internal_value=-0.00062826 0.12044 0.00165995
internal_weight=8064 7909 7747
internal_count=8064 7909 7747
is_linear=0
shrinkage=0.05


Tree=74
num_leaves=6
num_cat=0
split_feature=0 3 3 1 5
split_gain=2.27025e+06 8.37358e+06 1.56859e+07 2.93833e+06 1.5101e+06
threshold=7835.9059500000012 -36.135331597222141 18.378788541666385 -1210.2279499999997 -0.97111091670450067
decision_type=2 2 2 2 2
left_child=3 -2 -3 -1 -5
right_child=1 2 -4 4 -6
leaf_value=7.0493522674036333 -13.147977190144017 13.361611356586218 -5.14244212719702 5.0606955784046104 0.0072575380752181009
leaf_weight=155 150 159 402 150 7048
leaf_count=155 150 159 402 150 7048
internal_value=-0.000603663 -2.69648 0.116466 0.260406 0.113255
internal_weight=8064 711 561 7353 7198
internal_count=8064 711 561 7353 7198
is_linear=0
shrinkage=0.05


Tree=75
num_leaves=5
num_cat=0
split_feature=9 8 0 2
split_gain=2.30894e+06 2.06171e+06 8.52408e+06 6.09597e+06
threshold=11.833333333333334 15.666666666666668 3041.6387500000005 9.6621357142860251
decision_type=2 2 2 2
left_child=-1 3 -3 -2
right_child=1 2 -4 -5
leaf_value=-6.2530188501292265 -0.22138255151881139 1.2437191349554348 -4.4712466091049521 3.8899489397756923
leaf_weight=144 4023 1664 1072 1161
leaf_count=144 4023 1664 1072 1161
internal_value=-0.000528916 0.113928 -0.996293 0.699957
internal_weight=8064 7920 2736 5184
internal_count=8064 7920 2736 5184
is_linear=0
shrinkage=0.05


Tree=76
num_leaves=5
num_cat=0
split_feature=9 3 3 3
split_gain=2.0853e+06 2.00261e+06 1.31292e+07 3.11305e+06
threshold=11.833333333333334 11.984679861111092 1.0000000180025095e-35 80.665375000000282
decision_type=2 2 2 2
left_child=-1 2 -2 -3
right_child=1 3 -4 -5
leaf_value=-5.9425239589296543 0.096673445317747672 -2.8927833777958174 11.142793675483716 0.23003152978268548
leaf_weight=144 3888 1152 288 2592
leaf_count=144 3888 1152 288 2592
internal_value=-0.000538506 0.108234 0.86096 -0.73135
internal_weight=8064 7920 4176 3744
internal_count=8064 7920 4176 3744
is_linear=0
shrinkage=0.05


Tree=77
num_leaves=7
num_cat=0
split_feature=3 3 5 2 1 5
split_gain=2.04312e+06 6.1195e+06 3.57693e+07 8.44997e+06 4.59256e+06 1.82843e+06
threshold=-234.57773298611093 -63.778837500000456 -0.72219205899833572 99.202457142857398 -697.49875000000009 -0.4026508470528945
decision_type=2 2 2 2 2 2
left_child=4 2 -2 -3 -1 -6
right_child=1 3 -4 -5 5 -7
leaf_value=8.7844692505859747 -17.090262697734726 -0.38070562416348913 1.2610422746016279 5.0022675972522768 -4.1895412241506298 1.635512650970399
leaf_weight=204 350 4756 1090 860 170 634
leaf_count=204 350 4756 1090 860 170 634
internal_value=-0.000495246 -0.301396 -3.20811 0.444354 2.10402 0.400173
internal_weight=8064 7056 1440 5616 1008 804
internal_count=8064 7056 1440 5616 1008 804
is_linear=0
shrinkage=0.05


Tree=78
num_leaves=4
num_cat=0
split_feature=1 2 2
split_gain=1.97515e+06 1.9076e+06 1.61099e+06
threshold=1133.5123500000007 -617.1454785714285 882.13012142857008
decision_type=2 2 2
left_child=1 -1 -3
right_child=-2 2 -4
leaf_value=-5.1940436763217654 -5.5719363573269973 0.11728491477332258 5.1412175533961673
leaf_weight=165 155 7582 162
leaf_count=165 155 7582 162
internal_value=-0.000501346 0.109378 0.223033
internal_weight=8064 7909 7744
internal_count=8064 7909 7744
is_linear=0
shrinkage=0.05


Tree=79
num_leaves=5
num_cat=0
split_feature=9 8 0 2
split_gain=1.8952e+06 1.92813e+06 7.54021e+06 5.28351e+06
threshold=11.833333333333334 15.666666666666668 3041.6387500000005 0.80242857142857138
decision_type=2 2 2 2
left_child=-1 3 -3 -2
right_child=1 2 -4 -5
leaf_value=-5.6651828844793917 -0.21443546455163209 1.1363267905705863 -4.2387219394575402 3.5503936379707506
leaf_weight=144 3967 1664 1072 1217
leaf_count=144 3967 1664 1072 1217
internal_value=-0.000510419 0.103186 -0.970466 0.669913
internal_weight=8064 7920 2736 5184
internal_count=8064 7920 2736 5184
is_linear=0
shrinkage=0.05


Tree=80
num_leaves=7
num_cat=0
split_feature=3 3 5 2 1 5
split_gain=1.76443e+06 5.63675e+06 3.21742e+07 7.4789e+06 4.07856e+06 2.2504e+06
threshold=-234.57773298611093 -63.778837500000456 -0.72219205899833572 118.78392857142855 -621.46274999999957 -0.44218343748786698
decision_type=2 2 2 2 2 2
left_child=4 2 -2 -3 -1 -6
right_child=1 3 -4 -5 5 -7
leaf_value=7.9405624403374961 -16.235906548513647 -0.31382387197518441 1.1687840320886984 4.8769765340811526 -5.3377776065917866 1.5385871829688087
leaf_weight=221 350 4806 1090 810 145 642
leaf_count=221 350 4806 1090 810 145 642
internal_value=-0.000518576 -0.280145 -3.06985 0.435584 1.9552 0.266492
internal_weight=8064 7056 1440 5616 1008 787
internal_count=8064 7056 1440 5616 1008 787
is_linear=0
shrinkage=0.05


Tree=81
num_leaves=5
num_cat=0
split_feature=9 3 3 3
split_gain=1.72451e+06 1.918e+06 1.16182e+07 2.87051e+06
threshold=11.833333333333334 11.984679861111092 -36.135331597222141 67.311164583333735
decision_type=2 2 2 2
left_child=-1 2 -2 -3
right_child=1 3 -4 -5
leaf_value=-5.4040928978755565 -0.7930054429828628 -3.0027561572541894 5.1056368887405092 0.11732743652268651
leaf_weight=144 3024 1008 1152 2736
leaf_count=144 3024 1008 1152 2736
internal_value=-0.000532098 0.0983843 0.835039 -0.723273
internal_weight=8064 7920 4176 3744
internal_count=8064 7920 4176 3744
is_linear=0
shrinkage=0.05


Tree=82
num_leaves=4
num_cat=0
split_feature=1 2 2
split_gain=1.6974e+06 1.63267e+06 1.41913e+06
threshold=1133.5123500000007 -617.1454785714285 882.13012142857008
decision_type=2 2 2
left_child=1 -1 -3
right_child=-2 2 -4
leaf_value=-4.805052226710032 -5.165401507570194 0.10722613649232285 4.8225149935739902
leaf_weight=165 155 7582 162
leaf_count=165 155 7582 162
internal_value=-0.000530139 0.101331 0.206477
internal_weight=8064 7909 7744
internal_count=8064 7909 7744
is_linear=0
shrinkage=0.05


Tree=83
num_leaves=7
num_cat=0
split_feature=3 3 5 2 1 5
split_gain=1.62089e+06 4.95876e+06 2.90664e+07 6.66968e+06 3.59652e+06 2.02912e+06
threshold=-234.57773298611093 -63.778837500000456 -0.72219205899833572 99.202457142857398 -621.46274999999957 -0.44218343748786698
decision_type=2 2 2 2 2 2
left_child=4 2 -2 -3 -1 -6
right_child=1 3 -4 -5 5 -7
leaf_value=7.4944970833825639 -15.399149247103948 -0.33025065779299112 1.1435934978946156 4.4521634529415044 -5.0335483348532897 1.4960130848929079
leaf_weight=221 350 4756 1090 860 145 642
leaf_count=221 350 4756 1090 860 145 642
internal_value=-0.000534881 -0.268546 -2.88511 0.402761 1.87395 0.28812
internal_weight=8064 7056 1440 5616 1008 787
internal_count=8064 7056 1440 5616 1008 787
is_linear=0
shrinkage=0.05


Tree=84
num_leaves=5
num_cat=0
split_feature=9 8 0 2
split_gain=1.56706e+06 1.8078e+06 6.54497e+06 4.50011e+06
threshold=11.833333333333334 15.666666666666668 3041.6387500000005 0.80242857142857138
decision_type=2 2 2 2
left_child=-1 3 -3 -2
right_child=1 2 -4 -5
leaf_value=-5.151528864235714 -0.17365739109227435 1.0169913834123103 -3.9907903119963346 3.3008740924653552
leaf_weight=144 3967 1664 1072 1217
leaf_count=144 3967 1664 1072 1217
internal_value=-0.000546425 0.0937463 -0.945863 0.642506
internal_weight=8064 7920 2736 5184
internal_count=8064 7920 2736 5184
is_linear=0
shrinkage=0.05


Tree=85
num_leaves=5
num_cat=0
split_feature=0 8 0 2
split_gain=1.46749e+06 1.69994e+06 6.18376e+06 3.41499e+06
threshold=8730.8118000000013 15.666666666666668 3041.6387500000005 35.109642857143179
decision_type=2 2 2 2
left_child=1 3 -3 -1
right_child=-2 2 -4 -5
leaf_value=-0.040753687796914559 -4.756482453016365 0.96617235362887743 -3.951113301297374 3.0930879145347308
leaf_weight=4103 158 1664 1037 1102
leaf_count=4103 158 1664 1037 1102
internal_value=-0.000550095 0.0950859 -0.922494 0.623208
internal_weight=8064 7906 2701 5205
internal_count=8064 7906 2701 5205
is_linear=0
shrinkage=0.05


Tree=86
num_leaves=5
num_cat=0
split_feature=2 6 9 8
split_gain=1.49079e+06 3.00375e+06 1.33424e+06 1.41995e+06
threshold=581.17097857142846 -0.1736481776669305 11.833333333333334 15.666666666666668
decision_type=2 2 2 2
left_child=2 -2 -1 -4
right_child=1 -3 3 -5
leaf_value=-4.9077020829299407 8.176394091292126 -0.58604722917693142 0.42104474692616595 -1.0362469274373989
leaf_weight=144 163 242 5007 2508
leaf_count=144 163 242 5007 2508
internal_value=-0.000551655 2.95202 -0.157045 -0.0653741
internal_weight=8064 405 7659 7515
internal_count=8064 405 7659 7515
is_linear=0
shrinkage=0.05


Tree=87
num_leaves=7
num_cat=0
split_feature=3 3 3 3 1 10
split_gain=1.4125e+06 9.90908e+06 2.91006e+06 2.50089e+06 3.45788e+06 3.0423e+06
threshold=-164.13198298611084 -145.22790034722217 -63.778837500000456 -342.2128402777775 -39.852350000000335 0.50526315789473697
decision_type=2 2 2 2 2 2
left_child=3 -2 -3 5 -5 -1
right_child=1 2 -4 4 -6 -7
leaf_value=2.3906307995524898 -13.23607690482304 -2.7195001879282774 0.39591263630933954 5.964797469612118 0.32024605877312995 -7.85682858904888
leaf_weight=144 144 864 5616 436 716 144
leaf_count=144 144 864 5616 436 716 144
internal_value=-0.000511258 -0.309095 -0.0198313 1.41821 2.45987 -2.74256
internal_weight=8064 6624 6480 1440 1152 288
internal_count=8064 6624 6480 1440 1152 288
is_linear=0
shrinkage=0.05


Tree=88
num_leaves=7
num_cat=0
split_feature=3 3 5 5 3 0
split_gain=1.43803e+06 1.12287e+07 1.51229e+07 3.53376e+06 2.63769e+06 5.45874e+06
threshold=11.984679861111092 1.0000000180025095e-35 1.0000000180025095e-35 -0.4026508470528945 67.311164583333735 3428.5895500000001
decision_type=2 2 2 2 2 2
left_child=1 3 -3 -1 5 -2
right_child=4 2 -4 -5 -6 -7
leaf_value=-2.0002525832561733 -0.056253257097346313 21.539791427398551 -1.3270826902574508 1.0681229020410796 0.088103123979624609 -7.6543738885846722
leaf_weight=1484 631 144 144 2548 2736 377
leaf_count=1484 631 144 144 2548 2736 377
internal_value=-0.000577084 0.620947 10.1413 -0.0614257 -0.717695 -2.90278
internal_weight=8064 4320 288 4032 3744 1008
internal_count=8064 4320 288 4032 3744 1008
is_linear=0
shrinkage=0.05


Tree=89
num_leaves=5
num_cat=0
split_feature=1 3 0 5
split_gain=1.3631e+06 1.29708e+06 9.79331e+06 6.34085e+06
threshold=1133.5123500000007 -59.38320069444466 5894.6593000000003 -0.83127174505093859
decision_type=2 2 2 2
left_child=1 2 -1 -3
right_child=-2 3 -4 -5
leaf_value=0.85267437260838597 -4.6288816821880827 4.3681915186295797 -6.4508076066426288 -0.2402710359960151
leaf_weight=1996 155 897 595 4421
leaf_count=1996 155 897 595 4421
internal_value=-0.000475969 0.0908049 -0.826347 0.537725
internal_weight=8064 7909 2591 5318
internal_count=8064 7909 2591 5318
is_linear=0
shrinkage=0.05


Tree=90
num_leaves=5
num_cat=0
split_feature=2 6 9 8
split_gain=1.40074e+06 2.65464e+06 1.2173e+06 1.31277e+06
threshold=581.17097857142846 -0.1736481776669305 11.833333333333334 15.666666666666668
decision_type=2 2 2 2
left_child=2 -2 -1 -4
right_child=1 -3 3 -5
leaf_value=-4.6898873934252512 7.7728953396765199 -0.46492153657561963 0.40307950637487028 -0.99813429644797569
leaf_weight=144 163 242 5007 2508
leaf_count=144 163 242 5007 2508
internal_value=-0.000489963 2.86152 -0.152184 -0.0646217
internal_weight=8064 405 7659 7515
internal_count=8064 405 7659 7515
is_linear=0
shrinkage=0.05


Tree=91
num_leaves=7
num_cat=0
split_feature=3 3 5 0 0 8
split_gain=1.37587e+06 1.00074e+07 1.3485e+07 3.02416e+06 2.44137e+06 1.98907e+06
threshold=11.984679861111092 1.0000000180025095e-35 1.0000000180025095e-35 3428.5895500000001 7835.9059500000012 15.333333333333334
decision_type=2 2 2 2 2 2
left_child=1 3 -3 -1 -2 -6
right_child=4 2 -4 -5 5 -7
leaf_value=1.0110067728362135 -0.25420791245282265 20.358716911180267 -1.2344816570754711 -1.8255339501548133 -0.033732836085594506 -7.1576070114489525
leaf_weight=2543 3335 144 144 1489 162 247
leaf_count=2543 3335 144 144 1489 162 247
internal_value=-0.000452924 0.607491 9.5952 -0.0367082 -0.701902 -4.34289
internal_weight=8064 4320 288 4032 3744 409
internal_count=8064 4320 288 4032 3744 409
is_linear=0
shrinkage=0.05


Tree=92
num_leaves=7
num_cat=0
split_feature=3 3 5 2 1 5
split_gain=1.36332e+06 4.03831e+06 2.44495e+07 5.40434e+06 3.3843e+06 1.57968e+06
threshold=-234.57773298611093 -63.778837500000456 -0.72219205899833572 118.78392857142855 -621.46274999999957 -0.44218343748786698
decision_type=2 2 2 2 2 2
left_child=4 2 -2 -3 -1 -6
right_child=1 3 -4 -5 5 -7
leaf_value=7.1709318975070575 -14.084656908437399 -0.27739485963560612 1.087460297990785 4.1351245830664656 -4.5147996063101781 1.2463970101825188
leaf_weight=221 350 4806 1090 810 145 642
leaf_count=221 350 4806 1090 810 145 642
internal_value=-0.00036293 -0.246159 -2.60742 0.359649 1.71875 0.180549
internal_weight=8064 7056 1440 5616 1008 787
internal_count=8064 7056 1440 5616 1008 787
is_linear=0
shrinkage=0.05


Tree=93
num_leaves=7
num_cat=0
split_feature=3 3 5 6 3 0
split_gain=1.29929e+06 8.9174e+06 1.20421e+07 2.74462e+06 2.4324e+06 5.12708e+06
threshold=11.984679861111092 1.0000000180025095e-35 1.0000000180025095e-35 0.76604444311897846 67.311164583333735 3428.5895500000001
decision_type=2 2 2 2 2 2
left_child=1 3 -3 -1 5 -2
right_child=4 2 -4 -5 -6 -7
leaf_value=0.66568533130319674 -0.02171323747621684 19.245937169338095 -1.1594091872922305 -2.5066739679514609 0.091778794319188894 -7.3853420538877064
leaf_weight=3164 631 144 144 868 2736 377
leaf_count=3164 631 144 144 868 2736 377
internal_value=-0.000377254 0.590405 9.07456 -0.0177053 -0.682025 -2.78036
internal_weight=8064 4320 288 4032 3744 1008
internal_count=8064 4320 288 4032 3744 1008
is_linear=0
shrinkage=0.05


Tree=94
num_leaves=7
num_cat=0
split_feature=3 3 3 1 6 3
split_gain=1.29356e+06 8.7087e+06 2.3748e+06 3.55654e+06 2.83026e+06 2.25363e+06
threshold=-164.13198298611084 -145.22790034722217 -342.2128402777775 -39.852350000000335 1.0000000180025095e-35 -63.778837500000456
decision_type=2 2 2 2 2 2
left_child=2 -2 4 -4 -1 -3
right_child=1 5 3 -5 -6 -7
leaf_value=2.2542361367982013 -12.414339317864385 -2.4001763721354137 5.9270090988898989 0.20268819596231338 -7.6298484577392713 0.34143159872695916
leaf_weight=144 144 864 436 716 144 5616
leaf_count=144 144 864 436 716 144 5616
internal_value=-0.000303019 -0.295609 1.35737 2.37245 -2.69711 -0.0244301
internal_weight=8064 6624 1440 1152 288 6480
internal_count=8064 6624 1440 1152 288 6480
is_linear=0
shrinkage=0.05


Tree=95
num_leaves=7
num_cat=0
split_feature=3 3 5 5 0 3
split_gain=1.24916e+06 5.34078e+06 1.82921e+07 6.64476e+06 2.688e+06 3.68226e+06
threshold=18.378788541666385 -36.135331597222141 -0.85470842479866194 -0.5554380223489348 7511.7252500000004 177.11939479166656
decision_type=2 2 2 2 2 2
left_child=1 3 -3 -1 -2 -6
right_child=4 2 -4 -5 5 -7
leaf_value=-4.1091920311627694 -0.13450490526253828 15.3296621814667 0.47590606490745957 0.94523592619095531 -1.2875005573853033 -10.539997738171248
leaf_weight=945 3085 250 1190 2079 363 152
leaf_count=945 3085 250 1190 2079 363 152
internal_value=-0.00037292 0.55842 3.06353 -0.635109 -0.693239 -4.03347
internal_weight=8064 4464 1440 3024 3600 515
internal_count=8064 4464 1440 3024 3600 515
is_linear=0
shrinkage=0.05


Tree=96
num_leaves=5
num_cat=0
split_feature=9 3 3 3
split_gain=1.27074e+06 1.48241e+06 7.8189e+06 2.27651e+06
threshold=11.833333333333334 11.984679861111092 -36.135331597222141 67.311164583333735
decision_type=2 2 2 2
left_child=-1 2 -2 -3
right_child=1 3 -4 -5
leaf_value=-4.6388285867099111 -0.60340592644222024 -2.6677736864102188 4.2355941466079239 0.11079771154815821
leaf_weight=144 3024 1008 1152 2736
leaf_count=144 3024 1008 1152 2736
internal_value=-0.000350072 0.0845609 0.732185 -0.637792
internal_weight=8064 7920 4176 3744
internal_count=8064 7920 4176 3744
is_linear=0
shrinkage=0.05


Tree=97
num_leaves=6
num_cat=0
split_feature=3 3 1 8 3
split_gain=1.28224e+06 7.76334e+06 2.20317e+06 1.94247e+06 1.47205e+06
threshold=-164.13198298611084 -145.22790034722217 -779.45045000000016 15.666666666666668 -342.2128402777775
decision_type=2 2 2 2 2
left_child=2 -2 -1 -3 -4
right_child=1 3 4 -5 -6
leaf_value=5.6604735194425277 -11.736445953147166 0.57378740184857413 -3.171039497417159 -1.2622534999298944 1.309471977382791
leaf_weight=245 144 4320 225 2160 970
leaf_count=245 144 4320 225 2160 970
internal_value=-0.000354651 -0.294367 1.35137 -0.0383266 0.463915
internal_weight=8064 6624 1440 6480 1195
internal_count=8064 6624 1440 6480 1195
is_linear=0
shrinkage=0.05


Tree=98
num_leaves=4
num_cat=0
split_feature=2 9 3
split_gain=1.18066e+06 1.11787e+06 1.29088e+06
threshold=882.13012142857008 11.833333333333334 18.378788541666385
decision_type=2 2 2
left_child=1 -1 -3
right_child=-2 2 -4
leaf_value=-4.4369783174580544 4.2117682855553431 0.58991526572618458 -0.70388648602235948
leaf_weight=144 162 4185 3573
leaf_count=144 162 4185 3573
internal_value=-0.000390406 -0.0872665 -0.00596791
internal_weight=8064 7902 7758
internal_count=8064 7902 7758
is_linear=0
shrinkage=0.05


Tree=99
num_leaves=7
num_cat=0
split_feature=3 3 5 2 1 3
split_gain=1.10472e+06 3.15139e+06 2.1651e+07 4.76598e+06 2.83409e+06 984341
threshold=-234.57773298611093 -63.778837500000456 -0.72219205899833572 99.202457142857398 -697.49875000000009 -342.2128402777775
decision_type=2 2 2 2 2 2
left_child=4 2 -2 -3 -1 -6
right_child=1 3 -4 -5 5 -7
leaf_value=6.7950059818058479 -13.107993041416179 -0.30609628281820178 1.1693274937897893 3.7365945012242676 -2.6167439889630533 1.2892126849799785
leaf_weight=204 350 4756 1090 860 222 582
leaf_count=204 350 4756 1090 860 222 582
internal_value=-0.000372982 -0.221633 -2.30754 0.313532 1.54713 0.208791
internal_weight=8064 7056 1440 5616 1008 804
internal_count=8064 7056 1440 5616 1008 804
is_linear=0
shrinkage=0.05


end of trees

feature_importances:
Column_2=176
Column_3=109
Column_0=49
Column_8=43
Column_1=40
Column_9=29
Column_5=24
Column_6=9
Column_4=5
Column_10=1

parameters:
[boosting: gbdt]
[objective: regression]
[metric: l2]
[tree_learner: serial]
[device_type: cpu]
[data_sample_strategy: bagging]
[data: ]
[valid: ]
[num_iterations: 100]
[learning_rate: 0.05]
[num_leaves: 7]
[num_threads: 1]
[seed: 20250911]
[deterministic: 1]
[force_col_wise: 1]
[force_row_wise: 0]
[histogram_pool_size: -1]
[max_depth: 3]
[min_data_in_leaf: 144]
[min_sum_hessian_in_leaf: 0.001]
[bagging_fraction: 1]
[pos_bagging_fraction: 1]
[neg_bagging_fraction: 1]
[bagging_freq: 0]
[bagging_seed: 20250911]
[bagging_by_query: 0]
[feature_fraction: 1]
[feature_fraction_bynode: 1]
[feature_fraction_seed: 20250911]
[extra_trees: 0]
[extra_seed: 26685]
[early_stopping_round: 0]
[early_stopping_min_delta: 0]
[first_metric_only: 0]
[max_delta_step: 0]
[lambda_l1: 0]
[lambda_l2: 1]
[linear_lambda: 0]
[min_gain_to_split: 0]
[drop_rate: 0.1]
[max_drop: 50]
[skip_drop: 0.5]
[xgboost_dart_mode: 0]
[uniform_drop: 0]
[drop_seed: 2504]
[top_rate: 0.2]
[other_rate: 0.1]
[min_data_per_group: 100]
[max_cat_threshold: 32]
[cat_l2: 10]
[cat_smooth: 10]
[max_cat_to_onehot: 4]
[top_k: 20]
[monotone_constraints: ]
[monotone_constraints_method: basic]
[monotone_penalty: 0]
[feature_contri: ]
[forcedsplits_filename: ]
[refit_decay_rate: 0.9]
[cegb_tradeoff: 1]
[cegb_penalty_split: 0]
[cegb_penalty_feature_lazy: ]
[cegb_penalty_feature_coupled: ]
[path_smooth: 0]
[interaction_constraints: ]
[verbosity: -1]
[saved_feature_importance_type: 0]
[use_quantized_grad: 0]
[num_grad_quant_bins: 4]
[quant_train_renew_leaf: 0]
[stochastic_rounding: 1]
[linear_tree: 0]
[max_bin: 63]
[max_bin_by_feature: ]
[min_data_in_bin: 3]
[bin_construct_sample_cnt: 200000]
[data_random_seed: 20250911]
[is_enable_sparse: 1]
[enable_bundle: 1]
[use_missing: 1]
[zero_as_missing: 0]
[feature_pre_filter: 0]
[pre_partition: 0]
[two_round: 0]
[header: 0]
[label_column: ]
[weight_column: ]
[group_column: ]
[ignore_column: ]
[categorical_feature: ]
[forcedbins_filename: ]
[precise_float_parser: 0]
[parser_config_file: ]
[objective_seed: 19683]
[num_class: 1]
[is_unbalance: 0]
[scale_pos_weight: 1]
[sigmoid: 1]
[boost_from_average: 1]
[reg_sqrt: 0]
[alpha: 0.9]
[fair_c: 1]
[poisson_max_delta_step: 0.7]
[tweedie_variance_power: 1.5]
[lambdarank_truncation_level: 30]
[lambdarank_norm: 1]
[label_gain: ]
[lambdarank_position_bias_regularization: 0]
[eval_at: ]
[multi_error_top_k: 1]
[auc_mu_weights: ]
[num_machines: 1]
[local_listen_port: 12400]
[time_out: 120]
[machine_list_filename: ]
[machines: ]
[gpu_platform_id: -1]
[gpu_device_id: -1]
[gpu_device_id_list: ]
[gpu_use_dp: 0]
[num_gpu: 1]

end of parameters

pandas_categorical:null
