tree
version=v4
num_class=1
num_tree_per_iteration=1
label_index=0
max_feature_idx=11
objective=regression
feature_names=Column_0 Column_1 Column_2 Column_3 Column_4 Column_5 Column_6 Column_7 Column_8 Column_9 Column_10 Column_11
feature_infos=[0:10105.3207] [-2142.5200999999997:2542.174500000001] [-1776.6499857142862:1771.9660714285719] [-334.19214513888892:502.61053680555551] [-1:1] [-1:1] [-1:1] [-1:1] [12.833333333333332:14.833333333333332] [11.916666666666666:11.916666666666666] [-0.42207792207792205:1.4350649350649352] [1:1]
tree_sizes=751 758 757 756 759 755 759 754 757 762 760 758 760 760 761 757 761 760 757 757 759 677 759 761 762 762 761 760 757 676 759 673 675 672 671 764 585 765 767 675 771 767 673 764 587 766 763 588 772 673 762 771 588 767 769 754 594 769 508 765 587 768 765 510 767 508 763 767 593 506 684 593 595 510 594 769 583 588 498 591 677 591 768 675 590 761 766 592 499 759 676 584 771 759 674 588 589 769 584 669

Tree=0
num_leaves=7
num_cat=0
split_feature=2 2 2 2 0 3
split_gain=2.18161e+08 1.50249e+08 2.98209e+07 2.90485e+07 1.89687e+07 1.40354e+07
threshold=266.66517857142895 -276.61874999999981 747.89922142857142 -4.6784857142858973 8793.3026000000009 -115.88908020833331
decision_type=2 2 2 2 2 2
left_child=1 4 5 -3 -1 -2
right_child=2 3 -4 -5 -6 -7
leaf_value=-29.15951972209686 22.458999756805042 -17.005057559471901 36.324932185786089 -7.0050505122026223 -49.40656600817055 7.3170356854921712
leaf_weight=358 217 829 148 5807 174 531
leaf_count=358 217 829 148 5807 174 531
internal_value=-7.39844 -10.3071 15.8483 -8.25556 -35.8481 11.7438
internal_weight=8064 7168 896 6636 532 748
internal_count=8064 7168 896 6636 532 748
is_linear=0
shrinkage=1


Tree=1
num_leaves=7
num_cat=0
split_feature=2 2 2 2 0 8
split_gain=1.97067e+08 1.34336e+08 2.92825e+07 2.55268e+07 1.71354e+07 1.41417e+07
threshold=249.54075000000014 -276.61874999999981 747.89922142857142 -4.6784857142858973 8793.3026000000009 13.666666666666668
decision_type=2 2 2 2 2 2
left_child=1 4 5 -3 -1 -2
right_child=2 3 -4 -5 -6 -7
leaf_value=-20.676056107895292 8.8536498748636863 -9.1268654589776883 41.551875190606857 0.2550692300114033 -39.919721487862724 22.445365943000212
leaf_weight=358 307 829 148 5732 174 516
leaf_count=358 307 829 148 5732 174 516
internal_value=9.49683e-05 -2.89282 21.1136 -0.931574 -27.0331 17.3922
internal_weight=8064 7093 971 6561 532 823
internal_count=8064 7093 971 6561 532 823
is_linear=0
shrinkage=0.05


Tree=2
num_leaves=7
num_cat=0
split_feature=2 2 2 2 3 3
split_gain=1.7844e+08 1.22442e+08 2.42457e+07 2.36373e+07 1.5924e+07 1.24764e+07
threshold=266.66517857142895 -276.61874999999981 747.89922142857142 -4.6784857142858973 55.872129166666817 -115.88908020833331
decision_type=2 2 2 2 2 2
left_child=1 4 5 -3 -1 -2
right_child=2 3 -4 -5 -6 -7
leaf_value=-17.285216918823533 27.42263307500323 -8.6710721018694965 39.488225037819589 0.34956978799324018 -34.710790743865076 13.152177081946144
leaf_weight=277 217 829 148 5807 255 531
leaf_count=277 217 829 148 5807 255 531
internal_value=0.000111159 -2.63048 21.0243 -0.778467 -25.6872 17.3232
internal_weight=8064 7168 896 6636 532 748
internal_count=8064 7168 896 6636 532 748
is_linear=0
shrinkage=0.05


Tree=3
num_leaves=7
num_cat=0
split_feature=2 2 2 2 0 3
split_gain=1.61173e+08 1.09468e+08 2.5158e+07 2.07706e+07 1.5313e+07 9.1299e+06
threshold=249.54075000000014 -276.61874999999981 556.54839285714354 -4.6784857142858973 8793.3026000000009 -115.88908020833331
decision_type=2 2 2 2 2 2
left_child=1 4 5 -3 -1 -2
right_child=2 3 -4 -5 -6 -7
leaf_value=-18.404674083808008 22.745944026202412 -8.2380407745866897 31.23937624608126 0.22484254716264732 -36.582924730471198 9.9479971970349688
leaf_weight=358 198 829 296 5732 174 477
leaf_count=358 198 829 296 5732 174 477
internal_value=0.000228013 -2.61599 19.0943 -0.845558 -24.4077 13.7302
internal_weight=8064 7093 971 6561 532 675
internal_count=8064 7093 971 6561 532 675
is_linear=0
shrinkage=0.05


Tree=4
num_leaves=7
num_cat=0
split_feature=2 2 8 3 0 2
split_gain=1.45801e+08 9.99062e+07 2.23475e+07 2.18474e+07 1.62722e+07 1.60539e+07
threshold=266.66517857142895 -243.3770714285715 13.666666666666668 -111.82758437500023 8793.3026000000009 -4.6784857142858973
decision_type=2 2 2 2 2 2
left_child=1 4 -2 -4 -1 -3
right_child=2 5 3 -5 -6 -7
leaf_value=-16.400069694896771 8.4255731051182234 -7.4429498235324516 37.328203314867885 17.172667318649509 -34.409265396330092 0.31204222483648958
leaf_weight=429 322 753 219 355 179 5807
leaf_count=429 322 753 219 355 179 5807
internal_value=0.000222411 -2.37765 19.0046 24.9142 -21.7499 -0.579126
internal_weight=8064 7168 896 574 608 6560
internal_count=8064 7168 896 574 608 6560
is_linear=0
shrinkage=0.05


Tree=5
num_leaves=7
num_cat=0
split_feature=2 2 2 2 3 8
split_gain=1.31815e+08 8.9592e+07 2.21261e+07 1.67796e+07 1.40508e+07 7.84566e+06
threshold=249.54075000000014 -276.61874999999981 556.54839285714354 -4.6784857142858973 55.872129166666817 13.666666666666668
decision_type=2 2 2 2 2 2
left_child=1 4 5 -3 -1 -2
right_child=2 3 -4 -5 -6 -7
leaf_value=-14.201947608032672 5.2043184231552821 -7.4085028845648537 28.656117942156612 0.19800300339157906 -30.548872577771547 16.381546346159542
leaf_weight=277 251 829 296 5732 255 424
leaf_count=277 251 829 296 5732 255 424
internal_value=0.000242217 -2.36574 17.268 -0.764082 -22.08 12.2391
internal_weight=8064 7093 971 6561 532 675
internal_count=8064 7093 971 6561 532 675
is_linear=0
shrinkage=0.05


Tree=6
num_leaves=7
num_cat=0
split_feature=2 2 8 3 2 10
split_gain=1.19228e+08 8.24902e+07 2.1004e+07 1.72505e+07 1.59804e+07 1.28956e+07
threshold=291.5631428571424 -276.61874999999981 13.666666666666668 -111.82758437500023 -4.6784857142858973 0.61591282280937465
decision_type=2 2 2 2 2 2
left_child=1 5 -2 -4 -3 -1
right_child=2 4 3 -5 -6 -7
leaf_value=-25.80750131421275 7.5553029577983057 -7.0385239565875155 35.429243275031304 16.684182303916117 0.37262163684528798 -8.3662403765140763
leaf_weight=384 303 829 205 313 5882 148
leaf_count=384 303 829 205 313 5882 148
internal_value=0.000219447 -2.04753 18.0463 24.1566 -0.543779 -20.9802
internal_weight=8064 7243 821 518 6711 532
internal_count=8064 7243 821 518 6711 532
is_linear=0
shrinkage=0.05


Tree=7
num_leaves=7
num_cat=0
split_feature=2 2 2 0 2 8
split_gain=1.0819e+08 7.30362e+07 1.96512e+07 1.36684e+07 1.13286e+07 9.254e+06
threshold=249.54075000000014 -243.3770714285715 747.89922142857142 8793.3026000000009 -4.6784857142858973 13.666666666666668
decision_type=2 2 2 2 2 2
left_child=1 3 5 -1 -3 -2
right_child=2 4 -4 -5 -6 -7
leaf_value=-13.800817810118545 5.6995506777972373 -6.349902470687538 32.379836894027989 -30.294964922534099 0.16947677949794027 16.685158462761912
leaf_weight=429 307 753 148 179 5732 516
leaf_count=429 307 753 148 179 5732 516
internal_value=0.000325208 -2.14317 15.6443 -18.6986 -0.588377 12.5991
internal_weight=8064 7093 971 608 6485 823
internal_count=8064 7093 971 608 6485 823
is_linear=0
shrinkage=0.05


Tree=8
num_leaves=7
num_cat=0
split_feature=2 2 2 8 3 8
split_gain=9.78515e+07 6.76846e+07 2.1127e+07 1.77002e+07 1.54519e+07 1.2214e+07
threshold=291.5631428571424 -456.5367499999997 -4.6784857142858973 13.666666666666668 -111.82758437500023 14.166666666666668
decision_type=2 2 2 2 2 2
left_child=1 5 -3 -2 -5 -1
right_child=3 2 -4 4 -6 -7
leaf_value=-14.996679920707919 6.7192122891545303 -7.3461191525076748 0.32857426009357793 32.622847037176484 14.891072994774314 -35.183607092599743
leaf_weight=156 303 1057 5882 205 313 148
leaf_count=156 303 1057 5882 205 313 148
internal_value=0.00033677 -1.85478 -0.841382 16.3488 21.9578 -24.9077
internal_weight=8064 7243 6939 821 518 304
internal_count=8064 7243 6939 821 518 304
is_linear=0
shrinkage=0.05


Tree=9
num_leaves=7
num_cat=0
split_feature=2 2 2 2 8 8
split_gain=8.88293e+07 5.80983e+07 2.39053e+07 1.61444e+07 1.10312e+07 8.92216e+06
threshold=166.4657214285717 -456.5367499999997 556.54839285714354 -4.6784857142858973 14.166666666666668 13.666666666666668
decision_type=2 2 2 2 2 2
left_child=1 4 5 -3 -1 -2
right_child=2 3 -4 -5 -6 -7
leaf_value=-14.251621730160563 2.2237520740226362 -6.9791605221413935 24.250409231302314 -0.22021286987788913 -33.436233475544313 11.742089012955747
leaf_weight=156 395 1057 296 5357 148 655
leaf_count=156 395 1057 296 5357 148 655
internal_value=0.000301546 -2.34906 11.7192 -1.33497 -23.6705 8.1669
internal_weight=8064 6718 1346 6414 304 1050
internal_count=8064 6718 1346 6414 304 1050
is_linear=0
shrinkage=0.05


Tree=10
num_leaves=7
num_cat=0
split_feature=2 2 2 3 2 3
split_gain=8.08023e+07 5.49336e+07 1.59701e+07 1.18737e+07 9.5679e+06 7.82031e+06
threshold=249.54075000000014 -276.61874999999981 747.89922142857142 55.872129166666817 -4.6784857142858973 -115.88908020833331
decision_type=2 2 2 2 2 2
left_child=1 3 5 -1 -3 -2
right_child=2 4 -4 -5 -6 -7
leaf_value=-10.066403258259562 18.363128312197958 -5.6154273685956575 28.604246050239411 -25.065433192253114 0.12841805502104747 7.6262419176632408
leaf_weight=277 240 829 148 255 5732 583
leaf_count=277 240 829 148 255 5732 583
internal_value=0.000183119 -1.85224 13.5198 -17.2893 -0.598077 10.7758
internal_weight=8064 7093 971 532 6561 823
internal_count=8064 7093 971 532 6561 823
is_linear=0
shrinkage=0.05


Tree=11
num_leaves=7
num_cat=0
split_feature=2 2 2 8 0 3
split_gain=7.35238e+07 5.31109e+07 1.30835e+07 1.30287e+07 1.10362e+07 7.13448e+06
threshold=414.82296428571505 -243.3770714285715 166.4657214285717 13.666666666666668 8793.3026000000009 -103.07408645833355
decision_type=2 2 2 2 2 2
left_child=1 4 -3 -2 -1 -5
right_child=3 2 -4 5 -6 -7
leaf_value=-11.017380264034106 7.3925183626767748 -0.81055446070119208 5.8940153604233529 31.891828639690694 -25.826632652680082 17.106390821086904
leaf_weight=429 184 6110 825 155 179 182
leaf_count=429 184 6110 825 155 179 182
internal_value=0.000260592 -1.25545 -0.0122321 18.1479 -15.4126 23.981
internal_weight=8064 7543 6935 521 608 337
internal_count=8064 7543 6935 521 608 337
is_linear=0
shrinkage=0.05


Tree=12
num_leaves=7
num_cat=0
split_feature=2 2 2 8 8 3
split_gain=6.63956e+07 4.83718e+07 1.58377e+07 1.17663e+07 9.95716e+06 6.45009e+06
threshold=414.82296428571505 -456.5367499999997 -4.6784857142858973 13.666666666666668 14.166666666666668 -70.478298958333184
decision_type=2 2 2 2 2 2
left_child=1 4 -3 -2 -1 -5
right_child=3 2 -4 5 -6 -7
leaf_value=-11.769007740354843 7.0248904252696676 -6.023902182765517 0.59633224216476144 29.114819850728324 -29.968062316331288 15.04235941868324
leaf_weight=156 184 1057 6182 184 148 153
leaf_count=156 184 1057 6182 184 148 153
internal_value=0.000400247 -1.19289 -0.371017 17.2459 -20.6983 22.7892
internal_weight=8064 7543 7239 521 304 337
internal_count=8064 7543 7239 521 304 337
is_linear=0
shrinkage=0.05


Tree=13
num_leaves=7
num_cat=0
split_feature=2 2 2 2 8 3
split_gain=6.16918e+07 4.0096e+07 1.65267e+07 1.08113e+07 8.9929e+06 7.65034e+06
threshold=166.4657214285717 -456.5367499999997 556.54839285714354 -21.202114285714625 14.166666666666668 -115.88908020833331
decision_type=2 2 2 2 2 2
left_child=1 4 5 -3 -1 -2
right_child=2 3 -4 -5 -6 -7
leaf_value=-11.184305409716954 13.565307300249737 -5.9402041736933375 20.185888926509254 -0.24178876079771153 -28.479715600669785 4.110025262416519
leaf_weight=156 299 982 296 5432 148 751
leaf_count=156 299 982 296 5432 148 751
internal_value=0.000405156 -1.95747 9.76655 -1.11502 -19.6702 6.81287
internal_weight=8064 6718 1346 6414 304 1050
internal_count=8064 6718 1346 6414 304 1050
is_linear=0
shrinkage=0.05


Tree=14
num_leaves=7
num_cat=0
split_feature=2 2 8 3 2 3
split_gain=5.56943e+07 3.62132e+07 1.59152e+07 1.90646e+07 9.75826e+06 8.32712e+06
threshold=166.4657214285717 -456.5367499999997 13.666666666666668 -111.82758437500023 -21.202114285714625 60.530481597221758
decision_type=2 2 2 2 2 2
left_child=1 5 -2 -4 -3 -1
right_child=2 4 3 -5 -6 -7
leaf_value=-10.315248918065839 2.0988530055536487 -5.6434962240135871 23.330347136405681 7.7699693604018947 -0.22970157531362637 -26.948973841994416
leaf_weight=152 491 982 308 547 5432 152
leaf_count=152 491 982 308 547 5432 152
internal_value=0.000335353 -1.85994 9.27963 13.3961 -1.05932 -18.6932
internal_weight=8064 6718 1346 855 6414 304
internal_count=8064 6718 1346 855 6414 304
is_linear=0
shrinkage=0.05


Tree=15
num_leaves=7
num_cat=0
split_feature=2 2 8 3 0 2
split_gain=5.13648e+07 3.45185e+07 1.13953e+07 9.98046e+06 8.81007e+06 5.10817e+06
threshold=291.5631428571424 -243.3770714285715 13.666666666666668 -111.82758437500023 8793.3026000000009 -4.6784857142858973
decision_type=2 2 2 2 2 2
left_child=1 4 -2 -4 -1 -3
right_child=2 5 3 -5 -6 -7
leaf_value=-8.8134123832749776 4.1243515710885594 -4.1726953372398805 24.91082186201244 10.672566918316921 -22.036866069436073 0.19855009826291534
leaf_weight=429 303 753 205 313 179 5882
leaf_count=429 303 753 205 313 179 5882
internal_value=0.000257027 -1.34381 11.845 16.3445 -12.7363 -0.298093
internal_weight=8064 7243 821 518 608 6635
internal_count=8064 7243 821 518 608 6635
is_linear=0
shrinkage=0.05


Tree=16
num_leaves=7
num_cat=0
split_feature=2 2 2 8 8 3
split_gain=4.73102e+07 3.26616e+07 1.02554e+07 8.85598e+06 8.02226e+06 4.62679e+06
threshold=414.82296428571505 -456.5367499999997 -4.6784857142858973 13.666666666666668 14.166666666666668 -70.478298958333184
decision_type=2 2 2 2 2 2
left_child=1 4 -3 -2 -1 -5
right_child=3 2 -4 5 -6 -7
leaf_value=-9.0358006696032884 5.6934625575993518 -4.880509151687356 0.44676352168351879 24.724144082456021 -25.349236648034733 12.804239554335545
leaf_weight=156 184 1057 6182 184 148 153
leaf_count=156 184 1057 6182 184 148 153
internal_value=0.000274436 -1.00701 -0.331663 14.5577 -17.0349 19.3663
internal_weight=8064 7543 7239 521 304 337
internal_count=8064 7543 7239 521 304 337
is_linear=0
shrinkage=0.05


Tree=17
num_leaves=7
num_cat=0
split_feature=2 2 8 3 0 3
split_gain=4.30541e+07 2.70686e+07 1.27069e+07 1.53877e+07 7.4822e+06 7.43008e+06
threshold=166.4657214285717 -456.5367499999997 13.666666666666668 -111.82758437500023 2327.5713000000005 60.530481597221758
decision_type=2 2 2 2 2 2
left_child=1 5 -2 -4 -3 -1
right_child=2 4 3 -5 -6 -7
leaf_value=-8.2901042873173747 1.742928656111888 0.042853773337829915 20.761798637083047 6.7830945512904437 -3.9004667203783399 -23.98174775067498
leaf_weight=152 491 4811 308 547 1603 152
leaf_count=152 491 4811 308 547 1603 152
internal_value=0.000288018 -1.63532 8.15891 11.8371 -0.943123 -16.1888
internal_weight=8064 6718 1346 855 6414 304
internal_count=8064 6718 1346 855 6414 304
is_linear=0
shrinkage=0.05


Tree=18
num_leaves=7
num_cat=0
split_feature=2 2 8 0 2 3
split_gain=4.00579e+07 2.71912e+07 7.34145e+06 7.33732e+06 6.6581e+06 3.79022e+06
threshold=414.82296428571505 -243.3770714285715 13.666666666666668 8793.3026000000009 166.4657214285717 -70.478298958333184
decision_type=2 2 2 2 2 2
left_child=1 3 -2 -1 -3 -4
right_child=2 4 5 -5 -6 -7
leaf_value=-7.4785180366524431 5.3236528417065339 -0.60658233335854783 22.624595367586291 -19.54201265494029 4.1762452697214512 11.831232459901216
leaf_weight=429 184 6110 184 179 825 153
leaf_count=429 184 6110 184 179 825 153
internal_value=0.000231201 -0.92664 13.3955 -11.0564 -0.0370885 17.7738
internal_weight=8064 7543 521 608 6935 337
internal_count=8064 7543 521 608 6935 337
is_linear=0
shrinkage=0.05


Tree=19
num_leaves=7
num_cat=0
split_feature=2 2 2 8 2 3
split_gain=3.61733e+07 2.47069e+07 8.18273e+06 6.62976e+06 5.54835e+06 3.45113e+06
threshold=414.82296428571505 -148.51742142857117 -646.513392857143 13.666666666666668 166.4657214285717 -103.07408645833355
decision_type=2 2 2 2 2 2
left_child=1 2 -1 -2 -3 -5
right_child=3 4 -4 5 -6 -7
leaf_value=-19.444558271707276 5.0589091809053679 -0.40845712407017337 -6.630004410010077 22.393803541324079 3.9676856907531075 12.106400940685326
leaf_weight=152 184 5882 684 155 825 182
leaf_count=152 184 5882 684 155 825 182
internal_value=0.000320844 -0.880463 -8.98037 12.7295 0.130345 16.8903
internal_weight=8064 7543 836 521 6707 337
internal_count=8064 7543 836 521 6707 337
is_linear=0
shrinkage=0.05


Tree=20
num_leaves=7
num_cat=0
split_feature=2 2 3 8 2 3
split_gain=3.26663e+07 2.23624e+07 8.33412e+06 5.98734e+06 5.5671e+06 3.14185e+06
threshold=414.82296428571505 -276.61874999999981 55.872129166666817 13.666666666666668 166.4657214285717 -70.478298958333184
decision_type=2 2 2 2 2 2
left_child=1 2 -1 -2 -3 -5
right_child=3 4 -4 5 -6 -7
leaf_value=-4.6790730642114609 4.8073308763632907 -0.60071035569224529 -17.216775066871197 20.466473681282352 3.769541703574089 10.642122630484693
leaf_weight=277 184 6186 255 184 825 153
leaf_count=277 184 6186 255 184 825 153
internal_value=0.000410474 -0.836589 -10.7097 12.0968 -0.0859888 16.0508
internal_weight=8064 7543 532 521 7011 337
internal_count=8064 7543 532 521 7011 337
is_linear=0
shrinkage=0.05


Tree=21
num_leaves=6
num_cat=0
split_feature=2 0 2 8 3
split_gain=2.94985e+07 2.08989e+07 9.00798e+06 5.40691e+06 2.86287e+06
threshold=414.82296428571505 8793.3026000000009 -4.6784857142858973 13.666666666666668 -103.07408645833355
decision_type=2 2 2 2 2
left_child=1 2 -1 -2 -5
right_child=3 -3 -4 4 -6
leaf_value=-4.3897687601357882 4.5682636864120898 -16.19687645346205 0.41426673557844079 20.264526980656846 10.897346899939365
leaf_weight=1158 184 213 6172 155 182
leaf_count=1158 184 213 6172 155 182
internal_value=0.000496526 -0.794884 -0.345174 11.4954 15.2529
internal_weight=8064 7543 7330 521 337
internal_count=8064 7543 7330 521 337
is_linear=0
shrinkage=0.05


Tree=22
num_leaves=7
num_cat=0
split_feature=2 0 3 2 2 3
split_gain=2.69647e+07 1.86259e+07 1.29848e+07 7.55349e+06 5.04514e+06 2.30281e+06
threshold=266.66517857142895 8436.7116000000024 55.872129166666817 747.89922142857142 -40.023214285714396 -115.88908020833331
decision_type=2 2 2 2 2 2
left_child=1 4 -3 5 -1 -2
right_child=3 2 -4 -5 -6 -7
leaf_value=-3.882118560074769 10.449313821978526 -3.5312704798408543 -21.663378085060554 18.463852433310262 0.13449546190048009 4.3279263371839782
leaf_weight=901 217 226 175 148 5866 531
leaf_count=901 217 226 175 148 5866 531
internal_value=0.000568162 -1.02203 -11.4785 8.17338 -0.400796 6.11536
internal_weight=8064 7168 401 896 6767 748
internal_count=8064 7168 401 896 6767 748
is_linear=0
shrinkage=0.05


Tree=23
num_leaves=7
num_cat=0
split_feature=2 0 3 8 3 2
split_gain=2.44497e+07 1.69064e+07 1.116e+07 7.91713e+06 9.2934e+06 4.23721e+06
threshold=215.04540714285716 8436.7116000000024 55.872129166666817 13.666666666666668 -111.82758437500023 -40.023214285714396
decision_type=2 2 2 2 2 2
left_child=1 5 -3 -2 -5 -1
right_child=3 2 -4 4 -6 -7
leaf_value=-3.6882279216516309 1.3528428938877153 -3.5426896614727577 -20.604733687673299 17.405785653773531 5.5743810820040594 0.0019149667574843599
leaf_weight=901 414 213 174 267 440 5655
leaf_count=901 414 213 174 267 440 5655
internal_value=0.000566385 -1.10598 -11.2473 6.84891 10.0608 -0.505712
internal_weight=8064 6943 387 1121 707 6556
internal_count=8064 6943 387 1121 707 6556
is_linear=0
shrinkage=0.05


Tree=24
num_leaves=7
num_cat=0
split_feature=2 2 8 2 8 3
split_gain=2.26767e+07 1.64644e+07 7.08815e+06 4.81582e+06 4.35671e+06 2.15953e+06
threshold=414.82296428571505 -456.5367499999997 14.166666666666668 -4.6784857142858973 13.666666666666668 -70.478298958333184
decision_type=2 2 2 2 2 2
left_child=1 2 -1 -3 -2 -6
right_child=4 3 -4 -5 5 -7
leaf_value=-4.5933524976680236 3.8627460885692289 -3.3345288886458024 -19.880567170149529 0.31606005652440583 17.113309151941056 8.9655024953863851
leaf_weight=156 184 1057 148 6182 184 153
leaf_count=156 184 1057 148 6182 184 153
internal_value=0.000516369 -0.696858 -12.0766 -0.217366 10.079 13.4516
internal_weight=8064 7543 304 7239 521 337
internal_count=8064 7543 304 7239 521 337
is_linear=0
shrinkage=0.05


Tree=25
num_leaves=7
num_cat=0
split_feature=2 0 3 8 3 0
split_gain=2.07165e+07 1.38467e+07 9.90148e+06 8.12799e+06 1.01443e+07 3.59151e+06
threshold=166.4657214285717 8436.7116000000024 55.872129166666817 13.666666666666668 -111.82758437500023 1679.3523500000003
decision_type=2 2 2 2 2 2
left_child=1 5 -3 -2 -5 -1
right_child=3 2 -4 4 -6 -7
leaf_value=0.13458586773727607 0.53044999838783979 -2.947015014593152 -19.138640695299422 15.846375794260249 4.5006153411021197 -2.5666409023654526
leaf_weight=4668 491 206 174 308 547 1670
leaf_count=4668 491 206 174 308 547 1670
internal_value=0.000505761 -1.13406 -10.3918 5.65987 8.60148 -0.577453
internal_weight=8064 6718 380 1346 855 6338
internal_count=8064 6718 380 1346 855 6338
is_linear=0
shrinkage=0.05


Tree=26
num_leaves=7
num_cat=0
split_feature=2 2 8 8 2 10
split_gain=1.91828e+07 1.38151e+07 6.32172e+06 4.33222e+06 3.89336e+06 1.00984e+06
threshold=414.82296428571505 -456.5367499999997 14.166666666666668 14.666666666666668 747.89922142857142 0.53531366846697137
decision_type=2 2 2 2 2 2
left_child=1 2 -1 -3 5 -2
right_child=4 3 -4 -5 -6 -7
leaf_value=-4.0006895755506626 8.7448076009750366 -0.7011442072346028 -18.434317437114331 2.7930691734719395 16.117189883465738 3.4506225861468409
leaf_weight=156 215 6205 148 1034 148 158
leaf_count=156 215 6205 148 1034 148 158
internal_value=0.000457881 -0.640946 -11.065 -0.201723 9.27009 6.51745
internal_weight=8064 7543 304 7239 521 373
internal_count=8064 7543 304 7239 521 373
is_linear=0
shrinkage=0.05


Tree=27
num_leaves=7
num_cat=0
split_feature=2 0 3 8 3 0
split_gain=1.75334e+07 1.19141e+07 8.69427e+06 7.24436e+06 9.03389e+06 3.14956e+06
threshold=166.4657214285717 8436.7116000000024 55.872129166666817 13.666666666666668 -111.82758437500023 2117.1753000000003
decision_type=2 2 2 2 2 2
left_child=1 5 -3 -2 -5 -1
right_child=3 2 -4 4 -6 -7
leaf_value=0.114362754940411 0.36464826058316224 -2.6551101147840566 -17.826884511879513 14.820759258358997 4.1144568790362159 -2.4636870537498896
leaf_weight=4762 491 206 174 308 547 1576
leaf_count=4762 491 206 174 308 547 1576
internal_value=0.000484397 -1.04329 -9.63074 5.20694 7.98404 -0.52698
internal_weight=8064 6718 380 1346 855 6338
internal_count=8064 6718 380 1346 855 6338
is_linear=0
shrinkage=0.05


Tree=28
num_leaves=7
num_cat=0
split_feature=2 2 8 8 2 10
split_gain=1.62248e+07 1.15754e+07 5.6389e+06 3.93075e+06 3.44087e+06 887852
threshold=414.82296428571505 -456.5367499999997 14.166666666666668 14.666666666666668 747.89922142857142 0.53531366846697137
decision_type=2 2 2 2 2 2
left_child=1 2 -1 -3 5 -2
right_child=4 3 -4 -5 -6 -7
leaf_value=-3.4618715015945924 8.0265571069938169 -0.66311388415192318 -17.090588818620514 2.6652550067766998 14.961537075962795 3.0646963011543704
leaf_weight=156 215 6205 148 1034 148 158
leaf_count=156 215 6205 148 1034 148 158
internal_value=0.000438274 -0.589443 -10.1312 -0.187396 8.52546 5.93856
internal_weight=8064 7543 304 7239 521 373
internal_count=8064 7543 304 7239 521 373
is_linear=0
shrinkage=0.05


Tree=29
num_leaves=6
num_cat=0
split_feature=2 0 2 2 10
split_gain=1.48548e+07 1.06098e+07 4.47519e+06 4.10477e+06 1.79762e+06
threshold=291.5631428571424 8793.3026000000009 747.89922142857142 -4.6784857142858973 0.53531366846697137
decision_type=2 2 2 2 2
left_child=1 3 4 -1 -2
right_child=2 -3 -4 -5 -6
leaf_value=-3.1077299597786423 6.8099043634101637 -11.6898142030863 14.218480845905791 0.14827851370350367 1.5656974570706805
leaf_weight=1158 392 213 148 5872 281
leaf_count=1158 392 213 148 5872 281
internal_value=0.000462888 -0.722341 6.37028 -0.388425 4.62584
internal_weight=8064 7243 821 7030 673
internal_count=8064 7243 821 7030 673
is_linear=0
shrinkage=0.05


Tree=30
num_leaves=7
num_cat=0
split_feature=2 2 8 3 0 3
split_gain=1.3648e+07 9.45176e+06 6.41854e+06 7.9117e+06 4.03831e+06 2.316e+06
threshold=166.4657214285717 -646.513392857143 13.666666666666668 -111.82758437500023 8436.7116000000024 -62.769571527778218
decision_type=2 2 2 2 2 2
left_child=1 -1 5 -4 -3 -2
right_child=2 4 3 -5 -6 -7
leaf_value=-13.205608672098396 -4.1641432367000482 -0.37673306424553499 13.605709085881131 3.5873908741413238 -6.6103982184425938 2.8323982574725273
leaf_weight=152 196 6296 308 547 270 295
leaf_count=152 196 6296 308 547 270 295
internal_value=0.000489005 -0.920399 4.59399 7.20801 -0.634035 0.0366944
internal_weight=8064 6718 1346 855 6566 491
internal_count=8064 6718 1346 855 6566 491
is_linear=0
shrinkage=0.05


Tree=31
num_leaves=6
num_cat=0
split_feature=2 2 3 2 2
split_gain=1.25568e+07 9.74358e+06 4.7054e+06 3.12881e+06 1.1343e+06
threshold=556.54839285714354 -148.51742142857117 -83.891253472222147 166.4657214285717 747.89922142857142
decision_type=2 2 2 2 2
left_child=1 2 -1 -3 -2
right_child=4 3 -4 -5 -6
leaf_value=2.4951004402417887 6.9169440122258754 -0.21898403138572894 -7.2404341911087933 2.742792548838255 13.195946177827734
leaf_weight=151 148 5882 685 1050 148
leaf_count=151 148 5882 685 1050 148
internal_value=0.000437689 -0.385286 -5.4811 0.229971 10.0903
internal_weight=8064 7768 836 6932 296
internal_count=8064 7768 836 6932 296
is_linear=0
shrinkage=0.05


Tree=32
num_leaves=6
num_cat=0
split_feature=2 2 8 8 3
split_gain=1.14024e+07 8.6759e+06 3.96791e+06 2.79441e+06 1.10865e+06
threshold=414.82296428571505 -646.513392857143 14.666666666666668 13.666666666666668 -70.478298958333184
decision_type=2 2 2 2 2
left_child=1 -1 -3 -2 -5
right_child=3 2 -4 4 -6
leaf_value=-12.279071581597423 2.1754424191165618 -0.72724355134305463 2.5613033912330265 12.472176236139761 6.6301124577398429
leaf_weight=152 184 6319 1072 184 153
leaf_count=152 184 6319 1072 184 153
internal_value=0.000526734 -0.493982 -0.249987 7.14722 9.84731
internal_weight=8064 7543 7391 521 337
internal_count=8064 7543 7391 521 337
is_linear=0
shrinkage=0.05


Tree=33
num_leaves=6
num_cat=0
split_feature=2 1 0 2 2
split_gain=1.04472e+07 8.54993e+06 8.82874e+06 4.17366e+06 993291
threshold=556.54839285714354 95.77289999999995 8436.7116000000024 153.01462857142863 747.89922142857142
decision_type=2 2 2 2 2
left_child=1 3 -3 -1 -2
right_child=4 2 -4 -5 -6
leaf_value=-0.13549022174532774 6.2376695511325098 -1.8223300532417441 -11.60376376433147 3.3986035739166973 12.108375158245932
leaf_weight=5439 148 1048 295 986 148
leaf_count=5439 148 1048 295 986 148
internal_value=0.000567549 -0.351266 -3.97793 0.407307 9.20391
internal_weight=8064 7768 1343 6425 296
internal_count=8064 7768 1343 6425 296
is_linear=0
shrinkage=0.05


Tree=34
num_leaves=6
num_cat=0
split_feature=2 2 3 2 2
split_gain=9.43516e+06 7.80116e+06 4.09954e+06 2.39937e+06 897079
threshold=556.54839285714354 -148.51742142857117 -83.891253472222147 166.4657214285717 747.89922142857142
decision_type=2 2 2 2 2
left_child=1 2 -1 -3 -2
right_child=4 3 -4 -5 -6
leaf_value=2.5504958745092154 5.9278792454892359 -0.17639987772782334 -6.5356965410517693 2.4172506370224576 11.507019873593478
leaf_weight=151 148 5882 685 1050 148
leaf_count=151 148 5882 685 1050 148
internal_value=0.000589889 -0.333768 -4.89344 0.216756 8.7468
internal_weight=8064 7768 836 6932 296
internal_count=8064 7768 836 6932 296
is_linear=0
shrinkage=0.05


Tree=35
num_leaves=7
num_cat=0
split_feature=1 2 0 8 4 2
split_gain=8.78221e+06 8.89194e+06 7.66364e+06 5.81597e+06 4.49572e+06 1.82239e+06
threshold=95.77289999999995 215.04540714285716 8436.7116000000024 14.666666666666668 -0.32136297141497078 -456.5367499999997
decision_type=2 2 2 2 2 2
left_child=1 -1 3 -2 -3 -4
right_child=2 4 5 -5 -6 -7
leaf_value=-0.028638283977852744 -3.3390843966433952 0.13683494095490359 -14.785703734094151 6.6185809986835187 7.2944305226078683 -6.8522245757232447
leaf_weight=5698 879 320 145 175 697 150
leaf_count=5698 879 320 145 175 697 150
internal_value=0.00065769 0.740355 -3.6792 -1.68107 5.04463 -10.7885
internal_weight=8064 6715 1349 1054 1017 295
internal_count=8064 6715 1349 1054 1017 295
is_linear=0
shrinkage=0.05


Tree=36
num_leaves=5
num_cat=0
split_feature=2 2 8 2
split_gain=8.00374e+06 6.53973e+06 3.60522e+06 803596
threshold=556.54839285714354 -646.513392857143 14.666666666666668 747.89922142857142
decision_type=2 2 2 2
left_child=1 -1 -3 -2
right_child=3 2 -4 -5
leaf_value=-10.542333351085389 5.3910877092072624 -0.54741086619023072 2.553045477279245 10.666929762955482
leaf_weight=152 148 6522 1094 148
leaf_count=152 148 6522 1094 148
internal_value=0.00055689 -0.307395 -0.101769 8.05604
internal_weight=8064 7768 7616 296
internal_count=8064 7768 7616 296
is_linear=0
shrinkage=0.05


Tree=37
num_leaves=7
num_cat=0
split_feature=1 2 0 8 6 2
split_gain=7.68757e+06 7.64752e+06 6.68588e+06 5.09032e+06 4.04525e+06 1.4933e+06
threshold=95.77289999999995 215.04540714285716 8436.7116000000024 14.666666666666668 0.60818202301879265 -456.5367499999997
decision_type=2 2 2 2 2 2
left_child=1 -1 3 -2 -3 -4
right_child=2 4 5 -5 -6 -7
leaf_value=-0.020516725403388596 -3.1271287608248266 6.7699927813568195 -13.70289399463122 6.1886470850218425 -0.078630869794888522 -6.5154921774141847
leaf_weight=5698 879 707 145 175 310 150
leaf_count=5698 879 707 145 175 310 150
internal_value=0.000575649 0.692641 -3.44232 -1.57599 4.68438 -10.0826
internal_weight=8064 6715 1349 1054 1017 295
internal_count=8064 6715 1349 1054 1017 295
is_linear=0
shrinkage=0.05


Tree=38
num_leaves=7
num_cat=0
split_feature=1 2 0 10 6 2
split_gain=6.94045e+06 6.9029e+06 6.03932e+06 5.03679e+06 3.65139e+06 1.34871e+06
threshold=95.77289999999995 215.04540714285716 8436.7116000000024 0.36468303509502015 0.60818202301879265 -456.5367499999997
decision_type=2 2 2 2 2 2
left_child=1 -1 3 -2 -3 -4
right_child=2 4 5 -5 -6 -7
leaf_value=-0.019491075511727136 -5.9450231131138072 6.4319712768503514 -13.022441940111657 1.1848094475106512 -0.074711958695071301 -6.1918750269523528
leaf_weight=5698 396 707 145 658 310 150
leaf_count=5698 396 707 145 658 310 150
internal_value=0.00048186 0.658058 -3.27084 -1.49705 4.45049 -9.58192
internal_weight=8064 6715 1349 1054 1017 295
internal_count=8064 6715 1349 1054 1017 295
is_linear=0
shrinkage=0.05


Tree=39
num_leaves=6
num_cat=0
split_feature=2 2 8 3 2
split_gain=6.38992e+06 5.27845e+06 3.42012e+06 2.14001e+06 713891
threshold=556.54839285714354 -148.51742142857117 14.166666666666668 -115.88908020833331 747.89922142857142
decision_type=2 2 2 2 2
left_child=1 2 -1 -3 -2
right_child=4 3 -4 -5 -6
leaf_value=-0.92110639064210575 4.6914839339736325 1.9066299267443068 -7.3187258514571072 -0.26833973636234226 9.6562789700975369
leaf_weight=431 148 1422 405 5510 148
leaf_count=431 148 1422 405 5510 148
internal_value=0.000348433 -0.274811 -4.02547 0.178035 7.19804
internal_weight=8064 7768 836 6932 296
internal_count=8064 7768 836 6932 296
is_linear=0
shrinkage=0.05


Tree=40
num_leaves=7
num_cat=0
split_feature=1 8 2 8 4 5
split_gain=5.87697e+06 6.12738e+06 5.89261e+06 4.63534e+06 3.27978e+06 1.15547e+06
threshold=95.77289999999995 14.666666666666668 215.04540714285716 14.166666666666668 -0.32136297141497078 -0.94670478576706751
decision_type=2 2 2 2 2 2
left_child=2 3 5 -2 -4 -1
right_child=1 -3 4 -5 -6 -7
leaf_value=3.9560873900766427 -2.1998779989227288 4.4284608244377637 -0.081843967601146289 -8.9709743277666796 6.0310275734495642 -0.14796227069438653
leaf_weight=176 735 229 320 385 697 5522
leaf_count=176 735 229 320 385 697 5522
internal_value=0.000379029 -3.0099 0.605482 -4.53337 4.10942 -0.0205243
internal_weight=8064 1349 6715 1120 1017 5698
internal_count=8064 1349 6715 1120 1017 5698
is_linear=0
shrinkage=0.05


Tree=41
num_leaves=7
num_cat=0
split_feature=3 3 0 3 8 3
split_gain=5.59547e+06 1.79835e+07 6.63697e+06 4.36934e+06 3.31413e+06 3.27437e+06
threshold=-115.88908020833331 -124.42426145833336 8436.7116000000024 -156.34206319444408 14.666666666666668 55.872129166666817
decision_type=2 2 2 2 2 2
left_child=1 3 4 -1 -2 -4
right_child=2 -3 5 -5 -6 -7
leaf_value=3.2199321837731869 -0.74990773564020474 19.447278995760556 -2.6502226194556879 -2.3980861103901421 2.4888742063274458 -12.060797881827517
leaf_weight=864 5178 144 195 576 931 176
leaf_count=864 5178 144 195 576 931 176
internal_value=0.000378778 2.66334 -0.650879 0.97262 -0.255997 -7.13496
internal_weight=8064 1584 6480 1440 6109 371
internal_count=8064 1584 6480 1440 6109 371
is_linear=0
shrinkage=0.05


Tree=42
num_leaves=6
num_cat=0
split_feature=2 2 6 8 2
split_gain=5.34598e+06 4.27402e+06 3.11191e+06 1.69871e+06 642643
threshold=556.54839285714354 -148.51742142857117 -0.1736481776669305 14.666666666666668 747.89922142857142
decision_type=2 2 2 2 2
left_child=1 2 -1 -3 -2
right_child=4 3 -4 -5 -6
leaf_value=-6.9617626739768532 4.2089129462338137 -0.15085939059576758 -0.83753489659247315 2.1508510121880353 8.9147713100750181
leaf_weight=380 148 6008 456 924 148
leaf_count=380 148 6008 456 924 148
internal_value=0.000405088 -0.251276 -3.62627 0.156213 6.58394
internal_weight=8064 7768 836 6932 296
internal_count=8064 7768 836 6932 296
is_linear=0
shrinkage=0.05


Tree=43
num_leaves=7
num_cat=0
split_feature=3 3 0 3 3 8
split_gain=4.98384e+06 1.62673e+07 5.76858e+06 3.89373e+06 2.918e+06 2.82658e+06
threshold=-115.88908020833331 -124.42426145833336 8436.7116000000024 -156.34206319444408 55.872129166666817 14.666666666666668
decision_type=2 2 2 2 2 2
left_child=1 3 5 -1 -4 -2
right_child=2 -3 4 -5 -6 -7
leaf_value=3.0271145259644943 -0.70219441757302392 18.476646030853537 -2.4260656468722286 -2.2763277604349565 -11.309167966465493 2.2888837164131997
leaf_weight=864 5178 144 195 576 176 931
leaf_count=864 5178 144 195 576 176 931
internal_value=0.000430224 2.51364 -0.614204 0.90563 -6.65922 -0.24606
internal_weight=8064 1584 6480 1440 371 6109
internal_count=8064 1584 6480 1440 371 6109
is_linear=0
shrinkage=0.05


Tree=44
num_leaves=5
num_cat=0
split_feature=2 2 8 2
split_gain=4.75566e+06 3.80897e+06 2.48193e+06 584538
threshold=556.54839285714354 -646.513392857143 14.666666666666668 747.89922142857142
decision_type=2 2 2 2
left_child=1 -1 -3 -2
right_child=3 2 -4 -5
leaf_value=-8.0479735190572299 3.9456319725753475 -0.4497538614702481 2.1227443648731872 8.4324192232733619
leaf_weight=152 148 6522 1094 148
leaf_count=152 148 6522 1094 148
internal_value=0.000452613 -0.236926 -0.0799973 6.20986
internal_weight=8064 7768 7616 296
internal_count=8064 7768 7616 296
is_linear=0
shrinkage=0.05


Tree=45
num_leaves=7
num_cat=0
split_feature=3 3 0 3 8 8
split_gain=4.46055e+06 1.47397e+07 5.01464e+06 3.46136e+06 2.79356e+06 2.33149e+06
threshold=-115.88908020833331 -124.42426145833336 8436.7116000000024 -156.34206319444408 14.166666666666668 14.666666666666668
decision_type=2 2 2 2 2 2
left_child=1 3 5 -1 -4 -2
right_child=2 -3 4 -5 -6 -7
leaf_value=2.84767581463097 -0.65202239456166289 17.573085366939676 -1.3551930975483124 -2.1526465452729728 -10.086109872946993 2.0645051363016211
leaf_weight=864 5178 144 165 576 206 931
leaf_count=864 5178 144 165 576 206 931
internal_value=0.000467193 2.37808 -0.581005 0.847441 -6.21717 -0.237759
internal_weight=8064 1584 6480 1440 371 6109
internal_count=8064 1584 6480 1440 371 6109
is_linear=0
shrinkage=0.05


Tree=46
num_leaves=7
num_cat=0
split_feature=2 8 3 3 2 3
split_gain=4.26895e+06 4.64331e+06 5.40249e+06 3.02923e+06 5.58958e+06 2.36576e+06
threshold=166.4657214285717 13.666666666666668 -111.82758437500023 403.21990868055587 -276.61874999999981 -62.769571527778218
decision_type=2 2 2 2 2 2
left_child=3 5 -3 4 -1 -2
right_child=1 2 -4 -5 -6 -7
leaf_value=-5.8438204969748986 -5.5478290166649122 10.078652457743402 1.8038748154566235 6.6341790562251521 -0.26111459522326547 1.5244938697766615
leaf_weight=483 196 308 547 144 6091 295
leaf_count=483 196 308 547 144 6091 295
internal_value=0.000494929 2.56953 4.79302 -0.514535 -0.672109 -1.30421
internal_weight=8064 1346 855 6718 6574 491
internal_count=8064 1346 855 6718 6574 491
is_linear=0
shrinkage=0.05


Tree=47
num_leaves=5
num_cat=0
split_feature=2 2 8 2
split_gain=3.99447e+06 3.14576e+06 2.12689e+06 514486
threshold=556.54839285714354 -646.513392857143 14.666666666666668 747.89922142857142
decision_type=2 2 2 2
left_child=1 -1 -3 -2
right_child=3 2 -4 -5
leaf_value=-7.3155604108486303 3.5687964588203687 -0.41670626030000779 1.9646928853966874 7.7756889432868705
leaf_weight=152 148 6522 1094 148
leaf_count=152 148 6522 1094 148
internal_value=0.000522177 -0.217031 -0.0744173 5.69134
internal_weight=8064 7768 7616 296
internal_count=8064 7768 7616 296
is_linear=0
shrinkage=0.05


Tree=48
num_leaves=7
num_cat=0
split_feature=3 3 2 3 8 3
split_gain=3.75869e+06 1.32205e+07 4.15856e+06 3.02525e+06 2.36764e+06 1.73758e+06
threshold=-115.88908020833331 -124.42426145833336 -40.023214285714396 -156.34206319444408 14.666666666666668 -75.621500347222067
decision_type=2 2 2 2 2 2
left_child=1 3 4 -1 -2 -4
right_child=2 -3 5 -5 -6 -7
leaf_value=2.6035350795408898 -4.4943129840750879 16.573716512137448 -1.8262672215523978 -2.0711535345233552 1.3538952144759673 0.47000669759868974
leaf_weight=864 878 144 1014 576 215 4373
leaf_count=864 878 144 1014 576 215 4373
internal_value=0.000530622 2.18309 -0.533237 0.73352 -3.34375 0.0375182
internal_weight=8064 1584 6480 1440 1093 5387
internal_count=8064 1584 6480 1440 1093 5387
is_linear=0
shrinkage=0.05


Tree=49
num_leaves=6
num_cat=0
split_feature=2 3 2 8 6
split_gain=3.61021e+06 2.70831e+06 5.03001e+06 1.84303e+06 795693
threshold=414.82296428571505 403.21990868055587 -276.61874999999981 13.666666666666668 -0.46130913087034953
decision_type=2 2 2 2 2
left_child=1 2 -1 -2 -5
right_child=3 -3 -4 4 -6
leaf_value=-5.3379299035111121 -0.0047419727170789567 6.4897950734763317 -0.065378057187401847 8.990768165420107 4.0556678012013441
leaf_weight=483 184 144 6916 146 191
leaf_count=483 184 144 6916 146 191
internal_value=0.000582277 -0.277672 -0.41024 4.02194 6.214
internal_weight=8064 7543 7399 521 337
internal_count=8064 7543 7399 521 337
is_linear=0
shrinkage=0.05


Tree=50
num_leaves=7
num_cat=0
split_feature=2 8 3 3 2 3
split_gain=3.33547e+06 3.87864e+06 4.60225e+06 2.59942e+06 4.17754e+06 2.09635e+06
threshold=166.4657214285717 13.666666666666668 -111.82758437500023 403.21990868055587 -276.61874999999981 -62.769571527778218
decision_type=2 2 2 2 2 2
left_child=3 5 -3 4 -1 -2
right_child=1 2 -4 -5 -6 -7
leaf_value=-5.0715848033585829 -5.2634688858150831 9.1820901285097438 1.5450522290311592 6.1675432129127197 -0.24526784169822147 1.3940592807491083
leaf_weight=483 196 308 547 144 6091 295
leaf_count=483 196 308 547 144 6091 295
internal_value=0.000640754 2.27149 4.30369 -0.45461 -0.600581 -1.26882
internal_weight=8064 1346 855 6718 6574 491
internal_count=8064 1346 855 6718 6574 491
is_linear=0
shrinkage=0.05


Tree=51
num_leaves=7
num_cat=0
split_feature=3 3 0 3 8 3
split_gain=3.13329e+06 1.18128e+07 3.62722e+06 2.67058e+06 2.52252e+06 2.09764e+06
threshold=-115.88908020833331 -124.42426145833336 8436.7116000000024 -156.34206319444408 14.166666666666668 -91.865285416666879
decision_type=2 2 2 2 2 2
left_child=1 3 5 -1 -4 -2
right_child=2 -3 4 -5 -6 -7
leaf_value=2.3802244879308594 -3.6134470411964013 15.596322649100731 -0.66429066938090042 -2.0118719743180575 -8.9562650450617802 0.056283847707846085
leaf_weight=864 417 144 165 576 206 5692
leaf_count=864 417 144 165 576 206 5692
internal_value=0.000656516 1.99338 -0.486687 0.623209 -5.28016 -0.194762
internal_weight=8064 1584 6480 1440 371 6109
internal_count=8064 1584 6480 1440 371 6109
is_linear=0
shrinkage=0.05


Tree=52
num_leaves=5
num_cat=0
split_feature=2 2 8 7
split_gain=3.07139e+06 2.3912e+06 1.94008e+06 524349
threshold=556.54839285714354 -646.513392857143 14.666666666666668 0.60818202301879232
decision_type=2 2 2 2
left_child=1 -1 -3 -2
right_child=3 2 -4 -5
leaf_value=-6.3790307705308882 2.8851406993455448 -0.39269937636279612 1.8817142368778246 7.1197672290866878
leaf_weight=152 150 6522 1094 146
leaf_count=152 150 6522 1094 146
internal_value=0.000640964 -0.190126 -0.0657872 4.99078
internal_weight=8064 7768 7616 296
internal_count=8064 7768 7616 296
is_linear=0
shrinkage=0.05


Tree=53
num_leaves=7
num_cat=0
split_feature=1 8 6 5 8 2
split_gain=2.84121e+06 5.24534e+06 4.1352e+06 4.13174e+06 4.06651e+06 2.82354e+06
threshold=75.865150000000099 14.666666666666668 -0.57357643635104605 -0.91509365977396839 13.666666666666668 -4.6784857142858973
decision_type=2 2 2 2 2 2
left_child=3 2 -2 4 -1 -5
right_child=1 -3 -4 5 -6 -7
leaf_value=-1.8450087372064385 -7.4873630605288497 4.7470501332723796 -1.2565661831238331 -4.6276294501285991 7.1515354678936793 0.29387803904349846
leaf_weight=180 404 237 779 306 412 5746
leaf_count=180 404 237 779 306 412 5746
internal_value=0.000640631 -2.02865 -3.38894 0.434593 4.4176 0.0443144
internal_weight=8064 1420 1183 6644 592 6052
internal_count=8064 1420 1183 6644 592 6052
is_linear=0
shrinkage=0.05


Tree=54
num_leaves=7
num_cat=0
split_feature=3 3 0 8 3 3
split_gain=2.72567e+06 1.06767e+07 3.20526e+06 2.37764e+06 2.36315e+06 1.89005e+06
threshold=-115.88908020833331 -124.42426145833336 8436.7116000000024 14.166666666666668 -156.34206319444408 -91.865285416666879
decision_type=2 2 2 2 2 2
left_child=1 4 5 -4 -1 -2
right_child=2 -3 3 -5 -6 -7
leaf_value=2.2093995406633686 -3.4246501614531262 14.791423741342692 -0.47971223883600117 -8.5289064849920333 -1.9221577677378623 0.058769479399913754
leaf_weight=864 417 144 165 206 576 5692
leaf_count=864 417 144 165 206 576 5692
internal_value=0.000589835 1.85918 -0.453949 -4.95999 0.55659 -0.17953
internal_weight=8064 1584 6480 371 1440 6109
internal_count=8064 1584 6480 371 1440 6109
is_linear=0
shrinkage=0.05


Tree=55
num_leaves=7
num_cat=0
split_feature=2 3 2 8 8 6
split_gain=2.64078e+06 2.36986e+06 3.4542e+06 1.76921e+06 2.44679e+06 654050
threshold=291.5631428571424 403.21990868055587 -318.46522857142958 13.666666666666668 14.166666666666668 -0.043577871373828972
decision_type=2 2 2 2 2 2
left_child=1 2 -1 5 -5 -2
right_child=3 -3 -4 4 -6 -7
leaf_value=-4.8998249900828617 1.9155927086869877 6.0237718414438186 -0.16103340369566718 9.5115624261883696 2.1184737176079764 -2.716595229536495
leaf_weight=407 155 144 6692 163 355 148
leaf_count=407 155 144 6692 163 355 148
internal_value=0.000577112 -0.30418 -0.43337 2.68629 4.45871 -0.348488
internal_weight=8064 7243 7099 821 518 303
internal_count=8064 7243 7099 821 518 303
is_linear=0
shrinkage=0.05


Tree=56
num_leaves=5
num_cat=0
split_feature=2 1 8 5
split_gain=2.53355e+06 2.02833e+06 4.53722e+06 2.3995e+06
threshold=747.89922142857142 95.77289999999995 14.666666666666668 -0.94670478576706751
decision_type=2 2 2 2
left_child=1 3 -3 -1
right_child=-2 2 -4 -5
leaf_value=3.9312596966365927 6.4600369871062728 -3.197389594273913 4.5133163078971528 -0.005674709791990507
leaf_weight=412 148 1120 229 6155
leaf_count=412 148 1120 229 6155
internal_value=0.00062136 -0.120947 -1.88608 0.241881
internal_weight=8064 7916 1349 6567
internal_count=8064 7916 1349 6567
is_linear=0
shrinkage=0.05


Tree=57
num_leaves=7
num_cat=0
split_feature=3 3 0 3 3 3
split_gain=2.3593e+06 9.59147e+06 2.72985e+06 2.2725e+06 2.11563e+06 1.75024e+06
threshold=-115.88908020833331 -124.42426145833336 8436.7116000000024 53.678319791666588 -156.34206319444408 15.821868402777911
decision_type=2 2 2 2 2 2
left_child=1 4 5 -4 -1 -2
right_child=2 -3 3 -5 -6 -7
leaf_value=2.0591164244336717 -1.0584691050243951 13.987209507843545 -0.81270333319595189 -8.6388363042024263 -1.8500681737370053 0.63600560158312303
leaf_weight=864 2902 144 193 178 576 3207
leaf_count=864 2902 144 193 178 576 3207
internal_value=0.000662835 1.72984 -0.422226 -4.58069 0.495244 -0.168974
internal_weight=8064 1584 6480 371 1440 6109
internal_count=8064 1584 6480 371 1440 6109
is_linear=0
shrinkage=0.05


Tree=58
num_leaves=4
num_cat=0
split_feature=2 3 2
split_gain=2.28318e+06 2.09009e+06 3.30375e+06
threshold=747.89922142857142 403.21990868055587 -148.51742142857117
decision_type=2 2 2
left_child=1 2 -1
right_child=-2 -3 -4
leaf_value=-3.3099732064941323 6.1325972760558729 5.8330593545683502 0.11880924978442507
leaf_weight=780 148 144 6992
leaf_count=780 148 144 6992
internal_value=0.000656492 -0.114748 -0.225686
internal_weight=8064 7916 7772
internal_count=8064 7916 7772
is_linear=0
shrinkage=0.05


Tree=59
num_leaves=7
num_cat=0
split_feature=2 10 3 3 2 3
split_gain=2.12646e+06 3.44024e+06 3.03398e+06 2.06778e+06 2.59253e+06 1.25727e+06
threshold=166.4657214285717 0.56098467945857522 -115.88908020833331 403.21990868055587 -318.46522857142958 -65.154692013889175
decision_type=2 2 2 2 2 2
left_child=3 2 -2 4 -1 -3
right_child=1 5 -4 -5 -6 -7
leaf_value=-4.3530676183016856 8.360730300936849 -3.9904769014520767 1.7873555430525987 5.5434178390174083 -0.23760110117457614 0.89385708959651566
leaf_weight=407 255 240 561 144 6167 290
leaf_count=407 255 240 561 144 6167 290
internal_value=0.000678073 1.81384 3.84925 -0.362819 -0.493015 -1.32127
internal_weight=8064 1346 816 6718 6574 530
internal_count=8064 1346 816 6718 6574 530
is_linear=0
shrinkage=0.05


Tree=60
num_leaves=5
num_cat=0
split_feature=2 3 1 7
split_gain=2.0148e+06 1.73747e+06 2.71569e+06 448304
threshold=556.54839285714354 403.21990868055587 115.04820000000019 0.60818202301879232
decision_type=2 2 2 2
left_child=1 2 -1 -2
right_child=3 -3 -4 -5
leaf_value=0.15329060748887127 2.1014897487021442 5.2681584168097073 -2.4274548179934126 6.0085492612147817
leaf_weight=6413 150 144 1211 146
leaf_count=6413 150 144 1211 146
internal_value=0.000693786 -0.153815 -0.256901 4.04236
internal_weight=8064 7768 7624 296
internal_count=8064 7768 7624 296
is_linear=0
shrinkage=0.05


Tree=61
num_leaves=7
num_cat=0
split_feature=3 3 8 0 0 3
split_gain=1.97966e+06 8.6929e+06 2.24815e+06 7.2131e+06 6.41401e+06 1.8803e+06
threshold=-115.88908020833331 -124.42426145833336 14.666666666666668 6025.5132500000009 4060.8653000000004 -156.34206319444408
decision_type=2 2 2 2 2 2
left_child=1 5 4 -4 -2 -1
right_child=2 -3 3 -5 -6 -7
leaf_value=1.8837497212862695 0.36588742589177181 13.253761754241484 -0.68195228374288952 9.0326309041352939 -3.3288276906399683 -1.8015921081346904
leaf_weight=864 3766 144 753 255 1706 576
leaf_count=864 3766 144 753 255 1706 576
internal_value=0.000727944 1.58468 -0.386645 1.78212 -0.786408 0.409386
internal_weight=8064 1584 6480 1008 5472 1440
internal_count=8064 1584 6480 1008 5472 1440
is_linear=0
shrinkage=0.05


Tree=62
num_leaves=7
num_cat=0
split_feature=2 10 3 3 0 3
split_gain=1.87477e+06 3.19117e+06 2.9311e+06 1.72901e+06 2.20791e+06 1.31863e+06
threshold=153.01462857142863 0.56098467945857522 -115.88908020833331 403.21990868055587 138.46875000000003 -65.154692013889175
decision_type=2 2 2 2 2 2
left_child=3 2 -2 4 -1 -3
right_child=1 5 -4 -5 -6 -7
leaf_value=0.23786582393947553 7.8925715926645417 -3.943836126662791 1.5962643355877453 5.0482787349306308 -1.6680140323326313 0.93522801199890937
leaf_weight=4078 267 255 598 144 2421 301
leaf_count=4078 267 255 598 144 2421 301
internal_value=0.000807621 1.64852 3.54662 -0.351848 -0.472258 -1.30554
internal_weight=8064 1421 865 6643 6499 556
internal_count=8064 1421 865 6643 6499 556
is_linear=0
shrinkage=0.05


Tree=63
num_leaves=4
num_cat=0
split_feature=2 2 8
split_gain=1.80754e+06 1.62241e+06 1.5608e+06
threshold=747.89922142857142 -646.513392857143 14.666666666666668
decision_type=2 2 2
left_child=1 -1 -3
right_child=-2 2 -4
leaf_value=-5.2006347646705464 5.4568013917679759 -0.29144988966442398 1.7307460147506246
leaf_weight=152 148 6651 1113
leaf_count=152 148 6651 1113
internal_value=0.000829843 -0.101853 -0.00137458
internal_weight=8064 7916 7764
internal_count=8064 7916 7764
is_linear=0
shrinkage=0.05


Tree=64
num_leaves=7
num_cat=0
split_feature=3 3 0 8 3 3
split_gain=1.69426e+06 7.87477e+06 2.03054e+06 2.21589e+06 1.66107e+06 1.63215e+06
threshold=-115.88908020833331 -124.42426145833336 8436.7116000000024 14.166666666666668 -156.34206319444408 -91.865285416666879
decision_type=2 2 2 2 2 2
left_child=1 4 5 -4 -1 -2
right_child=2 -3 3 -5 -6 -7
leaf_value=1.733311828863457 -3.1547462989767774 12.572522608493937 0.3760272924799517 -7.3894137683122061 -1.7305194552064564 0.082293014632887726
leaf_weight=864 417 144 165 206 576 5692
leaf_count=864 417 144 165 206 576 5692
internal_value=0.000798865 1.46613 -0.357565 -3.94405 0.34754 -0.139147
internal_weight=8064 1584 6480 371 1440 6109
internal_count=8064 1584 6480 371 1440 6109
is_linear=0
shrinkage=0.05


Tree=65
num_leaves=4
num_cat=0
split_feature=2 3 3
split_gain=1.62573e+06 1.45445e+06 2.32873e+06
threshold=747.89922142857142 403.21990868055587 121.05025659722197
decision_type=2 2 2
left_child=1 2 -1
right_child=-2 -3 -4
leaf_value=0.11707600400344892 5.1750902700744223 4.8650117657924525 -2.6348532188369358
leaf_weight=6908 148 144 864
leaf_count=6908 148 144 864
internal_value=0.000774363 -0.0966077 -0.189151
internal_weight=8064 7916 7772
internal_count=8064 7916 7772
is_linear=0
shrinkage=0.05


Tree=66
num_leaves=7
num_cat=0
split_feature=2 8 4 3 3 2
split_gain=1.54936e+06 2.87063e+06 3.18309e+06 1.87929e+06 1.44882e+06 1.90158e+06
threshold=153.01462857142863 13.666666666666668 -0.36235178784537908 -62.769571527778218 403.21990868055587 -318.46522857142958
decision_type=2 2 2 2 2 2
left_child=4 3 -3 -2 5 -1
right_child=1 2 -4 -5 -6 -7
leaf_value=-3.7346610486763079 -5.104299807970488 -1.0638578330141468 5.2591838237973025 1.0225049367682499 4.623438797593117 -0.20867754659914586
leaf_weight=407 210 295 609 307 144 6092
leaf_count=407 210 295 609 307 144 6092
internal_value=0.000782282 1.49868 3.19691 -1.47119 -0.31981 -0.430033
internal_weight=8064 1421 904 517 6643 6499
internal_count=8064 1421 904 517 6643 6499
is_linear=0
shrinkage=0.05


Tree=67
num_leaves=7
num_cat=0
split_feature=3 3 0 3 8 0
split_gain=1.47753e+06 7.35617e+06 1.46344e+07 3.56397e+06 1.91358e+06 6.70752e+06
threshold=-115.88908020833331 -134.51111284722239 39.099500000000013 -156.34206319444408 14.666666666666668 6025.5132500000009
decision_type=2 2 2 2 2 2
left_child=1 3 -3 -1 -2 -6
right_child=4 2 -4 -5 5 -7
leaf_value=1.6146890594401111 -0.70273252475061299 -2.6904144175299285 19.796187192078296 -3.9421011301897488 -0.70911371753765984 8.6587766898213889
leaf_weight=864 5472 144 144 432 753 255
leaf_count=864 5472 144 144 432 753 255
internal_value=0.000748082 1.36916 8.58248 -0.239186 -0.333911 1.66697
internal_weight=8064 1584 288 1296 6480 1008
internal_count=8064 1584 288 1296 6480 1008
is_linear=0
shrinkage=0.05


Tree=68
num_leaves=5
num_cat=0
split_feature=2 5 3 0
split_gain=1.44789e+06 1.49781e+06 3.59559e+06 776570
threshold=-646.513392857143 -0.87651811848132988 -115.88908020833331 39.099500000000013
decision_type=2 2 2 2
left_child=-1 2 -2 -3
right_child=1 3 -4 -5
leaf_value=-4.8167772623545986 7.0337174183792541 0.23891264284609115 0.29860819994168208 -0.85991156621208809
leaf_weight=152 251 4081 928 2652
leaf_count=152 251 4081 928 2652
internal_value=0.00084723 0.0939972 1.73721 -0.193957
internal_weight=8064 7912 1179 6733
internal_count=8064 7912 1179 6733
is_linear=0
shrinkage=0.05


Tree=69
num_leaves=4
num_cat=0
split_feature=2 2 8
split_gain=1.3342e+06 1.25817e+06 1.31824e+06
threshold=747.89922142857142 -646.513392857143 14.666666666666668
decision_type=2 2 2
left_child=1 -1 -3
right_child=-2 2 -4
leaf_value=-4.5775124268362823 4.6882853131166247 -0.2655046145601665 1.592933162627491
leaf_weight=152 148 6651 1113
leaf_count=152 148 6651 1113
internal_value=0.00081661 -0.0874029 0.0010806
internal_weight=8064 7916 7764
internal_count=8064 7916 7764
is_linear=0
shrinkage=0.05


Tree=70
num_leaves=6
num_cat=0
split_feature=2 8 3 3 0
split_gain=1.23309e+06 2.82231e+06 3.52135e+06 1.41145e+06 2.31229e+06
threshold=102.78097142857145 14.666666666666668 -115.88908020833331 403.21990868055587 138.46875000000003
decision_type=2 2 2 2 2
left_child=3 2 -2 4 -1
right_child=1 -3 -4 -5 -6
leaf_value=0.26117943991665149 4.1016747622574279 6.5323738807881329 -1.1655439717140212 4.5552180389905805 -1.7738919566642637
leaf_weight=4078 453 215 1053 144 2121
leaf_count=4078 453 215 1053 144 2121
internal_value=0.000784696 1.18738 0.420489 -0.321302 -0.435298
internal_weight=8064 1721 1506 6343 6199
internal_count=8064 1721 1506 6343 6199
is_linear=0
shrinkage=0.05


Tree=71
num_leaves=5
num_cat=0
split_feature=2 5 3 8
split_gain=1.17245e+06 1.34363e+06 3.0507e+06 700755
threshold=-646.513392857143 -0.87651811848132988 -115.88908020833331 14.166666666666668
decision_type=2 2 2 2
left_child=-1 2 -2 -3
right_child=1 3 -4 -5
leaf_value=-4.3344095578283266 6.5197008325526173 0.23849677721185572 0.31582247191324303 -0.79788024163177351
leaf_weight=152 251 3962 928 2771
leaf_count=152 251 3962 928 2771
internal_value=0.000823028 0.0846458 1.64099 -0.188085
internal_weight=8064 7912 1179 6733
internal_count=8064 7912 1179 6733
is_linear=0
shrinkage=0.05


Tree=72
num_leaves=5
num_cat=0
split_feature=3 1 8 5
split_gain=1.12869e+06 2.0623e+06 5.04343e+06 2.15874e+06
threshold=403.21990868055587 115.04820000000019 14.666666666666668 -0.91509365977396839
decision_type=2 2 2 2
left_child=1 3 -3 -1
right_child=-2 2 -4 -5
leaf_value=3.0777646376259375 4.372322281475725 -3.4755486630737789 4.9032124694453803 -0.021520700889988153
leaf_weight=618 144 999 218 6085
leaf_count=618 144 999 218 6085
internal_value=0.000793915 -0.0792304 -1.97188 0.264642
internal_weight=8064 7920 1217 6703
internal_count=8064 7920 1217 6703
is_linear=0
shrinkage=0.05


Tree=73
num_leaves=4
num_cat=0
split_feature=2 3 3
split_gain=1.08235e+06 1.05907e+06 1.85715e+06
threshold=747.89922142857142 403.21990868055587 223.20070763888887
decision_type=2 2 2
left_child=1 2 -1
right_child=-2 -3 -4
leaf_value=-0.0057445153282207496 4.2227470125527988 4.155213853357167 -4.0905605312552833
leaf_weight=7484 148 144 288
leaf_count=7484 148 144 288
internal_value=0.000809129 -0.0786489 -0.157619
internal_weight=8064 7916 7772
internal_count=8064 7916 7772
is_linear=0
shrinkage=0.05


Tree=74
num_leaves=5
num_cat=0
split_feature=2 8 5 1
split_gain=1.07629e+06 1.188e+06 5.92992e+06 1.55975e+06
threshold=-646.513392857143 14.666666666666668 -0.59116893267988335 165.68944999999988
decision_type=2 2 2 2
left_child=-1 3 -3 -2
right_child=1 2 -4 -5
leaf_value=-4.1528578443464887 0.11122842665526966 7.2955008153194258 -0.71019636077221548 -2.2194764954096171
leaf_weight=152 5966 323 808 815
leaf_count=152 5966 323 808 815
internal_value=0.000795209 0.0811071 1.58056 -0.169182
internal_weight=8064 7912 1131 6781
internal_count=8064 7912 1131 6781
is_linear=0
shrinkage=0.05


Tree=75
num_leaves=7
num_cat=0
split_feature=3 3 0 3 3 5
split_gain=1.01485e+06 6.73955e+06 1.29359e+07 3.16401e+06 1.75229e+06 5.89052e+06
threshold=-115.88908020833331 -134.51111284722239 39.099500000000013 -156.34206319444408 -91.865285416666879 -0.48087430661751701
decision_type=2 2 2 2 2 2
left_child=1 3 -3 -1 5 -2
right_child=4 2 -4 -5 -6 -7
leaf_value=1.3424234660887133 -11.442167156773644 -2.5591080948402141 18.582172677434723 -3.8933216927267669 -0.056604008823891855 0.8504020508561102
leaf_weight=864 147 144 144 432 6048 285
leaf_count=864 147 144 144 432 6048 285
internal_value=0.000757467 1.13485 8.03925 -0.404481 -0.276597 -3.34925
internal_weight=8064 1584 288 1296 6480 432
internal_count=8064 1584 288 1296 6480 432
is_linear=0
shrinkage=0.05


Tree=76
num_leaves=5
num_cat=0
split_feature=2 3 2 7
split_gain=986494 1.00611e+06 1.69006e+06 343004
threshold=556.54839285714354 403.21990868055587 -148.51742142857117 0.60818202301879232
decision_type=2 2 2 2
left_child=1 2 -1 -2
right_child=3 -3 -4 -5
leaf_value=-2.3894103713290682 1.1378489411824588 4.0185326620525332 0.065628423141608105 4.5465657164450404
leaf_weight=780 150 144 6844 146
leaf_count=780 150 144 6844 146
internal_value=0.000737091 -0.107377 -0.185823 2.82882
internal_weight=8064 7768 7624 296
internal_count=8064 7768 7624 296
is_linear=0
shrinkage=0.05


Tree=77
num_leaves=5
num_cat=0
split_feature=2 5 3 0
split_gain=957328 1.10656e+06 2.43812e+06 635680
threshold=-646.513392857143 -0.87651811848132988 -115.88908020833331 39.099500000000013
decision_type=2 2 2 2
left_child=-1 2 -2 -3
right_child=1 3 -4 -5
leaf_value=-3.9166375320331728 5.850346325787287 0.22062433133342579 0.30417639713802558 -0.77353706489118079
leaf_weight=152 251 4081 928 2652
leaf_count=152 251 4081 928 2652
internal_value=0.000745975 0.0764896 1.48887 -0.171014
internal_weight=8064 7912 1179 6733
internal_count=8064 7912 1179 6733
is_linear=0
shrinkage=0.05


Tree=78
num_leaves=4
num_cat=0
split_feature=2 3 3
split_gain=884678 917158 1.66153e+06
threshold=747.89922142857142 403.21990868055587 121.05025659722197
decision_type=2 2 2
left_child=1 2 -1
right_child=-2 -3 -4
leaf_value=0.11405657151389643 3.8177072398214538 3.8688815609134481 -2.2104545902241171
leaf_weight=6908 148 144 864
leaf_count=6908 148 144 864
internal_value=0.000719137 -0.0711177 -0.144607
internal_weight=8064 7916 7772
internal_count=8064 7916 7772
is_linear=0
shrinkage=0.05


Tree=79
num_leaves=5
num_cat=0
split_feature=2 8 5 1
split_gain=872365 1.09365e+06 5.33897e+06 1.29249e+06
threshold=-646.513392857143 14.666666666666668 -0.59116893267988335 165.68944999999988
decision_type=2 2 2 2
left_child=-1 3 -3 -2
right_child=1 2 -4 -5
leaf_value=-3.7387933886129092 0.088138952561519462 6.9344064904583833 -0.66193051456078911 -2.0335126363763623
leaf_weight=152 5966 323 808 815
leaf_count=152 5966 323 808 815
internal_value=0.000717836 0.0730222 1.5117 -0.167122
internal_weight=8064 7912 1131 6781
internal_count=8064 7912 1131 6781
is_linear=0
shrinkage=0.05


Tree=80
num_leaves=6
num_cat=0
split_feature=5 3 3 0 3
split_gain=858011 5.01268e+06 3.66497e+06 1.81728e+06 597301
threshold=-0.87651811848132988 101.80400451388847 26.249189930555534 7115.9075000000003 -234.61205729166633
decision_type=2 2 2 2 2
left_child=1 2 -1 4 -2
right_child=3 -3 -4 -5 -6
leaf_value=0.51268401884326809 -2.5298737029479859 -6.4355924920778023 6.7225295659951385 -5.4896385249495516 -0.0041436113521732499
leaf_weight=759 242 184 345 159 6375
leaf_count=759 242 184 345 159 6375
internal_value=0.000685596 1.18313 2.45759 -0.224217 -0.0968841
internal_weight=8064 1288 1104 6776 6617
internal_count=8064 1288 1104 6776 6617
is_linear=0
shrinkage=0.05


Tree=81
num_leaves=5
num_cat=0
split_feature=3 2 3 5
split_gain=853503 1.51813e+06 3.37598e+06 1.34489e+06
threshold=403.21990868055587 -148.51742142857117 121.05025659722197 -0.91509365977396839
decision_type=2 2 2 2
left_child=1 2 -1 -3
right_child=-2 3 -4 -5
leaf_value=-0.36226643099143263 3.802058477648373 2.1540590379209745 -8.1688143877188377 -0.07616732360009365
leaf_weight=601 144 755 179 6385
leaf_count=601 144 755 179 6385
internal_value=0.000606522 -0.0689821 -2.16193 0.159931
internal_weight=8064 7920 780 7140
internal_count=8064 7920 780 7140
is_linear=0
shrinkage=0.05


Tree=82
num_leaves=7
num_cat=0
split_feature=3 3 3 5 1 3
split_gain=825283 6.21402e+06 1.62259e+06 5.36648e+06 1.37199e+06 1.23083e+06
threshold=-115.88908020833331 -124.42426145833336 -91.865285416666879 -0.48087430661751701 10.218700000000043 -156.34206319444408
decision_type=2 2 2 2 2 2
left_child=1 5 3 -2 -4 -1
right_child=2 -3 4 -5 -6 -7
leaf_value=1.2228452074631102 -10.930851599654638 10.889209385904772 0.39197652256599996 0.80221854066932119 -1.356833099471136 -1.7588014523897393
leaf_weight=864 147 144 4562 285 1486 576
leaf_count=864 147 144 4562 285 1486 576
internal_value=0.00055977 1.02326 -0.249553 -3.20631 -0.0378611 0.0297937
internal_weight=8064 1584 6480 432 6048 1440
internal_count=8064 1584 6480 432 6048 1440
is_linear=0
shrinkage=0.05


Tree=83
num_leaves=6
num_cat=0
split_feature=5 3 3 0 3
split_gain=793367 4.26156e+06 3.30873e+06 1.54463e+06 563126
threshold=-0.87651811848132988 101.80400451388847 26.249189930555534 7115.9075000000003 -234.61205729166633
decision_type=2 2 2 2 2
left_child=1 2 -1 4 -2
right_child=3 -3 -4 -5 -6
leaf_value=0.46469313852096861 -2.4607042020363084 -5.8872740973975208 6.3649840625724359 -5.070125715322793 -0.0082940138472124957
leaf_weight=759 242 184 345 159 6375
leaf_count=759 242 184 345 159 6375
internal_value=0.000527179 1.13755 2.31263 -0.215738 -0.098343
internal_weight=8064 1288 1104 6776 6617
internal_count=8064 1288 1104 6776 6617
is_linear=0
shrinkage=0.05


Tree=84
num_leaves=5
num_cat=0
split_feature=3 3 3 2
split_gain=805763 1.37107e+06 2.41162e+06 1.00057e+06
threshold=403.21990868055587 223.20070763888887 276.38085729166693 102.78097142857145
decision_type=2 2 2 2
left_child=1 3 -3 -1
right_child=-2 2 -4 -5
leaf_value=-0.24369231002422503 3.6940659343785258 -7.9998229195331705 1.1282943695167016 1.1368234239191242
leaf_weight=5949 144 144 144 1683
leaf_count=5949 144 144 144 1683
internal_value=0.000459928 -0.0671544 -3.44765 0.0608465
internal_weight=8064 7920 288 7632
internal_count=8064 7920 288 7632
is_linear=0
shrinkage=0.05


Tree=85
num_leaves=7
num_cat=0
split_feature=8 5 4 1 8 0
split_gain=764204 3.60176e+06 3.10795e+06 1.60806e+06 2.46103e+06 1.74036e+06
threshold=14.666666666666668 -0.27976242230339682 0.21643961393810304 165.68944999999988 14.166666666666668 8133.5565500000002
decision_type=2 2 2 2 2 2
left_child=3 2 -2 5 -5 -1
right_child=1 -3 -4 4 -6 -7
leaf_value=-0.061185513861877677 1.0548422191387568 -1.1370940294321874 9.2581986293270813 -0.25855594133744475 -5.6581712593973243 4.5410785564234564
leaf_weight=5769 272 680 200 609 322 212
leaf_count=5769 272 680 200 609 322 212
internal_value=0.000422777 1.19212 4.54307 -0.198336 -2.13016 0.102676
internal_weight=8064 1152 472 6912 931 5981
internal_count=8064 1152 472 6912 931 5981
is_linear=0
shrinkage=0.05


Tree=86
num_leaves=7
num_cat=0
split_feature=3 3 0 3 3 5
split_gain=752762 5.75403e+06 1.15768e+07 2.72322e+06 1.45911e+06 4.87666e+06
threshold=-115.88908020833331 -134.51111284722239 39.099500000000013 -156.34206319444408 -91.865285416666879 -0.48087430661751701
decision_type=2 2 2 2 2 2
left_child=1 3 -3 -1 5 -2
right_child=4 2 -4 -5 -6 -7
leaf_value=1.1756199631181068 -10.405861396845935 -2.6677979817883721 17.330761933408933 -3.6817674557551499 -0.037676690343707672 0.77889572090202286
leaf_weight=864 147 144 144 432 6048 285
leaf_count=864 147 144 144 432 6048 285
internal_value=0.000449612 0.977183 7.35685 -0.445099 -0.238421 -3.04227
internal_weight=8064 1584 288 1296 6480 432
internal_count=8064 1584 288 1296 6480 432
is_linear=0
shrinkage=0.05


Tree=87
num_leaves=5
num_cat=0
split_feature=3 2 3 5
split_gain=731489 1.26313e+06 3.01513e+06 1.07086e+06
threshold=403.21990868055587 -148.51742142857117 -83.891253472222147 -0.91509365977396839
decision_type=2 2 2 2
left_child=1 2 -1 -3
right_child=-2 3 -4 -5
leaf_value=4.3518217902336467 3.5196970458688406 1.9242343883384905 -3.4959539903345567 -0.065852458567253261
leaf_weight=151 144 755 629 6385
leaf_count=151 144 755 629 6385
internal_value=0.000442575 -0.0639801 -1.97308 0.144824
internal_weight=8064 7920 780 7140
internal_count=8064 7920 780 7140
is_linear=0
shrinkage=0.05


Tree=88
num_leaves=4
num_cat=0
split_feature=2 3 2
split_gain=712084 686569 1.09175e+06
threshold=747.89922142857142 403.21990868055587 -318.46522857142958
decision_type=2 2 2
left_child=1 2 -1
right_child=-2 -3 -4
leaf_value=-2.645216503651703 3.4249319981408597 3.3449258968747899 0.011895439159372904
leaf_weight=407 148 144 7365
leaf_count=407 148 144 7365
internal_value=0.000459094 -0.0639904 -0.127573
internal_weight=8064 7916 7772
internal_count=8064 7916 7772
is_linear=0
shrinkage=0.05


Tree=89
num_leaves=7
num_cat=0
split_feature=8 5 4 1 3 0
split_gain=705943 3.33533e+06 2.20349e+06 1.7947e+06 1.41125e+06 3.35899e+06
threshold=14.666666666666668 -0.59116893267988335 0.15208718494349097 -8.078850000000001 55.872129166666817 3832.9875000000006
decision_type=2 2 2 2 2 2
left_child=4 2 -2 -3 -1 -6
right_child=1 3 -4 -5 5 -7
leaf_value=0.2219651077137389 1.8487053514713079 4.2871014182700931 9.9558308145917707 -1.7411630479307523 0.11176250029838969 -4.5825111994825347
leaf_weight=5184 200 151 144 657 1162 566
leaf_count=5184 200 151 144 657 1162 566
internal_value=0.000461797 1.14583 5.26141 -0.610687 -0.190571 -1.42759
internal_weight=8064 1152 344 808 6912 1728
internal_count=8064 1152 344 808 6912 1728
is_linear=0
shrinkage=0.05


Tree=90
num_leaves=6
num_cat=0
split_feature=5 3 3 0 3
split_gain=644922 3.37661e+06 3.15081e+06 1.37301e+06 544073
threshold=-0.87651811848132988 101.80400451388847 26.249189930555534 7115.9075000000003 -234.61205729166633
decision_type=2 2 2 2 2
left_child=1 2 -1 4 -2
right_child=3 -3 -4 -5 -6
leaf_value=0.26857887882935372 -2.4058577974882636 -5.2274140029823464 6.0260519173943763 -4.7712506724894048 0.0047058363832618664
leaf_weight=759 242 184 345 159 6375
leaf_count=759 242 184 345 159 6375
internal_value=0.000501324 1.02565 2.07161 -0.194484 -0.0838046
internal_weight=8064 1288 1104 6776 6617
internal_count=8064 1288 1104 6776 6617
is_linear=0
shrinkage=0.05


Tree=91
num_leaves=5
num_cat=0
split_feature=3 3 10 3
split_gain=653416 3.1007e+06 2.19738e+06 797225
threshold=276.38085729166693 223.20070763888887 0.50561797752809001 15.821868402777911
decision_type=2 2 2 2
left_child=1 3 -2 -1
right_child=2 -3 -4 -5
leaf_value=-0.36266040013899781 -2.027612614138373 -7.329495073392474 6.6813775351951863 0.6819895692598229
leaf_weight=4608 144 144 144 3024
leaf_count=4608 144 144 144 3024
internal_value=0.000438412 -0.0863135 2.33493 0.0512926
internal_weight=8064 7776 288 7632
internal_count=8064 7776 288 7632
is_linear=0
shrinkage=0.05


Tree=92
num_leaves=7
num_cat=0
split_feature=3 3 3 0 3 6
split_gain=676878 5.21481e+06 1.39583e+06 4.46477e+06 3.65216e+06 1.10729e+06
threshold=-115.88908020833331 -124.42426145833336 15.821868402777911 3203.8846000000008 34.629392708333405 -0.64278760968653958
decision_type=2 2 2 2 2 2
left_child=1 5 3 -2 -4 -1
right_child=2 -3 4 -5 -6 -7
leaf_value=2.2488967381696452 0.39917890772840886 9.964586718031045 4.7550765897330178 -3.6277484575372689 -0.15463213000908371 -0.84343585441252233
leaf_weight=400 1966 144 432 1058 3024 1040
leaf_count=400 1966 144 432 1058 3024 1040
internal_value=0.000401886 0.926597 -0.226109 -1.01045 0.460279 0.01651
internal_weight=8064 1584 6480 3024 3456 1440
internal_count=8064 1584 6480 3024 3456 1440
is_linear=0
shrinkage=0.05


Tree=93
num_leaves=7
num_cat=0
split_feature=8 5 1 1 3 0
split_gain=651114 3.06112e+06 2.06448e+06 1.62907e+06 1.26096e+06 2.98212e+06
threshold=14.666666666666668 -0.59116893267988335 136.51840000000041 -8.078850000000001 55.872129166666817 3832.9875000000006
decision_type=2 2 2 2 2 2
left_child=4 2 -2 -3 -1 -6
right_child=1 3 -4 -5 5 -7
leaf_value=0.2069483265311618 1.7206600658893585 4.0839885087389698 9.5601176270883368 -1.6593586345574054 0.098134730744751389 -4.3249717275827235
leaf_weight=5184 199 151 145 657 1162 566
leaf_count=5184 199 151 145 657 1162 566
internal_value=0.000460788 1.10045 5.04322 -0.582314 -0.183003 -1.3523
internal_weight=8064 1152 344 808 6912 1728
internal_count=8064 1152 344 808 6912 1728
is_linear=0
shrinkage=0.05


Tree=94
num_leaves=6
num_cat=0
split_feature=5 3 8 0 3
split_gain=653065 2.96046e+06 2.98155e+06 1.22636e+06 503173
threshold=-0.87651811848132988 101.80400451388847 13.666666666666668 7115.9075000000003 -65.154692013889175
decision_type=2 2 2 2 2
left_child=1 2 -1 4 -2
right_child=3 -3 -4 -5 -6
leaf_value=-1.4949677321603714 -0.65139464920488166 -4.823085875897795 3.9337144702631224 -4.5211600306630135 0.2480978433191397
leaf_weight=391 2495 184 713 159 4122
leaf_count=391 2495 184 713 159 4122
internal_value=0.000497787 1.0321 2.01144 -0.195715 -0.0911112
internal_weight=8064 1288 1104 6776 6617
internal_count=8064 1288 1104 6776 6617
is_linear=0
shrinkage=0.05


Tree=95
num_leaves=5
num_cat=0
split_feature=3 3 6 2
split_gain=652830 2.70398e+06 2.01725e+06 714399
threshold=276.38085729166693 223.20070763888887 1.0000000180025095e-35 102.78097142857145
decision_type=2 2 2 2
left_child=1 3 -2 -1
right_child=2 -3 -4 -5
leaf_value=-0.21511046772414211 -1.8465572823738232 -6.85023935909929 6.4982110562201205 0.95139589278633552
leaf_weight=5949 144 144 144 1683
leaf_count=5949 144 144 144 1683
internal_value=0.000427587 -0.0862854 2.33387 0.0422171
internal_weight=8064 7776 288 7632
internal_count=8064 7776 288 7632
is_linear=0
shrinkage=0.05


Tree=96
num_leaves=5
num_cat=0
split_feature=3 1 8 5
split_gain=600179 917094 2.89835e+06 1.14463e+06
threshold=403.21990868055587 75.865150000000099 14.666666666666668 -0.91509365977396839
decision_type=2 2 2 2
left_child=1 3 -3 -1
right_child=-2 2 -4 -5
leaf_value=2.2817963751230836 3.1881691193580632 -2.3052449777270003 3.7711164902238288 -0.021402672370759702
leaf_weight=592 144 1119 237 5972
leaf_count=592 144 1119 237 5972
internal_value=0.000397143 -0.0579575 -1.24123 0.186636
internal_weight=8064 7920 1356 6564
internal_count=8064 7920 1356 6564
is_linear=0
shrinkage=0.05


Tree=97
num_leaves=7
num_cat=0
split_feature=3 3 5 3 3 0
split_gain=582587 4.84982e+06 1.03322e+07 2.45367e+06 1.35291e+06 4.25314e+06
threshold=-115.88908020833331 -134.51111284722239 1.0000000180025095e-35 -156.34206319444408 15.821868402777911 3203.8846000000008
decision_type=2 2 2 2 2 2
left_child=1 3 -3 -1 5 -2
right_child=4 2 -4 -5 -6 -7
leaf_value=1.0923957461738862 0.39390062099525325 16.139461466772804 -2.75240291595459 -3.518343388013903 0.46602844289221929 -3.5364281761682506
leaf_weight=864 1966 144 144 432 3456 1058
leaf_count=864 1966 144 144 432 3456 1058
internal_value=0.000420153 0.859687 6.71669 -0.446045 -0.209723 -0.981909
internal_weight=8064 1584 288 1296 6480 3024
internal_count=8064 1584 288 1296 6480 3024
is_linear=0
shrinkage=0.05


Tree=98
num_leaves=5
num_cat=0
split_feature=2 3 3 10
split_gain=606024 579946 2.38558e+06 1.97417e+06
threshold=747.89922142857142 276.38085729166693 223.20070763888887 0.50561797752809001
decision_type=2 2 2 2
left_child=1 2 -1 -3
right_child=-2 3 -4 -5
leaf_value=-0.019212279523472112 3.1596197990763111 -1.995076804736565 -6.494372567883854 6.2594761571801945
leaf_weight=7484 148 144 144 144
leaf_count=7484 148 144 144 144
internal_value=0.000450505 -0.0590059 -0.142284 2.13958
internal_weight=8064 7916 7628 288
internal_count=8064 7916 7628 288
is_linear=0
shrinkage=0.05


Tree=99
num_leaves=6
num_cat=0
split_feature=5 3 3 0 3
split_gain=584061 2.39451e+06 2.86862e+06 842932 577548
threshold=-0.85470842479866194 101.80400451388847 26.249189930555534 6827.607500000001 -234.61205729166633
decision_type=2 2 2 2 2
left_child=1 2 -1 4 -2
right_child=3 -3 -4 -5 -6
leaf_value=0.12333596691931203 -2.5217360167818912 -4.1235878859586386 5.3928461716332023 -3.6914225924360964 -0.012284800531085289
leaf_weight=825 237 200 375 167 6260
leaf_count=825 237 200 375 167 6260
internal_value=0.000433627 0.92844 1.77318 -0.194636 -0.104199
internal_weight=8064 1400 1200 6664 6497
internal_count=8064 1400 1200 6664 6497
is_linear=0
shrinkage=0.05


end of trees

feature_importances:
Column_2=173
Column_3=160
Column_8=76
Column_0=49
Column_5=24
Column_1=17
Column_10=9
Column_6=8
Column_4=5
Column_7=3

parameters:
[boosting: gbdt]
[objective: regression]
[metric: l2]
[tree_learner: serial]
[device_type: cpu]
[data_sample_strategy: bagging]
[data: ]
[valid: ]
[num_iterations: 100]
[learning_rate: 0.05]
[num_leaves: 7]
[num_threads: 1]
[seed: 20250911]
[deterministic: 1]
[force_col_wise: 1]
[force_row_wise: 0]
[histogram_pool_size: -1]
[max_depth: 3]
[min_data_in_leaf: 144]
[min_sum_hessian_in_leaf: 0.001]
[bagging_fraction: 1]
[pos_bagging_fraction: 1]
[neg_bagging_fraction: 1]
[bagging_freq: 0]
[bagging_seed: 20250911]
[bagging_by_query: 0]
[feature_fraction: 1]
[feature_fraction_bynode: 1]
[feature_fraction_seed: 20250911]
[extra_trees: 0]
[extra_seed: 26685]
[early_stopping_round: 0]
[early_stopping_min_delta: 0]
[first_metric_only: 0]
[max_delta_step: 0]
[lambda_l1: 0]
[lambda_l2: 1]
[linear_lambda: 0]
[min_gain_to_split: 0]
[drop_rate: 0.1]
[max_drop: 50]
[skip_drop: 0.5]
[xgboost_dart_mode: 0]
[uniform_drop: 0]
[drop_seed: 2504]
[top_rate: 0.2]
[other_rate: 0.1]
[min_data_per_group: 100]
[max_cat_threshold: 32]
[cat_l2: 10]
[cat_smooth: 10]
[max_cat_to_onehot: 4]
[top_k: 20]
[monotone_constraints: ]
[monotone_constraints_method: basic]
[monotone_penalty: 0]
[feature_contri: ]
[forcedsplits_filename: ]
[refit_decay_rate: 0.9]
[cegb_tradeoff: 1]
[cegb_penalty_split: 0]
[cegb_penalty_feature_lazy: ]
[cegb_penalty_feature_coupled: ]
[path_smooth: 0]
[interaction_constraints: ]
[verbosity: -1]
[saved_feature_importance_type: 0]
[use_quantized_grad: 0]
[num_grad_quant_bins: 4]
[quant_train_renew_leaf: 0]
[stochastic_rounding: 1]
[linear_tree: 0]
[max_bin: 63]
[max_bin_by_feature: ]
[min_data_in_bin: 3]
[bin_construct_sample_cnt: 200000]
[data_random_seed: 20250911]
[is_enable_sparse: 1]
[enable_bundle: 1]
[use_missing: 1]
[zero_as_missing: 0]
[feature_pre_filter: 0]
[pre_partition: 0]
[two_round: 0]
[header: 0]
[label_column: ]
[weight_column: ]
[group_column: ]
[ignore_column: ]
[categorical_feature: ]
[forcedbins_filename: ]
[precise_float_parser: 0]
[parser_config_file: ]
[objective_seed: 19683]
[num_class: 1]
[is_unbalance: 0]
[scale_pos_weight: 1]
[sigmoid: 1]
[boost_from_average: 1]
[reg_sqrt: 0]
[alpha: 0.9]
[fair_c: 1]
[poisson_max_delta_step: 0.7]
[tweedie_variance_power: 1.5]
[lambdarank_truncation_level: 30]
[lambdarank_norm: 1]
[label_gain: ]
[lambdarank_position_bias_regularization: 0]
[eval_at: ]
[multi_error_top_k: 1]
[auc_mu_weights: ]
[num_machines: 1]
[local_listen_port: 12400]
[time_out: 120]
[machine_list_filename: ]
[machines: ]
[gpu_platform_id: -1]
[gpu_device_id: -1]
[gpu_device_id_list: ]
[gpu_use_dp: 0]
[num_gpu: 1]

end of parameters

pandas_categorical:null
