tree
version=v4
num_class=1
num_tree_per_iteration=1
label_index=0
max_feature_idx=11
objective=regression
feature_names=Column_0 Column_1 Column_2 Column_3 Column_4 Column_5 Column_6 Column_7 Column_8 Column_9 Column_10 Column_11
feature_infos=[0:10216.200000000001] [-3228.8724999999995:2919.1198999999997] [-1612.907142857146:1921.3442857142854] [-390.22572083333262:460.49069999999983] [-1:1] [-1:1] [-1:1] [-1:1] [14.833333333333332:15.833333333333332] [11.75:11.916666666666666] [-0.29775280898876405:1.3089887640449438] [1:1]
tree_sizes=752 756 756 757 760 760 760 762 758 676 764 674 758 756 760 679 762 680 755 676 759 760 764 762 755 678 762 678 759 590 762 673 759 592 596 685 763 593 594 590 597 509 592 757 597 671 598 688 591 676 602 509 689 586 511 767 597 508 598 596 766 598 514 602 512 764 598 762 597 513 512 599 771 597 764 597 510 596 594 683 509 765 593 512 600 599 766 511 597 509 510 764 598 602 601 683 766 761 599 597

Tree=0
num_leaves=7
num_cat=0
split_feature=2 2 2 2 2 1
split_gain=3.04798e+08 2.34047e+08 3.01538e+07 2.80756e+07 2.53718e+07 3.34183e+06
threshold=490.77710714285689 -243.33026428571472 789.28986428571318 -666.24585714285638 -67.601785714285469 -580.0073000000001
decision_type=2 2 2 2 2 2
left_child=1 3 5 -1 -3 -2
right_child=2 4 -4 -5 -6 -7
leaf_value=-54.018096881515419 21.673205100144017 -16.357402466879204 40.440908277051825 -31.100495109224276 -6.6343351871652434 11.121014301631357
leaf_weight=168 178 756 243 672 5901 146
leaf_count=168 178 756 243 672 5901 146
internal_value=-8.20421 -10.8794 27.1097 -35.733 -7.73959 16.9923
internal_weight=8064 7497 567 840 6657 324
internal_count=8064 7497 567 840 6657 324
is_linear=0
shrinkage=1


Tree=1
num_leaves=7
num_cat=0
split_feature=2 2 2 2 2 1
split_gain=2.75219e+08 2.11292e+08 2.72195e+07 2.53661e+07 2.3632e+07 3.017e+06
threshold=490.77710714285689 -243.33026428571472 789.28986428571318 -666.24585714285638 118.16483571428593 -580.0073000000001
decision_type=2 2 2 2 2 2
left_child=1 3 5 -1 -3 -2
right_child=2 4 -4 -5 -6 -7
leaf_value=-43.536743572618832 28.391894009742657 -0.85038419962274936 46.22283491426316 -21.753167325497383 7.3101204963432771 18.365540710841717
leaf_weight=168 178 5604 243 672 1053 146
leaf_count=168 178 5604 243 672 1053 146
internal_value=0.000139804 -2.54189 33.5568 -26.1565 0.441343 23.9443
internal_weight=8064 7497 567 840 6657 324
internal_count=8064 7497 567 840 6657 324
is_linear=0
shrinkage=0.05


Tree=2
num_leaves=7
num_cat=0
split_feature=2 2 2 2 2 8
split_gain=2.48509e+08 1.9075e+08 2.50753e+07 2.29517e+07 2.25415e+07 6.59707e+06
threshold=490.77710714285689 -243.33026428571472 905.65282857142813 -496.61359999999962 -67.601785714285469 15.666666666666668
decision_type=2 2 2 2 2 2
left_child=1 3 5 -1 -3 -2
right_child=2 4 -4 -5 -6 -7
leaf_value=-34.982566862015567 32.570693498918381 -7.703603926936812 48.530230974712254 -18.043269999853457 1.4611134800926149 19.459928286638384
leaf_weight=336 173 756 162 504 5901 232
leaf_count=336 173 756 162 504 5901 232
internal_value=0.000344552 -2.41519 31.8871 -24.8525 0.419325 25.1268
internal_weight=8064 7497 567 840 6657 405
internal_count=8064 7497 567 840 6657 405
is_linear=0
shrinkage=0.05


Tree=3
num_leaves=7
num_cat=0
split_feature=2 2 2 2 0 3
split_gain=2.25265e+08 1.64967e+08 4.06191e+07 2.22228e+07 2.01183e+07 9.43428e+06
threshold=352.68215714285685 -272.78586428571401 689.03518571428606 -67.601785714285469 7204.3293000000003 -58.696192708333221
decision_type=2 2 2 2 2 2
left_child=1 4 5 -3 -1 -2
right_child=2 3 -4 -5 -6 -7
leaf_value=-16.457411229610443 9.3546043598426962 -7.8034081022783361 38.692778101114129 0.9073956710790857 -32.85335696523952 23.384036111404011
leaf_weight=369 264 840 324 5658 387 222
leaf_count=369 264 840 324 5658 387 222
internal_value=0.000583301 -2.79312 24.9923 -0.219682 -24.8829 15.798
internal_weight=8064 7254 810 6498 756 486
internal_count=8064 7254 810 6498 756 486
is_linear=0
shrinkage=0.05


Tree=4
num_leaves=7
num_cat=0
split_feature=2 2 2 2 2 8
split_gain=2.03695e+08 1.55692e+08 2.12735e+07 2.08433e+07 1.97302e+07 6.05705e+06
threshold=490.77710714285689 -243.33026428571472 905.65282857142813 -666.24585714285638 118.16483571428593 15.666666666666668
decision_type=2 2 2 2 2 2
left_child=1 3 5 -1 -3 -2
right_child=2 4 -4 -5 -6 -7
leaf_value=-38.204796251883877 29.766243744307555 -0.80572474391597604 44.195836018053306 -18.469304825877011 6.6507399122674293 17.230227182479378
leaf_weight=168 173 5604 162 672 1053 232
leaf_count=168 173 5604 162 672 1053 232
internal_value=0.000648553 -2.18627 28.8695 -22.4571 0.374556 22.6452
internal_weight=8064 7497 567 840 6657 405
internal_count=8064 7497 567 840 6657 405
is_linear=0
shrinkage=0.05


Tree=5
num_leaves=7
num_cat=0
split_feature=2 2 2 2 0 3
split_gain=1.84885e+08 1.34834e+08 3.36598e+07 1.93781e+07 1.76935e+07 8.57916e+06
threshold=352.68215714285685 -272.78586428571401 689.03518571428606 -67.601785714285469 7204.3293000000003 -58.696192708333221
decision_type=2 2 2 2 2 2
left_child=1 4 5 -3 -1 -2
right_child=2 3 -4 -5 -6 -7
leaf_value=-14.603783034086229 8.1332470126421956 -7.2852501560405658 35.113590846575221 0.84894901759926467 -29.973389677841642 21.504607479147314
leaf_weight=369 264 840 324 5658 387 222
leaf_count=369 264 840 324 5658 387 222
internal_value=0.000866354 -2.53009 22.6421 -0.203523 -22.5008 14.2728
internal_weight=8064 7254 810 6498 756 486
internal_count=8064 7254 810 6498 756 486
is_linear=0
shrinkage=0.05


Tree=6
num_leaves=7
num_cat=0
split_feature=2 2 2 2 2 8
split_gain=1.66946e+08 1.28137e+08 2.27568e+07 1.80601e+07 1.53307e+07 5.5548e+06
threshold=490.77710714285689 -188.36250000000004 -496.61359999999962 905.65282857142813 118.16483571428593 15.666666666666668
decision_type=2 2 2 2 2 2
left_child=1 2 -1 5 -3 -2
right_child=3 4 -4 -5 -6 -7
leaf_value=-29.174689504429036 27.213200530238538 -0.47154128596929024 -13.209548396781575 40.25469264867116 6.1172922842275268 15.230702456448212
leaf_weight=336 173 5436 672 162 1053 232
leaf_count=336 173 5436 672 162 1053 232
internal_value=0.000908261 -1.97893 -18.5549 26.1362 0.598437 20.4036
internal_weight=8064 7497 1008 567 6489 405
internal_count=8064 7497 1008 567 6489 405
is_linear=0
shrinkage=0.05


Tree=7
num_leaves=7
num_cat=0
split_feature=2 2 2 2 2 3
split_gain=1.51732e+08 1.11002e+08 2.81394e+07 2.28552e+07 1.02282e+07 6.47196e+06
threshold=352.68215714285685 -349.68734285714248 789.28986428571318 -67.601785714285469 -666.24585714285638 -58.696192708333221
decision_type=2 2 2 2 2 2
left_child=1 4 5 -3 -1 -2
right_child=2 3 -4 -5 -6 -7
leaf_value=-33.556938052318507 9.5582754892881745 -7.3856291602577047 34.730605791142729 0.78292742753027822 -18.844426374657704 20.361727082256287
leaf_weight=168 316 1008 243 5658 420 251
leaf_count=168 316 1008 243 5658 420 251
internal_value=0.00114778 -2.29168 20.5122 -0.453204 -23.0978 14.3682
internal_weight=8064 7254 810 6666 588 567
internal_count=8064 7254 810 6666 588 567
is_linear=0
shrinkage=0.05


Tree=8
num_leaves=7
num_cat=0
split_feature=2 2 0 2 2 3
split_gain=1.37208e+08 1.05073e+08 1.99999e+07 1.49238e+07 1.30945e+07 5.18137e+06
threshold=490.77710714285689 -188.36250000000004 6235.8233500000015 905.65282857142813 226.98095714285719 -56.162956249999972
decision_type=2 2 2 2 2 2
left_child=1 2 -1 5 -3 -2
right_child=3 4 -4 -5 -6 -7
leaf_value=-8.0920965159623108 13.670954331805309 -0.15535726726153265 -22.512776735505742 36.528428962040536 7.7920777005786208 25.289851719462231
leaf_weight=400 239 5922 608 162 567 166
leaf_count=400 239 5922 608 162 567 166
internal_value=0.00112529 -1.79374 -16.804 23.6947 0.540172 18.4838
internal_weight=8064 7497 1008 567 6489 405
internal_count=8064 7497 1008 567 6489 405
is_linear=0
shrinkage=0.05


Tree=9
num_leaves=6
num_cat=0
split_feature=2 2 0 2 4
split_gain=1.24489e+08 9.82243e+07 1.89362e+07 1.84341e+07 7.0683e+06
threshold=609.37668571428628 -188.36250000000004 8642.6513000000014 226.98095714285719 0.065387565056497135
decision_type=2 2 2 2 2
left_child=1 2 -1 -3 -2
right_child=4 3 -4 -5 -6
leaf_value=-13.048969736521414 20.839288234178511 -0.14759066326340223 -32.196169942885248 8.2733465058621896 34.354455981228526
leaf_weight=856 223 5922 152 729 182
leaf_count=856 223 5922 152 729 182
internal_value=0.00139472 -1.42867 -15.9653 0.776513 26.9824
internal_weight=8064 7659 1008 6651 405
internal_count=8064 7659 1008 6651 405
is_linear=0
shrinkage=0.05


Tree=10
num_leaves=7
num_cat=0
split_feature=2 2 2 2 2 4
split_gain=1.12593e+08 8.44264e+07 2.18218e+07 1.75234e+07 8.79329e+06 8.11273e+06
threshold=352.68215714285685 -349.68734285714248 689.03518571428606 -67.601785714285469 -666.24585714285638 1.0000000180025095e-35
decision_type=2 2 2 2 2 2
left_child=1 4 -2 -3 -1 -4
right_child=2 3 5 -5 -6 -7
leaf_value=-29.807303815762676 10.933319328734518 -6.4404866235971276 19.737197376751759 0.71207497965680733 -16.18211396745718 35.810071498081093
leaf_weight=168 486 1008 165 5658 420 159
leaf_count=168 486 1008 165 5658 420 159
internal_value=0.00143704 -1.97366 17.6702 -0.370304 -20.119 27.7107
internal_weight=8064 7254 810 6666 588 324
internal_count=8064 7254 810 6666 588 324
is_linear=0
shrinkage=0.05


Tree=11
num_leaves=6
num_cat=0
split_feature=2 2 2 2 2
split_gain=1.02039e+08 8.10811e+07 1.87445e+07 7.9445e+06 6.14587e+06
threshold=609.37668571428628 -349.68734285714248 -67.601785714285469 -666.24585714285638 905.65282857142813
decision_type=2 2 2 2 2
left_child=1 3 -3 -1 -2
right_child=4 2 -4 -5 -6
leaf_value=-28.325757697489134 19.250542056267378 -6.1187814463472705 1.241328615777374 -15.374930051528361 32.030358584234321
leaf_weight=168 243 1008 6063 420 162
leaf_count=168 243 1008 6063 420 162
internal_value=0.00145671 -1.29325 0.191398 -19.117 24.4288
internal_weight=8064 7659 7071 588 405
internal_count=8064 7659 7071 588 405
is_linear=0
shrinkage=0.05


Tree=12
num_leaves=7
num_cat=0
split_feature=2 2 2 0 2 3
split_gain=9.40697e+07 6.86375e+07 1.76882e+07 1.66609e+07 7.17764e+06 5.75122e+06
threshold=352.68215714285685 -349.68734285714248 789.28986428571318 8087.0046000000011 -666.24585714285638 -58.696192708333221
decision_type=2 2 2 2 2 2
left_child=1 4 5 -3 -1 -2
right_child=2 3 -4 -5 -6 -7
leaf_value=-26.917850020404401 6.759078061392632 0.043613975289437133 27.424026756550447 -15.90440833227975 -14.608009980183599 16.923586778413682
leaf_weight=168 316 6499 243 167 420 251
leaf_count=168 316 6499 243 167 420 251
internal_value=0.00140056 -1.80393 16.1515 -0.35825 -18.1648 11.2806
internal_weight=8064 7254 810 6666 588 567
internal_count=8064 7254 810 6666 588 567
is_linear=0
shrinkage=0.05


Tree=13
num_leaves=7
num_cat=0
split_feature=2 2 2 0 0 3
split_gain=8.49332e+07 6.20764e+07 1.59709e+07 1.16853e+07 1.11991e+07 5.19295e+06
threshold=352.68215714285685 -272.78586428571401 789.28986428571318 7312.3918500000009 7926.6562500000009 -58.696192708333221
decision_type=2 2 2 2 2 2
left_child=1 3 5 -1 -3 -2
right_child=2 4 -4 -5 -6 -7
leaf_value=-9.1258818442185312 6.4221903597894912 0.22562382541650622 26.058445052729283 -21.593459066652485 -12.06352967209529 16.08076527487664
leaf_weight=385 316 6308 243 371 190 251
leaf_count=385 316 6308 243 371 190 251
internal_value=0.00129165 -1.71413 15.347 -15.2647 -0.135509 10.7186
internal_weight=8064 7254 810 756 6498 567
internal_count=8064 7254 810 756 6498 567
is_linear=0
shrinkage=0.05


Tree=14
num_leaves=7
num_cat=0
split_feature=2 2 1 3 3 2
split_gain=7.72459e+07 5.9631e+07 1.78366e+07 9.56413e+06 1.38298e+07 9.08571e+06
threshold=490.77710714285689 -165.85982142857083 1163.9920500000005 -234.57773298611093 -56.162956249999972 118.16483571428593
decision_type=2 2 2 2 2 2
left_child=1 2 -1 -2 -5 -3
right_child=3 5 -4 4 -6 -7
leaf_value=-9.6187829242602696 27.957935622533167 -0.33914172910801077 -28.42362522760483 3.9778962604853576 22.515602870078752 4.7396489965897306
leaf_weight=947 164 5352 145 195 208 1053
leaf_count=947 164 5352 145 195 208 1053
internal_value=0.00126434 -1.34546 -12.1395 17.779 13.5778 0.496435
internal_weight=8064 7497 1092 567 403 6405
internal_count=8064 7497 1092 567 403 6405
is_linear=0
shrinkage=0.05


Tree=15
num_leaves=6
num_cat=0
split_feature=2 2 1 2 4
split_gain=7.04747e+07 5.57918e+07 1.61142e+07 1.12957e+07 6.0387e+06
threshold=609.37668571428628 -165.85982142857083 1163.9920500000005 118.16483571428593 0.065387565056497135
decision_type=2 2 2 2 2
left_child=1 2 -1 -3 -2
right_child=4 3 -4 -5 -6
leaf_value=-9.1383511298296796 14.672727900317737 -0.32218782668084245 -27.012178664991303 5.0162430686016855 27.081370836219506
leaf_weight=947 223 5352 145 1215 182
leaf_count=947 223 5352 145 1215 182
internal_value=0.00133008 -1.07465 -11.5342 0.666121 20.3019
internal_weight=8064 7659 1092 6567 405
internal_count=8064 7659 1092 6567 405
is_linear=0
shrinkage=0.05


Tree=16
num_leaves=7
num_cat=0
split_feature=2 2 2 0 3 4
split_gain=6.40342e+07 4.67042e+07 1.52295e+07 1.19027e+07 8.97149e+06 6.87704e+06
threshold=282.07574285714276 -349.68734285714248 689.03518571428606 8087.0046000000011 -36.135331597222141 1.0000000180025095e-35
decision_type=2 2 2 2 2 2
left_child=1 -1 4 -3 -2 -4
right_child=2 3 5 -5 -6 -7
leaf_value=-15.131050896695193 2.4402289783809246 -0.081543222355483003 13.586079772265562 -13.64445756494281 14.312886999068894 28.295022617653014
leaf_weight=588 368 6339 165 165 280 159
leaf_count=588 368 6339 165 165 280 159
internal_value=0.00132742 -1.64869 12.0297 -0.427665 7.58454 20.8692
internal_weight=8064 7092 972 6504 648 324
internal_count=8064 7092 972 6504 648 324
is_linear=0
shrinkage=0.05


Tree=17
num_leaves=6
num_cat=0
split_feature=2 2 1 2 6
split_gain=5.7884e+07 4.65862e+07 1.61333e+07 8.8615e+06 5.06855e+06
threshold=609.37668571428628 -124.37711428571491 1163.9920500000005 118.16483571428593 -0.1736481776669305
decision_type=2 2 2 2 2
left_child=1 2 -1 -3 -2
right_child=4 3 -4 -5 -6
leaf_value=-7.6867830370725061 24.996055913145781 -0.14392011518777856 -25.278148210048677 4.5986304939332374 13.541809412382419
leaf_weight=1113 170 5184 147 1215 235
leaf_count=1113 170 5184 147 1215 235
internal_value=0.00144566 -0.973699 -9.75753 0.757142 18.3995
internal_weight=8064 7659 1260 6399 405
internal_count=8064 7659 1260 6399 405
is_linear=0
shrinkage=0.05


Tree=18
num_leaves=7
num_cat=0
split_feature=2 0 2 2 3 0
split_gain=5.2718e+07 4.0074e+07 1.82857e+07 1.31217e+07 8.90977e+06 4.2259e+06
threshold=282.07574285714276 8245.6412500000024 -92.016435714285379 905.65282857142813 -58.696192708333221 8642.6513000000014
decision_type=2 2 2 2 2 2
left_child=1 2 -1 4 -2 -3
right_child=3 5 -4 -5 -6 -7
leaf_value=-6.425133151849578 3.5236622164624465 -12.87723912141338 0.49683753117455381 23.872560172285773 14.063587434626406 -24.521823488768216
leaf_weight=1148 444 160 5624 162 366 160
leaf_count=1148 444 160 5624 162 366 160
internal_value=0.00143554 -1.4957 -0.677361 10.9153 8.29762 -18.7578
internal_weight=8064 7092 6772 972 810 320
internal_count=8064 7092 6772 972 810 320
is_linear=0
shrinkage=0.05


Tree=19
num_leaves=6
num_cat=0
split_feature=2 2 0 2 6
split_gain=4.81679e+07 3.88356e+07 1.08002e+07 5.42686e+06 4.58372e+06
threshold=609.37668571428628 -349.68734285714248 8087.0046000000011 -666.24585714285638 -0.1736481776669305
decision_type=2 2 2 2 2
left_child=1 3 -3 -1 -2
right_child=4 2 -4 -5 -6
leaf_value=-20.818336277459501 23.052764313123379 0.44589329318097692 -12.310970965273242 -10.143479802333829 12.171399435653527
leaf_weight=168 170 6902 169 420 235
leaf_count=168 170 6902 169 420 235
internal_value=0.0013522 -0.888194 0.139301 -13.2236 16.7844
internal_weight=8064 7659 7071 588 405
internal_count=8064 7659 7071 588 405
is_linear=0
shrinkage=0.05


Tree=20
num_leaves=7
num_cat=0
split_feature=2 0 2 2 8 0
split_gain=4.43625e+07 3.34578e+07 1.54177e+07 1.09837e+07 8.17262e+06 3.74597e+06
threshold=282.07574285714276 8245.6412500000024 -92.016435714285379 905.65282857142813 15.666666666666668 8642.6513000000014
decision_type=2 2 2 2 2 2
left_child=1 2 -1 4 -2 -3
right_child=3 5 -4 -5 -6 -7
leaf_value=-5.9022064316314236 13.237207878347901 -11.615116608661154 0.45379158997997648 21.867796663565141 3.1255285936547859 -22.568406157908232
leaf_weight=1148 359 160 5624 162 451 160
leaf_count=1148 359 160 5624 162 451 160
internal_value=0.00123744 -1.37214 -0.624399 10.0129 7.61792 -17.145
internal_weight=8064 7092 6772 972 810 320
internal_count=8064 7092 6772 972 810 320
is_linear=0
shrinkage=0.05


Tree=21
num_leaves=7
num_cat=0
split_feature=2 0 2 3 3 0
split_gain=4.02516e+07 3.14922e+07 1.54965e+07 7.6261e+06 1.1707e+07 3.38294e+06
threshold=490.77710714285689 8245.6412500000024 -92.016435714285379 -234.57773298611093 -63.778837500000456 8642.6513000000014
decision_type=2 2 2 2 2 2
left_child=1 2 -1 -2 -5 -3
right_child=3 5 -4 4 -6 -7
leaf_value=-5.6073528995974122 21.908288543874569 -11.037968075830745 0.72843835890688513 -0.58775398202535123 16.574649450130632 -21.44699487478837
leaf_weight=1148 164 160 6029 176 227 160
leaf_count=1148 164 160 6029 176 227 160
internal_value=0.0011669 -0.970985 -0.285646 12.8343 9.0965 -16.2931
internal_weight=8064 7497 7177 567 403 320
internal_count=8064 7497 7177 567 403 320
is_linear=0
shrinkage=0.05


Tree=22
num_leaves=7
num_cat=0
split_feature=2 0 3 2 3 2
split_gain=3.70966e+07 2.83489e+07 1.97615e+07 1.06156e+07 1.02896e+07 3.0766e+06
threshold=226.98095714285719 6483.2915000000012 -63.778837500000456 789.28986428571318 -58.696192708333221 5.1616071428568384
decision_type=2 2 2 2 2 2
left_child=1 5 -3 4 -2 -1
right_child=3 2 -4 -5 -6 -7
leaf_value=-0.50568934822256961 0.96457744928038847 -22.476445432707322 -5.4535759895034586 17.626699741160284 11.757342549455965 2.6894725476438861
leaf_weight=5001 489 214 829 243 402 886
leaf_count=5001 489 214 829 243 402 886
internal_value=0.00111183 -1.37106 -8.96447 8.38041 5.84176 -0.0244389
internal_weight=8064 6930 1043 1134 891 5887
internal_count=8064 6930 1043 1134 891 5887
is_linear=0
shrinkage=0.05


Tree=23
num_leaves=7
num_cat=0
split_feature=2 2 0 3 3 6
split_gain=3.37113e+07 2.693e+07 1.46434e+07 6.46265e+06 6.36201e+06 4.23543e+06
threshold=-80.119707142857109 609.37668571428628 6973.3613500000001 -8.8215597222222168 -36.135331597222141 -0.1736481776669305
decision_type=2 2 2 2 2 2
left_child=2 4 -1 -4 -2 -3
right_child=1 5 3 -5 -6 -7
leaf_value=-2.8007564544645551 -1.0425548417939232 20.039267870382957 -4.9706940571906166 -16.380641126866433 2.1893509587831299 9.6100971317644852
leaf_weight=925 2775 170 180 407 3372 235
leaf_count=925 2775 170 180 407 3372 235
internal_value=0.00108476 1.55429 -6.72604 -12.8963 0.730408 14.0263
internal_weight=8064 6552 1512 587 6147 405
internal_count=8064 6552 1512 587 6147 405
is_linear=0
shrinkage=0.05


Tree=24
num_leaves=7
num_cat=0
split_feature=2 2 8 3 0 5
split_gain=3.13327e+07 2.39568e+07 9.16897e+06 1.36312e+07 8.04378e+06 4.6001e+06
threshold=226.98095714285719 -443.33580714285739 15.666666666666668 -56.162956249999972 6729.0513500000006 -0.75166088996455083
decision_type=2 2 2 2 2 2
left_child=1 -1 5 -4 -3 -2
right_child=2 4 3 -5 -6 -7
leaf_value=-12.819450482818125 16.76210658168733 0.059273471768429425 -2.5871309887190339 12.02848543362567 -5.915141248798677 6.7509123207386885
leaf_weight=420 297 5888 365 282 622 190
leaf_count=420 297 5888 365 282 622 190
internal_value=0.0010717 -1.26 7.70194 3.79193 -0.512375 12.8781
internal_weight=8064 6930 1134 647 6510 487
internal_count=8064 6930 1134 647 6510 487
is_linear=0
shrinkage=0.05


Tree=25
num_leaves=6
num_cat=0
split_feature=2 0 2 6 0
split_gain=2.86744e+07 2.37296e+07 1.15866e+07 3.86511e+06 2.86421e+06
threshold=609.37668571428628 8245.6412500000024 -92.016435714285379 -0.1736481776669305 8642.6513000000014
decision_type=2 2 2 2 2
left_child=1 2 -1 -2 -3
right_child=3 4 -4 -5 -6
leaf_value=-4.7145210413973917 18.691896241241032 -9.1688713867471829 0.75250359651911169 8.7350519872317882 -18.727891275749442
leaf_weight=1148 170 160 6191 235 160
leaf_count=1148 170 160 6191 235 160
internal_value=0.00110667 -0.68523 -0.103199 12.9502 -13.9918
internal_weight=8064 7659 7339 405 320
internal_count=8064 7659 7339 405 320
is_linear=0
shrinkage=0.05


Tree=26
num_leaves=7
num_cat=0
split_feature=2 2 3 3 3 0
split_gain=2.63548e+07 1.99295e+07 8.46811e+06 2.00115e+07 1.17972e+07 6.83745e+06
threshold=226.98095714285719 -443.33580714285739 -58.696192708333221 -260.26118055555565 18.378788541666385 6483.2915000000012
decision_type=2 2 2 2 2 2
left_child=1 -1 3 -2 -4 -3
right_child=2 5 4 -5 -6 -7
leaf_value=-11.698696363878364 14.407389861969609 0.092743465516092916 23.315357872504222 -3.5101446847316669 6.5842429305534127 -5.1087463018251915
leaf_weight=420 252 5802 157 405 320 708
leaf_count=420 252 5802 157 405 320 708
internal_value=0.00102386 -1.15554 7.06372 3.37379 12.1284 -0.473646
internal_weight=8064 6930 1134 657 477 6510
internal_count=8064 6930 1134 657 477 6510
is_linear=0
shrinkage=0.05


Tree=27
num_leaves=6
num_cat=0
split_feature=2 0 2 8 0
split_gain=2.4221e+07 2.00303e+07 9.66801e+06 3.49467e+06 2.49397e+06
threshold=609.37668571428628 8245.6412500000024 -92.016435714285379 15.666666666666668 8642.6513000000014
decision_type=2 2 2 2 2
left_child=1 2 -1 -2 -3
right_child=3 4 -4 -5 -6
leaf_value=-4.3071876945808931 18.084386704243769 -8.3570959736471604 0.68672340786590957 8.3611819755343291 -17.273315267829421
leaf_weight=1148 146 160 6191 259 160
leaf_count=1148 146 160 6191 259 160
internal_value=0.00112196 -0.629669 -0.0949274 11.9022 -12.8551
internal_weight=8064 7659 7339 405 320
internal_count=8064 7659 7339 405 320
is_linear=0
shrinkage=0.05


Tree=28
num_leaves=7
num_cat=0
split_feature=2 0 3 3 3 3
split_gain=2.23124e+07 2.00943e+07 1.67008e+07 1.40878e+07 1.72123e+07 1.45668e+07
threshold=118.16483571428593 6113.8875000000007 -58.696192708333221 -36.135331597222141 -260.26118055555565 18.378788541666385
decision_type=2 2 2 2 2 2
left_child=1 -1 -3 4 -2 -5
right_child=3 2 -4 5 -6 -7
leaf_value=-0.10155846760137266 11.448187452230325 -19.907612596917478 -4.3853741777059163 23.380871946312663 -3.0737158879883464 6.4451235956548434
leaf_weight=5417 293 220 807 171 666 490
leaf_count=5417 293 220 807 171 666 490
internal_value=0.00104845 -1.3178 -7.72662 5.2447 1.37042 10.8551
internal_weight=8064 6444 1027 1620 959 661
internal_count=8064 6444 1027 1620 959 661
is_linear=0
shrinkage=0.05


Tree=29
num_leaves=5
num_cat=0
split_feature=2 1 2 6
split_gain=2.07946e+07 1.7789e+07 8.52693e+06 3.44064e+06
threshold=609.37668571428628 1163.9920500000005 -570.28656428571446 -0.1736481776669305
decision_type=2 2 2 2
left_child=1 2 -1 -2
right_child=3 -3 -4 -5
leaf_value=-11.1059161152352 16.439897886912028 -17.027862013274838 0.031036912001618552 7.0605198699665266
leaf_weight=175 170 160 7324 235
leaf_count=175 170 160 7324 235
internal_value=0.00108166 -0.583392 -0.230306 11.0283
internal_weight=8064 7659 7499 405
internal_count=8064 7659 7499 405
is_linear=0
shrinkage=0.05


Tree=30
num_leaves=7
num_cat=0
split_feature=2 0 3 3 2 3
split_gain=1.91677e+07 1.52982e+07 9.48372e+06 1.3811e+07 6.41507e+06 4.24393e+06
threshold=205.24862142857049 8245.6412500000024 -36.135331597222141 -260.26118055555565 -443.33580714285739 31.617641666666263
decision_type=2 2 2 2 2 2
left_child=1 4 3 -2 -1 -4
right_child=2 -3 5 -5 -6 -7
leaf_value=-8.5431786270819945 11.695181522332845 -11.699950414877385 17.887084375591165 -2.4858588897137057 -0.19735139991677253 7.7999864307103755
leaf_weight=238 260 319 165 501 6292 289
leaf_count=238 260 319 165 501 6292 289
internal_value=0.000999021 -1.02595 5.78601 2.36816 -0.502795 11.4973
internal_weight=8064 6849 1215 761 6530 454
internal_count=8064 6849 1215 761 6530 454
is_linear=0
shrinkage=0.05


Tree=31
num_leaves=6
num_cat=0
split_feature=2 1 2 8 0
split_gain=1.78022e+07 1.50359e+07 7.0172e+06 5.04514e+06 1.06298e+07
threshold=490.77710714285689 1163.9920500000005 -16.824107142856743 15.666666666666668 5868.9617000000007
decision_type=2 2 2 2 2
left_child=1 2 -1 -2 -5
right_child=3 -3 -4 4 -6
leaf_value=-2.8884359848162204 14.337399150681708 -15.760499721062111 0.614694400499328 13.067165154880948 -4.5376703032633152
leaf_weight=1944 225 160 5393 179 163
leaf_count=1944 225 160 5393 179 163
internal_value=0.00103871 -0.645477 -0.313757 8.5355 4.68779
internal_weight=8064 7497 7337 567 342
internal_count=8064 7497 7337 567 342
is_linear=0
shrinkage=0.05


Tree=32
num_leaves=7
num_cat=0
split_feature=2 0 3 3 3 3
split_gain=1.64138e+07 1.54506e+07 1.29909e+07 1.5026e+07 1.23523e+07 1.21902e+07
threshold=51.315621428571738 6113.8875000000007 -36.135331597222141 -69.833021527777859 -58.696192708333221 18.378788541666385
decision_type=2 2 2 2 2 2
left_child=1 -1 3 -2 -3 -4
right_child=2 4 5 -5 -6 -7
leaf_value=-0.19902294313219449 3.869193903398283 -18.29812287739691 19.039123114733631 -9.4456908782741476 -4.2098760070601342 5.1685432102125235
leaf_weight=5179 825 196 212 284 745 623
leaf_count=5179 825 196 212 284 745 623
internal_value=0.00101673 -1.27042 4.00228 0.453993 -7.16061 8.70874
internal_weight=8064 6120 1944 1109 941 835
internal_count=8064 6120 1944 1109 941 835
is_linear=0
shrinkage=0.05


Tree=33
num_leaves=5
num_cat=0
split_feature=2 1 2 6
split_gain=1.57238e+07 1.34487e+07 6.36833e+06 3.05048e+06
threshold=609.37668571428628 1163.9920500000005 -570.28656428571446 -0.043577871373828972
decision_type=2 2 2 2
left_child=1 2 -1 -2
right_child=3 -3 -4 -5
leaf_value=-9.5990434716032311 14.1517804779537 -14.80558801023116 0.025559099391102791 5.4308565528593338
leaf_weight=175 192 160 7324 213
leaf_count=175 192 160 7324 213
internal_value=0.00094061 -0.507299 -0.200295 9.58989
internal_weight=8064 7659 7499 405
internal_count=8064 7659 7499 405
is_linear=0
shrinkage=0.05


Tree=34
num_leaves=5
num_cat=0
split_feature=2 9 2 4
split_gain=1.43606e+07 1.29367e+07 1.08166e+07 3.99135e+06
threshold=689.03518571428606 11.833333333333334 -666.24585714285638 1.0000000180025095e-35
decision_type=2 2 2 2
left_child=1 -1 -3 -2
right_child=3 2 -4 -5
leaf_value=-15.225637655299288 4.8053720240851483 -12.656955240181917 0.13556420930751775 15.930697018923238
leaf_weight=144 165 168 7428 159
leaf_count=144 165 168 7428 159
internal_value=0.000863843 -0.431422 -0.148996 10.2972
internal_weight=8064 7740 7596 324
internal_count=8064 7740 7596 324
is_linear=0
shrinkage=0.05


Tree=35
num_leaves=6
num_cat=0
split_feature=2 2 1 1 3
split_gain=1.35076e+07 1.09274e+07 8.19418e+06 6.29528e+06 4.82423e+06
threshold=-67.601785714285469 905.65282857142813 1163.9920500000005 -119.91575000000033 -36.135331597222141
decision_type=2 2 2 2 2
left_child=2 4 3 -1 -2
right_child=1 -3 -4 -5 -6
leaf_value=-12.660990835984549 -0.80312815711756336 13.79932190391915 -15.243647363185884 -1.8396137233774785 1.9700984509805108
leaf_weight=149 2918 162 149 1298 3388
leaf_count=149 2918 162 149 1298 3388
internal_value=0.000777194 1.01741 -4.11732 -2.96188 0.686909
internal_weight=8064 6468 1596 1447 6306
internal_count=8064 6468 1596 1447 6306
is_linear=0
shrinkage=0.05


Tree=36
num_leaves=7
num_cat=0
split_feature=2 3 3 0 3 3
split_gain=1.28831e+07 1.19742e+07 1.31473e+07 1.17994e+07 1.16155e+07 1.10993e+07
threshold=51.315621428571738 -36.135331597222141 -69.833021527777859 6113.8875000000007 -58.696192708333221 18.378788541666385
decision_type=2 2 2 2 2 2
left_child=3 2 -2 -1 -5 -3
right_child=1 5 -4 4 -6 -7
leaf_value=-0.18948547525295423 3.3340262085848802 17.920989948147341 -9.1206663937526837 -17.072475959050475 -3.4129214290399652 4.6865081259622601
leaf_weight=5179 825 212 284 196 745 623
leaf_count=5179 825 212 284 196 745 623
internal_value=0.000646713 3.54554 0.139203 -1.12577 -6.27316 8.06406
internal_weight=8064 1944 1109 6120 941 835
internal_count=8064 1944 1109 6120 941 835
is_linear=0
shrinkage=0.05


Tree=37
num_leaves=5
num_cat=0
split_feature=9 2 3 2
split_gain=1.25836e+07 1.13837e+07 1.2105e+07 8.0412e+06
threshold=11.833333333333334 118.16483571428593 -36.135331597222141 -666.24585714285638
decision_type=2 2 2 2
left_child=-1 3 -3 -2
right_child=1 2 -4 -5
leaf_value=-14.595908877685154 -11.445575442963099 0.47922202118672436 9.3548680257325341 -0.3901612603143893
leaf_weight=144 168 959 640 6153
leaf_count=144 168 959 640 6153
internal_value=0.000590466 0.267791 4.03533 -0.685757
internal_weight=8064 7920 1599 6321
internal_count=8064 7920 1599 6321
is_linear=0
shrinkage=0.05


Tree=38
num_leaves=5
num_cat=0
split_feature=9 2 2 4
split_gain=1.13647e+07 1.07111e+07 7.9909e+06 3.59684e+06
threshold=11.833333333333334 689.03518571428606 -666.24585714285638 1.0000000180025095e-35
decision_type=2 2 2 2
left_child=-1 2 -2 -3
right_child=1 3 -4 -5
leaf_value=-13.871146544259171 -10.876682870063556 3.9352298034242836 0.11867016320339839 14.489506721049549
leaf_weight=144 168 165 7428 159
leaf_count=144 168 165 7428 159
internal_value=0.000458055 0.254388 -0.125913 9.14329
internal_weight=8064 7920 7596 324
internal_count=8064 7920 7596 324
is_linear=0
shrinkage=0.05


Tree=39
num_leaves=5
num_cat=0
split_feature=0 2 8 0
split_gain=1.06761e+07 9.64432e+06 6.05008e+06 1.49725e+06
threshold=8245.6412500000024 905.65282857142813 15.666666666666668 8642.6513000000014
decision_type=2 2 2 2
left_child=1 2 -1 -2
right_child=3 -3 -4 -5
leaf_value=1.5929199766758046 -5.461556558412795 12.404267241984059 -1.2347025531496523 -12.352633935139046
leaf_weight=3611 160 162 3971 160
leaf_count=3611 160 162 3971 160
internal_value=0.00039669 0.370727 0.112012 -8.93484
internal_weight=8064 7744 7582 320
internal_count=8064 7744 7582 320
is_linear=0
shrinkage=0.05


Tree=40
num_leaves=5
num_cat=0
split_feature=9 2 3 1
split_gain=1.0267e+07 9.60596e+06 1.28894e+07 6.33451e+06
threshold=11.833333333333334 38.458928571428608 -36.135331597222141 -295.66335000000021
decision_type=2 2 2 2
left_child=-1 3 -3 -2
right_child=1 2 -4 -5
leaf_value=-13.184302840068424 -10.67919241015319 -0.23208225065476251 7.8828682485867665 -0.49990886070049989
leaf_weight=144 156 1144 854 5766
leaf_count=144 156 1144 854 5766
internal_value=0.000345525 0.241701 3.23868 -0.769814
internal_weight=8064 7920 1998 5922
internal_count=8064 7920 1998 5922
is_linear=0
shrinkage=0.05


Tree=41
num_leaves=4
num_cat=0
split_feature=1 2 2
split_gain=9.63084e+06 8.81552e+06 4.3351e+06
threshold=1163.9920500000005 789.28986428571318 -16.824107142856743
decision_type=2 2 2
left_child=1 2 -1
right_child=-2 -3 -4
leaf_value=-2.0902521461676473 -12.106062781588633 9.6028039495475959 0.64241764432952286
leaf_weight=1944 160 243 5717
leaf_count=1944 160 243 5717
internal_value=0.00022464 0.246792 -0.0511872
internal_weight=8064 7904 7661
internal_count=8064 7904 7661
is_linear=0
shrinkage=0.05


Tree=42
num_leaves=5
num_cat=0
split_feature=9 2 8 2
split_gain=9.22401e+06 8.30108e+06 6.30537e+06 6.14729e+06
threshold=11.833333333333334 352.68215714285685 15.666666666666668 -666.24585714285638
decision_type=2 2 2 2
left_child=-1 3 -3 -2
right_child=1 2 -4 -5
leaf_value=-12.496838263704859 -9.7386457416785532 10.200667839062529 1.2542839991613333 -0.087249677648444435
leaf_weight=144 168 340 467 6945
leaf_count=144 168 340 467 6945
internal_value=0.000188928 0.228957 5.03148 -0.31654
internal_weight=8064 7920 807 7113
internal_count=8064 7920 807 7113
is_linear=0
shrinkage=0.05


Tree=43
num_leaves=7
num_cat=0
split_feature=0 3 1 3 8 1
split_gain=8.71352e+06 8.841e+06 7.90965e+06 4.45451e+06 3.69745e+06 442358
threshold=7926.6562500000009 -8.8215597222222168 -516.21915000000024 -260.26118055555565 15.666666666666668 778.37040000000036
decision_type=2 2 2 2 2 2
left_child=2 -2 3 -1 -4 -3
right_child=1 5 4 -5 -6 -7
leaf_value=11.740638577057224 2.6287692920506349 -9.5469149851948956 1.1351618050884811 2.9177284553616571 -1.1848951127383185 -13.532563159980027
leaf_weight=202 170 158 3232 488 3662 152
leaf_count=202 170 158 3232 488 3662 152
internal_value=0.000112098 -6.52583 0.413952 5.51392 -0.0972143 -11.5384
internal_weight=8064 480 7584 690 6894 310
internal_count=8064 480 7584 690 6894 310
is_linear=0
shrinkage=0.05


Tree=44
num_leaves=5
num_cat=0
split_feature=9 2 8 1
split_gain=8.27828e+06 7.38974e+06 1.11314e+07 5.24201e+06
threshold=11.833333333333334 0.46236428571428562 15.666666666666668 1163.9920500000005
decision_type=2 2 2 2
left_child=-1 3 -3 -2
right_child=1 2 -4 -5
leaf_value=-11.838985906633837 -0.51415604944589721 6.7089290801292281 -0.32831158864709442 -10.114333662758135
leaf_weight=144 5462 960 1353 145
leaf_count=144 5462 960 1353 145
internal_value=7.02772e-05 0.216793 2.5941 -0.764181
internal_weight=8064 7920 2313 5607
internal_count=8064 7920 2313 5607
is_linear=0
shrinkage=0.05


Tree=45
num_leaves=6
num_cat=0
split_feature=0 3 2 8 2
split_gain=7.66791e+06 7.74985e+06 6.96618e+06 4.65709e+06 509191
threshold=7926.6562500000009 -8.8215597222222168 905.65282857142813 15.666666666666668 -443.33580714285739
decision_type=2 2 2 2 2
left_child=2 -2 3 -1 -3
right_child=1 4 -4 -5 -6
leaf_value=1.4892136608428936 2.4492205736929913 -8.7495827324596451 10.613024716582036 -1.019446270345979 -12.97348311916987
leaf_weight=3500 170 161 162 3922 149
leaf_count=3500 170 161 162 3922 149
internal_value=-3.29592e-05 -6.12191 0.388184 0.163606 -10.815
internal_weight=8064 480 7584 7422 310
internal_count=8064 480 7584 7422 310
is_linear=0
shrinkage=0.05


Tree=46
num_leaves=5
num_cat=0
split_feature=9 2 3 1
split_gain=7.435e+06 6.50705e+06 1.09795e+07 5.0134e+06
threshold=11.833333333333334 0.46236428571428562 -36.135331597222141 -141.26349999999999
decision_type=2 2 2 2
left_child=-1 3 -3 -2
right_child=1 2 -4 -5
leaf_value=-11.219940002868917 -8.351592057108304 -0.63734948761454846 6.2950432354954691 -0.42246616343019056
leaf_weight=144 206 1288 1025 5401
leaf_count=144 206 1288 1025 5401
internal_value=-8.2108e-05 0.205306 2.43612 -0.715218
internal_weight=8064 7920 2313 5607
internal_count=8064 7920 2313 5607
is_linear=0
shrinkage=0.05


Tree=47
num_leaves=6
num_cat=0
split_feature=2 2 1 3 3
split_gain=6.9943e+06 5.80706e+06 4.69215e+06 5.73088e+06 3.71212e+06
threshold=-67.601785714285469 905.65282857142813 1163.9920500000005 -58.696192708333221 -36.135331597222141
decision_type=2 2 2 2 2
left_child=2 4 3 -1 -2
right_child=1 -3 -4 -5 -6
leaf_value=-7.7786571550334109 -0.81657044901836418 10.049252854534455 -11.382732089996338 -0.34983760183324686 1.6160782910893869
leaf_weight=338 2918 162 149 1109 3388
leaf_count=338 2918 162 149 1109 3388
internal_value=-0.000166885 0.731388 -2.96349 -2.08928 0.490458
internal_weight=8064 6468 1596 1447 6306
internal_count=8064 6468 1596 1447 6306
is_linear=0
shrinkage=0.05


Tree=48
num_leaves=5
num_cat=0
split_feature=9 2 8 0
split_gain=6.75677e+06 5.88471e+06 4.77478e+06 3.35881e+06
threshold=11.833333333333334 609.37668571428628 15.666666666666668 5868.9617000000007
decision_type=2 2 2 2
left_child=-1 2 -2 -3
right_child=1 3 -4 -5
leaf_value=-10.696090325980352 1.193666987273583 11.585069429838077 -1.3289191250232939 2.3043939392753101
leaf_weight=144 3598 163 3917 242
leaf_count=144 3598 163 3917 242
internal_value=-0.000212229 0.195584 -0.121168 6.05891
internal_weight=8064 7920 7515 405
internal_count=8064 7920 7515 405
is_linear=0
shrinkage=0.05


Tree=49
num_leaves=6
num_cat=0
split_feature=0 1 3 1 8
split_gain=6.45814e+06 7.62123e+06 1.15729e+07 6.00584e+06 3.379e+06
threshold=7926.6562500000009 76.554000000000073 99.851598611111072 -1188.5937499999998 15.666666666666668
decision_type=2 2 2 2 2
left_child=3 -2 -3 -1 -5
right_child=1 2 -4 4 -6
leaf_value=9.8799251303260718 -15.152534902014146 6.6466641384581626 -12.052755398048113 1.2881809456711362 -0.84980974227432782
leaf_weight=161 145 190 145 3465 3958
leaf_count=161 145 190 145 3465 3958
internal_value=-0.000182675 -5.61842 -1.4589 0.356096 0.148227
internal_weight=8064 480 335 7584 7423
internal_count=8064 480 335 7584 7423
is_linear=0
shrinkage=0.05


Tree=50
num_leaves=5
num_cat=0
split_feature=9 2 3 1
split_gain=6.20578e+06 5.35766e+06 9.90496e+06 4.19347e+06
threshold=11.833333333333334 0.46236428571428562 -36.135331597222141 -141.26349999999999
decision_type=2 2 2 2
left_child=-1 3 -3 -2
right_child=1 2 -4 -5
leaf_value=-10.25073417532033 -7.6319282273739439 -0.70750055172422122 5.8768760290599591 -0.38012820109195722
leaf_weight=144 206 1288 1025 5401
leaf_count=144 206 1288 1025 5401
internal_value=-0.000237018 0.187406 2.21163 -0.647871
internal_weight=8064 7920 2313 5607
internal_count=8064 7920 2313 5607
is_linear=0
shrinkage=0.05


Tree=51
num_leaves=4
num_cat=0
split_feature=0 2 8
split_gain=5.96378e+06 5.12886e+06 4.1269e+06
threshold=8642.6513000000014 905.65282857142813 15.666666666666668
decision_type=2 2 2
left_child=1 2 -1
right_child=-2 -3 -4
leaf_value=1.2084753900326104 -9.5269475960583421 8.9710471726634022 -1.1017325691202482
leaf_weight=3722 160 162 4020
leaf_count=3722 160 162 4020
internal_value=-0.000306343 0.193721 0.00892254
internal_weight=8064 7904 7742
internal_count=8064 7904 7742
is_linear=0
shrinkage=0.05


Tree=52
num_leaves=6
num_cat=0
split_feature=2 1 3 1 3
split_gain=5.6941e+06 4.16027e+06 4.01273e+06 3.90378e+06 5.03137e+06
threshold=-67.601785714285469 -1188.5937499999998 -36.135331597222141 1163.9920500000005 -58.696192708333221
decision_type=2 2 2 2 2
left_child=3 -2 -3 4 -1
right_child=1 2 -4 -5 -6
leaf_value=-7.2075156260996103 8.5465512743116889 -0.91089465514002643 1.6194547802817798 -10.353430098056794 -0.24691185566420493
leaf_weight=338 162 2900 3406 149 1109
leaf_count=338 162 2900 3406 149 1109
internal_value=-0.000293809 0.659772 0.455839 -2.67404 -1.87667
internal_weight=8064 6468 6306 1596 1447
internal_count=8064 6468 6306 1596 1447
is_linear=0
shrinkage=0.05


Tree=53
num_leaves=5
num_cat=0
split_feature=9 2 3 1
split_gain=5.66499e+06 4.6066e+06 9.21046e+06 4.69298e+06
threshold=11.833333333333334 118.16483571428593 -63.778837500000456 -356.80185
decision_type=2 2 2 2
left_child=-1 3 -3 -2
right_child=1 2 -4 -5
leaf_value=-9.7940288602894761 -8.3401796208141938 -1.188276951519087 6.3978798793905627 -0.19306448337392532
leaf_weight=144 181 806 793 6140
leaf_count=144 181 806 793 6140
internal_value=-0.000332144 0.178949 2.57561 -0.427637
internal_weight=8064 7920 1599 6321
internal_count=8064 7920 1599 6321
is_linear=0
shrinkage=0.05


Tree=54
num_leaves=4
num_cat=0
split_feature=9 2 2
split_gain=5.11628e+06 4.35358e+06 4.12643e+06
threshold=11.833333333333334 905.65282857142813 -666.24585714285638
decision_type=2 2 2
left_child=-1 2 -2
right_child=1 -3 -4
leaf_value=-9.3077046907359158 -7.7273196594249569 8.2569242288729896 0.17210578042854319
leaf_weight=144 168 162 7590
leaf_count=144 168 162 7590
internal_value=-0.000396847 0.169981 6.93333e-05
internal_weight=8064 7920 7758
internal_count=8064 7920 7758
is_linear=0
shrinkage=0.05


Tree=55
num_leaves=7
num_cat=0
split_feature=0 1 3 1 4 0
split_gain=4.88303e+06 7.08521e+06 1.04875e+07 4.9639e+06 3.90007e+06 3.11929e+06
threshold=7926.6562500000009 76.554000000000073 99.851598611111072 -516.21915000000024 -0.48087430661751701 4393.3038000000006
decision_type=2 2 2 2 2 2
left_child=3 -2 -3 4 -1 -5
right_child=1 2 -4 5 -6 -7
leaf_value=-2.8913145518627297 -14.078133472351178 6.8375653738126703 -10.963028358759946 0.46917224747027841 6.2946084568861433 -2.0979909282288194
leaf_weight=146 145 190 145 5378 544 1516
leaf_count=146 145 190 145 5378 544 1516
internal_value=-0.000430377 -4.88573 -0.876867 0.309369 4.34955 -0.0955728
internal_weight=8064 480 335 7584 690 6894
internal_count=8064 480 335 7584 690 6894
is_linear=0
shrinkage=0.05


Tree=56
num_leaves=5
num_cat=0
split_feature=9 8 0 2
split_gain=4.68267e+06 4.37784e+06 1.03293e+07 9.91366e+06
threshold=11.833333333333334 15.666666666666668 5996.9196000000011 27.895671428571465
decision_type=2 2 2 2
left_child=-1 3 -3 -2
right_child=1 2 -4 -5
leaf_value=-8.9046873516049896 -0.001806873917850816 0.24651276872528746 -6.1149537055845595 6.1120277258685416
leaf_weight=144 2884 3391 785 860
leaf_count=144 2884 3391 785 860
internal_value=-0.000510716 0.162487 -0.950487 1.4038
internal_weight=8064 7920 4176 3744
internal_count=8064 7920 4176 3744
is_linear=0
shrinkage=0.05


Tree=57
num_leaves=4
num_cat=0
split_feature=0 2 8
split_gain=4.51501e+06 3.69681e+06 3.51516e+06
threshold=8642.6513000000014 905.65282857142813 15.666666666666668
decision_type=2 2 2
left_child=1 2 -1
right_child=-2 -3 -4
leaf_value=1.1184727670346681 -8.2896575276155655 7.6201580802355808 -1.0136461491507307
leaf_weight=3722 160 162 4020
leaf_count=3722 160 162 4020
internal_value=-0.00053889 0.168284 0.0113913
internal_weight=8064 7904 7742
internal_count=8064 7904 7742
is_linear=0
shrinkage=0.05


Tree=58
num_leaves=5
num_cat=0
split_feature=9 8 0 2
split_gain=4.24577e+06 3.63682e+06 9.31068e+06 8.83697e+06
threshold=11.833333333333334 15.666666666666668 5996.9196000000011 27.895671428571465
decision_type=2 2 2 2
left_child=-1 3 -3 -2
right_child=1 2 -4 -5
leaf_value=-8.4791312799782599 -0.040989446513922938 0.27671305137436031 -5.7629504113763801 5.7312892050762487
leaf_weight=144 2884 3391 785 860
leaf_count=144 2884 3391 785 860
internal_value=-0.000515429 0.154692 -0.859724 1.28608
internal_weight=8064 7920 4176 3744
internal_count=8064 7920 4176 3744
is_linear=0
shrinkage=0.05


Tree=59
num_leaves=5
num_cat=0
split_feature=1 3 0 3
split_gain=4.01994e+06 3.60716e+06 1.28816e+07 9.24392e+06
threshold=1163.9920500000005 -36.135331597222141 5583.2253500000015 -21.629752777778091
decision_type=2 2 2 2
left_child=1 2 -1 -3
right_child=-2 3 -4 -5
leaf_value=0.62217939007530809 -7.8220138146270131 9.7629027609739243 -6.6153435404896745 0.50024777690090028
leaf_weight=2655 160 287 799 4163
leaf_count=2655 160 287 799 4163
internal_value=-0.000540962 0.158758 -1.05348 1.0997
internal_weight=8064 7904 3454 4450
internal_count=8064 7904 3454 4450
is_linear=0
shrinkage=0.05


Tree=60
num_leaves=7
num_cat=0
split_feature=2 0 3 3 3 1
split_gain=3.90573e+06 3.90493e+06 1.95486e+07 3.17871e+06 5.42256e+06 2.72006e+06
threshold=490.77710714285689 4393.3038000000006 -58.696192708333221 -234.57773298611093 -63.778837500000456 -9.1529500000000095
decision_type=2 2 2 2 2 2
left_child=1 5 -3 -2 -5 -1
right_child=3 2 -4 4 -6 -7
leaf_value=3.0327460752028665 9.8435606720230808 -9.583984606448082 1.0082380038072631 -4.9716805123171568 6.693363676102539 -0.073289342443284985
leaf_weight=832 164 619 1464 176 227 4582
leaf_count=832 164 619 1464 176 227 4582
internal_value=-0.000535943 -0.303362 -2.14252 3.99698 1.59926 0.404505
internal_weight=8064 7497 2083 567 403 5414
internal_count=8064 7497 2083 567 403 5414
is_linear=0
shrinkage=0.05


Tree=61
num_leaves=5
num_cat=0
split_feature=9 2 3 2
split_gain=3.88326e+06 3.52038e+06 6.00959e+06 2.85103e+06
threshold=11.833333333333334 205.24862142857049 -63.778837500000456 -666.24585714285638
decision_type=2 2 2 2
left_child=-1 3 -3 -2
right_child=1 2 -4 -5
leaf_value=-8.1090617393625202 -6.7105095625981779 -0.60911348296232548 6.4770014745601721 -0.13297653741442231
leaf_weight=144 168 653 551 6548
leaf_count=144 168 653 551 6548
internal_value=-0.000472265 0.147962 2.63647 -0.298487
internal_weight=8064 7920 1204 6716
internal_count=8064 7920 1204 6716
is_linear=0
shrinkage=0.05


Tree=62
num_leaves=4
num_cat=0
split_feature=0 1 3
split_gain=3.60087e+06 3.37469e+06 2.74985e+06
threshold=8642.6513000000014 -1188.5937499999998 -58.696192708333221
decision_type=2 2 2
left_child=1 -1 -3
right_child=-2 2 -4
leaf_value=7.2700831910583874 -7.4030784769828273 -1.2315718372560323 0.72096432371861208
leaf_weight=162 160 2857 4885
leaf_count=162 160 2857 4885
internal_value=-0.000504984 0.150262 0.000361536
internal_weight=8064 7904 7742
internal_count=8064 7904 7742
is_linear=0
shrinkage=0.05


Tree=63
num_leaves=5
num_cat=0
split_feature=9 2 3 1
split_gain=3.50915e+06 3.17816e+06 7.13712e+06 2.93569e+06
threshold=11.833333333333334 0.46236428571428562 -36.135331597222141 -141.26349999999999
decision_type=2 2 2 2
left_child=-1 3 -3 -2
right_child=1 2 -4 -5
leaf_value=-7.7085879514957298 -6.346237379571666 -0.77814172292005379 4.8109600404970942 -0.27869402015638967
leaf_weight=144 206 1288 1025 5401
leaf_count=144 206 1288 1025 5401
internal_value=-0.000483716 0.140619 1.69966 -0.502706
internal_weight=8064 7920 2313 5607
internal_count=8064 7920 2313 5607
is_linear=0
shrinkage=0.05


Tree=64
num_leaves=4
num_cat=0
split_feature=1 2 3
split_gain=3.40627e+06 3.02103e+06 2.91352e+06
threshold=1163.9920500000005 905.65282857142813 -58.696192708333221
decision_type=2 2 2
left_child=1 2 -1
right_child=-2 -3 -4
leaf_value=-1.2474197968740575 -7.2002945315023386 6.8825408578650356 0.75571948692335755
leaf_weight=2904 160 162 4838
leaf_count=2904 160 162 4838
internal_value=-0.000523394 0.146113 0.00428414
internal_weight=8064 7904 7742
internal_count=8064 7904 7742
is_linear=0
shrinkage=0.05


Tree=65
num_leaves=7
num_cat=0
split_feature=2 8 0 2 3 3
split_gain=3.21338e+06 2.79152e+06 7.74061e+06 5.74962e+06 2.67351e+06 4.72009e+06
threshold=-243.33026428571472 15.666666666666668 5996.9196000000011 27.895671428571465 175.80273576388893 58.797397222222578
decision_type=2 2 2 2 2 2
left_child=4 3 -3 -2 5 -1
right_child=1 2 -4 -5 -6 -7
leaf_value=-5.3520113096696464 0.15988501432740343 0.3221551866220444 -6.1533046187246754 4.837268818964338 -8.2166734372415853 3.1484130839278039
leaf_weight=352 2518 3282 536 888 185 303
leaf_count=352 2518 3282 536 888 185 303
internal_value=-0.000502225 0.339985 -0.588293 1.38042 -2.92562 -1.42095
internal_weight=8064 7224 3818 3406 840 655
internal_count=8064 7224 3818 3406 840 655
is_linear=0
shrinkage=0.05


Tree=66
num_leaves=5
num_cat=0
split_feature=9 8 0 2
split_gain=3.19655e+06 2.88906e+06 6.90147e+06 6.75641e+06
threshold=11.833333333333334 15.666666666666668 5996.9196000000011 27.895671428571465
decision_type=2 2 2 2
left_child=-1 3 -3 -2
right_child=1 2 -4 -5
leaf_value=-7.3573242680779813 -0.017870863230714972 0.20841949123442383 -4.9914612515680208 5.0293708586768959
leaf_weight=144 2884 3391 785 860
leaf_count=144 2884 3391 785 860
internal_value=-0.000546904 0.134125 -0.770009 1.14252
internal_weight=8064 7920 4176 3744
internal_count=8064 7920 4176 3744
is_linear=0
shrinkage=0.05


Tree=67
num_leaves=7
num_cat=0
split_feature=0 1 3 1 4 3
split_gain=2.94215e+06 6.74364e+06 9.75052e+06 3.79655e+06 3.76718e+06 2.36044e+06
threshold=7926.6562500000009 76.554000000000073 99.851598611111072 -516.21915000000024 -0.48087430661751701 111.3129215277777
decision_type=2 2 2 2 2 2
left_child=3 -2 -3 4 -1 -5
right_child=1 2 -4 5 -6 -7
leaf_value=-3.3409499202455795 -12.760555891794702 7.5508748526348501 -9.6126246364149335 -0.64643197282400078 5.6851866618947149 1.493631285601255
leaf_weight=146 145 190 145 5180 544 1714
leaf_count=146 145 190 145 5180 544 1714
internal_value=-0.00056374 -3.79266 0.115399 0.23991 3.77324 -0.114226
internal_weight=8064 480 335 7584 690 6894
internal_count=8064 480 335 7584 690 6894
is_linear=0
shrinkage=0.05


Tree=68
num_leaves=5
num_cat=0
split_feature=9 8 0 2
split_gain=2.91514e+06 2.6296e+06 6.31377e+06 6.04648e+06
threshold=11.833333333333334 15.666666666666668 5728.6075500000006 5.1616071428568384
decision_type=2 2 2 2
left_child=-1 3 -3 -2
right_child=1 2 -4 -5
leaf_value=-7.0260951053685163 -0.050667429203479865 0.27975017024581245 -4.4597825835056817 4.6284445420918461
leaf_weight=144 2832 3283 893 912
leaf_count=144 2832 3283 893 912
internal_value=-0.000607665 0.127999 -0.734581 1.09005
internal_weight=8064 7920 4176 3744
internal_count=8064 7920 4176 3744
is_linear=0
shrinkage=0.05


Tree=69
num_leaves=4
num_cat=0
split_feature=0 1 3
split_gain=2.72967e+06 2.59074e+06 2.20741e+06
threshold=8642.6513000000014 -1188.5937499999998 -58.696192708333221
decision_type=2 2 2
left_child=1 -1 -3
right_child=-2 2 -4
leaf_value=6.3689154673299182 -6.445786587884708 -1.1044505276200343 0.64493874494913017
leaf_weight=162 160 2857 4885
leaf_count=162 160 2857 4885
internal_value=-0.000618391 0.13065 -0.000690805
internal_weight=8064 7904 7742
internal_count=8064 7904 7742
is_linear=0
shrinkage=0.05


Tree=70
num_leaves=4
num_cat=0
split_feature=9 2 3
split_gain=2.63493e+06 2.44074e+06 2.48882e+06
threshold=11.833333333333334 905.65282857142813 -58.696192708333221
decision_type=2 2 2
left_child=-1 2 -2
right_child=1 -3 -4
leaf_value=-6.6798965813373705 -1.163137094889136 6.1767914461943274 0.68710950054686304
leaf_weight=144 2904 162 4854
leaf_count=144 2904 162 4854
internal_value=-0.000590779 0.121679 -0.00554152
internal_weight=8064 7920 7758
internal_count=8064 7920 7758
is_linear=0
shrinkage=0.05


Tree=71
num_leaves=5
num_cat=0
split_feature=1 2 0 3
split_gain=2.58515e+06 2.23527e+06 3.35226e+06 2.16516e+06
threshold=1163.9920500000005 609.37668571428628 5868.9617000000007 -36.135331597222141
decision_type=2 2 2 2
left_child=1 3 -3 -1
right_child=-2 2 -4 -5
leaf_value=-1.0643600060525797 -6.2727933548992469 9.2596500329855029 0.00048069512402569808 0.65613962498329192
leaf_weight=3158 160 163 242 4341
leaf_count=3158 160 163 242 4341
internal_value=-0.000567306 0.127178 3.74064 -0.0684473
internal_weight=8064 7904 405 7499
internal_count=8064 7904 405 7499
is_linear=0
shrinkage=0.05


Tree=72
num_leaves=7
num_cat=0
split_feature=2 1 3 5 3 0
split_gain=2.43793e+06 2.524e+06 3.03806e+06 1.95992e+06 1.04938e+07 2.11985e+06
threshold=-67.601785714285469 -119.91575000000033 175.80273576388893 -0.94670478576706751 -63.778837500000456 5102.2632500000009
decision_type=2 2 2 2 2 2
left_child=1 -1 -3 4 -2 -5
right_child=3 2 -4 5 -6 -7
leaf_value=-7.9244202311833707 -5.1295854797903102 0.046734263863398406 -5.6466787996340777 0.54565664416772541 9.3962011194704385 -2.2308395938907868
leaf_weight=149 211 1154 293 5165 300 792
leaf_count=149 211 1154 293 5165 300 792
internal_value=-0.000522962 -1.75004 -1.10922 0.431379 3.39997 0.176201
internal_weight=8064 1596 1447 6468 511 5957
internal_count=8064 1596 1447 6468 511 5957
is_linear=0
shrinkage=0.05


Tree=73
num_leaves=5
num_cat=0
split_feature=9 8 0 2
split_gain=2.39583e+06 2.39201e+06 5.60761e+06 5.31934e+06
threshold=11.833333333333334 15.666666666666668 5996.9196000000011 5.1616071428568384
decision_type=2 2 2 2
left_child=-1 3 -3 -2
right_child=1 2 -4 -5
leaf_value=-6.3696146677280296 -0.036349339991481829 0.17529722514725951 -4.511882825223279 4.3524092480654524
leaf_weight=144 2832 3391 785 912
leaf_count=144 2832 3391 785 912
internal_value=-0.000564647 0.116026 -0.706663 1.03358
internal_weight=8064 7920 4176 3744
internal_count=8064 7920 4176 3744
is_linear=0
shrinkage=0.05


Tree=74
num_leaves=7
num_cat=0
split_feature=0 3 1 4 3 2
split_gain=2.25968e+06 6.5948e+06 3.09638e+06 3.51295e+06 1.90087e+06 1.06004e+06
threshold=7926.6562500000009 -8.8215597222222168 -516.21915000000024 -0.48087430661751701 111.3129215277777 -443.33580714285739
decision_type=2 2 2 2 2 2
left_child=2 -2 3 -1 -4 -3
right_child=1 5 4 -5 -6 -7
leaf_value=-3.4678274197237835 4.5729765191412808 -4.795503504555902 -0.58724067819830916 5.2475714903796487 1.3332226863234107 -10.692612791061402
leaf_weight=146 170 161 5180 544 1714 149
leaf_count=146 170 161 5180 544 1714 149
internal_value=-0.000576034 -3.32388 0.21017 3.40109 -0.109647 -7.65519
internal_weight=8064 480 7584 690 6894 310
internal_count=8064 480 7584 690 6894 310
is_linear=0
shrinkage=0.05


Tree=75
num_leaves=5
num_cat=0
split_feature=9 8 0 2
split_gain=2.11026e+06 2.14799e+06 5.13102e+06 4.69382e+06
threshold=11.833333333333334 15.666666666666668 5728.6075500000006 27.895671428571465
decision_type=2 2 2 2
left_child=-1 3 -3 -2
right_child=1 2 -4 -5
leaf_value=-5.9780403478803308 0.011127527493021518 0.24363058359769429 -4.0289789350040808 4.2180073601789729
leaf_weight=144 2884 3283 893 860
leaf_count=144 2884 3283 893 860
internal_value=-0.000599247 0.108822 -0.670774 0.97832
internal_weight=8064 7920 4176 3744
internal_count=8064 7920 4176 3744
is_linear=0
shrinkage=0.05


Tree=76
num_leaves=4
num_cat=0
split_feature=0 3 3
split_gain=2.05055e+06 2.08868e+06 3.86897e+06
threshold=8642.6513000000014 -380.16491180555494 -260.26118055555565
decision_type=2 2 2
left_child=1 -1 -3
right_child=-2 2 -4
leaf_value=-5.8325501338366808 -5.5867693902542879 3.7126515382536578 -0.13300668017132142
leaf_weight=144 160 720 7040
leaf_count=144 160 720 7040
internal_value=-0.000603586 0.113169 0.224239
internal_weight=8064 7904 7760
internal_count=8064 7904 7760
is_linear=0
shrinkage=0.05


Tree=77
num_leaves=5
num_cat=0
split_feature=2 0 3 2
split_gain=2.04895e+06 2.03958e+06 1.83164e+07 2.92757e+06
threshold=905.65282857142813 4881.7687500000002 -58.696192708333221 205.24862142857049
decision_type=2 2 2 2
left_child=1 3 -3 -1
right_child=-2 2 -4 -5
leaf_value=0.087793710817229587 5.5483046986939719 -7.935449777473373 1.7820337078507587 4.7221396894081611
leaf_weight=5342 162 721 1476 363
leaf_count=5342 162 721 1476 363
internal_value=-0.000622026 -0.115069 -1.40916 0.383446
internal_weight=8064 7902 2197 5705
internal_count=8064 7902 2197 5705
is_linear=0
shrinkage=0.05


Tree=78
num_leaves=5
num_cat=0
split_feature=1 5 3 2
split_gain=1.98698e+06 1.98304e+06 1.74464e+07 3.59591e+06
threshold=1163.9920500000005 -0.97111091670450067 -63.778837500000456 -496.61359999999962
decision_type=2 2 2 2
left_child=1 2 -1 -3
right_child=-2 3 -4 -5
leaf_value=-8.381969621067956 -5.4994557139203417 -7.2935292346161962 9.8888041475604727 0.063971626468675033
leaf_weight=209 160 169 345 7181
leaf_count=209 160 169 345 7181
internal_value=-0.000564849 0.11143 2.99336 -0.10617
internal_weight=8064 7904 554 7350
internal_count=8064 7904 554 7350
is_linear=0
shrinkage=0.05


Tree=79
num_leaves=6
num_cat=0
split_feature=2 4 0 3 2
split_gain=1.9216e+06 3.12508e+06 2.29551e+06 1.60734e+07 2.85096e+06
threshold=689.03518571428606 1.0000000180025095e-35 4881.7687500000002 -63.778837500000456 205.24862142857049
decision_type=2 2 2 2 2
left_child=2 -2 4 -4 -1
right_child=1 -3 3 -5 -6
leaf_value=0.081068361753462936 -1.0562356321208448 8.7451552778482444 -8.7656035462269308 1.1215175970525701 4.8495054152992756
leaf_weight=5342 165 159 565 1501 332
leaf_count=5342 165 159 565 1501 332
internal_value=-0.000606186 3.76581 -0.158736 -1.5853 0.360887
internal_weight=8064 324 7740 2066 5674
internal_count=8064 324 7740 2066 5674
is_linear=0
shrinkage=0.05


Tree=80
num_leaves=4
num_cat=0
split_feature=9 3 3
split_gain=1.94398e+06 1.92429e+06 3.76876e+06
threshold=11.833333333333334 -380.16491180555494 -260.26118055555565
decision_type=2 2 2
left_child=-1 -2 -3
right_child=1 2 -4
leaf_value=-5.7376426486311294 -5.6025737750119182 3.6541718440809796 -0.14095538856193215
leaf_weight=144 144 720 7056
leaf_count=144 144 720 7056
internal_value=-0.000545029 0.104477 0.21087
internal_weight=8064 7920 7776
internal_count=8064 7920 7776
is_linear=0
shrinkage=0.05


Tree=81
num_leaves=7
num_cat=0
split_feature=0 3 1 4 3 2
split_gain=1.8212e+06 6.44886e+06 2.74379e+06 3.19029e+06 1.64449e+06 1.11997e+06
threshold=7926.6562500000009 -8.8215597222222168 -516.21915000000024 -0.48087430661751701 111.3129215277777 -443.33580714285739
decision_type=2 2 2 2 2 2
left_child=2 -2 3 -1 -4 -3
right_child=1 5 4 -5 -6 -7
leaf_value=-3.3532934697306889 4.8238408566915503 -4.334689158421976 -0.55664415360726616 4.9520581910260226 1.2296215168596722 -10.386597078959149
leaf_weight=146 170 161 5180 544 1714 149
leaf_count=146 170 161 5180 544 1714 149
internal_value=-0.000566312 -2.98406 0.188631 3.19238 -0.112425 -7.26755
internal_weight=8064 480 7584 690 6894 310
internal_count=8064 480 7584 690 6894 310
is_linear=0
shrinkage=0.05


Tree=82
num_leaves=5
num_cat=0
split_feature=1 5 3 2
split_gain=1.73053e+06 1.82183e+06 1.571e+07 3.18037e+06
threshold=1163.9920500000005 -0.97111091670450067 -63.778837500000456 -496.61359999999962
decision_type=2 2 2 2
left_child=1 2 -1 -3
right_child=-2 3 -4 -5
leaf_value=-7.9282616324651816 -5.1323698958254758 -6.8639612407193473 9.409518104619373 0.055375444111241789
leaf_weight=209 160 169 345 7181
leaf_count=209 160 169 345 7181
internal_value=-0.00058527 0.103933 2.86623 -0.104634
internal_weight=8064 7904 554 7350
internal_count=8064 7904 554 7350
is_linear=0
shrinkage=0.05


Tree=83
num_leaves=4
num_cat=0
split_feature=0 1 5
split_gain=1.71671e+06 1.87104e+06 1.53111e+06
threshold=8642.6513000000014 -1188.5937499999998 -0.97111091670450067
decision_type=2 2 2
left_child=1 -1 -3
right_child=-2 2 -4
leaf_value=5.4049136967015414 -5.1118763066689423 2.898598043383839 -0.17818422752963112
leaf_weight=162 160 427 7315
leaf_count=162 160 427 7315
internal_value=-0.000620831 0.103479 -0.00813584
internal_weight=8064 7904 7742
internal_count=8064 7904 7742
is_linear=0
shrinkage=0.05


Tree=84
num_leaves=5
num_cat=0
split_feature=9 8 0 2
split_gain=1.69511e+06 1.81816e+06 4.38842e+06 3.89412e+06
threshold=11.833333333333334 15.666666666666668 5728.6075500000006 5.1616071428568384
decision_type=2 2 2 2
left_child=-1 3 -3 -2
right_child=1 2 -4 -5
leaf_value=-5.3578716487514564 -0.017990670301364666 0.22590001673776833 -3.7254529771322105 3.7370779810051014
leaf_weight=144 2832 3283 893 912
leaf_count=144 2832 3283 893 912
internal_value=-0.000571118 0.0974985 -0.619751 0.897459
internal_weight=8064 7920 4176 3744
internal_count=8064 7920 4176 3744
is_linear=0
shrinkage=0.05


Tree=85
num_leaves=5
num_cat=0
split_feature=3 3 1 3
split_gain=1.67259e+06 3.46727e+06 6.02069e+06 3.4301e+06
threshold=-380.16491180555494 -260.26118055555565 -141.26349999999999 -58.696192708333221
decision_type=2 2 2 2
left_child=-1 2 -2 -3
right_child=1 3 -4 -5
leaf_value=-5.3221621806046064 9.7126325538682377 -1.9007217630906024 0.094000326285633873 0.48031173739445587
leaf_weight=144 247 2160 473 5040
leaf_count=144 247 2160 473 5040
internal_value=-0.000574427 0.0968414 3.40262 -0.234163
internal_weight=8064 7920 720 7200
internal_count=8064 7920 720 7200
is_linear=0
shrinkage=0.05


Tree=86
num_leaves=7
num_cat=0
split_feature=0 1 3 5 3 3
split_gain=1.58908e+06 6.59809e+06 8.56736e+06 2.34039e+06 5.53203e+06 2.18789e+06
threshold=7926.6562500000009 76.554000000000073 99.851598611111072 -0.94670478576706751 -63.778837500000456 -69.833021527777859
decision_type=2 2 2 2 2 2
left_child=3 -2 -3 4 -1 -5
right_child=1 2 -4 5 -6 -7
leaf_value=-2.4624190037472307 -11.658309301774796 8.0425919966547905 -8.0463373029068723 1.2675179280815112 8.282973343067944 -0.63641601925069724
leaf_weight=214 145 190 145 2174 270 4926
leaf_count=214 145 190 145 2174 270 4926
internal_value=-0.000526705 -2.78741 1.07551 0.176202 3.53663 -0.0533404
internal_weight=8064 480 335 7584 484 7100
internal_count=8064 480 335 7584 484 7100
is_linear=0
shrinkage=0.05


Tree=87
num_leaves=4
num_cat=0
split_feature=9 3 3
split_gain=1.55735e+06 1.59448e+06 2.88252e+06
threshold=11.833333333333334 -380.16491180555494 -234.57773298611093
decision_type=2 2 2
left_child=-1 -2 -3
right_child=1 2 -4
leaf_value=-5.1355202650201734 -5.1015352548401935 2.9114148536944668 -0.15019480155870635
leaf_weight=144 144 864 6912
leaf_count=144 144 864 6912
internal_value=-0.000532655 0.0934673 0.190315
internal_weight=8064 7920 7776
internal_count=8064 7920 7776
is_linear=0
shrinkage=0.05


Tree=88
num_leaves=5
num_cat=0
split_feature=2 0 3 2
split_gain=1.49322e+06 1.69031e+06 1.51459e+07 2.25025e+06
threshold=905.65282857142813 4881.7687500000002 -58.696192708333221 205.24862142857049
decision_type=2 2 2 2
left_child=1 3 -3 -1
right_child=-2 2 -4 -5
leaf_value=0.096364960682144105 4.7364637564296377 -7.2109711682656146 1.6255394124997857 4.159403669637638
leaf_weight=5342 162 721 1476 363
leaf_count=5342 162 721 1476 363
internal_value=-0.000552382 -0.0982536 -1.27634 0.355573
internal_weight=8064 7902 2197 5705
internal_count=8064 7902 2197 5705
is_linear=0
shrinkage=0.05


Tree=89
num_leaves=4
num_cat=0
split_feature=2 9 8
split_gain=1.47793e+06 1.48955e+06 1.8318e+06
threshold=-666.24585714285638 11.833333333333334 15.666666666666668
decision_type=2 2 2
left_child=-1 -2 -3
right_child=1 2 -4
leaf_value=-4.6270367798808767 -4.9225119383581761 1.010657932442635 -0.5293833326045605
leaf_weight=168 144 3633 4119
leaf_count=168 144 3633 4119
internal_value=-0.000503639 0.0985067 0.192399
internal_weight=8064 7896 7752
internal_count=8064 7896 7752
is_linear=0
shrinkage=0.05


Tree=90
num_leaves=4
num_cat=0
split_feature=0 1 3
split_gain=1.40521e+06 1.49966e+06 1.45913e+06
threshold=8642.6513000000014 -1188.5937499999998 -342.2128402777775
decision_type=2 2 2
left_child=1 -1 -3
right_child=-2 2 -4
leaf_value=4.8398779708183621 -4.6248753314988216 -3.7795909925123619 0.1185607172531874
leaf_weight=162 160 247 7495
leaf_count=162 160 247 7495
internal_value=-0.000534687 0.0936487 -0.0062776
internal_weight=8064 7904 7742
internal_count=8064 7904 7742
is_linear=0
shrinkage=0.05


Tree=91
num_leaves=7
num_cat=0
split_feature=3 3 0 1 3 5
split_gain=1.36499e+06 4.29274e+06 1.64659e+07 3.72673e+06 3.16988e+06 985119
threshold=-234.57773298611093 -145.22790034722217 3612.6909500000006 -580.0073000000001 -89.678635069444212 -0.4026508470528945
decision_type=2 2 2 2 2 2
left_child=3 2 -2 -1 -3 -5
right_child=1 4 -4 5 -6 -7
leaf_value=7.2962694012499476 1.8782980539318588 3.6097439617696554 -18.740825536581752 -3.6082530733701348 -0.26896865689567517 0.92356669895020849
leaf_weight=230 287 576 145 147 6048 631
leaf_count=230 287 576 145 147 6048 631
internal_value=-0.000529312 -0.246476 -5.06977 1.71963 0.0688047 0.0637647
internal_weight=8064 7056 432 1008 6624 778
internal_count=8064 7056 432 1008 6624 778
is_linear=0
shrinkage=0.05


Tree=92
num_leaves=5
num_cat=0
split_feature=3 3 1 3
split_gain=1.37453e+06 2.68028e+06 4.33449e+06 3.87733e+06
threshold=-380.16491180555494 -234.57773298611093 -22.252550000000124 -145.22790034722217
decision_type=2 2 2 2
left_child=-1 2 -2 -3
right_child=1 3 -4 -5
leaf_value=-4.8247403492598702 6.916691411346779 -4.8182292475298425 -0.26611224477026885 0.065389637427172576
leaf_weight=144 358 432 506 6624
leaf_count=144 358 432 506 6624
internal_value=-0.000558085 0.0877524 2.71465 -0.234248
internal_weight=8064 7920 864 7056
internal_count=8064 7920 864 7056
is_linear=0
shrinkage=0.05


Tree=93
num_leaves=5
num_cat=0
split_feature=1 3 3 0
split_gain=1.34301e+06 1.57687e+06 9.49235e+06 8.76842e+06
threshold=1163.9920500000005 -36.135331597222141 11.984679861111092 5583.2253500000015
decision_type=2 2 2 2
left_child=1 3 -3 -1
right_child=-2 2 -4 -5
leaf_value=0.67246560287252999 -4.5213778991876925 5.0003503397077358 -0.52995994438562177 -5.2987600139901048
leaf_weight=2655 160 1000 3450 799
leaf_count=2655 160 1000 3450 799
internal_value=-0.000548331 0.0915268 0.713651 -0.709968
internal_weight=8064 7904 4450 3454
internal_count=8064 7904 4450 3454
is_linear=0
shrinkage=0.05


Tree=94
num_leaves=5
num_cat=0
split_feature=9 3 3 3
split_gain=1.40594e+06 1.43182e+06 1.11112e+07 9.10243e+06
threshold=11.833333333333334 18.378788541666385 -36.135331597222141 58.797397222222578
decision_type=2 2 2 2
left_child=-1 2 -2 -3
right_child=1 3 -4 -5
leaf_value=-4.8795438179476509 -0.66730613358726143 -6.407229218452497 5.2964290160431027 0.47304774859279441
leaf_weight=144 3456 576 1008 2880
leaf_count=144 3456 576 1008 2880
internal_value=-0.000549904 0.0887639 0.680228 -0.675187
internal_weight=8064 7920 4464 3456
internal_count=8064 7920 4464 3456
is_linear=0
shrinkage=0.05


Tree=95
num_leaves=6
num_cat=0
split_feature=2 0 0 3 1
split_gain=1.31521e+06 3.29783e+06 1.43472e+06 1.02866e+07 2.27865e+06
threshold=609.37668571428628 5868.9617000000007 3612.6909500000006 -58.696192708333221 -0.69859999999999978
decision_type=2 2 2 2 2
left_child=2 -2 4 -4 -1
right_child=1 -3 3 -5 -6
leaf_value=2.8198735754573958 8.2470181278157533 -0.93331520243436705 -5.8209377616382163 1.0526803125179849 -0.11396289385922771
leaf_weight=779 163 242 796 1716 4368
leaf_count=779 163 242 796 1716 4368
internal_value=-0.000560746 2.7727 -0.147551 -1.12687 0.330536
internal_weight=8064 405 7659 2512 5147
internal_count=8064 405 7659 2512 5147
is_linear=0
shrinkage=0.05


Tree=96
num_leaves=7
num_cat=0
split_feature=3 3 0 5 0 3
split_gain=1.3603e+06 2.2213e+07 2.41336e+07 5.11501e+06 2.33078e+06 9.5087e+06
threshold=-69.833021527777859 -63.778837500000456 1161.0304000000003 -0.83127174505093859 5728.6075500000006 -234.57773298611093
decision_type=2 2 2 2 2 2
left_child=4 2 -2 -3 -1 -6
right_child=1 3 -4 -5 5 -7
leaf_value=1.7898680340388264 0.56508499309934412 3.5260487973570829 -28.32883784557211 -0.44142829751148477 5.5042337793667437 -7.9927032220496308
leaf_weight=1922 144 999 144 4329 235 291
leaf_count=1922 144 999 144 4329 235 291
internal_value=-0.000500165 -0.429247 -13.9299 0.302996 0.982869 -1.9637
internal_weight=8064 5616 288 5328 2448 526
internal_count=8064 5616 288 5328 2448 526
is_linear=0
shrinkage=0.05


Tree=97
num_leaves=7
num_cat=0
split_feature=2 6 3 1 2 1
split_gain=1.34183e+06 4.22561e+06 4.59439e+06 1.57856e+06 1.71523e+06 1.26344e+06
threshold=205.24862142857049 0.81915204428899202 -260.26118055555565 -356.80185 66.515192857143589 1163.9920500000005
decision_type=2 2 2 2 2 2
left_child=3 2 -2 4 -1 -5
right_child=1 -3 -4 5 -6 -7
leaf_value=-7.7018440931014824 9.7254974583881673 -4.0027956476968241 1.2681400421726448 -0.0011751444880420191 -0.075744163393974315 -4.4858701122473486
leaf_weight=145 204 268 743 6395 149 160
leaf_count=145 204 268 743 6395 149 160
internal_value=-0.00063249 1.52999 3.09834 -0.272346 -3.85027 -0.111309
internal_weight=8064 1215 947 6849 294 6555
internal_count=8064 1215 947 6849 294 6555
is_linear=0
shrinkage=0.05


Tree=98
num_leaves=5
num_cat=0
split_feature=3 3 1 3
split_gain=1.34163e+06 2.25888e+06 3.87246e+06 3.39912e+06
threshold=-380.16491180555494 -234.57773298611093 -22.252550000000124 -145.22790034722217
decision_type=2 2 2 2
left_child=-1 2 -2 -3
right_child=1 3 -4 -5
leaf_value=-4.7667364288198533 6.4699704170227053 -4.5009910238532491 -0.31911404286263262 0.071557405164078727
leaf_weight=144 358 432 506 6624
leaf_count=144 358 432 506 6624
internal_value=-0.000633543 0.0866137 2.49818 -0.208993
internal_weight=8064 7920 864 7056
internal_count=8064 7920 864 7056
is_linear=0
shrinkage=0.05


Tree=99
num_leaves=5
num_cat=0
split_feature=9 3 3 3
split_gain=1.289e+06 1.42026e+06 9.7061e+06 8.30127e+06
threshold=11.833333333333334 18.378788541666385 -36.135331597222141 80.665375000000282
decision_type=2 2 2 2
left_child=-1 2 -2 -3
right_child=1 3 -4 -5
leaf_value=-4.6722978314037986 -0.58549216801129844 -5.4489082849544479 4.9884261744213179 0.58160907490315727
leaf_weight=144 3456 720 1008 2736
leaf_count=144 3456 720 1008 2736
internal_value=-0.000620761 0.084898 0.67397 -0.675961
internal_weight=8064 7920 4464 3456
internal_count=8064 7920 4464 3456
is_linear=0
shrinkage=0.05


end of trees

feature_importances:
Column_2=168
Column_3=112
Column_0=68
Column_1=50
Column_9=26
Column_8=25
Column_4=11
Column_5=8
Column_6=7

parameters:
[boosting: gbdt]
[objective: regression]
[metric: l2]
[tree_learner: serial]
[device_type: cpu]
[data_sample_strategy: bagging]
[data: ]
[valid: ]
[num_iterations: 100]
[learning_rate: 0.05]
[num_leaves: 7]
[num_threads: 1]
[seed: 20250911]
[deterministic: 1]
[force_col_wise: 1]
[force_row_wise: 0]
[histogram_pool_size: -1]
[max_depth: 3]
[min_data_in_leaf: 144]
[min_sum_hessian_in_leaf: 0.001]
[bagging_fraction: 1]
[pos_bagging_fraction: 1]
[neg_bagging_fraction: 1]
[bagging_freq: 0]
[bagging_seed: 20250911]
[bagging_by_query: 0]
[feature_fraction: 1]
[feature_fraction_bynode: 1]
[feature_fraction_seed: 20250911]
[extra_trees: 0]
[extra_seed: 26685]
[early_stopping_round: 0]
[early_stopping_min_delta: 0]
[first_metric_only: 0]
[max_delta_step: 0]
[lambda_l1: 0]
[lambda_l2: 1]
[linear_lambda: 0]
[min_gain_to_split: 0]
[drop_rate: 0.1]
[max_drop: 50]
[skip_drop: 0.5]
[xgboost_dart_mode: 0]
[uniform_drop: 0]
[drop_seed: 2504]
[top_rate: 0.2]
[other_rate: 0.1]
[min_data_per_group: 100]
[max_cat_threshold: 32]
[cat_l2: 10]
[cat_smooth: 10]
[max_cat_to_onehot: 4]
[top_k: 20]
[monotone_constraints: ]
[monotone_constraints_method: basic]
[monotone_penalty: 0]
[feature_contri: ]
[forcedsplits_filename: ]
[refit_decay_rate: 0.9]
[cegb_tradeoff: 1]
[cegb_penalty_split: 0]
[cegb_penalty_feature_lazy: ]
[cegb_penalty_feature_coupled: ]
[path_smooth: 0]
[interaction_constraints: ]
[verbosity: -1]
[saved_feature_importance_type: 0]
[use_quantized_grad: 0]
[num_grad_quant_bins: 4]
[quant_train_renew_leaf: 0]
[stochastic_rounding: 1]
[linear_tree: 0]
[max_bin: 63]
[max_bin_by_feature: ]
[min_data_in_bin: 3]
[bin_construct_sample_cnt: 200000]
[data_random_seed: 20250911]
[is_enable_sparse: 1]
[enable_bundle: 1]
[use_missing: 1]
[zero_as_missing: 0]
[feature_pre_filter: 0]
[pre_partition: 0]
[two_round: 0]
[header: 0]
[label_column: ]
[weight_column: ]
[group_column: ]
[ignore_column: ]
[categorical_feature: ]
[forcedbins_filename: ]
[precise_float_parser: 0]
[parser_config_file: ]
[objective_seed: 19683]
[num_class: 1]
[is_unbalance: 0]
[scale_pos_weight: 1]
[sigmoid: 1]
[boost_from_average: 1]
[reg_sqrt: 0]
[alpha: 0.9]
[fair_c: 1]
[poisson_max_delta_step: 0.7]
[tweedie_variance_power: 1.5]
[lambdarank_truncation_level: 30]
[lambdarank_norm: 1]
[label_gain: ]
[lambdarank_position_bias_regularization: 0]
[eval_at: ]
[multi_error_top_k: 1]
[auc_mu_weights: ]
[num_machines: 1]
[local_listen_port: 12400]
[time_out: 120]
[machine_list_filename: ]
[machines: ]
[gpu_platform_id: -1]
[gpu_device_id: -1]
[gpu_device_id_list: ]
[gpu_use_dp: 0]
[num_gpu: 1]

end of parameters

pandas_categorical:null
